   0.0000000e+00   0.0000000e+00  -1.7763568e-15   0.0000000e+00   0.0000000e+00   0.0000000e+00
   8.2978570e-03   5.1796498e-02   6.6487220e-02   1.0762594e-03  -3.8130207e-04  -2.4470925e-05
   5.4726608e-02  -5.4008257e-03   8.6012533e-02   1.3905083e-03  -4.3105296e-04  -8.0430707e-04
   5.6203899e-02   5.4307929e-02   1.1060917e-01   1.4728487e-03  -1.4580109e-04  -1.0181919e-03
   5.5105370e-02  -1.6195481e-02   1.5130286e-01   1.4547181e-03  -3.1344789e-04  -9.5493584e-04
   4.7528982e-02   3.7260293e-02   2.0367599e-01   1.8850115e-03   1.1341641e-04  -1.3701956e-03
   3.1247090e-02   6.8566895e-02   2.2502914e-01   1.5009573e-03   1.1405794e-03  -1.8986892e-03
   1.1484548e-02   5.4667977e-02   1.7501720e-01   5.4492967e-04   1.2931273e-03  -1.7652917e-03
   1.0964011e-02   7.8245159e-02   1.4480562e-01   8.1906966e-04   1.3783482e-03  -1.8669466e-03
   1.8994022e-02   5.6144311e-02   1.7257938e-01   1.2299992e-03   1.2117661e-03  -1.8944011e-03
   3.1735339e-03   7.0860415e-02   1.5159233e-01   8.5884869e-04   1.6001059e-03  -1.9259853e-03
   1.6322455e-02   9.6988480e-02   1.3830351e-01   1.4669417e-03   1.2218859e-03  -1.8756382e-03
   6.7164406e-03   1.3064417e-02   1.6751952e-01   1.6113047e-03   1.2931958e-03  -1.8819439e-03
   2.3634311e-03   8.6689396e-02   1.2923671e-01   1.1425872e-03   1.3750218e-03  -1.8180600e-03
   1.2138296e-02   7.1228593e-02   1.7167204e-01   1.3482007e-03   1.4158936e-03  -1.8682416e-03
   1.0748863e-04   6.4244933e-02   1.6193200e-01   1.2409812e-03   1.5834517e-03  -1.8332991e-03
   2.8781798e-03   8.9058264e-02   1.5106276e-01   1.3145555e-03   1.5349476e-03  -1.9031065e-03
  -1.4748611e-05   5.1065101e-02   1.6179610e-01   1.7799676e-03   1.5539920e-03  -1.7015711e-03
   2.1700067e-02   7.5787892e-02   1.8922681e-01   1.4475490e-03   1.4627084e-03  -2.1525397e-03
   2.8768026e-02   9.8002501e-02   1.8636593e-01   1.8135873e-03   1.3119611e-03  -2.2773944e-03
   2.4664863e-02   4.6289572e-02   2.1097425e-01   1.9266275e-03   1.2762698e-03  -2.2256580e-03
   2.0213941e-02   5.8348878e-02   1.8600172e-01   1.6682784e-03   1.4453289e-03  -2.2713128e-03
   2.8026927e-02   9.5926739e-02   1.9420930e-01   1.8546490e-03   1.2836880e-03  -2.4682545e-03
   2.7872029e-02   3.5420262e-02   2.2744863e-01   2.1358296e-03   1.4672165e-03  -2.3259761e-03
   3.1311681e-02   9.1615303e-02   2.0387940e-01   2.0200575e-03   1.3277735e-03  -2.2703833e-03
  -2.2335904e-04   2.1747885e-02   2.6187400e-01   4.2139375e-03   1.2990487e-03  -1.2193237e-03
  -8.0194647e-03   3.0645210e-02   2.7623951e-01   3.1469619e-03   1.2876449e-03  -1.7323710e-03
  -9.3566720e-02   5.1704359e-02   1.9033139e-01   4.8326405e-03   1.6599662e-03  -7.9878992e-04
   1.7750935e-02  -3.1962356e-01   6.4605671e-01   2.0516452e-02   9.5343368e-04  -3.5503965e-03
   8.0498277e-02  -3.9161709e-02   2.4661539e-01   7.3438798e-03  -8.7298139e-04  -4.1916010e-03
   4.8701991e-02   5.7389311e-03   2.9720947e-01   7.7187432e-03  -1.0452493e-03  -3.3966028e-03
   7.1766819e-02  -1.6737324e-02   4.1536167e-01   6.8542479e-03  -7.6959606e-04  -4.2405636e-03
   5.0296041e-02  -2.2108318e-02   4.0732881e-01   6.6629085e-03  -6.3184876e-04  -3.9524689e-03
   5.7433221e-02   8.1872535e-03   3.9669723e-01   5.9127577e-03  -4.2003348e-04  -4.4187741e-03
   5.3634250e-02  -7.9894737e-03   4.0530282e-01   5.9804171e-03  -3.9890363e-04  -4.2775998e-03
   4.4761990e-02   1.0835767e-02   3.9075773e-01   5.9748968e-03  -3.8866330e-04  -4.1141478e-03
   3.9158789e-02  -3.3989266e-02   4.1263857e-01   6.3713806e-03  -2.3514755e-04  -3.9740958e-03
   3.0477818e-02  -1.0062014e-02   4.3187761e-01   6.9226396e-03   1.0543913e-04  -3.9782965e-03
   7.0066209e-03  -5.1018135e-02   4.7971210e-01   7.5345490e-03   2.2512284e-04  -3.7367987e-03
  -5.8061353e-04  -2.8080209e-02   4.3522557e-01   6.5737837e-03   3.4429728e-04  -3.8422295e-03
  -3.3127906e-03   1.2109839e-02   4.2858792e-01   6.7512123e-03   5.2208435e-04  -3.8380079e-03
   4.3260791e-03  -2.8912462e-02   4.4923611e-01   7.0034739e-03   4.8655088e-04  -4.0502102e-03
   6.1564574e-03   2.2507548e-02   4.1781726e-01   7.0912287e-03   4.8842468e-04  -4.1797122e-03
   7.6582112e-03  -1.4840435e-02   4.2469549e-01   6.9991114e-03   7.0711853e-04  -4.4270942e-03
  -5.5662765e-03   3.9318641e-02   4.0437176e-01   7.1968321e-03   5.1122788e-04  -4.1194108e-03
   3.3672484e-03  -2.8628595e-03   4.1776497e-01   7.2691962e-03   4.6252736e-04  -4.0684482e-03
  -1.0123525e-02   1.9492481e-02   4.3806044e-01   7.1903980e-03   8.2920104e-04  -4.1506070e-03
  -1.1972085e-02  -9.6984002e-03   4.3578482e-01   7.8005380e-03   7.6671542e-04  -4.0056592e-03
   2.6947846e-03   5.0967845e-03   4.7254023e-01   7.4097652e-03   8.0987985e-04  -4.2690292e-03
   1.4761521e-02  -2.7311560e-02   4.5676491e-01   8.7781732e-03   5.2218441e-04  -3.9609685e-03
   1.9277403e-02  -6.7751942e-02   4.8963718e-01   9.4563841e-03   2.3004577e-04  -3.5631071e-03
   2.7537034e-02   8.0099469e-03   3.6681122e-01   7.4186037e-03   3.8504685e-04  -3.8099040e-03
   1.3364182e-02  -4.8761256e-02   3.5598738e-01   8.0979032e-03   3.9362796e-04  -3.2143309e-03
  -6.2400326e-03  -1.7540266e-02   3.6973722e-01   8.0229040e-03   3.9934853e-04  -3.1990835e-03
   1.9850941e-02   2.9982534e-03   3.8177998e-01   8.2639608e-03   1.5777300e-04  -3.5437993e-03
   4.9357450e-02   3.6154362e-02   4.6100676e-01   6.9912851e-03   3.4526824e-04  -4.6158843e-03
   4.5267388e-02   2.5338650e-02   4.7247270e-01   7.4624838e-03   6.9411013e-04  -4.8653893e-03
   2.3407500e-02  -7.1765965e-03   4.6519094e-01   7.1805870e-03   7.6892123e-04  -4.5320305e-03
   1.3037038e-02  -5.5022193e-03   4.6479638e-01   7.5246252e-03   8.6829341e-04  -4.5873235e-03
   1.3651633e-02   4.5339377e-02   4.3793504e-01   7.1151937e-03   7.4249331e-04  -4.5773269e-03
   2.5290109e-03  -2.2570102e-02   5.0777161e-01   7.8882395e-03   9.3210282e-04  -4.4079323e-03
   1.3487651e-02   3.8898202e-02   4.9123005e-01   7.5344677e-03   9.3878860e-04  -4.7708904e-03
   2.3933757e-02   1.4366325e-02   4.8265151e-01   7.7934094e-03   7.7168866e-04  -4.8563441e-03
   1.5414691e-02   7.7747203e-03   5.4621616e-01   8.0677938e-03   8.7848777e-04  -4.8323231e-03
   7.8922342e-03   4.3522990e-02   5.2755796e-01   8.1917982e-03   8.7777392e-04  -4.7592521e-03
   2.0079371e-03  -1.8726646e-02   5.4886162e-01   8.4467008e-03   8.9871930e-04  -4.6420279e-03
   2.2093195e-02   8.1503011e-02   4.8942299e-01   7.4026284e-03   7.3615916e-04  -4.8756544e-03
   1.2453743e-02  -3.2516802e-03   5.1692982e-01   7.7171146e-03   9.2213210e-04  -4.7670918e-03
   3.8566084e-03   5.2558366e-02   4.9251730e-01   7.6636097e-03   9.3987023e-04  -4.9196375e-03
  -1.8588014e-03   1.3021980e-02   5.1395578e-01   8.3470669e-03   1.0837484e-03  -4.7124501e-03
  -1.2905712e-03   1.9894991e-02   5.5073305e-01   8.0303526e-03   1.1551797e-03  -4.7631792e-03
  -8.2154253e-03   3.4482469e-02   5.2861105e-01   8.0922515e-03   9.4917070e-04  -4.6283405e-03
   7.8903754e-03   7.1488276e-03   5.4328140e-01   7.9885448e-03   9.0398188e-04  -4.8391970e-03
   1.7207948e-02   5.2582301e-02   5.3752398e-01   7.9019640e-03   8.6642748e-04  -4.8433127e-03
   2.1780000e-03  -7.6948103e-02   5.7419034e-01   9.8364965e-03   8.2850467e-04  -4.0384689e-03
   1.0366499e-02   7.7858679e-04   4.6032192e-01   8.6101726e-03   7.4317782e-04  -4.2097014e-03
   3.3699678e-02  -3.2228726e-03   4.6543675e-01   8.6034301e-03   1.1861065e-04  -4.2348361e-03
   2.2510622e-02  -2.2981092e-02   4.6667517e-01   8.4266854e-03   4.0438274e-04  -4.2912024e-03
   1.4133715e-02   2.6887392e-03   4.7818628e-01   9.0241389e-03   1.9397542e-04  -4.0623706e-03
   2.0835976e-02  -4.4211271e-02   5.3344855e-01   9.4209810e-03   4.1124850e-04  -4.3393939e-03
   2.2537033e-02   6.8428823e-02   4.7632078e-01   7.3591304e-03   8.2030904e-04  -4.9984053e-03
   6.8894085e-03  -9.7713698e-03   5.2461685e-01   8.1654267e-03   1.0924268e-03  -4.8351944e-03
   3.4362367e-03   3.8409028e-02   5.1881609e-01   7.7941640e-03   1.0880468e-03  -5.0613130e-03
   6.2435598e-03   3.0585087e-02   5.1689202e-01   8.6754444e-03   9.9367816e-04  -4.9762336e-03
  -6.5364327e-04   6.6009769e-03   5.7670620e-01   8.2420119e-03   1.0617028e-03  -4.9019941e-03
   1.6672772e-02   7.6306563e-02   5.6498678e-01   8.1380657e-03   8.4490748e-04  -5.1195420e-03
   4.2974850e-03  -3.4449728e-02   6.2992125e-01   9.0471924e-03   1.1416108e-03  -5.2331412e-03
  -1.1222794e-02   3.9986110e-02   5.9660350e-01   8.7909957e-03   1.1988435e-03  -4.9987109e-03
  -2.0817235e-02   1.8446568e-02   6.4599176e-01   9.4867726e-03   6.2224007e-04  -4.6399367e-03
   6.9034211e-03   8.4231010e-02   6.1598963e-01   8.6286427e-03   2.8260231e-04  -5.1572190e-03
   7.6408906e-05  -6.3924780e-04   6.5011281e-01   9.5214379e-03   3.5066915e-04  -4.9136323e-03
  -1.0979204e-02   4.0913986e-02   6.3193626e-01   9.2431516e-03   3.4454007e-04  -4.7109111e-03
  -1.6780029e-02   4.8110058e-02   6.2576214e-01   9.3370251e-03   3.2047071e-04  -4.6698832e-03
  -1.4708185e-02   3.2570545e-02   6.8257568e-01   9.2186810e-03   3.8702262e-04  -4.8349425e-03
  -9.4173568e-03   3.8583310e-02   6.5311948e-01   9.5688891e-03   3.2628935e-04  -4.8135494e-03
  -2.3162545e-02   3.2040336e-02   6.8089060e-01   9.5894919e-03   3.3018585e-04  -4.4857430e-03
  -2.7039155e-02   3.3772471e-02   6.9101640e-01   9.5865280e-03   2.9230084e-04  -4.5704011e-03
  -2.7351835e-02   6.2810791e-02   6.4353321e-01   9.3928956e-03   3.4784954e-04  -4.6126560e-03
  -1.7919351e-02  -6.4962135e-03   6.7688312e-01   1.0252194e-02   1.4811049e-04  -4.5445342e-03
  -1.2498595e-02   3.2335608e-03   5.7186646e-01   1.0227519e-02   3.3906751e-05  -4.1054902e-03
  -9.0110381e-03  -7.6554529e-02   6.9149021e-01   1.2127068e-02  -2.2642811e-04  -3.9491155e-03
   3.0009963e-02   4.2435096e-02   6.4031641e-01   1.0011874e-02  -5.3994452e-04  -4.4798645e-03
   3.2058990e-02   6.6188576e-02   6.1383333e-01   8.5775721e-03  -5.5161012e-04  -3.7350412e-03
   3.2883043e-02  -2.0417500e-02   6.4677857e-01   9.7186507e-03  -4.9807954e-04  -4.3355202e-03
   9.0995027e-03   8.9632974e-02   6.2036745e-01   9.0309612e-03  -3.4841106e-04  -4.8075997e-03
  -3.7914990e-03   6.1387656e-02   7.4594079e-01   9.6207144e-03  -2.3492856e-04  -4.8255319e-03
  -1.5604271e-03   7.2857257e-02   7.4346462e-01   9.9816418e-03  -2.5738547e-04  -5.2081015e-03
   8.3682595e-03   7.8843489e-02   7.7654622e-01   9.6849757e-03  -3.7439173e-04  -5.3352618e-03
  -3.4992150e-04   6.4582119e-02   8.0596716e-01   9.8759540e-03  -7.2987289e-05  -5.4401292e-03
  -1.3747500e-02   8.1961335e-02   7.8152341e-01   9.8020251e-03   1.0097634e-04  -5.2935596e-03
  -2.6521255e-03   8.0780836e-02   7.5364606e-01   8.8911182e-03   3.4754182e-05  -5.5391008e-03
   6.6082665e-03   6.8324670e-02   7.1825490e-01   9.2290278e-03  -7.6132085e-05  -5.5184055e-03
  -1.7880212e-03   8.7624615e-02   6.9406371e-01   9.2448354e-03  -1.8420676e-04  -5.3481926e-03
  -5.6450441e-03   4.3343602e-02   7.5140532e-01   9.7881918e-03  -2.6306395e-04  -5.2969738e-03
  -2.0348510e-03   8.2807148e-02   7.4850025e-01   9.7539585e-03  -3.0363853e-04  -5.3493180e-03
   2.5614715e-03   5.2905110e-02   7.8930410e-01   1.0147368e-02  -4.7884237e-04  -5.3256076e-03
   2.7449256e-04   4.8759259e-02   8.2637064e-01   1.0018082e-02  -5.0097149e-04  -5.3546971e-03
   1.0879279e-03   9.6475256e-02   7.3998438e-01   9.4526115e-03  -5.4229002e-04  -5.4590223e-03
  -6.4139858e-03   4.0381684e-02   7.9673389e-01   1.0089865e-02  -6.7337069e-04  -5.5069345e-03
  -2.3061629e-02   7.7349089e-02   7.5580351e-01   9.8238400e-03  -7.8207218e-04  -5.2801769e-03
  -2.2837700e-02   1.0242971e-01   7.4291058e-01   1.0061824e-02  -7.9130203e-04  -5.3719922e-03
  -2.0761497e-02   7.5592369e-02   7.6919354e-01   9.9308157e-03  -7.3127160e-04  -5.4217757e-03
  -1.6084315e-02   1.1652916e-01   7.7339102e-01   1.0060924e-02  -8.1986916e-04  -5.4312749e-03
  -1.0151325e-03   5.6975763e-03   8.0209040e-01   1.1638859e-02  -1.3100750e-03  -4.8501315e-03
  -8.4303945e-03   8.4731757e-03   7.8601184e-01   1.1558262e-02  -1.2514497e-03  -4.6461716e-03
  -3.6745352e-03   6.7489502e-02   7.7300425e-01   1.1895942e-02  -1.6926084e-03  -4.8555986e-03
   1.4865552e-02   2.9641852e-02   8.0266715e-01   1.1750992e-02  -1.7970864e-03  -5.1682917e-03
   1.4104333e-02   3.9153982e-02   7.9965229e-01   1.1684219e-02  -1.9285401e-03  -5.2010437e-03
   1.1291480e-02   4.3787007e-02   7.7583961e-01   1.1339937e-02  -1.9531065e-03  -5.1633469e-03
