   0.0000000e+00   0.0000000e+00   1.7763568e-15   0.0000000e+00   0.0000000e+00   0.0000000e+00
  -5.9405509e-03  -1.3213369e-02   9.0625993e-02   1.0234525e-03   2.2521644e-04   4.2732757e-04
   1.3415322e-02   3.6593869e-02   1.0243563e-01   1.2677536e-04   7.1166272e-04   1.2480912e-03
   1.1160770e-02   6.9966122e-03   1.4671976e-01   1.1126944e-03   1.0538934e-03   5.3744753e-04
  -3.8746767e-03  -8.3389399e-03   1.2749897e-01   5.7113186e-04   8.4646949e-04   8.2690746e-04
  -2.8555188e-03   3.2042896e-02   1.2244677e-01   4.1095502e-04   4.1135026e-04   4.0978388e-04
  -1.4546444e-02   4.3369342e-02   4.3974903e-02  -7.8341444e-04   5.0701964e-04  -6.8167704e-05
  -1.1742516e-02   2.1830454e-02   3.8184745e-02  -6.1096032e-04   9.5415057e-04  -1.1573705e-04
  -5.8965073e-03   7.7174422e-02  -8.4642223e-03  -8.9350403e-04   6.4515502e-04  -4.0452639e-04
  -2.0112016e-02   5.1484414e-02   7.1111447e-02   5.0658126e-04   2.7559277e-04  -2.4050106e-04
   1.0528462e-04   1.1582386e-02   1.6576610e-01   7.1675116e-04   4.9862607e-04  -5.4379157e-04
   1.2199046e-02   6.6575408e-02   1.6026601e-01  -1.2410990e-05   5.6006626e-04  -7.7158173e-04
   6.2239207e-04   1.0592420e-02   1.8200132e-01   3.5214330e-04   6.0599545e-04  -6.1156972e-04
  -8.1856619e-03   4.2357224e-02   1.5789868e-01  -3.9843096e-05   7.3160093e-04  -6.4881720e-04
  -4.6471786e-03   2.9402984e-02   1.4952998e-01   7.6787550e-04   4.8335838e-04  -5.5294896e-04
  -1.5099480e-02  -5.1372241e-03   1.7775783e-01   8.0641560e-04   9.0570016e-04  -5.2779156e-04
  -7.8758705e-03   7.2817429e-02   1.0221666e-01   3.0554433e-04   5.0946703e-04  -7.9565351e-04
  -1.0393226e-02   4.5398208e-03   1.3520934e-01   7.4244097e-05   5.1768643e-04  -6.3897343e-04
  -1.4001724e-02   5.9290383e-02   9.8771749e-02   2.7818814e-04   6.1628142e-04  -7.3063615e-04
   6.0575146e-03   6.6139074e-02   1.3426834e-01  -5.8741694e-04   3.3399920e-04  -6.7171265e-04
   3.0005530e-02   2.6367663e-01  -3.2326487e-02  -4.4798021e-03  -1.1732658e-03  -1.2964144e-03
   4.7813389e-02  -6.5715747e-02  -7.1283261e-02  -1.2323228e-03  -8.4369687e-04  -2.6766205e-03
   4.2610569e-02   3.8053073e-02  -2.5369279e-01  -4.8594058e-04  -2.0413913e-05  -3.0013811e-03
   9.7730006e-02   1.4063352e-01  -3.5080292e-01  -2.4808985e-03  -9.1262575e-04  -4.1705692e-03
   1.1960192e-01   1.0068490e-01  -2.7434776e-01  -2.6040434e-03  -1.2128376e-03  -4.4870684e-03
   7.9770333e-02   4.3784557e-02  -1.2251796e-01  -9.4957592e-04  -5.8225013e-04  -3.7364457e-03
   9.1926381e-02   6.1768900e-02  -1.3406762e-01  -1.7672886e-03  -9.0157631e-04  -3.9609814e-03
   6.1775459e-02   5.3123003e-02  -5.4640074e-02   1.7555178e-05  -2.3346658e-04  -3.4574074e-03
   1.1525603e-01  -8.8452670e-02  -7.7642873e-02   4.4706466e-03   9.8783437e-04  -4.9134141e-03
   1.2781451e-01   4.9999626e-02  -2.9503956e-01  -3.0314836e-04   6.5332714e-04  -5.6562542e-03
   1.3490675e-01   7.3929777e-02  -1.3567363e-01   1.1424880e-03   5.8188186e-04  -5.7004045e-03
   1.3183146e-01   1.6081356e-01  -2.0070113e-01  -8.8829770e-04   1.0981377e-03  -6.4825954e-03
   1.0703546e-01   1.0376208e-01  -1.2713555e-01  -6.8651128e-04   1.4472240e-03  -6.1209935e-03
   1.1625179e-01   1.2781093e-01  -1.6116326e-01  -7.6735234e-04   1.5336126e-03  -6.6590443e-03
   9.9244226e-02   1.1055151e-01  -1.2906759e-01  -2.0655631e-04   1.4155673e-03  -6.4930820e-03
   1.0968046e-01   1.1567120e-01  -1.4930012e-01  -4.5461028e-04   1.2612378e-03  -6.7286484e-03
   1.0074829e-01   1.2178428e-01  -1.2283196e-01  -1.9290829e-04   1.3464239e-03  -6.5906268e-03
   1.1061876e-01   1.6977481e-01  -2.2096624e-01  -1.3560469e-03   1.0497775e-03  -6.8259620e-03
   1.0610987e-01   1.1365399e-01  -1.3500062e-01  -2.9139215e-04   1.2640956e-03  -6.6527807e-03
   9.6398644e-02   1.6846152e-01  -1.3289297e-01  -4.5240541e-04   1.2519656e-03  -6.4036205e-03
   1.0289879e-01   1.5218623e-01  -9.7607982e-02  -1.1948761e-04   9.9042382e-04  -6.4322576e-03
   8.9302681e-02   1.6140151e-01  -1.0037276e-01  -4.6949810e-04   1.1507726e-03  -6.3647137e-03
   7.2409412e-02   1.7296131e-01  -6.5621568e-02   1.3926786e-04   1.3272339e-03  -6.2985086e-03
   9.4227902e-02   1.4901649e-01  -7.3635189e-02  -3.0178693e-04   1.2459527e-03  -6.6668281e-03
   9.3434604e-02   1.3948316e-01  -2.9520340e-02   5.9104315e-05   1.4747685e-03  -6.7528081e-03
   9.2315221e-02   1.6251422e-01  -5.0469251e-02  -1.0346831e-04   1.3618445e-03  -6.8713645e-03
   1.0355738e-01   1.6215567e-01  -7.2313864e-02  -8.7869148e-04   1.2757006e-03  -7.1987878e-03
   9.4003660e-02   1.3680942e-01  -9.1026930e-02  -6.3697154e-04   1.5039730e-03  -7.0954635e-03
   7.6821585e-02   1.7693657e-01  -1.1554480e-01  -6.6692243e-04   1.2714195e-03  -6.8022017e-03
   8.1500387e-02   1.3034528e-01  -6.2823604e-02   3.5466844e-04   1.2599694e-03  -6.9512622e-03
   5.6277828e-02   1.0814298e-01   5.8021900e-02   1.7844359e-03   1.7611297e-03  -6.4820158e-03
   8.3133415e-02   1.6003558e-01  -1.8757942e-02   5.0014122e-04   1.3240370e-03  -6.9054775e-03
   8.3685056e-02   1.7001470e-01   1.3844598e-02   9.9142591e-05   1.0158857e-03  -6.3998202e-03
   5.2300167e-02   1.7569213e-01  -6.9144061e-02  -2.0041499e-03   1.5884475e-03  -6.2557844e-03
   6.8589208e-02   2.5380942e-01  -1.4710229e-01  -3.4744168e-03   1.3085353e-03  -6.8985275e-03
   9.4672853e-02   2.2220972e-01  -1.4090309e-01  -3.2129016e-03   1.2346479e-03  -7.3859496e-03
   1.0939710e-01   2.3875721e-01  -6.5411627e-02  -2.6693177e-03   9.1242922e-04  -7.7007478e-03
   9.3251766e-02   1.7059470e-01  -9.3342191e-03  -1.9931108e-03   1.2012463e-03  -7.6370981e-03
   8.7357012e-02   2.0659602e-01   6.7766832e-02  -1.3818472e-03   1.2749525e-03  -7.5979294e-03
   5.0763486e-02   1.6593411e-01   6.3331249e-02  -9.7464299e-04   1.2943928e-03  -7.1829764e-03
   4.1008055e-03   1.4614803e-01   9.0950094e-02  -2.4908407e-04   1.8001637e-03  -6.7641292e-03
   3.3572086e-02   2.1143246e-01   5.4364839e-02  -1.2445043e-03   1.3753298e-03  -7.0328211e-03
   1.1601176e-02   1.7235943e-01   2.1196444e-02  -7.7877314e-04   1.7900417e-03  -7.0555361e-03
   9.1671013e-03   1.8504449e-01   5.4930806e-03  -8.5422173e-04   1.7500236e-03  -7.0344463e-03
   1.0590310e-02   1.9177061e-01   1.7255470e-02   1.6925067e-04   1.7738393e-03  -7.0032587e-03
   6.0059159e-03   2.3325047e-01   1.0988051e-02  -6.0812338e-04   1.5422872e-03  -6.9407186e-03
   1.0228725e-03   1.5835873e-01   8.5990646e-02   9.3564456e-04   1.5538144e-03  -6.9162008e-03
   3.0531761e-02   1.8585853e-01   4.4641523e-02  -4.6987602e-05   1.1202213e-03  -7.2665649e-03
   7.2781043e-03   2.1281016e-01   3.8527100e-02   4.0996583e-05   1.5637288e-03  -7.2471186e-03
   2.8584352e-02   2.0837931e-01   5.0306232e-02  -7.3406478e-04   1.4372024e-03  -7.4230754e-03
   2.8751399e-02   2.1785802e-01   3.6527675e-03  -4.1583518e-04   1.3410025e-03  -7.3866783e-03
  -1.2357180e-02   1.7344974e-01   1.9910676e-02   1.5276322e-04   1.4417592e-03  -6.8046958e-03
   1.1490514e-02   2.3681816e-01   3.2660729e-02   3.7464046e-04   1.3304885e-03  -7.2349956e-03
   1.2030216e-02   2.0543576e-01   5.5255600e-02   7.8296482e-04   1.1176167e-03  -7.1401544e-03
  -1.3011471e-02   1.9624054e-01   1.1104359e-01   3.2318941e-04   1.7583972e-03  -6.9745092e-03
  -4.5942407e-02   1.8475481e-01   1.6243032e-01   9.6770904e-04   2.6780932e-03  -6.5234793e-03
  -6.1664368e-02   1.3575325e-01   1.7023699e-01   2.2970227e-03   2.6304773e-03  -6.3507883e-03
  -5.5634233e-02   1.5057468e-01   1.5687260e-01   1.2761670e-03   2.4092646e-03  -6.5415279e-03
   1.7546107e-02   1.7571168e-01   9.6020477e-02   6.4977973e-04   1.7838674e-03  -7.1481276e-03
   2.5073586e-02   1.2200742e-01   1.1516346e-01   1.1378960e-03   2.0028897e-03  -7.4983563e-03
   3.3261685e-02   2.4991209e-01   5.7089813e-02  -8.6543662e-04   1.8940301e-03  -7.9574009e-03
   3.8871986e-02   2.3091162e-01   4.2367415e-02  -5.3900428e-04   2.0480411e-03  -7.9515284e-03
   2.8780272e-02   1.8777809e-01   7.7619346e-02   5.2542058e-05   1.7734758e-03  -7.9542838e-03
   5.8438222e-03   1.6051979e-01   1.6781484e-01   7.5484789e-04   2.0296244e-03  -7.8629613e-03
   6.6330610e-03   2.1692103e-01   1.5460516e-01   2.4006640e-04   1.7265798e-03  -8.0863992e-03
  -1.9104206e-02   1.8993170e-01   1.8813821e-01   8.1241822e-04   1.7698827e-03  -7.6366385e-03
  -2.3262075e-02   2.1172933e-01   1.3806161e-01  -2.4559938e-04   1.9998359e-03  -7.7415525e-03
   1.2477759e-03   2.1278792e-01   9.9053217e-02   2.2884479e-04   1.7085039e-03  -8.0393834e-03
  -3.2790313e-02   1.8925232e-01   1.0114289e-01   6.5341788e-04   1.9320351e-03  -7.5143368e-03
  -1.4637531e-02   2.1522182e-01   1.1625822e-01   9.5995373e-04   1.6199124e-03  -7.5653390e-03
  -1.1519091e-02   2.4286415e-01   1.0870894e-01   6.5039704e-04   1.4322169e-03  -7.7760682e-03
  -1.4330862e-02   2.1034695e-01   1.1548972e-01   9.2868586e-04   1.4035440e-03  -7.6546698e-03
  -1.3025718e-02   2.0493436e-01   1.5949457e-01   1.2161487e-03   1.5051917e-03  -7.8271317e-03
  -3.2677296e-02   2.3906689e-01   1.9690876e-01   1.4504296e-03   1.0396907e-03  -7.9255502e-03
  -1.7567457e-02   1.9868065e-01   2.2537185e-01   1.9481261e-03   8.5796561e-04  -8.1682984e-03
  -3.1537679e-02   2.3515388e-01   2.1684853e-01   1.5372693e-03   1.1224985e-03  -8.1039215e-03
  -2.7462938e-02   2.5358839e-01   1.8714246e-01   1.3259067e-03   9.1200488e-04  -8.0610777e-03
  -9.6450556e-03   2.3348789e-01   1.6604855e-01   7.6894877e-04   8.8565086e-04  -8.3218101e-03
  -2.9565191e-02   2.0786316e-01   1.8714760e-01   1.3377792e-03   1.0181631e-03  -7.9297457e-03
  -5.7064017e-02   2.0337892e-01   2.2397547e-01   2.4683410e-03   1.4852110e-03  -7.5471966e-03
  -3.3353461e-02   1.7430215e-01   2.3523809e-01   2.6468097e-03   1.1646633e-03  -7.8551396e-03
  -1.6315268e-02   2.0083077e-01   2.6829312e-01   1.8164822e-03   8.4168540e-04  -7.8825160e-03
  -2.8960372e-02   2.0838790e-01   2.4359098e-01   2.2191088e-03   1.0007308e-03  -8.1334894e-03
  -9.2121796e-03   2.3434451e-01   3.1292614e-01   1.5413770e-03   9.4483483e-04  -8.1015121e-03
   4.0343525e-02   2.3018682e-01   1.7291518e-01   3.7485537e-04  -4.4967060e-04  -8.9654201e-03
   2.5938447e-02   2.0067719e-01   1.0319646e-01   6.6666773e-04  -2.5209956e-04  -9.2471952e-03
  -3.2052530e-02   2.5211510e-01   1.5229693e-01   8.6883862e-04   2.5510594e-04  -8.5940705e-03
  -1.0066701e-02   2.8927817e-01   1.8300485e-01   1.1138985e-03  -2.7197148e-04  -9.2009542e-03
   5.4689951e-03   2.3472227e-01   3.4500184e-01   2.1955258e-03  -1.2374760e-04  -9.5563195e-03
  -8.9501627e-03   2.2849813e-01   3.4230648e-01   1.6946380e-03  -1.1116754e-04  -9.4546272e-03
   1.3247183e-02   2.3544360e-01   3.2404710e-01   1.3405700e-03  -7.8415882e-05  -9.9054174e-03
   1.0609337e-02   2.2607786e-01   2.7494223e-01   1.1598722e-03   3.6645137e-05  -9.8084420e-03
  -1.1998447e-02   2.1403119e-01   2.9156450e-01   1.8701499e-03   1.1597429e-04  -9.5885948e-03
  -2.5977883e-03   2.5212671e-01   2.5829700e-01   1.5110981e-03  -1.9782654e-04  -9.6184684e-03
   1.6156114e-02   2.5787365e-01   2.5533593e-01   1.9830070e-03  -5.0418644e-04  -9.7651593e-03
  -4.4171726e-02   1.9117375e-01   2.9007503e-01   2.4995483e-03  -1.6432872e-04  -9.3567698e-03
  -5.5119236e-02   2.7469625e-01   3.1128049e-01   2.6250980e-03   4.7924991e-04  -9.5614519e-03
  -4.6274502e-02   2.1918571e-01   3.2538907e-01   3.4205628e-03   2.3717741e-04  -9.6840860e-03
  -3.6396147e-02   2.7693606e-01   3.2961180e-01   2.1477553e-03   4.2779065e-04  -9.9691264e-03
   1.7075724e-02   3.4589163e-01   2.0508952e-01   9.7143039e-04  -1.6801736e-04  -9.8133097e-03
  -6.1498098e-03   1.5217658e-01   3.1022154e-01   3.4657839e-03  -2.2422216e-04  -1.0112758e-02
  -2.5107160e-02   2.3175008e-01   3.1527640e-01   3.2621237e-03   4.5174873e-05  -9.9090728e-03
  -4.3854886e-03   2.4108042e-01   3.2688057e-01   3.1385665e-03   7.7619125e-05  -1.0186707e-02
  -3.3033535e-02   2.2386867e-01   3.6015933e-01   3.9054847e-03   4.2774511e-04  -9.9344969e-03
  -9.1237580e-02   2.3540279e-01   4.7233157e-01   4.7198059e-03   1.6364393e-03  -9.2530470e-03
  -8.0643470e-02   2.0709031e-01   5.1836412e-01   4.5937501e-03   9.4687807e-04  -9.5092098e-03
  -1.9505947e-02   2.6713706e-01   3.2880820e-01   1.9488865e-03   1.1738215e-03  -1.0128621e-02
  -4.7901917e-02   5.2824369e-01  -7.6334111e-01  -1.6334992e-02   1.4923586e-03  -8.1085892e-03
  -7.6119506e-02   9.2490287e-01  -1.4966465e+00  -3.7078492e-02  -2.7038847e-04  -5.2496703e-03
