   0.0000000e+00   0.0000000e+00  -7.1054274e-15   1.3877788e-17   1.7347235e-18  -2.4074124e-35
  -3.1148447e-04  -8.6107632e-02  -3.2711929e-02  -1.0932201e-03  -5.5976957e-04   1.1171930e-03
   5.1353215e-02  -5.8867463e-02  -3.1132358e-02  -1.3832128e-03  -6.2873604e-04  -8.2448319e-04
   2.4985592e-02   5.9925659e-02   7.0933448e-02  -1.4586060e-04  -3.6349963e-04  -3.3850934e-04
   1.4740535e-02  -3.3961634e-02   2.3911923e-02  -9.0044433e-04   2.9822071e-04  -1.7843183e-04
   6.0149459e-03  -7.2268040e-03   6.5769596e-02  -9.2980474e-04   1.2716912e-05  -1.1584388e-04
   1.0063600e-02   2.5640343e-03   2.9474068e-02  -8.2747871e-04  -6.0360270e-05  -2.0492513e-04
   1.8915719e-04   1.5767457e-02   4.6948180e-02  -1.1033619e-03  -1.8489512e-04  -9.8943121e-05
   1.0235959e-02  -8.8066743e-03   4.9871188e-02  -6.1162334e-04   2.1498121e-04  -2.7389596e-04
   6.6101762e-03   4.7505911e-02   1.3250023e-01  -3.6850541e-04   1.8240562e-05   2.0587893e-04
   1.1419063e-02   5.3158101e-02   1.5381694e-01  -3.3173097e-04  -8.3122433e-05   3.1528840e-04
   2.0142976e-02   5.8534326e-02   1.5098103e-01   1.8824973e-05  -2.7710225e-05   4.1694012e-04
   2.5456989e-02   8.6935486e-02   1.4061511e-01  -2.3393740e-04   2.1115608e-04   4.1244507e-04
   1.9297788e-02   3.1033030e-02   1.4846671e-01  -2.5195654e-04   2.0158420e-04   4.2301044e-04
   2.6803873e-02   3.5211193e-02   2.0296958e-01   7.8524229e-05   1.6451003e-04   4.9253629e-04
   2.8643102e-02   4.2238264e-02   1.7947159e-01  -6.9120096e-05   4.3744436e-04   3.3199604e-04
   2.7994697e-02   2.3418680e-02   1.8035129e-01  -3.2072840e-04   7.1622248e-04   5.6708475e-04
   3.0919423e-02   4.6792373e-02   1.8717947e-01  -2.6973334e-04   8.7071715e-04   3.0920976e-04
   3.0403129e-02   3.8284921e-02   1.6339138e-01  -4.1593464e-04   8.0829042e-04   3.9037176e-04
   3.3141120e-02   2.6363565e-02   1.9595636e-01  -2.5275559e-04   6.2304437e-04   5.8116949e-04
   2.7399195e-02   2.1727599e-02   1.8153179e-01  -5.3576887e-04   9.3189843e-04   4.3472139e-04
   2.9382484e-02   4.9875975e-02   2.1509685e-01  -1.6493177e-05   6.7718358e-04   3.3325012e-04
   2.5477625e-02   1.9605826e-02   1.6205477e-01  -4.6780105e-04   1.0165467e-03   4.5106222e-04
   1.8642308e-02   4.6813959e-02   1.9884375e-01  -2.7802312e-04   1.1662223e-03   4.6133826e-04
   2.0378997e-02   1.8913682e-02   1.7632350e-01  -4.2624579e-04   1.2072712e-03   4.1737007e-04
   1.7384492e-02   9.1140302e-02   2.3012309e-01   1.8232957e-05   1.1964105e-03   1.6279676e-04
  -6.3550150e-03  -1.8337054e-02   9.4472895e-02   4.6878939e-04   2.0006384e-03   8.5540933e-04
   6.3620939e-03   4.3830818e-02   1.5011275e-01   4.1058713e-03   2.1151382e-03   1.3771666e-03
  -5.5993357e-03  -2.2877980e-02   6.6587091e-02   3.2446355e-03   2.4095489e-03   4.5777892e-04
   1.1569108e-02   9.6816651e-02   1.1523826e-01   2.7020364e-03   1.3725647e-03   3.1374270e-04
   1.9442008e-03   1.5049888e-01   1.8798329e-01   3.7029911e-03   2.1980203e-03   4.3698498e-04
   5.7603617e-03   7.0285265e-02   1.6240611e-01   2.9024032e-03   2.3415088e-03   6.2519911e-04
  -1.2114259e-03   1.2124500e-01   2.0392132e-01   2.5754336e-03   2.4253583e-03   5.0359950e-04
   4.8456659e-03   4.0120029e-02   1.2575893e-01   2.2291783e-03   2.8008801e-03   3.3215929e-04
   1.8439410e-02   1.9615460e-01   7.4569693e-02   1.6067653e-03   2.7278019e-03   4.1282413e-04
  -1.7666539e-03   4.4613410e-02   1.5227533e-01   1.8636158e-03   3.1130384e-03   3.8280040e-04
  -8.4039210e-03   1.2329804e-01   1.8258463e-01   1.6939724e-03   2.8430226e-03   7.0004299e-04
  -3.3018143e-03   4.4126103e-02   1.7279257e-01   1.5329500e-03   3.3291996e-03   3.9126905e-04
   1.1911385e-02   1.4803611e-01   1.9055888e-01   1.1953932e-03   3.0701696e-03   5.1971144e-04
  -1.1118784e-03   2.0020833e-02   1.7775105e-01   1.4166590e-03   3.4590032e-03   4.9759249e-04
  -1.5656988e-03   8.5327922e-02   2.2395786e-01   1.3692657e-03   3.4451638e-03   4.9041154e-04
  -4.7480363e-03   5.8236867e-02   1.8283965e-01   1.4710451e-03   3.8220706e-03   3.1124760e-04
   4.8477753e-03   6.2982578e-02   1.8725689e-01   1.2591229e-03   3.4235469e-03   3.5552406e-04
  -3.3309545e-03   4.1266016e-02   1.7776943e-01   1.3272076e-03   3.5982522e-03   3.9376075e-04
  -8.6314972e-03   7.7086124e-02   1.9441833e-01   1.1244053e-03   3.5526638e-03   4.6471774e-04
  -3.9963151e-03   8.3346068e-02   1.8550204e-01   1.1614832e-03   3.7764950e-03   4.4176938e-04
  -5.8793287e-04   7.0917694e-02   1.9486902e-01   1.1326701e-03   3.7555944e-03   5.7026929e-04
   1.0820358e-03   3.3672970e-02   1.9249887e-01   1.2637884e-03   4.0228718e-03   3.6107736e-04
  -2.5530237e-03   6.0124825e-02   2.1936933e-01   1.3468396e-03   3.9861542e-03   3.5453515e-04
  -1.6835460e-02   7.4565628e-02   1.9895978e-01   1.7052999e-03   4.0097110e-03   3.5652143e-04
  -1.8446129e-02   1.3710816e-01   2.1768924e-01   3.4397007e-03   3.4528924e-03   4.2182231e-04
   3.6341536e-03   5.9387421e-03   7.0196302e-02   2.5525766e-03   3.6469696e-03   4.3085892e-04
  -1.0084265e-02   7.6927097e-02   2.2658472e-02  -1.1273544e-03   3.9804201e-03   4.1495085e-04
  -9.2645432e-03   5.9938526e-02   7.1700922e-02   4.9701255e-05   3.9590575e-03   3.2207530e-04
  -1.3595043e-02   1.4412245e-01   5.3121453e-02  -6.4466983e-04   3.7372104e-03   7.1330446e-04
  -1.8951958e-02   2.0969849e-02   7.3746072e-02  -8.4705750e-05   3.8830121e-03   4.7648993e-04
  -1.5258418e-02   1.1194628e-01   8.7837690e-02   1.9890267e-04   3.9601381e-03   6.1991956e-04
  -1.5349669e-02   4.8910207e-02   1.1327841e-01   4.8836399e-04   4.1118532e-03   3.7849342e-04
  -2.0730217e-02   8.3982427e-02   1.3406526e-01   5.2920074e-04   4.4115937e-03   3.2274897e-04
  -2.4244185e-02   7.2329479e-02   1.1525115e-01   3.7118766e-04   4.5194688e-03   2.1261194e-04
  -1.9168054e-02   8.1922348e-02   1.2436628e-01   4.7358531e-04   4.3526781e-03   2.7206741e-04
  -2.3742005e-02   5.0217447e-02   1.1980039e-01   2.9100659e-04   4.6170554e-03   1.6682708e-04
  -2.5015778e-02   9.4152071e-02   1.4459252e-01   4.1738521e-04   4.8339318e-03   9.6781339e-05
  -1.5417901e-02   4.9539002e-02   9.4834689e-02   1.5546225e-04   4.7726995e-03   1.1725742e-04
  -2.8438787e-02   8.6816334e-02   1.1504075e-01  -3.9178178e-04   4.8987555e-03   1.9438936e-04
  -3.4132985e-02   1.1168407e-01   7.3477429e-02   7.0925072e-05   5.3622260e-03   7.7944709e-05
  -2.4653687e-02   5.9040201e-02   5.4556267e-02   2.3098996e-04   5.1638006e-03   5.3273474e-05
  -4.0884527e-02   1.2340751e-01   7.7017065e-02   6.8528966e-05   5.1382448e-03   2.7803021e-04
  -3.0932994e-02   6.9695767e-02   1.0603290e-01   5.1667898e-04   5.3189887e-03   8.2916664e-05
  -2.4816750e-02   1.2341441e-01   1.2285202e-01   5.4174919e-04   5.2512525e-03   8.6704811e-05
  -2.7057807e-02   7.2797822e-02   9.8013962e-02   8.2236143e-04   5.2276461e-03   2.4550271e-04
  -2.5863403e-02   9.5656813e-02   1.3280500e-01   4.5682464e-04   5.2726462e-03   2.4973803e-04
  -3.0112877e-02   8.0395836e-02   1.3318382e-01   1.0454729e-03   5.1901293e-03   2.8147667e-04
  -2.5656785e-02   1.2193923e-01   1.0672557e-01   4.1084989e-04   5.1592677e-03   1.6707359e-04
  -1.9410912e-02   5.3894215e-02   1.5016423e-01   2.2889291e-03   4.6670387e-03   6.5528786e-04
  -2.3917633e-02   6.2495296e-02   1.4068945e-01   4.4715246e-03   3.9300958e-03   1.2742769e-03
  -3.3761156e-02   1.4059236e-01   8.7997627e-02   2.4816976e-03   4.5266100e-03   8.8976826e-04
  -3.9864867e-02   9.6740478e-02   8.2100544e-02   1.7898782e-03   4.5086892e-03   1.3185462e-03
  -2.8603552e-02   9.0093054e-02   1.1105324e-01   1.2301249e-03   4.9210224e-03   8.3908468e-04
  -2.5373515e-02   7.9305403e-02   9.8245924e-02   1.1097897e-03   4.8808936e-03   9.3467321e-04
  -2.9659271e-02   1.8694051e-02   1.1171213e-01   5.5421007e-03   3.6669818e-03   1.6572117e-03
  -2.4866038e-02   1.3865232e-01   1.2955010e-01   4.8917874e-03   3.3953788e-03   9.7826343e-04
  -3.0465214e-02   1.1873213e-01   1.4118693e-01   3.6532454e-03   3.7676441e-03   1.1348165e-03
  -1.8919156e-02   1.0584136e-01   1.5693859e-01   3.4998967e-03   3.7999419e-03   8.8893867e-04
  -2.1968639e-02   8.8095104e-02   9.4985972e-02   2.2745393e-03   4.0060424e-03   7.6830474e-04
  -3.3095906e-02   9.3678742e-02   1.0784646e-01   2.4615963e-03   4.4326898e-03   6.1545103e-04
  -3.5524686e-02   1.3493778e-01   1.0325878e-01   1.9142998e-03   4.5590422e-03   7.3444206e-04
  -3.2909502e-02   7.5672562e-02   1.3728812e-01   1.7613543e-03   4.8545252e-03   6.2159848e-04
  -3.8825338e-02   1.0120414e-01   1.4303850e-01   1.7799056e-03   5.1443283e-03   4.5552626e-04
  -4.6192740e-02   1.1269575e-01   1.0459644e-01   1.4122502e-03   5.0295283e-03   8.7575247e-04
  -3.8431322e-02   7.4057147e-02   1.1801559e-01   1.4317614e-03   5.2041043e-03   4.5282947e-04
  -4.6756585e-02   7.2579175e-02   1.2759190e-01   2.9191347e-03   5.1290067e-03   1.4170971e-03
  -9.0376708e-03   3.8211750e-02   6.7623130e-02   3.0882155e-03   4.3906760e-03   6.2764472e-04
  -1.9713223e-02   8.8928949e-02   8.6691521e-02   3.2483724e-03   4.2574360e-03   4.4414508e-04
  -2.1879636e-02   1.2046011e-01   1.3661601e-01   3.4771697e-03   4.1955381e-03   5.6943868e-04
  -2.1134580e-02   1.7171740e-01   1.6941274e-01   3.9078742e-03   3.9304127e-03   4.0498507e-04
  -2.7927021e-02   8.2327509e-02   1.3459451e-01   3.4732048e-03   4.1776990e-03   5.2052474e-04
  -1.8352889e-02   1.1786982e-01   1.1971237e-01   3.2756411e-03   4.0938543e-03   4.4634851e-04
  -3.2263819e-02   1.3530486e-01   1.5675633e-01   4.0049587e-03   4.0350207e-03   5.9106620e-04
  -2.7123416e-02   1.5201406e-01   1.7774565e-01   3.7784108e-03   4.0484069e-03   6.0549173e-04
  -2.7102196e-02   1.6209043e-01   1.5480706e-01   3.3447645e-03   4.2956576e-03   4.4567096e-04
  -2.9213270e-02   7.0067054e-02   1.0587534e-01   2.4945909e-03   4.5441945e-03   4.4110220e-04
  -4.5107188e-02   1.3623038e-01   1.3909651e-01   2.0547442e-03   4.7247020e-03   4.1954489e-04
  -3.5699345e-02   9.2288145e-02   1.1769435e-01   2.2207230e-03   4.6338680e-03   5.0172934e-04
  -3.8756538e-02   1.1934663e-01   1.6798316e-01   1.7254828e-03   4.7394929e-03   5.2761782e-04
  -2.7374556e-02   7.1503830e-02   8.4673384e-02   3.2220541e-03   4.0555313e-03   8.9349309e-04
  -8.8031093e-03   1.1211191e-01   9.9318647e-02   3.9910505e-03   3.7646621e-03   3.6809822e-04
  -4.0109241e-02   2.2694141e-01   1.5025277e-01   3.1561987e-03   4.1484994e-03   4.7555691e-04
  -3.3930069e-02   1.0802570e-01   1.1997844e-01   2.9644561e-03   4.2962617e-03   6.2970843e-04
  -2.7657101e-02   1.3651733e-01   1.6238191e-01   2.7415878e-03   4.4695999e-03   6.2130708e-04
  -2.1525388e-02   1.1072418e-01   1.2789913e-01   2.7357387e-03   4.4742393e-03   4.8105579e-04
  -3.2038201e-02   1.0312303e-01   1.2592501e-01   2.1457478e-03   4.6772892e-03   5.0881124e-04
  -2.9028817e-02   1.0546047e-01   1.5980998e-01   2.3561659e-03   4.5900955e-03   4.5726644e-04
  -3.5080828e-02   1.2407563e-01   1.5803593e-01   2.4143565e-03   4.7163581e-03   3.9845274e-04
  -3.1098672e-02   9.4439147e-02   1.4301825e-01   2.7231204e-03   4.4436814e-03   4.7456571e-04
  -2.5597166e-02   1.3909193e-01   1.6288611e-01   2.4359421e-03   4.4239112e-03   5.5979274e-04
  -2.6242365e-02   1.3711664e-01   1.5050015e-01   2.3230105e-03   4.4648731e-03   4.6614720e-04
  -4.4411268e-02   1.4066099e-01   1.4107706e-01   2.4144266e-03   4.6124574e-03   3.3953312e-04
  -4.0765081e-02   1.1615686e-01   1.4938420e-01   2.2835939e-03   4.8669694e-03   3.2216536e-04
  -2.8328895e-02   1.5926206e-01   1.6697197e-01   2.5604083e-03   4.5545314e-03   2.7401013e-04
  -3.4638174e-02   1.7883943e-01   1.1770003e-01   2.2438681e-03   4.5306148e-03   3.1265982e-04
  -3.9777085e-02   1.5439511e-01   1.3528616e-01   2.4218656e-03   4.6794459e-03   2.5633421e-04
  -3.7361302e-02   1.8898228e-01   1.5270024e-01   2.5444373e-03   4.5447300e-03   1.3494272e-04
  -3.9287350e-02   1.4319250e-01   1.3177520e-01   2.7014584e-03   4.5981380e-03   2.8940796e-04
  -3.5550933e-02   1.7005387e-01   1.5633536e-01   3.0570001e-03   4.6405626e-03   2.8792045e-04
  -3.8074614e-02   1.4113982e-01   1.1237667e-01   2.2777207e-03   4.7389788e-03   2.3586870e-04
  -4.0737181e-02   1.2913374e-01   1.1232489e-01   1.9313230e-03   4.7059227e-03   4.0715049e-04
  -3.4659181e-02   1.1343892e-01   1.1202591e-01   2.0757302e-03   4.7343006e-03   2.2714065e-04
  -3.7656349e-02   1.4065579e-01   9.7747131e-02   1.7398902e-03   4.7695603e-03   3.0000281e-04
