   0.0000000e+00   0.0000000e+00   3.5527137e-15  -6.9388939e-18  -1.7347235e-18  -1.2037062e-35
   6.6712981e-03   7.4231033e-02   1.8635980e-01  -2.5705309e-04  -2.2463922e-04   1.0375244e-04
   1.5145546e-02   4.4379108e-03   8.8680485e-02   2.4676976e-04  -2.8782771e-04  -3.8259822e-05
   2.0733551e-02   7.0889124e-02   1.4797659e-01  -6.0672898e-04  -5.2190915e-04   9.5172012e-05
   1.2023261e-02   1.8689273e-02   1.6049560e-01  -4.9326410e-04  -3.0717223e-04   1.5391184e-04
   2.8511467e-02   6.7275763e-02   1.6071391e-01  -1.1611321e-03  -5.4557374e-04   1.0934523e-04
   1.9835235e-02   7.0169940e-03   9.5093578e-02  -4.3449682e-04  -5.9360559e-04   7.6626226e-05
   2.0388307e-02   5.4296264e-02   1.4046414e-01  -7.0841347e-04  -5.6717858e-04   4.8510056e-05
   1.4405485e-02   1.1010731e-02   1.1247633e-01   3.2986440e-04  -1.9560437e-04  -3.8471907e-05
   2.1932902e-02   4.6706397e-02   1.2751673e-01   8.0249943e-05  -2.2809872e-04  -5.5044944e-05
   2.7252897e-02   2.7414158e-02   1.4195675e-01   4.4620238e-04  -3.0849952e-04  -1.0289018e-04
   1.7572326e-02   4.5158260e-02   1.3704232e-01   4.1892447e-04  -6.3610290e-05   1.7006785e-05
   1.3675193e-02   1.4001203e-02   8.0729843e-02   3.1186353e-04   3.3025838e-05  -1.4677276e-04
   9.5617199e-03   8.1951844e-02   1.9964451e-01   1.2476604e-04  -7.6687391e-06   7.6260421e-05
   1.3667287e-02   1.1875807e-02   1.0546710e-01   5.1929112e-04  -1.3421510e-05  -2.3778508e-04
   1.5258595e-02   8.4799748e-02   1.7021580e-01  -9.3676868e-06  -1.6746426e-05   5.4377599e-05
   1.2616714e-02   2.1830596e-02   1.2308596e-01   3.4898939e-04   1.5992800e-04  -1.1825774e-04
   3.7115586e-03   9.5704857e-02   2.0483216e-01  -1.6384756e-04   1.7014936e-04   3.0823782e-04
   6.8414622e-03   1.0335058e-02   9.2487612e-02   2.3741531e-04   2.5298056e-04  -2.5675115e-06
   3.1131209e-03   1.1418110e-01   1.9211986e-01  -1.3991248e-04   1.4254293e-04   4.1804775e-04
   3.9860805e-03   2.5560732e-02   9.7648321e-02   2.7518344e-04   4.1726773e-04  -2.1039833e-05
  -5.7193445e-03   1.1447365e-01   1.4086926e-01  -3.7616443e-04   4.0942454e-04   2.2198965e-04
  -1.0912055e-02   1.0787014e-02   7.2768579e-02   4.5889563e-05   6.6104411e-04  -1.9060639e-05
  -1.3137041e-02   9.7610362e-02   1.5896150e-01  -3.9441008e-04   5.4076612e-04   5.2006932e-04
   6.1956665e-04  -1.6568542e-02   1.3942122e-01   8.2896451e-04   5.6944764e-04  -6.4719501e-05
  -1.0010245e-03   5.5143618e-02   2.3040811e-01   8.7202128e-04   4.5694592e-04   8.1390336e-05
  -1.5141288e-02   1.6241534e-03   1.0194720e-01  -1.8264186e-04   5.7311145e-04   2.1934739e-04
  -3.8999086e-03   5.2394892e-02   1.6251909e-01  -1.0929383e-04   4.4405103e-04   3.0418911e-04
   1.2505750e-02   2.5303562e-02   1.6378720e-01  -2.0814743e-04   2.6723567e-04   1.9602745e-04
   1.7122357e-02   4.5812277e-02   1.8456638e-01   1.6811714e-04   2.6492077e-04   1.7963647e-04
   9.7529363e-03   4.0617134e-02   1.5169681e-01  -4.2620015e-05   2.6765855e-04   3.2935752e-04
   6.3669095e-03   3.0152691e-02   1.7738347e-01   4.6825484e-04   3.6059635e-04   2.6029879e-04
   1.2548395e-02   3.3780599e-02   1.5617316e-01   6.4929796e-04   4.3111885e-04   9.4384049e-05
   1.2867265e-02   4.4480630e-02   1.6769814e-01   6.2329069e-04   4.9853889e-04   1.6515238e-05
   8.6465933e-03   2.5397900e-02   1.9433371e-01   8.7524416e-04   4.6044704e-04   1.2544392e-04
   9.5868349e-03   3.4359567e-02   1.7480919e-01   6.9009966e-04   5.4987871e-04   8.2452005e-05
   5.2621033e-03   2.7778958e-02   1.9166974e-01   1.0140182e-03   6.4406475e-04   1.4972810e-04
  -2.2971348e-05   3.4728839e-02   1.3887719e-01   7.9349765e-04   6.4413341e-04   2.7581524e-04
   7.7243946e-03   3.8404013e-02   2.7876794e-01   1.2023467e-03   4.2532211e-04   3.0520824e-04
  -1.0843122e-02   1.5707922e-02   1.3369326e-01   1.1168409e-03   8.2084792e-04   1.6081329e-04
  -4.5709174e-03   8.5792051e-02   2.4974061e-01   5.6112155e-04   6.8048730e-04   4.5424750e-04
  -1.1421073e-02   2.4185171e-02   1.2898531e-01   1.0470884e-03   8.4498928e-04   2.9309509e-04
  -8.0333076e-03   1.0230799e-01   2.5066833e-01   8.4674097e-04   6.4495676e-04   4.6354992e-04
  -2.0187357e-02   3.9854531e-02   1.7897390e-01   1.4795146e-03   8.9786307e-04   3.5364952e-04
  -1.4686925e-02   8.0463068e-02   2.5030202e-01   1.2902114e-03   8.2206926e-04   5.0770329e-04
  -1.3915635e-02   1.6517139e-02   1.6269185e-01   1.4890973e-03   8.2927840e-04   4.4277485e-04
  -1.6646710e-02   8.3022805e-02   2.7421624e-01   1.0981623e-03   7.6218326e-04   7.8833341e-04
  -1.4512343e-02   1.6910155e-02   2.1224986e-01   1.4755530e-03   8.7970540e-04   5.9640537e-04
  -9.4007354e-03   5.8440553e-02   2.8043227e-01   1.4346545e-03   6.7143743e-04   7.5693218e-04
  -1.1987115e-02  -7.9206337e-06   1.7905106e-01   1.7668385e-03   6.9401373e-04   4.2241009e-04
  -8.8640978e-03   3.2169796e-02   2.3901812e-01   1.9411812e-03   8.5724172e-04   2.9491292e-04
  -1.2771425e-02  -2.9081116e-02   2.2410648e-01   2.5610267e-03   8.8688314e-04   2.7298639e-04
  -3.3202605e-02   4.9957975e-02   2.0421911e-01   1.1617950e-03   8.9575899e-04   6.7053035e-04
  -2.9615560e-02  -3.4043748e-02   2.0283508e-01   2.8922212e-03   1.1007254e-03   4.9945664e-04
  -4.7788975e-02  -4.1868406e-02   1.1575191e-01   2.7854523e-03   1.1165760e-03   6.5488756e-04
  -2.9598778e-02   1.8389377e-02   2.1839808e-01   2.4371631e-03   1.0179751e-03   8.7522662e-04
  -3.5006828e-02  -7.0055813e-02   1.2914513e-01   3.1622577e-03   1.2770812e-03   2.9437562e-04
  -4.2599257e-02   1.3732708e-02   2.0308496e-01   2.1664570e-03   1.4240662e-03   5.5777859e-04
  -4.2868680e-02  -4.4427803e-03   2.3925951e-01   2.7613411e-03   1.5483377e-03   4.6762146e-04
  -4.0555355e-02   8.9005131e-03   2.3709165e-01   2.6933287e-03   1.4947901e-03   5.4558844e-04
  -5.6107177e-02   3.1254030e-02   2.3312233e-01   2.2123161e-03   1.6547239e-03   8.5306031e-04
  -5.6638013e-02   4.0659569e-03   1.7595604e-01   2.5079512e-03   1.7388039e-03   6.6164415e-04
  -5.0866057e-02   3.1369829e-02   2.2981323e-01   3.0361925e-03   1.8986575e-03   5.0089897e-04
  -4.9236846e-02   2.3055441e-02   1.1661658e-01   2.3175001e-03   1.7517949e-03   3.9194121e-04
  -3.9609389e-02   5.5791831e-02   3.2726211e-01   3.0308610e-03   1.6868252e-03   5.9401573e-04
  -5.0722724e-02  -5.3429124e-02   6.0930373e-02   3.0954045e-03   2.0255654e-03   9.6971303e-05
  -2.8619595e-02   6.6855887e-02   2.4844467e-01   1.9901094e-03   1.6930893e-03   4.3410468e-04
  -4.4744203e-02  -1.8592523e-02   1.3549640e-01   3.2271066e-03   1.9724809e-03   2.0569292e-04
  -2.3141132e-02   4.7212616e-02   2.3688635e-01   2.2524345e-03   1.6981488e-03   1.9748719e-04
  -2.4115391e-02  -3.0324741e-02   1.6695311e-01   3.1663579e-03   1.8819114e-03   8.8189662e-05
  -2.0684921e-02   3.5559740e-02   2.4945249e-01   2.3501700e-03   1.9157593e-03   1.6357657e-04
  -2.7421133e-02  -1.5615006e-02   1.7970984e-01   3.0017572e-03   1.9905564e-03   3.5270477e-05
  -2.4545760e-02   4.8738163e-02   2.3427970e-01   2.3571505e-03   1.8644548e-03   1.2348865e-04
  -3.0892335e-02   8.1241664e-03   1.9577413e-01   3.1466978e-03   1.9942080e-03   1.1523627e-04
  -3.3800455e-02   7.4034173e-02   1.9885715e-01   2.2747851e-03   1.8716845e-03   3.6163984e-04
  -3.5314749e-02   3.4331239e-02   2.1370522e-01   2.9763629e-03   1.7891281e-03   6.1025458e-04
  -8.0371961e-02   3.7042934e-01   4.8595781e-01  -2.0869768e-04   1.7545357e-03   1.7240059e-03
  -7.0622286e-02   3.0895236e-01   5.0616022e-01  -5.8286938e-04   1.9861496e-03   1.4070843e-03
  -5.8598860e-02   1.7443315e-01   3.8359984e-01   1.0022482e-03   2.5100831e-03   7.4117328e-04
  -5.5591186e-02   1.6829124e-01   3.3441970e-01   4.2916537e-04   2.5026279e-03   5.4444710e-04
  -5.4749012e-02   2.2440942e-01   4.9315384e-01   3.8720177e-04   2.5151283e-03   6.4051166e-04
  -5.1202332e-02   2.2565834e-01   5.1304125e-01   7.7145000e-04   2.6525624e-03   6.2753613e-04
  -4.0812636e-02   1.6093342e-01   4.4317673e-01   9.7048136e-04   2.8318611e-03   2.1763430e-04
  -5.1075811e-02   2.4024593e-01   5.6056530e-01   1.2552089e-04   2.7464505e-03   7.2202722e-04
  -6.2727932e-02   2.1242164e-01   5.8394036e-01   6.0638312e-04   2.9168082e-03   8.9260325e-04
  -6.9921674e-02   1.8780701e-01   4.9989875e-01   7.5257965e-04   2.9424443e-03   9.1110494e-04
  -5.9877225e-02   1.6974739e-01   4.7510295e-01   7.9024260e-04   2.9565996e-03   5.6884248e-04
  -6.1920034e-02   1.9240585e-01   4.4977431e-01   5.5948952e-04   3.0315023e-03   6.1317656e-04
  -4.4152361e-02   1.4024290e-01   3.6689445e-01   1.2146490e-03   2.7923078e-03   4.9662291e-04
  -3.5741057e-02  -3.9455056e-02   1.4214334e-01   3.3311624e-03   2.3868841e-03   3.0895548e-04
  -4.2462732e-02  -4.0419932e-02   9.8960317e-02   3.1383711e-03   2.1692792e-03   3.6612670e-04
  -4.9104072e-02  -2.2303972e-02   1.1680319e-01   3.2814775e-03   2.1447514e-03   5.4545213e-04
  -5.8118566e-02   4.2878615e-02   1.6060433e-01   3.1012205e-03   2.1107503e-03   1.0056647e-03
  -5.5797707e-02   4.2479820e-03   1.3598511e-01   3.7803613e-03   2.2381982e-03   6.8289819e-04
  -5.3707436e-02   5.6296617e-02   1.2187471e-01   3.1743246e-03   2.0810713e-03   7.1692633e-04
  -5.2586655e-02   7.1041011e-03   1.0585632e-01   3.4944456e-03   2.1002264e-03   6.1956653e-04
  -5.6767971e-02   6.8973778e-02   7.7124247e-02   3.1992254e-03   1.9669980e-03   7.9690791e-04
  -5.0530207e-02   4.2457735e-02   1.1352802e-01   3.6730680e-03   1.8982725e-03   7.3015052e-04
  -6.2169614e-02   7.9969222e-02   9.1717788e-02   3.7189309e-03   1.9204005e-03   1.0090278e-03
  -4.3257058e-02   4.6664175e-02   1.5948043e-01   4.1233455e-03   1.8453064e-03   7.2228907e-04
  -4.8105488e-02   6.4067422e-02   2.2669624e-01   5.0009335e-03   2.0219832e-03   4.7892801e-04
  -5.3430544e-02   2.4278943e-02   1.7285209e-01   4.8239199e-03   1.9583608e-03   4.0721493e-04
  -6.7198386e-02   7.2835947e-02   2.4680139e-01   4.6687062e-03   2.0124984e-03   7.0170499e-04
  -5.3789867e-02   2.8318551e-03   1.6704546e-01   4.5939149e-03   2.0283426e-03   6.5370565e-04
  -5.9353909e-02   3.6905271e-02   2.3161480e-01   4.6760714e-03   2.0762284e-03   9.0272994e-04
  -5.7270249e-02  -6.1693891e-03   2.0908193e-01   4.9056146e-03   2.0942251e-03   6.5724040e-04
  -5.9633285e-02   5.7489950e-02   3.0266007e-01   5.6040058e-03   2.0509764e-03   7.9831748e-04
  -4.4497445e-02  -6.2861588e-03   1.6888401e-01   5.6290536e-03   2.0720009e-03   2.3909638e-04
  -5.0551165e-02   1.0098566e-01   4.3117872e-01   5.6631818e-03   2.1069224e-03   6.8539307e-04
  -4.8182726e-02   1.4218742e-03   2.6408905e-01   5.8197028e-03   2.2739582e-03   4.4950158e-04
  -4.3288004e-02   6.9312520e-02   3.7088678e-01   5.5233692e-03   2.0807781e-03   6.9801950e-04
  -4.1040381e-02  -1.0504313e-02   2.7539284e-01   6.0304701e-03   2.3052017e-03   4.4948499e-04
  -5.0325332e-02   6.9863104e-02   3.7443270e-01   5.8545607e-03   2.2644872e-03   7.8876353e-04
  -3.7962297e-02   2.8197896e-02   3.4203936e-01   6.0803651e-03   2.2076093e-03   7.7032175e-04
  -2.1025201e-02   4.6915007e-02   4.0742310e-01   6.5087587e-03   2.0707622e-03   6.5721913e-04
  -3.0189318e-02   2.9487418e-02   3.3809733e-01   6.4325650e-03   2.1712819e-03   5.6164185e-04
  -3.6951376e-02   5.6275378e-02   3.7602497e-01   6.0506578e-03   2.2522698e-03   7.4448453e-04
  -3.3231668e-02   4.8633916e-02   3.4062124e-01   6.2716467e-03   2.1343239e-03   7.1256872e-04
  -3.6131486e-02   5.3202647e-02   3.4045860e-01   6.4583878e-03   2.1451045e-03   7.7223521e-04
  -4.6528964e-02   6.5539652e-02   3.4805408e-01   6.3787417e-03   2.1976244e-03   8.4445848e-04
  -3.6395521e-02   5.8745408e-02   3.5790594e-01   6.3443771e-03   2.2771501e-03   7.6665099e-04
  -4.3056631e-02   7.2448105e-02   3.5664611e-01   6.0116114e-03   2.2686337e-03   8.9846852e-04
  -3.5605347e-02   4.3512251e-02   3.3937020e-01   6.2405960e-03   2.2108456e-03   5.7046543e-04
  -5.3303281e-02   3.7473061e-02   3.9732207e-01   6.9109588e-03   2.3965259e-03   7.7942227e-04
  -5.0552924e-02   3.9942273e-02   2.6824936e-01   5.8589498e-03   2.2914020e-03   8.8038256e-04
  -4.6385218e-02   9.7894745e-02   4.4223168e-01   6.1318976e-03   2.1833967e-03   9.8856279e-04
  -3.7606134e-02   2.3250863e-02   2.4042238e-01   5.8913587e-03   2.1141992e-03   7.3862891e-04
  -4.3378927e-02   1.0379298e-01   3.8597929e-01   5.8361759e-03   2.0195357e-03   1.0766843e-03
  -4.3623807e-02   5.2819874e-02   3.0949058e-01   6.0309892e-03   2.0059187e-03   9.5746093e-04
