   0.0000000e+00   0.0000000e+00   0.0000000e+00   0.0000000e+00   0.0000000e+00   0.0000000e+00
  -6.9012129e-02  -9.0944154e-02   3.6605867e-01   1.0036266e-02  -7.4458121e-04   1.2488460e-03
  -2.9618391e-02  -2.9154767e-02   2.2151383e-01   6.1381122e-03  -1.4613424e-03   3.4470439e-04
  -4.3546726e-02  -2.6589400e-02   9.5745581e-02   5.3967226e-03  -9.4521339e-04   4.5008445e-04
  -3.8122539e-02  -4.1846344e-02   2.4215573e-01   6.3162729e-03  -4.7587509e-04   5.0080346e-04
  -3.3544260e-02  -2.6775578e-02   1.1617042e-01   4.7826597e-03  -1.0080493e-03   2.6077166e-04
  -4.6220758e-02  -2.5915640e-02   1.2050410e-01   4.4476530e-03  -7.1932275e-04   3.6276128e-04
  -4.1212623e-02  -2.7189092e-02   1.2861013e-01   4.1958517e-03  -8.9561047e-04   2.0896948e-04
  -4.3245815e-02  -1.6843676e-02   7.7793171e-02   3.7463858e-03  -6.6005970e-04   2.0219294e-04
  -5.6507203e-02  -3.9685606e-02   1.5096735e-01   4.9524800e-03   1.4170165e-04   2.0750489e-04
  -4.5752598e-02  -1.0626011e-02   7.2386172e-02   2.8684821e-03  -1.7666949e-04   3.2546122e-05
  -3.3488002e-02  -2.5336467e-02   4.6771429e-02   3.3100675e-03  -3.1480369e-04   3.4184514e-05
  -2.8883684e-02  -2.6447771e-02   6.0339268e-02   3.6385325e-03  -1.0598464e-04  -8.1365406e-05
  -3.2809604e-02  -5.5496647e-03   1.5299184e-03   2.9871227e-03  -1.5768002e-04  -1.7812409e-04
  -1.7341613e-02   1.4027577e-02   4.1590277e-03   2.6306546e-03  -2.5469611e-04  -4.3642610e-04
  -2.6408119e-02   1.5923212e-02  -3.7626085e-02   2.2763734e-03  -8.7065452e-05  -2.3206871e-04
  -3.3574295e-02  -8.9428175e-03  -8.1098602e-04   2.3237257e-03  -2.7324891e-04  -1.8626937e-04
  -1.8551870e-02   2.4144935e-02  -5.9335191e-02   1.9198170e-03  -4.3995624e-04  -3.3472951e-04
  -2.6476449e-02  -3.0306444e-03  -9.8283140e-03   2.4317681e-03  -4.1493873e-05  -1.8417419e-04
  -2.2861258e-02   1.3437713e-02  -1.0272435e-03   1.8094004e-03  -9.1584813e-05  -3.6261765e-04
  -1.1495864e-02   2.4407438e-02  -7.3987880e-02   1.0567571e-03  -4.4029791e-04  -3.6619593e-04
  -1.4785704e-02   2.0516466e-02   8.1471283e-03   1.7148857e-03  -6.3563915e-05  -2.1192545e-04
  -1.1478618e-02   3.2031128e-02  -3.8356646e-02   1.6290061e-03  -2.4817166e-04  -3.4011293e-04
  -2.7371696e-02   1.8959475e-02   1.6682679e-03   1.5768645e-03   8.6690774e-06  -4.6515549e-05
  -2.4031964e-02   6.7743208e-03   2.4939485e-02   1.7306375e-03  -1.2907750e-04  -5.5851846e-05
  -1.6808787e-02   3.1452669e-02  -6.3804921e-02   9.1363418e-04  -3.8079882e-04  -1.4577636e-04
  -1.5177962e-02   1.8206341e-02   5.2304350e-02   1.7857799e-03  -1.3282151e-04  -1.4363315e-05
  -5.1408985e-03   1.2545651e-02  -2.5148601e-02   1.7361515e-03  -5.3431482e-04  -7.4749834e-05
  -2.2939587e-02  -2.0972012e-03   4.1776478e-02   2.2458754e-03  -1.6890278e-04   8.4226668e-05
  -2.0149055e-02  -1.6870207e-02   6.4390419e-02   3.0609336e-03  -1.0686919e-04   1.2529808e-04
  -2.5826069e-02  -1.9626418e-02   2.6103645e-02   2.0992332e-03  -2.2341419e-04   4.6351548e-05
  -2.5770679e-02  -1.7034937e-02   3.9909574e-02   1.9507374e-03   3.4092923e-05   8.0102187e-05
  -1.5774400e-02  -5.8606376e-04  -9.3495196e-02   6.5591678e-04  -3.9030508e-04  -2.5642597e-05
  -1.3856387e-02   2.0330087e-02   3.7910822e-03   1.5138000e-03  -3.0863499e-05  -3.2752714e-04
  -1.8304426e-02   3.8375264e-02  -2.4279325e-02   1.3107751e-03  -5.6928783e-04  -5.2885082e-04
  -1.4682077e-02   2.6388923e-02  -1.7548298e-02   1.9794871e-03  -4.7621668e-04   8.3218019e-05
  -1.2124209e-02   4.1295176e-02   1.9935716e-02   2.2893660e-03  -2.3070502e-04  -2.2495433e-04
  -1.0064802e-02   6.5220337e-02   7.0259015e-04   2.2586623e-03  -3.6969981e-04  -2.3985660e-04
  -2.4418182e-02   3.9884739e-02   3.7231113e-02   2.0130061e-03   7.9838041e-05  -1.1606614e-04
  -1.8712205e-02   4.5470340e-02   4.2566332e-02   2.3560992e-03  -4.9956364e-05  -2.8806456e-04
  -1.6000232e-02   5.9534787e-02  -5.3490414e-02   1.1956760e-03  -9.3850349e-05  -2.7373126e-04
  -1.7601147e-02   4.6522366e-02   8.1755330e-02   2.5252491e-03   4.4958153e-06  -2.5420390e-04
  -1.6182383e-02   3.9668760e-02   1.2885829e-02   1.7745063e-03  -5.1470822e-05  -2.0263354e-04
  -2.1382137e-02   3.1183127e-02   8.0830913e-02   2.7305542e-03   8.0433960e-05  -1.1411358e-04
  -2.2988013e-02   3.0611854e-02   4.3395128e-02   2.0640707e-03   1.6605655e-05  -2.2288358e-04
  -4.5496408e-02   2.5447668e-03   7.4426599e-02   3.9638314e-03   5.1549046e-04   7.2795171e-05
  -2.8256691e-02   2.9267081e-02  -2.3501306e-02   1.6199987e-03   3.5491717e-04  -3.8222546e-04
  -2.9727692e-02   3.3991598e-02   1.4703432e-02   4.0227774e-03  -5.9087221e-04   2.7241160e-04
  -4.5156897e-02  -1.1652313e-02   5.3139915e-02   5.2409823e-03  -2.0249383e-04  -1.3582223e-05
  -1.6108643e-02   6.8919301e-02  -1.7649641e-01  -8.7477235e-04  -1.4798348e-05  -4.7498685e-04
  -2.2331338e-02   3.6008779e-02   3.0340182e-02   2.1137523e-03   2.9040834e-05  -2.0189697e-04
  -1.6157746e-02   4.5416720e-02  -5.0240534e-02  -1.9129774e-04  -2.3988396e-04  -6.5868719e-04
  -1.5845005e-02   3.7738221e-02  -9.8403301e-02   1.2497928e-03  -3.3012755e-04  -3.7127564e-04
  -2.2903414e-02   3.8981925e-02  -3.6426878e-02   1.1908139e-03  -1.4461356e-04  -3.0160284e-04
  -1.4433177e-02   4.4866942e-02  -8.1576017e-02   9.4902066e-04  -1.2497439e-04  -4.1294239e-04
  -1.8121176e-02   5.7474937e-02  -1.3486203e-01   2.1073717e-04  -5.1741606e-05  -4.4215665e-04
  -2.4023897e-02   3.3853794e-02  -7.7687354e-03   1.3375025e-03   1.4694710e-04  -2.1964043e-04
  -1.8847879e-02   5.6255950e-02  -9.3405307e-02   3.4579284e-04  -5.5923834e-05  -4.8529592e-04
  -2.0412435e-02   5.3413545e-02  -6.6830219e-02   6.2916849e-04   1.0012938e-05  -2.4720737e-04
  -1.9764923e-02   5.6464049e-02  -7.5214268e-02   2.3759848e-04  -7.4825412e-05  -3.4545757e-04
  -1.1931241e-02   5.5580188e-02  -9.8193648e-02   7.2668182e-04   4.0443997e-05  -2.4569607e-04
  -1.3353462e-02   4.8705511e-02  -5.6177915e-02   1.1282197e-03   6.2655342e-05  -2.1619235e-04
  -7.1171730e-03   5.8750569e-02  -5.1954920e-02   1.6735416e-03   3.0903991e-04  -2.2199665e-04
  -3.1115093e-02   1.4743352e-02  -2.7015520e-02   2.2838098e-03   6.9064968e-04  -6.5347819e-05
  -1.6798385e-02   3.2901752e-02  -8.2796065e-02   1.4007122e-03   1.9256175e-04  -1.1083752e-04
  -6.4624639e-03   3.4941240e-02  -1.0084761e-01   9.2607228e-04   1.5920671e-04  -3.1185122e-04
  -5.3879808e-04   5.8384086e-02  -9.6117499e-02   1.5560931e-03  -2.2280390e-04  -1.2950922e-04
  -9.0848766e-03   4.2701814e-02  -6.5509677e-02   1.8382335e-03   3.4612208e-04  -3.9681665e-05
  -2.2169419e-02   3.5072037e-02  -5.0584199e-02   2.8045559e-03  -3.3937367e-04   1.5121494e-04
  -1.7216935e-02   5.0778235e-02  -1.7281268e-01   9.3810585e-04  -4.8258861e-04   1.8138041e-04
  -5.5456756e-03   8.6230494e-02  -1.2024003e-01   4.0467718e-04  -2.1329150e-04  -3.0982334e-04
  -8.5200886e-04   1.0638690e-01  -1.6180976e-01   5.8866658e-04  -6.5276374e-04  -2.6104715e-04
  -1.4058235e-02   1.0082479e-01  -1.6054178e-01   2.3571990e-04  -3.9385402e-04  -7.9537775e-05
  -1.4731109e-02   7.2009317e-02  -7.0087699e-02   1.1802192e-03  -2.4886868e-04  -9.4150969e-05
  -1.0491204e-02   8.3903714e-02  -8.7625031e-02   1.7110090e-03  -5.3867897e-04  -9.1296328e-06
  -2.7056351e-02   6.7360581e-02  -5.0307494e-02   1.6513426e-03  -3.9325607e-04   2.0780654e-04
  -1.0564052e-02   8.6183713e-02  -7.6891213e-02   3.4366901e-04  -3.7788755e-04  -1.3928550e-04
  -1.5505110e-02   6.4850679e-02  -1.0629474e-01   6.6825752e-04  -4.8137572e-04   1.2986671e-04
  -1.4861853e-02   5.7211053e-02  -6.1909241e-02   1.0712791e-03  -5.0103415e-04   1.0658923e-04
  -1.7245225e-02   7.3963640e-02  -1.2081314e-01   4.0436594e-04  -5.7040695e-04  -3.7411942e-05
  -1.9149032e-02   6.3472231e-02  -1.3040453e-01   5.5685702e-04  -4.1294690e-04   3.1716596e-05
  -1.4368489e-02   6.7545397e-02  -1.0888465e-01   1.0013736e-03  -6.3038699e-04  -3.0193152e-05
  -1.8579763e-02   8.3744202e-02  -7.0755473e-02   2.4028704e-03  -2.5871945e-04  -5.8505347e-05
  -2.5856071e-02   5.6130066e-02  -7.7253629e-02   2.0461886e-03  -1.5128152e-04  -7.7776096e-05
  -2.0265826e-02   6.7360757e-02  -1.3020462e-01   5.3347055e-04  -2.4093684e-04  -1.7760867e-05
  -1.3841314e-02   7.5897515e-02  -1.7095261e-01   8.1554595e-05  -2.7528753e-04  -3.1103078e-04
  -3.2854824e-03   9.2413078e-02  -1.4972724e-01   7.5236049e-04  -3.8096655e-04  -4.5756096e-04
  -8.1504994e-05   1.1604398e-01  -1.8451403e-01   1.0500324e-04  -4.8192506e-04  -4.0288771e-04
  -8.7170200e-03   9.7378393e-02  -9.9563892e-02   9.7335949e-04  -1.2566767e-04  -1.0983004e-04
  -3.9999998e-03   8.3457492e-02  -1.1987743e-01   1.1640276e-03  -2.1623598e-04  -1.0978421e-04
   5.8768852e-04   1.1111668e-01  -1.4973118e-01   1.0467376e-03  -2.4969650e-04  -1.2498116e-04
  -1.1885103e-03   7.7447929e-02  -7.4208828e-02   2.0747185e-03  -3.7818121e-04   7.5080668e-05
   1.0666723e-02   1.1168029e-01  -1.6492729e-01   1.1511663e-04  -3.9202285e-04  -1.7383963e-04
  -7.0068406e-04   6.1362064e-02  -1.2668160e-01   6.4161649e-04  -2.1857098e-04   8.2711463e-05
   2.1339826e-02   9.9770281e-02  -1.8649896e-01   1.1603173e-04  -4.8696916e-04  -1.2690018e-04
   2.7311954e-02   1.0682879e-01  -1.5983719e-01   5.4097029e-04  -6.6871543e-04  -2.1570290e-05
   1.9846872e-02   9.8369766e-02  -1.0809078e-01   1.3406969e-03  -4.4427075e-04  -4.3735237e-05
   7.4762380e-03   1.0178846e-01  -6.9312849e-02   2.0836367e-03  -2.5951336e-04   1.8493841e-04
   6.5527613e-03   8.9261888e-02  -4.5613448e-02   2.2180877e-03  -3.0279751e-04   2.7532647e-04
   1.2257783e-02   1.0112823e-01  -1.3098373e-01   3.9911412e-04  -7.2007937e-04   8.4968279e-05
   4.0648223e-03   6.6572056e-02  -8.9936437e-02   4.0310683e-04  -3.2024289e-04   2.2424694e-04
   3.2449363e-02   8.6421543e-02  -1.5035127e-01   1.9213460e-04  -6.6199541e-04  -2.3001998e-04
   3.5862889e-02   1.1123018e-01  -2.2045011e-01  -4.6044005e-04  -7.4408381e-04  -1.7649785e-04
   3.5500719e-02   1.0158338e-01  -1.0264216e-01   4.0106232e-04  -5.1944735e-04  -3.0481253e-04
   3.4305928e-02   1.1600971e-01  -1.5397351e-01   1.6795299e-04  -7.9118607e-04  -2.2916102e-04
   3.4500032e-02   1.1074819e-01  -1.6974604e-01  -3.8890513e-04  -8.5731787e-04  -9.7204129e-05
   3.5345393e-02   1.2209730e-01  -1.3383016e-01   1.8664683e-04  -1.0048036e-03  -1.5922095e-04
   3.3252975e-02   1.2951459e-01  -1.6264346e-01  -1.6871731e-04  -1.1825867e-03  -2.0547737e-04
   1.9480618e-02   1.0574740e-01  -9.2119517e-02   6.6057997e-04  -9.0048439e-04  -5.5210081e-05
   2.2182746e-02   1.1691693e-01  -1.1189435e-01   5.1812487e-04  -8.9418990e-04  -1.1706540e-04
   2.0563029e-02   1.0066486e-01  -8.8694316e-02   4.3224590e-04  -8.5007169e-04   2.8972461e-05
   2.7178783e-02   9.9221583e-02  -1.2019872e-01   3.5343523e-04  -1.0129295e-03  -8.4743379e-05
   2.6130648e-02   1.1159435e-01  -1.3443001e-01   8.2363050e-04  -1.2245861e-03  -6.9998253e-05
   6.9711941e-03   8.6880339e-02  -3.4233465e-02   1.7136860e-03  -7.3049686e-04   1.8647658e-04
   1.0662924e-02   8.3941834e-02  -6.8655511e-02   2.2165233e-03  -6.9780339e-04   1.5111552e-04
   4.7872689e-03   7.5516646e-02  -6.8367421e-02   1.7769708e-03  -8.0020157e-04   3.6203592e-04
   2.2695890e-02   7.4761822e-02  -1.4732020e-01   6.8128185e-04  -1.0330325e-03  -2.0834967e-05
   4.5049147e-02   1.0978220e-01  -1.9655932e-01   4.5430322e-04  -1.2125956e-03  -2.3997578e-05
   3.1163207e-02   1.0289971e-01  -1.4607433e-01   4.9874153e-04  -1.2425098e-03   4.1464196e-05
   3.7723943e-02   1.1418261e-01  -1.9084817e-01   5.4642130e-04  -1.4984543e-03   3.1909438e-06
   4.0143368e-02   1.1420082e-01  -1.4997186e-01   5.6171751e-04  -1.3393029e-03   8.9502592e-05
   3.7121773e-02   9.4273959e-02  -1.3150061e-01   8.6993179e-04  -1.3213830e-03   4.5534186e-05
   3.8103941e-02   1.1261645e-01  -1.8153786e-01   6.9557922e-04  -1.4552155e-03   1.1904835e-04
   1.2855718e-02   1.0792238e-01  -5.7858539e-02   1.4018411e-03  -1.2661142e-03   5.5960618e-04
   2.9478974e-02   1.1466725e-01  -1.2275603e-01   3.3660235e-04  -1.5649649e-03  -1.4054959e-04
   2.7333972e-02   1.3113176e-01  -2.1453344e-01   5.0908039e-04  -1.7658784e-03  -4.0025647e-05
   2.2172675e-02   1.2911167e-01  -1.0688989e-01   1.2137324e-03  -1.4348699e-03   1.9362718e-06
   3.4942414e-02   1.1524967e-01  -1.4057508e-01   1.1720183e-03  -1.7618464e-03  -3.4093938e-05
   1.4885374e-02   1.0758861e-01  -9.3694835e-02   1.1845182e-03  -1.2646381e-03   1.1243076e-04
