   0.0000000e+00   0.0000000e+00   0.0000000e+00   0.0000000e+00   0.0000000e+00   0.0000000e+00
  -9.7637363e-04   1.1946523e-02   1.1155171e-01   1.6572892e-03   1.6145188e-04  -1.5363487e-04
  -1.0166348e-02  -3.1689659e-02   1.5204027e-01   1.3584022e-03   3.5733177e-04  -1.8969183e-05
  -1.7640738e-02   5.6992594e-03   1.1183559e-01   3.1384069e-06   3.1250478e-04   3.8942270e-04
  -1.9810873e-03  -1.5441485e-02   1.2233874e-01  -1.9216919e-04   5.2587739e-04   2.3825336e-04
  -4.7851439e-03  -6.0289085e-03   1.4629201e-01  -2.3807346e-04   4.8813150e-04   2.0103308e-04
  -1.4521942e-02   7.1636483e-03   1.3366812e-01  -5.7919708e-05   8.2183920e-04  -2.6711407e-04
  -9.2881500e-03  -1.2776633e-02   1.0309168e-01  -3.1891465e-04   8.7311998e-04  -2.8535800e-04
  -1.5387642e-02   2.9702427e-02   9.0505753e-02  -3.0662766e-04   8.0603274e-04  -1.2101497e-04
  -1.7303485e-02   3.4468751e-02   7.5098684e-02   1.4380720e-04   8.6579573e-04  -3.7815214e-07
  -1.5128725e-02   1.3649559e-02   7.8325412e-02  -1.0087397e-04   8.4398003e-04   9.9196855e-05
  -2.0476939e-02   3.8176990e-02   6.1643781e-02   1.4021493e-04   8.6233817e-04   3.2344940e-04
  -1.8217968e-02   5.1557717e-02   4.6939154e-02  -4.5005388e-05   1.0362757e-03   5.1533149e-04
  -2.0485480e-02   4.4280744e-02   5.4401577e-02   1.5425946e-04   8.3140355e-04   5.7166373e-04
  -2.3482861e-02   4.2515195e-02   4.5806333e-02  -8.5720729e-05   6.4582370e-04   4.7303126e-04
  -3.4141086e-02   4.4819369e-02   3.2066671e-02   1.6317570e-04   4.7653742e-04   6.7584460e-04
  -4.5308346e-02   3.0042621e-02   6.6011800e-02   4.0934018e-04   7.0420553e-04   9.2078548e-04
  -3.7528667e-02   7.8020513e-02   8.2336696e-02   9.6076578e-04   8.0533743e-04   1.0419616e-03
  -3.0297384e-02   4.6242393e-02   9.3714735e-02   1.6337257e-03   5.1928642e-04   1.1591867e-03
  -2.5385946e-02   3.3752925e-02   5.5221109e-02   1.8819778e-04   8.3805699e-04   1.2420204e-03
  -3.6735481e-02   5.9491999e-02   6.9576549e-02   9.3621859e-04   9.1618399e-04   1.4904280e-03
  -4.3459421e-02   5.6128579e-02   4.2575245e-02   6.6504363e-04   6.1205315e-04   1.7752655e-03
  -3.7684955e-02   5.2877728e-02   6.0509320e-02   1.2768614e-03   9.4404093e-04   1.7352916e-03
  -3.5496995e-02   7.2265652e-02   3.3133744e-02   8.6486858e-04   8.2730468e-04   1.6790238e-03
  -4.9627991e-02   1.9193709e-02   4.0093493e-02   7.6716791e-04   7.7646443e-04   2.1942447e-03
  -5.9652718e-02   6.6004370e-02   1.2089092e-01   1.5116558e-03   6.3726778e-04   2.1196472e-03
  -7.0596602e-02   5.0589476e-02   7.4877978e-02   7.2972561e-04   5.8876725e-04   2.4053401e-03
  -7.6305306e-02   2.2431592e-02   1.2256886e-01   2.4177928e-03   3.4455077e-04   2.6382797e-03
  -8.5296577e-02   2.7717769e-02   1.1492504e-01   1.9773247e-03  -9.7405908e-05   2.6901565e-03
  -7.9957853e-02   6.8955876e-02   4.9052818e-02   7.1172767e-04   1.2658600e-04   2.6918591e-03
  -8.9779160e-02   2.7060552e-02   4.5233808e-02   7.3475719e-04   4.3410207e-04   2.8148193e-03
  -7.9540060e-02   3.8620752e-02   6.4571228e-02   1.4659982e-03   6.3360449e-04   2.4713534e-03
  -7.9304673e-02   5.1891088e-02   3.4043795e-02   1.3177375e-03   6.3097707e-04   2.6522658e-03
  -6.9846017e-02   9.0465048e-02   6.4475998e-02   1.5681134e-03   4.9889553e-04   2.5230835e-03
  -6.3703956e-02   8.9860965e-02   6.6536298e-02   1.6250251e-03   7.0686561e-04   2.5806118e-03
  -6.7944317e-02   6.4931059e-02   6.3199549e-02   1.8708909e-03   4.8084045e-04   2.6990670e-03
  -8.5668102e-02   7.2697908e-02   7.3406441e-02   1.9182310e-03   6.8518825e-04   3.0976006e-03
  -8.4610135e-02   8.2976954e-02   8.2703730e-02   2.0296051e-03   3.5707322e-04   3.1854852e-03
  -7.7723261e-02   6.6509982e-02   8.1617357e-02   2.0324884e-03   2.4027360e-04   3.3639401e-03
  -8.6127290e-02   7.5098636e-02   8.5563658e-02   2.1758026e-03   2.1726804e-04   3.4959575e-03
  -9.2229784e-02   7.5759476e-02   8.4159932e-02   2.1481727e-03   7.2377996e-05   3.7285854e-03
  -9.4629676e-02   7.4117569e-02   1.0263164e-01   2.3340113e-03   1.7873986e-04   3.6715647e-03
  -1.0186541e-01   6.7076853e-02   8.6745463e-02   2.3042872e-03   4.8559766e-04   3.8070212e-03
  -1.0000438e-01   8.9224248e-02   9.0220368e-02   2.3973348e-03   3.2259554e-04   3.9404523e-03
  -1.0095242e-01   7.7409323e-02   9.8428058e-02   2.8726588e-03   3.3929464e-04   4.1779237e-03
  -1.0432708e-01   8.8890641e-02   1.0786305e-01   2.7903061e-03   1.9842088e-04   4.1460815e-03
  -1.0745874e-01   1.0351425e-01   1.3395147e-01   3.7014592e-03   3.1919825e-04   4.3316910e-03
  -9.2190125e-02   8.9696408e-02   1.8796782e-01   4.8255462e-03   3.1101855e-04   4.1711258e-03
  -1.1436802e-01   8.4617070e-02   8.3889435e-02   2.7030135e-03   4.9966710e-04   4.8079365e-03
  -1.1560309e-01   1.1775721e-01   1.5431335e-01   3.8428862e-03   4.2513573e-04   4.3525723e-03
  -1.2564359e-01   9.8986013e-02   2.5548589e-01   6.3308464e-03   8.0373000e-04   4.8390497e-03
  -1.4206201e-01   7.9099915e-02   3.1341194e-01   7.9897432e-03   8.2412390e-04   5.7456127e-03
  -1.8772442e-01   1.7446512e-01   2.0572444e-01   5.5999109e-03  -3.8531877e-04   4.6010592e-03
  -2.0308101e-01   9.9575302e-02   2.6555634e-01   6.1956964e-03  -8.2001960e-04   5.0357696e-03
  -1.8813948e-01   5.0481026e-02   3.0545623e-01   5.7212190e-03  -1.1586398e-03   4.7182158e-03
  -1.9092615e-01   9.3305297e-02   2.9672986e-01   5.9183622e-03  -6.8593182e-04   4.6642293e-03
  -1.8889590e-01   7.7132016e-02   2.6715515e-01   5.6292158e-03  -5.8104157e-04   4.7569204e-03
  -1.9063643e-01   9.9358173e-02   2.7187093e-01   6.1460956e-03  -7.8422387e-04   4.9641026e-03
  -1.9262421e-01   1.0817057e-01   2.9793845e-01   6.7443586e-03  -9.6015885e-04   5.1074851e-03
  -1.8442989e-01   1.0756689e-01   3.0872117e-01   6.1241550e-03  -8.5633017e-04   5.1948622e-03
  -1.7941337e-01   9.8253589e-02   3.0709168e-01   6.1496359e-03  -8.2083173e-04   5.2187955e-03
  -1.7084452e-01   1.0916376e-01   2.9294760e-01   6.3761989e-03  -9.7696979e-04   5.0916941e-03
  -1.8264371e-01   1.0113246e-01   2.6645808e-01   6.0245313e-03  -9.9064736e-04   5.1994009e-03
  -1.8889815e-01   9.0744655e-02   2.8926396e-01   6.6205316e-03  -1.0461352e-03   5.2585795e-03
  -1.7934723e-01   1.3368989e-01   2.6952940e-01   6.1221666e-03  -8.4001829e-04   5.4596212e-03
  -1.6903680e-01   1.0507758e-01   2.7425473e-01   6.7471595e-03  -1.2269835e-03   5.4421287e-03
  -1.7821555e-01   9.2356275e-02   2.5560777e-01   6.0411886e-03  -9.1444933e-04   5.5219167e-03
  -1.7928407e-01   1.2550613e-01   2.8878228e-01   7.0500389e-03  -1.1659647e-03   5.7082083e-03
  -1.8725112e-01   1.0594645e-01   2.6075895e-01   6.5272454e-03  -8.2791878e-04   5.8562445e-03
  -1.9007710e-01   1.3586056e-01   2.5870650e-01   6.6209074e-03  -8.7819168e-04   5.9964280e-03
  -2.0865849e-01   1.1745973e-01   2.3155290e-01   6.2805900e-03  -6.8673664e-04   6.2761825e-03
  -1.9105514e-01   1.2379498e-01   2.9316126e-01   7.1080575e-03  -1.2098710e-03   6.2331989e-03
  -2.0899518e-01   1.1311365e-01   2.2910281e-01   5.7253355e-03  -4.4683734e-04   6.4945814e-03
  -1.9629338e-01   1.2749434e-01   3.7244152e-01   8.9167524e-03  -1.6964294e-03   6.3293274e-03
  -2.5182475e-01   6.4408814e-02   7.9014940e-02   4.0401538e-03   1.9142834e-05   6.2785558e-03
  -2.5461239e-01  -1.7652638e-01  -6.6599940e-01  -9.9994988e-03   3.4487262e-03   5.2911342e-03
  -1.6420364e-01  -3.7359200e-03  -2.3358821e-02   1.1775940e-04  -4.2923712e-04   3.9590260e-03
  -1.9214448e-01  -9.1517779e-02  -4.3487520e-01  -2.3524702e-03   4.8197543e-04   4.8921288e-03
  -2.0779203e-01  -4.2379349e-02  -2.3620640e-01   9.5883336e-05  -2.7481139e-04   5.2042662e-03
  -2.3675622e-01   6.0168008e-02   2.0399469e-02   2.1808610e-03   4.8600004e-04   5.3640964e-03
  -2.5015886e-01   5.0743639e-02   3.2409049e-03   3.5031648e-03  -3.1889975e-04   5.3942835e-03
  -2.5307775e-01   5.2392322e-02  -1.8745426e-02   1.6892936e-03   5.3099264e-04   5.3289881e-03
  -2.4554821e-01   7.3578447e-02  -3.0051179e-04   3.1577167e-03  -1.2221080e-04   5.4239165e-03
  -2.4470011e-01   2.9579322e-02   8.4133668e-03   2.5217498e-03   2.3865203e-04   5.4497083e-03
  -2.4277239e-01   5.8352409e-02   1.1184227e-02   2.8614724e-03  -2.5921840e-04   5.4310878e-03
  -2.4999360e-01   4.0424402e-02  -6.5024441e-03   2.3929915e-03   9.5943585e-05   5.5794318e-03
  -2.6044775e-01   4.6616632e-02   1.7108246e-02   3.0455000e-03  -1.1222376e-04   5.7240794e-03
  -2.7199091e-01   6.1115488e-02   2.0172264e-02   2.8598171e-03   4.3809932e-05   5.8502571e-03
  -2.6590316e-01   5.1406595e-02   4.0491504e-02   3.4912638e-03  -2.1051980e-04   5.7557696e-03
  -2.7889528e-01   4.3419108e-02   1.1819406e-02   3.0019047e-03  -4.2692067e-06   5.8208573e-03
  -2.7870767e-01   8.1134498e-02   2.4555375e-02   3.5150798e-03  -5.9967483e-04   5.7790219e-03
  -2.7304628e-01   5.0010210e-02   1.1329290e-02   3.0167781e-03  -4.1744426e-04   5.7103175e-03
  -2.7623554e-01   5.1912225e-02   1.4507022e-02   3.3790427e-03  -4.3689392e-04   5.8208944e-03
  -2.7988731e-01   8.6069402e-02  -5.7619046e-03   3.1064028e-03  -4.4860408e-04   5.8614124e-03
  -2.6990065e-01   7.5681040e-02   7.8525226e-03   3.7097712e-03  -6.7339179e-04   5.8329131e-03
  -2.7628490e-01   4.6241617e-02  -1.7095925e-02   2.9893420e-03  -3.6445967e-04   5.9120284e-03
  -2.8922762e-01   8.0176817e-02  -2.5582918e-02   3.6247617e-03  -3.5524292e-04   6.4184870e-03
  -2.8706772e-01   8.4448916e-02   4.5829629e-03   4.1843536e-03  -9.2085361e-05   6.6737667e-03
  -2.7792507e-01   6.9860072e-02  -4.9720971e-02   2.4487551e-03  -2.7420641e-04   6.8030322e-03
  -2.7823369e-01   6.1166609e-02   6.9942061e-03   3.4108152e-03  -6.0081305e-04   6.6646137e-03
  -2.7988613e-01   4.8000519e-02  -7.8633410e-03   3.9710121e-03  -5.5236981e-04   6.4914772e-03
  -2.9163037e-01   2.7883476e-02  -5.8322104e-02   2.5843227e-03  -7.2838476e-04   6.9327136e-03
  -2.7349205e-01   3.0612927e-02   5.5708561e-02   4.6932169e-03  -4.2361884e-04   6.7986332e-03
  -2.7521168e-01   3.1739255e-02   3.3413386e-02   3.6315144e-03  -4.1397748e-04   7.0723898e-03
  -2.8168325e-01   4.2570359e-02   1.1846193e-02   3.1631412e-03  -1.5631101e-04   7.2873776e-03
  -2.8377164e-01   5.1678288e-02  -5.4362276e-02   2.4487504e-03   2.7461017e-04   7.2756437e-03
  -2.9293637e-01   5.8794803e-02  -2.7959889e-02   3.9288400e-03  -3.8539525e-04   7.5017069e-03
  -2.8961656e-01   4.1574224e-02  -3.5716719e-03   4.1578444e-03   2.2390971e-04   7.7891246e-03
  -3.0010752e-01   6.3334384e-02  -5.1108819e-02   2.6685978e-03   3.5861271e-04   8.5189007e-03
  -3.0620830e-01   7.0057911e-02   6.3325386e-03   3.9136445e-03   5.3601988e-04   8.9371375e-03
  -3.0271854e-01   5.1588176e-02  -2.6294120e-02   3.4914822e-03   9.5787175e-05   9.0984297e-03
  -2.9690503e-01   4.8027244e-02  -1.9462547e-02   3.3478289e-03   5.7299913e-04   9.2648209e-03
  -3.0431832e-01   5.9106600e-02  -2.8431208e-02   3.5600669e-03   6.2916805e-04   9.7936818e-03
  -3.0670930e-01   6.1089234e-02  -5.8262079e-02   3.3191829e-03   8.2257078e-04   9.8999961e-03
  -2.9866211e-01   4.9836053e-02  -1.3364542e-02   4.2777466e-03   7.7581506e-04   1.0173938e-02
  -3.0673687e-01   4.5297280e-02   2.5393404e-02   4.9607817e-03   9.3698136e-04   1.0434784e-02
  -3.2265907e-01   4.2095637e-02  -7.0224143e-02   2.9602236e-03   6.9565242e-04   1.0962554e-02
  -3.1778816e-01   2.5363451e-02  -2.3382885e-02   4.3397994e-03   9.7328813e-04   1.1223151e-02
  -3.2853561e-01   2.5235571e-02   1.0347004e-02   5.2686151e-03   1.0689094e-03   1.1676616e-02
  -3.3780396e-01   2.0856027e-02  -9.3469394e-02   2.8600353e-03   1.6102524e-03   1.2159236e-02
  -3.3499874e-01   3.5747008e-02  -8.3577143e-02   3.7881293e-03   1.2175225e-03   1.2390155e-02
  -3.3992283e-01   1.9359698e-02  -1.4828716e-01   2.6614689e-03   1.7952631e-03   1.2745560e-02
  -3.5474152e-01   4.9945993e-02  -6.8504984e-02   4.4700191e-03   1.5993182e-03   1.3437212e-02
  -3.5740784e-01   2.7721635e-02  -6.6824435e-02   5.3412950e-03   1.5598487e-03   1.3013553e-02
  -3.5253345e-01   8.6973223e-04  -1.6759175e-01   3.3191280e-03   1.1992239e-03   1.3284149e-02
  -3.6806627e-01  -2.2756984e-03  -8.9897619e-02   5.1156517e-03   1.1613809e-03   1.3304601e-02
  -3.8910857e-01  -9.4283409e-03  -1.7936822e-01   3.7239097e-03   1.3682531e-03   1.3231374e-02
  -4.0307178e-01  -1.5758749e-04  -1.9416380e-01   3.5677728e-03   5.2098711e-04   1.2518926e-02
  -3.9517014e-01  -4.0228786e-02  -1.2245990e-01   4.7092756e-03   9.4128758e-04   1.2067701e-02
