   0.0000000e+00   0.0000000e+00   0.0000000e+00   0.0000000e+00   0.0000000e+00   0.0000000e+00
   2.2684318e-02   5.8933019e-02  -1.9982475e-01  -3.4029389e-03   2.0898615e-03   7.7776554e-04
  -4.7197303e-02   5.5021115e-02  -2.1884467e-01  -2.6082909e-03   5.6517139e-03   2.5484669e-03
   9.3360184e-02   2.6910911e-02  -1.5427509e-01  -2.0826432e-03   7.4234275e-03   1.7715330e-03
   1.1738176e-01  -7.8825335e-02  -1.2626258e-01  -5.3701597e-03   8.0649047e-03   2.9273254e-04
   1.2850257e-01  -2.4819350e-02  -7.9405954e-02  -3.1311897e-03   7.7432113e-03  -9.0954741e-04
   1.5474702e-01  -5.0523110e-02  -7.9055503e-02  -3.2582675e-03   8.3067405e-03  -7.1103656e-04
   2.0952982e-01  -2.7172428e-02   1.8572711e-02  -5.7507667e-04   9.5063463e-03  -2.1911335e-03
   2.2839965e-01  -3.9795036e-02   4.2326612e-02  -1.7881259e-04   9.9703010e-03  -2.7338357e-03
   2.4090010e-01  -8.9058638e-03   7.9929364e-02  -3.5516911e-04   1.0222482e-02  -2.7828545e-03
   2.2012926e-01  -4.1612161e-02   5.3656449e-02  -8.1520543e-04   9.7551152e-03  -2.8481630e-03
   2.5477251e-01  -2.0241233e-03   2.1809965e-01   7.7841211e-04   9.2730219e-03  -3.9665897e-03
   2.5588232e-01  -1.7817433e-02   3.8975380e-01   1.9116766e-03   9.5583317e-03  -4.0924731e-03
   2.8802054e-01  -4.7917536e-03   3.8942812e-01   2.6628987e-03   7.9387557e-03  -5.1249465e-03
   2.6503778e-01  -5.9002067e-02   4.6009814e-01   2.2288304e-03   8.3795667e-03  -4.7313407e-03
   3.1744970e-01   3.7425564e-02   4.1256182e-01   3.8158783e-03   7.4699272e-03  -6.2847779e-03
   2.5834394e-01  -7.5185904e-02   5.0929463e-01   2.9683868e-03   8.3968369e-03  -4.7818853e-03
   4.0680562e-01   1.6104186e-01   3.3350658e-01   5.2750873e-03   7.1929043e-03  -8.0685597e-03
   5.9697703e-01   6.2729768e-01  -9.5391128e-02   6.1251985e-03   5.2535555e-03  -1.5959372e-02
   1.8395996e-01   1.9144342e-01  -3.9757747e-01   9.5386930e-04   9.1443510e-03  -8.9355652e-03
   2.9884879e-01   1.6154573e-01  -5.9339693e-01   5.2280398e-03   8.5322433e-03  -1.1677064e-02
   2.5403991e-01   1.2119246e-01  -5.0064533e-01   4.7546782e-03   9.1978454e-03  -1.1575649e-02
   3.0232376e-01   1.8528535e-01  -5.4397705e-01   5.8071952e-03   9.0576981e-03  -1.2940992e-02
   2.7900976e-01   1.3353255e-01  -5.4218243e-01   3.6816494e-03   9.3070396e-03  -1.3708885e-02
   2.9845852e-01   1.1816425e-01  -6.4073806e-01   4.8207811e-03   8.8466884e-03  -1.4616973e-02
   2.8666514e-01   1.0327068e-01  -5.5426578e-01   4.1602132e-03   8.9230324e-03  -1.4458925e-02
   3.2159590e-01   1.1670572e-01  -6.7628391e-01   4.1964676e-03   8.8168052e-03  -1.5390107e-02
   3.0326004e-01   7.2651382e-02  -5.6660438e-01   3.8102736e-03   8.7413635e-03  -1.4783049e-02
   3.3746010e-01   9.7647269e-02  -7.0307495e-01   4.4267224e-03   8.0821386e-03  -1.4481355e-02
   3.0637502e-01   7.2049563e-02  -3.7364777e-01   1.8458727e-03   8.7230522e-03  -1.4145204e-02
   2.6489876e-01   1.3038978e-01  -2.1388287e-01  -1.5505017e-04   7.9576846e-03  -1.2913843e-02
   2.6109982e-01   1.8960521e-02  -3.9425967e-01   1.5605155e-03   7.8186172e-03  -1.2333015e-02
   2.8292776e-01   1.0269082e-01  -4.0147738e-01   2.4947880e-03   8.3349442e-03  -1.2948724e-02
   2.7375060e-01   7.7726927e-02  -4.9458743e-01   3.6681160e-03   7.9302894e-03  -1.2919178e-02
   2.9436883e-01   1.2955467e-01  -5.1592255e-01   3.5456605e-03   8.6503741e-03  -1.3852013e-02
   2.9568743e-01   6.7291853e-02  -4.5133440e-01   3.6667781e-03   8.4823433e-03  -1.3766944e-02
   3.1995312e-01   8.9990071e-02  -4.7949869e-01   3.0574024e-03   8.8614533e-03  -1.4096016e-02
   2.9997325e-01   2.9952240e-02  -4.4112868e-01   3.3761322e-03   8.4785690e-03  -1.3849970e-02
   3.0611150e-01   4.3601561e-02  -4.1136715e-01   4.5393869e-03   8.5727497e-03  -1.3448615e-02
   3.4628101e-01   4.1067867e-02  -4.4287741e-01   4.1013407e-03   8.5407677e-03  -1.3988425e-02
   3.8533725e-01   4.2469959e-02  -4.5982154e-01   4.0882672e-03   8.4179997e-03  -1.4413966e-02
   3.9992204e-01   3.7326870e-02  -4.0975066e-01   5.2586009e-03   8.4798138e-03  -1.5182823e-02
   4.5350333e-01   7.3205803e-02  -4.4008961e-01   5.5427020e-03   7.8477075e-03  -1.5266598e-02
   4.7632063e-01   4.0776022e-02  -4.1077592e-01   6.2245319e-03   8.0108519e-03  -1.5207511e-02
   4.9566904e-01   1.0703689e-01  -4.8106682e-01   7.4261999e-03   6.8118122e-03  -1.4975921e-02
   5.2476801e-01   7.7984713e-02  -4.1848240e-01   7.6864942e-03   5.8738510e-03  -1.4901860e-02
   4.7817258e-01   6.7263293e-02  -3.6043056e-01   7.5685410e-03   5.9288185e-03  -1.5099982e-02
   5.0236260e-01   1.0049752e-01  -3.2824269e-01   8.2787188e-03   6.0286919e-03  -1.5297928e-02
   4.7680483e-01   5.7414457e-02  -3.5245273e-01   8.2554348e-03   6.5834027e-03  -1.5148373e-02
   4.9247525e-01   8.6583407e-02  -2.8078753e-01   8.9271459e-03   6.8347900e-03  -1.5091528e-02
   5.1261699e-01   8.8587591e-02  -3.4629819e-01   8.7130067e-03   6.5672768e-03  -1.5186811e-02
   5.1071056e-01   3.4135820e-02  -1.7764404e-01   9.1993473e-03   5.4692689e-03  -1.4359279e-02
   4.8110069e-01   7.3052312e-02  -4.1715049e-01   7.3356594e-03   7.0429466e-03  -1.4827906e-02
   4.7064191e-01   4.3562761e-02   2.3167031e-01   9.3066387e-03   4.1182798e-03  -1.3160504e-02
   4.9790726e-01   2.5151132e-01   1.1869777e+00   2.5743697e-02  -1.5419030e-03  -1.2078462e-02
   5.3922758e-01   1.5662457e-01   9.2947591e-01   2.5849454e-02  -9.9378080e-04  -1.3674100e-02
   5.3166363e-01   2.0381101e-01   1.1199632e+00   2.5967381e-02  -4.7446273e-04  -1.3875184e-02
   5.5694747e-01   1.8616348e-01   9.2864391e-01   2.5741604e-02   1.0322353e-03  -1.4534030e-02
   5.5559359e-01   1.7306663e-01   1.0609014e+00   2.3814394e-02   1.4782357e-03  -1.4617363e-02
   6.0851567e-01   1.5521892e-01   1.0406309e+00   2.5755044e-02   1.2287715e-03  -1.5234028e-02
   5.8278878e-01   8.1173753e-02   1.3523959e+00   2.9317392e-02  -5.4434434e-04  -1.5041722e-02
   5.9730405e-01   1.3868547e-01   9.7738248e-01   2.7794195e-02   1.0476597e-03  -1.5375128e-02
   6.0513900e-01   1.1513195e-01   1.1989738e+00   2.8339613e-02   9.4429610e-04  -1.5386206e-02
   5.5777710e-01   1.8468069e-01   9.5934140e-01   3.2257773e-02   9.5473675e-04  -1.5024922e-02
   4.8721752e-01   2.4507424e-01   1.7252554e+00   3.3191698e-02  -5.8751742e-04  -1.4496664e-02
   5.1679696e-01   1.1899607e-01   1.2146072e+00   3.8166127e-02  -5.0523026e-04  -1.4479270e-02
   5.3832970e-01   1.3938702e-01   6.0828014e-01   3.9917637e-02  -1.2630069e-04  -1.4756080e-02
   5.5784530e-01   2.1127628e-01   9.4528681e-01   4.0765822e-02   3.4101016e-04  -1.4627309e-02
   5.9559734e-01   1.9088320e-01   8.6895504e-01   4.1935901e-02   5.0690077e-04  -1.4559413e-02
   6.0977398e-01   1.9134459e-01   1.0194031e+00   4.2764745e-02   3.9872034e-04  -1.4678733e-02
   6.3055270e-01   1.7924909e-01   8.6916357e-01   4.1937776e-02   7.9601081e-04  -1.4454877e-02
   6.4237569e-01   1.5465718e-01   1.0330736e+00   4.2117669e-02   1.2759169e-03  -1.4830373e-02
   6.3819901e-01   1.9469962e-01   8.9757735e-01   4.1830589e-02   9.8695474e-04  -1.4509313e-02
   6.5099873e-01   1.7549509e-01   8.9157281e-01   4.0852324e-02   9.4323357e-04  -1.4438801e-02
   6.3755800e-01   2.1102855e-01   8.8749124e-01   4.2669916e-02   6.3837117e-04  -1.4492459e-02
   6.3388043e-01   1.8630183e-01   8.2824481e-01   4.1016043e-02   1.0366966e-03  -1.4454683e-02
   6.3272738e-01   1.7435624e-01   8.9078074e-01   4.1833755e-02   1.0081218e-03  -1.4413227e-02
   6.4054297e-01   1.9102376e-01   1.0303585e+00   4.2789302e-02   4.5666703e-04  -1.4338682e-02
   6.3822178e-01   1.7301532e-01   9.8043319e-01   4.3307300e-02   5.5534817e-04  -1.4820920e-02
   6.3632474e-01   1.5757031e-01   1.0708027e+00   4.3919028e-02   5.7040069e-04  -1.4833625e-02
   6.4685941e-01   1.8235154e-01   1.0092303e+00   4.4013981e-02   1.0022184e-03  -1.5056571e-02
   6.7066568e-01   1.5150658e-01   1.0596663e+00   4.3984534e-02   8.0438040e-04  -1.4933438e-02
   6.7274742e-01   1.7756505e-01   1.0596352e+00   4.4306881e-02   8.6471491e-04  -1.4808237e-02
   6.8324135e-01   1.7813906e-01   1.0666178e+00   4.4466179e-02   8.7215252e-04  -1.4693823e-02
   7.0845391e-01   2.0428209e-01   1.1750404e+00   4.7287717e-02   1.7804822e-04  -1.4842852e-02
   6.8758146e-01   1.6222221e-01   1.1892236e+00   4.8178023e-02   2.3494189e-04  -1.4508453e-02
   6.4614633e-01   1.6274762e-01   1.0711380e+00   4.6653815e-02   2.7334990e-04  -1.4519483e-02
   6.4137915e-01   1.8923950e-01   1.2051638e+00   4.8486426e-02   6.3863767e-04  -1.4743166e-02
   6.3775822e-01   2.2568915e-01   1.0174721e+00   4.8095525e-02   6.7749507e-04  -1.4766966e-02
   6.4946543e-01   1.6299865e-01   1.1333348e+00   4.9229478e-02   5.9383503e-04  -1.4701709e-02
   6.5039043e-01   1.9994529e-01   1.0450734e+00   4.7787204e-02   5.9448010e-04  -1.4597120e-02
   6.5245210e-01   1.7120686e-01   1.0111656e+00   4.3685566e-02   3.0836200e-04  -1.3456967e-02
   6.8214867e-01   2.2482690e-01   9.9863950e-01   4.2740924e-02  -1.0818134e-03  -1.3856492e-02
   6.1501292e-01   1.9009905e-01   9.0327169e-01   4.5358488e-02  -1.1019543e-03  -1.4238224e-02
   5.9084829e-01   2.0749884e-01   8.0188530e-01   4.6726040e-02  -2.0522296e-04  -1.4663511e-02
   5.9178636e-01   2.6618125e-01   9.4790090e-01   4.8363409e-02  -1.7909713e-04  -1.4782450e-02
   5.8589310e-01   2.7063829e-01   7.9100541e-01   4.7871788e-02   3.5036496e-04  -1.4431671e-02
   5.9930465e-01   2.8141015e-01   7.0015293e-01   4.8431250e-02   7.6677376e-04  -1.3869453e-02
   5.9815393e-01   2.4461647e-01   6.2776388e-01   4.9621104e-02   1.0704960e-03  -1.4236619e-02
   5.6647571e-01  -4.6952950e-02   1.5068374e+00   4.9272371e-02  -1.1106190e-03  -1.6415426e-02
   4.8315621e-01   2.3278825e-01   1.9081371e+00   4.4218038e-02  -2.0440192e-03  -1.4830051e-02
   4.0948326e-01   4.3688298e-01   1.4289152e+00   3.7059425e-02  -1.1389838e-03  -1.3667106e-02
   4.4031935e-01   1.9265829e-01   1.4118870e+00   4.1085290e-02  -1.7021471e-03  -1.5691545e-02
   4.5372868e-01   2.3027689e-01   1.3120527e+00   4.2352430e-02  -1.8394493e-03  -1.4923670e-02
   4.9110370e-01   2.1006551e-01   1.4523316e+00   4.3361111e-02  -4.5563168e-04  -1.5978481e-02
   4.7887576e-01   1.7078788e-01   1.4158878e+00   4.3032939e-02  -9.7541132e-04  -1.5594536e-02
   4.9643057e-01   1.6374439e-01   1.5169233e+00   4.4493398e-02  -1.4616985e-03  -1.5722274e-02
   5.6822784e-01   1.7256797e-01   1.5165231e+00   4.6995519e-02   3.8050196e-04  -1.6383901e-02
   5.5399774e-01   1.1597822e-01   1.6498501e+00   4.8105712e-02   9.3317514e-04  -1.6934249e-02
   5.8021817e-01   1.8362655e-01   1.5672895e+00   4.9633915e-02   1.2712421e-03  -1.6767626e-02
   6.0881860e-01   1.8979497e-01   1.5958287e+00   4.9305497e-02   1.5634879e-03  -1.6891292e-02
   6.2040863e-01   1.8767534e-01   1.6424674e+00   4.9927204e-02   2.2279855e-03  -1.7381458e-02
   5.8434071e-01   2.0487180e-01   1.5135277e+00   4.4973693e-02   1.4660263e-03  -1.7995740e-02
   5.5606173e-01   2.5494769e-01   1.1988017e+00   4.0431252e-02   1.0296361e-03  -1.9349536e-02
   5.6202343e-01   1.9794441e-01   1.6269061e+00   4.3435800e-02   8.0759185e-04  -1.8547263e-02
   5.7707567e-01   2.6500434e-01   1.0243345e+00   5.1011154e-02  -7.6648071e-04  -1.9592740e-02
   4.2395822e-01   3.7740590e-01   1.2835964e+00   5.0889067e-02   9.1376994e-04  -1.9601617e-02
   4.0490125e-01   3.2603446e-01   1.4456511e+00   4.9174032e-02   2.2033776e-03  -1.8859718e-02
   4.2536521e-01   2.7501377e-01   1.3721670e+00   5.1168785e-02   2.3537714e-03  -1.8824144e-02
   4.2309253e-01   2.6970240e-01   1.4655858e+00   5.0932836e-02   3.0449799e-03  -1.8756923e-02
   4.3596094e-01   2.5814972e-01   1.4012917e+00   5.1370870e-02   3.2534944e-03  -1.8549085e-02
   4.5222775e-01   1.9928258e-01   1.4745426e+00   5.0666856e-02   3.7556907e-03  -1.8731727e-02
   4.7310397e-01   2.1997393e-01   1.4652156e+00   5.1375274e-02   3.7561514e-03  -1.9112029e-02
   4.2539413e-01   2.0977489e-01   1.5363470e+00   5.0729695e-02   3.7846786e-03  -1.8699231e-02
   4.7638542e-01   2.2207266e-01   1.5241777e+00   5.1664483e-02   4.3497322e-03  -1.8996298e-02
   4.8578142e-01   2.2546660e-01   1.4451323e+00   4.9786070e-02   4.8320910e-03  -1.9001047e-02
   4.8128384e-01   1.9725329e-01   1.5077482e+00   4.9805378e-02   2.6779134e-03  -1.8817512e-02
   4.7483824e-01   1.7103677e-01   2.1243112e+00   4.5463387e-02   7.9976220e-04  -1.8388608e-02
   5.1517387e-01   8.1760962e-02   2.2480168e+00   4.6497885e-02   1.1270705e-03  -1.8142452e-02
