   0.0000000e+00   0.0000000e+00  -7.1054274e-15  -1.3877788e-17  -8.6736174e-19  -1.2037062e-35
   9.5474042e-02  -9.3843431e-03   1.0600676e+00  -7.3903003e-04   3.5363478e-04   9.5679562e-04
   1.1361339e-01  -4.9263474e-01   1.4484311e+00  -1.0681189e-03   1.3550218e-03   2.7814428e-05
   1.8403143e-01  -4.4259457e-01   5.3320746e-01   4.1971807e-03   2.1750657e-03   2.2068092e-03
   2.0900080e-01  -8.7549980e-02   4.1411533e-01   9.9612145e-04   7.2593257e-04   2.1660193e-03
   1.3014534e-01  -4.6094880e-02   4.1700350e-01   1.1708331e-03   9.4090601e-04   2.2927980e-03
   1.9600531e-01  -5.1092970e-02   5.4547715e-01   1.8366805e-03   1.2731189e-03   2.7601559e-03
   2.0954198e-01  -1.8958923e-02   5.0992951e-01   7.8127208e-04   5.9943240e-04   2.6205972e-03
   2.7082388e-01   5.1683004e-02   7.1566732e-01   1.6222231e-03   3.2072700e-04   2.5009686e-03
   2.7851987e-01   1.9054333e-02   6.7565191e-01   4.3410803e-03  -1.6480536e-03   4.7658496e-04
   3.6235278e-01   2.7970508e-02   6.2251179e-01   4.9529723e-03  -2.4313998e-03  -1.3300896e-05
   4.3156540e-01   9.6344953e-02   6.3906003e-01   5.0023920e-03  -3.6485531e-03  -2.2304188e-03
   4.6290893e-01   5.1225867e-02   5.6431279e-01   5.3612909e-03  -5.5811203e-03  -2.3855025e-03
   4.3736650e-01   8.4057019e-02   6.1610634e-01   5.8683066e-03  -6.9769301e-03  -2.1203728e-03
   4.2360239e-01   7.3626712e-03   6.6107974e-01   6.4324378e-03  -7.0894462e-03  -2.6994448e-03
   4.0677718e-01   3.3743125e-02   7.5188396e-01   7.1217261e-03  -7.6926047e-03  -2.1525458e-03
   4.3074806e-01   6.0836303e-02   8.4913005e-01   7.3450187e-03  -7.8996139e-03  -1.9501732e-03
   4.0412137e-01   1.0222055e-03   6.7356613e-01   7.8350097e-03  -8.9887917e-03  -2.8462009e-03
   3.9246161e-01   7.2259295e-02   6.8456640e-01   7.6646058e-03  -9.8182475e-03  -2.5432717e-03
   3.2363648e-01   6.9282932e-02   7.7048010e-01   7.5717855e-03  -1.0985128e-02  -3.6654691e-03
   3.4526013e-01   4.7977742e-02   7.9303867e-01   7.7187841e-03  -1.1850184e-02  -4.6651390e-03
   3.2330975e-01   5.2072248e-02   7.2792957e-01   8.4735276e-03  -1.2837466e-02  -4.7440381e-03
   3.5662196e-01   4.0798036e-02   7.5939586e-01   6.9101879e-03  -1.2533056e-02  -4.8722571e-03
   3.1627960e-01   1.3641449e-02   7.6876270e-01   7.9946482e-03  -1.2951518e-02  -5.3989058e-03
   3.0107111e-01   1.9524896e-03   8.9776665e-01   7.4882173e-03  -1.2961579e-02  -5.8931889e-03
   3.2662982e-01  -1.0853567e-01   7.2186500e-01   9.8473073e-03  -1.2936652e-02  -5.1167709e-03
   3.6218434e-01  -9.5760322e-02   6.4060378e-01   9.2131489e-03  -1.1452540e-02  -3.1401957e-03
   3.8593749e-01  -1.2176716e-02   5.9698975e-01   8.1135201e-03  -1.1031457e-02  -3.2669049e-03
   3.0522625e-01  -1.3031324e-01   6.4683946e-01   8.6886356e-03  -1.1012581e-02  -3.7731833e-03
   2.9460398e-01  -1.5562816e-01   7.1447960e-01   8.0524124e-03  -1.0675117e-02  -3.5852298e-03
   3.2918357e-01  -1.2048358e-01   7.0338856e-01   8.7842998e-03  -9.7160423e-03  -2.7756912e-03
   3.6632751e-01  -2.1523202e-01   4.4985331e-01   9.2961881e-03  -8.0661191e-03  -2.9616463e-03
   4.2505840e-01  -1.5266942e-01   5.8422743e-01   9.7328384e-03  -7.9280819e-03  -2.8427648e-03
   4.1519429e-01  -1.7555086e-01   2.6788329e-01   9.3308906e-03  -7.5643462e-03  -2.4598276e-03
   4.8494782e-01  -1.0048453e-01   3.7473059e-01   8.7193148e-03  -7.3987095e-03  -2.2075664e-03
   4.9217449e-01  -1.4440894e-01   2.5636775e-01   6.4589636e-03  -6.6616178e-03  -2.5659703e-03
   5.7442553e-01  -2.2566185e-01   1.2249000e-02   4.6031580e-03  -6.1156818e-03  -2.8791303e-03
   5.6166445e-01  -2.1203556e-01   5.8394825e-04   4.6979607e-03  -6.3153798e-03  -3.9238370e-03
   5.3351443e-01  -2.1917228e-01   2.1392626e-01   6.3411833e-03  -6.8715062e-03  -3.5851441e-03
   5.4220143e-01  -3.5871594e-01   2.3066119e-01   6.7011121e-03  -6.4117005e-03  -3.9998415e-03
   5.5127763e-01  -3.6570705e-01   3.5557561e-02   6.3381571e-03  -6.2318280e-03  -4.6624389e-03
   5.9113830e-01  -3.0339649e-01   6.8295331e-02   5.9871172e-03  -5.7037352e-03  -4.6564777e-03
   6.1525839e-01  -2.9950275e-01  -9.0438603e-02   4.7362972e-03  -5.3523986e-03  -5.0319532e-03
   6.1628120e-01  -2.6339561e-01  -2.8901368e-02   4.6769578e-03  -4.6276883e-03  -4.6297962e-03
   5.7258451e-01  -2.3498685e-01  -8.1193421e-03   4.6154607e-03  -4.2614630e-03  -4.6209976e-03
   5.1340662e-01  -2.5597340e-01   2.4078529e-01   3.6921108e-03  -3.7535388e-03  -4.9900722e-03
   5.5423643e-01  -2.9287680e-01   2.2261997e-01   4.6129471e-03  -3.8884278e-03  -5.4738106e-03
   5.3064697e-01  -3.5350386e-01   2.6685509e-02   4.5455393e-03  -4.1900243e-03  -4.9553381e-03
   6.4916981e-01  -2.7967298e-01   6.1822654e-02   2.8236647e-03  -3.9967293e-03  -6.4607276e-03
   5.5562639e-01  -2.4074466e-01   2.0617776e-02   5.1136585e-03  -3.7831161e-03  -6.5987342e-03
   5.1262902e-01  -2.6257126e-01   6.8685878e-02   6.2529949e-03  -4.3024502e-03  -6.4698530e-03
   4.6782688e-01  -3.8933212e-01   2.1116841e-01   6.8085129e-03  -5.6396175e-03  -6.2136942e-03
   4.3250236e-01  -3.3578880e-01  -8.2641829e-03   5.0767755e-03  -5.0506847e-03  -6.0723557e-03
   3.9680696e-01  -5.8655106e-02   5.0322573e-02   5.0463444e-03  -4.6838128e-03  -6.4907819e-03
   3.6855026e-01  -2.1542215e-01   1.9895650e-01   4.8182821e-03  -4.1579883e-03  -4.5653164e-03
   4.0323577e-01  -1.8295049e-01   2.8480696e-01   2.0090381e-03  -3.8442869e-03  -6.3928779e-03
   3.7205614e-01  -2.8933593e-01   3.1547116e-01   2.3332961e-03  -4.0370203e-03  -6.9874396e-03
   3.5713522e-01  -3.0674487e-01   3.1619667e-01   1.8438903e-03  -4.9591721e-03  -8.1467579e-03
   3.4055294e-01  -4.4655199e-01   2.8513979e-01   1.1516241e-03  -5.1331514e-03  -8.1656829e-03
   3.0764708e-01  -4.6694457e-01   3.4665375e-01   8.2039220e-04  -5.8732895e-03  -8.9474980e-03
   3.3218993e-01  -5.2800377e-01   2.8772086e-01  -5.1201067e-04  -6.9474591e-03  -9.6822624e-03
   3.6228437e-01  -6.1685275e-01   2.4479871e-01  -1.8205312e-03  -8.4350604e-03  -9.7827968e-03
   3.4120745e-01  -7.4014137e-01   1.6358931e-01  -3.8490382e-03  -9.0657775e-03  -9.8140584e-03
   3.5323790e-01  -8.4118355e-01   2.6950155e-01  -3.8541775e-03  -9.9653696e-03  -9.9859516e-03
   3.7334254e-01  -8.6077038e-01   3.2215243e-01  -2.2558977e-03  -9.7293392e-03  -7.9003302e-03
   3.2632437e-01  -9.6929957e-01   2.3151641e-01  -5.4573166e-03  -1.0883626e-02  -8.6706766e-03
   3.3170060e-01  -1.0510969e+00   3.0515842e-01  -7.7228163e-03  -1.3208149e-02  -1.0281391e-02
   2.9398758e-01  -1.0729203e+00   3.9323015e-01  -4.2869827e-03  -1.3335487e-02  -1.0626731e-02
   2.9911671e-01  -1.1029349e+00   4.4020512e-01  -2.0738812e-03  -1.3435390e-02  -1.1011912e-02
   3.3968817e-01  -1.0818572e+00   4.3525673e-01  -4.9347142e-03  -1.3290219e-02  -1.0933452e-02
   4.0443305e-01  -1.1065869e+00   4.3269654e-01  -4.3466020e-03  -1.3549088e-02  -1.0723413e-02
   4.3557727e-01  -1.0807203e+00   4.3383182e-01  -6.1773259e-03  -1.4299131e-02  -1.1134049e-02
   4.7192198e-01  -1.0776695e+00   4.6530759e-01  -5.0105812e-03  -1.4253851e-02  -1.1060293e-02
   4.4863522e-01  -1.1416825e+00   5.5319419e-01  -5.8564807e-03  -1.4888253e-02  -1.3248559e-02
   4.0218753e-01  -1.3216364e+00   4.1864473e-01  -3.2813758e-03  -1.5906352e-02  -1.0904967e-02
   4.5470070e-01  -1.2157976e+00   4.0710607e-01  -3.1055741e-03  -1.3901968e-02  -1.0228961e-02
   3.6154802e-01  -1.1445925e+00   4.9124878e-01  -2.3705319e-03  -1.2654722e-02  -9.7959965e-03
   3.0718197e-01  -1.0593542e+00  -3.8980882e-02  -1.8241272e-03  -1.0617155e-02  -1.1115553e-02
   4.1987578e-01  -6.7875632e-01   1.5014947e-02   1.2024549e-03  -1.0369178e-02  -9.7220262e-03
   3.9211952e-01  -6.6542244e-01   3.6205217e-01   7.1010276e-04  -9.1730924e-03  -7.7266832e-03
   3.5918399e-01  -9.2412805e-01   4.6399046e-01  -2.7907271e-04  -9.9082150e-03  -8.9354704e-03
   3.7409273e-01  -1.1387033e+00   5.3401269e-01   1.5313094e-03  -1.0278642e-02  -1.0376042e-02
   3.8882198e-01  -1.3452880e+00   7.0016978e-01   1.8312518e-03  -1.2487605e-02  -1.1595793e-02
   4.5956297e-01  -1.5473414e+00   5.7075881e-01  -3.1037516e-04  -1.4015800e-02  -1.1364875e-02
   4.8040962e-01  -1.6128752e+00   5.7205205e-01   8.8367561e-04  -1.4886181e-02  -1.1091574e-02
   4.7917731e-01  -1.7860599e+00   6.5694840e-01  -2.6754402e-03  -1.5079059e-02  -1.1728904e-02
   4.7239331e-01  -1.8259524e+00   7.4607389e-01  -1.1063505e-03  -1.6815874e-02  -1.2046116e-02
   4.9140010e-01  -1.8331957e+00   8.8741430e-01  -9.4739006e-05  -1.6063681e-02  -1.0864552e-02
   4.4355532e-01  -1.9779173e+00   9.0842655e-01  -3.5655520e-03  -1.8411972e-02  -1.0679390e-02
   4.3385852e-01  -1.9691508e+00   9.6325922e-01  -4.9702678e-03  -2.0426025e-02  -1.2974572e-02
   4.2926369e-01  -2.0393837e+00   9.4434288e-01  -2.3782625e-03  -1.9422303e-02  -1.2249942e-02
   4.3064112e-01  -2.1734025e+00   7.7533763e-01  -3.1752867e-03  -1.9469279e-02  -1.2501579e-02
   3.4302099e-01  -2.0893455e+00   8.5860343e-01  -4.1131611e-03  -2.1095587e-02  -1.3439446e-02
   3.1939363e-01  -2.0951601e+00   7.4306982e-01  -5.1477968e-03  -2.1796793e-02  -1.4169097e-02
   2.8525551e-01  -2.1095508e+00   8.4122046e-01  -4.4520334e-03  -2.2077736e-02  -1.3371818e-02
   4.2058000e-01  -1.8476894e+00   9.3970265e-01  -4.6533739e-03  -2.2059882e-02  -1.2236696e-02
   4.5904689e-01  -1.8037113e+00   1.0458690e+00  -3.4740539e-03  -2.1448800e-02  -1.2076535e-02
   4.0933210e-01  -1.7348847e+00   1.2341852e+00  -1.4360683e-03  -2.0371423e-02  -1.1959323e-02
   4.2168114e-01  -1.6838912e+00   1.0000202e+00  -1.3730900e-03  -2.1237098e-02  -1.0991592e-02
   3.1455979e-01  -1.6546784e+00   9.3530312e-01  -6.1070207e-04  -2.0793816e-02  -1.1028029e-02
   2.8350461e-01  -1.6030170e+00   1.0869914e+00  -1.2344644e-03  -1.9239637e-02  -1.3471735e-02
   3.1508818e-01  -1.4002771e+00   1.0454189e+00  -3.0151641e-03  -1.6735646e-02  -1.1990889e-02
   3.2489230e-01  -1.4607032e+00   1.1249731e+00  -2.6343390e-03  -1.6542780e-02  -1.1688709e-02
   4.1443824e-01  -1.2542239e+00   1.1589550e+00  -1.1286909e-04  -1.5840202e-02  -1.0258057e-02
   3.9003665e-01  -1.4160978e+00   1.1914324e+00  -1.9386230e-03  -1.6759036e-02  -1.1311331e-02
   3.7805715e-01  -1.4824165e+00   1.1953978e+00  -2.0660034e-03  -1.6643044e-02  -1.1982141e-02
   4.4083257e-01  -1.4769040e+00   1.2711773e+00   7.4522237e-05  -1.6383902e-02  -1.3517997e-02
   4.4125744e-01  -1.4304928e+00   1.2984144e+00   6.5522759e-04  -1.7745684e-02  -1.3582763e-02
   4.2654187e-01  -1.4538373e+00   1.2751431e+00  -1.8742657e-03  -1.7909534e-02  -1.4924352e-02
   3.8478350e-01  -1.4410048e+00   1.2397577e+00  -1.6438427e-03  -1.8905840e-02  -1.5290707e-02
   3.5829373e-01  -1.3945217e+00   1.1957530e+00  -2.2662418e-03  -1.8868953e-02  -1.6641966e-02
   3.9873236e-01  -1.4538510e+00   1.0406412e+00  -3.0133734e-03  -1.9423021e-02  -1.6588829e-02
   2.9805976e-01  -1.5189215e+00   1.1714446e+00  -3.0164680e-03  -1.9858899e-02  -1.8360198e-02
   2.4631856e-01  -1.4973169e+00   1.1403854e+00  -6.2341990e-04  -2.0790365e-02  -1.7617715e-02
   2.7361379e-01  -1.5095034e+00   1.1639976e+00  -9.7217808e-04  -2.0525093e-02  -1.8841935e-02
   3.5478617e-01  -1.5137234e+00   1.2336859e+00  -3.7128544e-03  -1.9948925e-02  -1.9314811e-02
   3.0914402e-01  -1.5135067e+00   1.1745087e+00  -2.7221164e-03  -2.0821614e-02  -1.9700089e-02
   2.7300250e-01  -1.4729170e+00   1.1060060e+00  -2.1566940e-03  -2.1469492e-02  -2.0325435e-02
   1.1530748e-01  -1.5165406e+00   1.1029788e+00   5.7414082e-04  -2.1703894e-02  -1.8964367e-02
   7.7249695e-02  -1.5646572e+00   1.1025543e+00   9.4205298e-04  -2.2872864e-02  -2.0602769e-02
   1.8703330e-01  -1.5300472e+00   1.1699978e+00  -1.2593952e-03  -2.2804233e-02  -2.0308115e-02
   3.0490182e-01  -1.5918432e+00   1.0775037e+00   2.7405695e-04  -2.2118276e-02  -1.9285973e-02
   2.9610857e-01  -1.5265751e+00   1.2212223e+00  -1.3017220e-03  -2.2904506e-02  -1.8568832e-02
   1.3110902e-01  -1.6601225e+00   9.5898042e-01   2.3521967e-03  -2.3417476e-02  -1.7939155e-02
   1.9414279e-01  -1.2802602e+00   1.2802361e+00   1.2530550e-03  -2.0379159e-02  -1.6012286e-02
   2.4932312e-01  -1.1899316e+00   1.2582871e+00   9.5243170e-04  -1.8568092e-02  -1.5042433e-02
   2.1169487e-01  -1.0618322e+00   8.8133397e-01   4.0181810e-03  -1.8023258e-02  -1.6263005e-02
   2.0762270e-01  -8.8130132e-01   1.0760918e+00   6.5165667e-04  -1.7523367e-02  -1.5913762e-02
