   0.0000000e+00   0.0000000e+00   1.4210855e-14   0.0000000e+00   0.0000000e+00   0.0000000e+00
   1.1187638e-02  -5.8007380e-03   9.1085629e-02   1.2213963e-03   3.6161143e-04  -2.1159391e-05
   9.3366854e-03   2.6317434e-02   5.7494970e-02   1.0399387e-03   1.1586196e-04  -6.0485036e-05
  -1.4173328e-02   4.7536199e-02   1.4969914e-02   7.1665388e-04  -3.6959247e-04   2.3404884e-04
   8.9190925e-03   1.9235883e-02   8.0086751e-02   6.5042885e-04   1.2177948e-05   8.9114114e-05
   1.6134748e-02   4.4798929e-02  -1.2588182e-02  -3.5878872e-04   8.0316898e-05  -9.8139777e-05
   1.2543142e-02   4.1845815e-02   2.7368028e-02   5.3501369e-04   6.0105600e-05   1.1402081e-05
   1.2528258e-02   4.6091552e-02   5.8223364e-02   8.8637752e-04  -3.2167297e-04   1.4948619e-04
   4.4598189e-02   4.8315031e-02   5.7128108e-02   6.9593005e-04   1.1861624e-04  -2.9392732e-04
   4.7899339e-02   6.7125413e-02  -3.7570024e-03   5.1888149e-04  -7.7267904e-05  -4.3280202e-04
   3.0867004e-02   5.5767288e-02   6.0143466e-03   8.6301716e-04  -1.9854390e-04  -2.9082078e-04
   4.1999517e-02   7.6551868e-02   7.1722199e-02   1.1502672e-03  -6.9301128e-05  -3.2870558e-04
   4.0985420e-02   6.9301734e-02   6.8508714e-02   1.2294827e-03  -1.1948114e-04  -4.9359762e-04
   4.1587165e-02   5.9227036e-02   5.8026258e-03   5.8073660e-04  -1.7802608e-04  -5.4388361e-04
   3.0991267e-02   5.1073985e-02  -1.3385118e-02   6.5795423e-04  -2.4851758e-04  -5.4464485e-04
   2.3021661e-02   5.0011840e-02   1.7124765e-02   8.7871426e-04  -2.5421248e-04  -5.1057697e-04
   1.3538858e-02   5.4566230e-02   5.1852485e-02   1.3289986e-03  -2.6532334e-04  -6.0979587e-04
   5.3006765e-03   5.3122581e-02  -6.2671539e-03   6.9523358e-04  -1.5441755e-04  -4.5187557e-04
   5.7083584e-03   5.5430952e-02   5.3286634e-02   1.0313797e-03  -4.2054446e-04  -5.4099552e-04
   2.2208399e-03   5.0668012e-02   9.2725543e-02   1.9517738e-03  -3.8449304e-04  -6.5235647e-04
   1.1142964e-02   3.8357834e-02   8.3874450e-02   1.2401198e-03  -1.6598009e-04  -8.9558150e-04
   1.9226440e-02   5.4262100e-02   1.8569742e-02   1.1213626e-03   1.1562985e-05  -8.9995654e-04
   7.0060238e-03   4.0350737e-02   5.8059906e-02   9.3315233e-04  -4.9409638e-04  -7.7845895e-04
  -2.2187014e-03   5.2279929e-02   3.8784535e-02   1.0315962e-03  -6.2989164e-04  -7.4616215e-04
  -1.0871182e-02   6.5037876e-02   6.6203019e-02   1.2437291e-03  -4.2913387e-04  -7.3934028e-04
  -1.4886765e-02   4.3813905e-02   7.8660433e-02   1.8734482e-03  -3.0931060e-04  -6.1224876e-04
  -1.0213388e-02   4.0331711e-02   3.4166684e-02   3.6946561e-04  -2.6537071e-04  -3.8293137e-04
  -7.3183618e-03   4.3630012e-02  -2.6496296e-01   6.0861445e-04  -5.0345781e-04  -1.3288000e-04
  -4.2920848e-03   6.6309263e-02  -8.3246091e-02   3.2685338e-04  -2.5539756e-04  -7.9754315e-05
   2.1317754e-02   4.4650114e-02   1.3450365e-01   3.2441284e-04   2.4045421e-04  -4.0335033e-04
   9.5936024e-03   5.5662324e-02  -2.3373707e-02   1.1967424e-04  -2.7107076e-04  -4.9082222e-05
   2.0651383e-02   7.7455471e-02   1.1525413e-01   1.6183044e-03   1.3053644e-04  -1.2400517e-04
   2.8684951e-02   6.1673477e-02   1.7369915e-02  -4.5637756e-05  -4.1140125e-05  -3.5767737e-04
   3.7770672e-02   8.5229104e-02   4.9193432e-02   3.1433847e-04  -9.1937407e-05  -4.2665117e-04
   2.7935119e-02   6.7699537e-02   2.4224238e-02   1.6789243e-04  -3.9691258e-04  -2.3707769e-04
   4.7436029e-02   5.8191856e-02   1.2365930e-01   9.4799931e-04  -1.3603669e-05  -3.6649324e-04
   1.8539883e-02   5.7100933e-02   3.4947491e-02   2.9629941e-04  -2.3482064e-04  -2.1959293e-04
   2.5542468e-02   6.6425850e-02   8.1030031e-02   1.0886942e-03  -2.5881518e-04  -4.0060398e-04
   4.6364561e-02   4.5164073e-02   9.4874589e-02   8.1139568e-04  -1.5428013e-04  -4.4537157e-04
   4.9258301e-02   4.6356126e-02   5.0413354e-02   2.5263927e-04  -4.8376481e-04  -5.3714623e-04
   3.9573728e-02   6.6946318e-02   2.5846961e-02   1.5255159e-04  -5.9278103e-04  -3.8443862e-04
   3.7295065e-02   7.3100590e-02   6.4735416e-02   1.0192620e-03  -2.9395934e-04  -3.6936949e-04
   5.2722496e-02   7.2792562e-02   1.1332755e-01   1.9736503e-03  -1.6818438e-04  -5.7132276e-04
   4.0424925e-02   8.2405752e-02   3.8126548e-02   6.4479074e-04  -4.7394179e-04  -4.8527334e-04
   3.4006718e-02   1.0018833e-01  -2.8896335e-03   8.6413621e-05  -4.0406518e-04  -5.2796292e-04
   1.4084385e-02   9.0357368e-02   5.3044487e-02   1.2097781e-03  -4.9795452e-04  -2.4598537e-04
   3.7308521e-02   7.1864702e-02   1.3170207e-01   1.7821565e-03  -2.9328761e-04  -3.6262557e-04
   5.0492110e-02   4.9627604e-02   4.9474611e-02   2.0170962e-04  -3.3357742e-04  -5.2257914e-04
   3.8387567e-02   5.6797819e-02  -2.2796934e-02   1.6809461e-04  -5.5827944e-04  -3.7982918e-04
   2.7244258e-02   7.6379809e-02   8.1435506e-02   7.3014443e-04  -6.4059455e-04  -4.1037833e-04
   3.4824066e-02   4.8600602e-02   3.6333658e-02   3.0102039e-04  -8.9882251e-04  -4.5128128e-04
   2.1394945e-02   6.8951541e-02   5.5452027e-02   8.0862502e-04  -8.7108721e-04  -3.6193069e-04
   2.2761990e-03   9.9972402e-02   7.7619267e-03   3.6665174e-04  -3.7197537e-04  -1.1533079e-04
  -2.2006051e-02   7.6677276e-02  -2.0159724e-02  -3.1872541e-05  -8.1557539e-04   1.7170988e-04
   1.9620068e-02   5.9076430e-02   5.2726856e-02  -1.3435089e-04  -5.4402131e-04  -2.0246763e-04
   3.7216791e-02   7.1591438e-02  -6.6169930e-03  -3.8402327e-04  -5.0934114e-04  -1.4582338e-04
   4.5703940e-02   9.5863736e-03   1.8860879e-03  -6.4465214e-04  -1.4336800e-04  -2.1381193e-04
   2.2608584e-02  -1.8012270e-02   4.8488834e-02   4.0785521e-04  -1.0637558e-04  -9.2891746e-04
  -1.2713034e-02   2.2037614e-02   1.3433441e-02  -4.0658538e-04  -6.0509250e-04  -4.2996454e-04
  -1.7260019e-02   6.0969728e-02   6.7575795e-02   8.1046418e-04  -2.7897842e-04  -5.7202132e-05
  -1.2835407e-02   9.1616803e-02   6.8673711e-02   1.0925667e-03  -6.6535182e-04  -8.8671984e-05
   6.1245433e-03   1.0597795e-01   6.4973896e-02   1.1421489e-03  -5.7040556e-04  -1.0736033e-04
   3.4734081e-02   9.3827059e-02   5.2448448e-02   6.9218761e-04  -6.1128677e-04  -1.8579231e-04
   2.3046778e-02   6.3631195e-02   5.8786726e-02   7.6834449e-04  -7.3231766e-04  -2.1811201e-04
   3.9912117e-02   6.2221066e-02   1.4059795e-01   1.4980317e-03  -6.8203348e-04  -4.9393248e-04
   1.8151157e-02   4.8450438e-02   1.0889096e-02  -1.7215121e-04  -1.0211444e-03  -1.7323322e-04
   2.0666250e-02   4.9216283e-02  -1.0152368e-02  -3.9372469e-04  -7.7427165e-04  -2.3041332e-04
   3.2725048e-03   5.4496850e-02  -7.6136271e-03  -4.3785826e-04  -8.8294524e-04   4.7988259e-05
   1.0627514e-02   3.8414992e-02   5.4469643e-02   6.1643816e-05  -8.4604292e-04  -1.2910144e-04
   1.2944280e-02   4.2512313e-02   6.3624005e-02   2.0289477e-04  -7.8841974e-04  -5.9431150e-05
   7.6769372e-03   3.2469623e-02   3.6426595e-02  -7.8459703e-04  -1.1319858e-03  -2.4011008e-04
   1.4198505e-02   4.0376362e-02  -1.8825309e-02  -1.3969477e-04  -1.0677719e-03  -3.7212313e-04
   1.6063946e-03   3.5633908e-02   1.3123216e-02  -1.0685063e-03  -9.9849111e-04  -2.6151379e-04
   7.0463436e-03   9.4638440e-02  -4.7894828e-02   3.1034237e-03  -1.2141272e-03  -1.3778434e-04
   8.1481621e-02   1.6129761e-01   1.7738768e-01   8.4953545e-03  -3.6815282e-04  -3.3082124e-04
   4.3990777e-02   1.0496150e-01   8.2244196e-02   3.4596323e-03  -8.4088734e-04  -2.4072299e-04
   2.5704273e-02   1.1330266e-01   7.4350212e-02   4.3395285e-03  -8.4184611e-04   4.4758324e-05
   5.9041759e-02   9.4876444e-02   1.1817876e-01   4.1436956e-03  -5.1674812e-04   1.1959967e-04
   7.2906364e-02   1.3002851e-01   1.2574498e-01   5.3324755e-03  -5.8083827e-04  -1.1816854e-04
   5.5385589e-02   9.0274406e-02   4.6228584e-02   3.5085901e-03  -5.9946341e-04  -3.2167416e-05
   6.3796081e-02   7.5537790e-02   1.1061951e-01   4.1753712e-03  -4.9548097e-04  -4.1982702e-04
   4.9804569e-02   8.2724904e-02   1.5040414e-01   4.3296076e-03  -7.5055549e-04  -2.5293284e-04
   3.5391882e-02   9.5254209e-02   6.6599742e-02   3.6745282e-03  -8.8452120e-04  -3.1848722e-04
   3.0211654e-02   9.9087986e-02   4.6486012e-02   3.4260658e-03  -6.4839149e-04  -4.0249930e-04
   5.8740113e-02   1.1720383e-01   1.4336584e-01   5.0945120e-03  -5.0760815e-04  -7.1324930e-04
   4.5322052e-02   1.1237917e-01   1.5011242e-01   4.5196318e-03  -6.2205976e-04  -5.7513178e-04
   3.5290385e-02   9.5736176e-02   3.9090636e-02   3.3164547e-03  -8.2397280e-04  -3.9410057e-04
   3.9068140e-02   1.0954569e-01   1.5690805e-02   3.2774008e-03  -8.4833786e-04  -4.5083801e-04
   4.9364373e-02   9.6438979e-02   5.3993657e-02   3.5187727e-03  -6.7207147e-04  -4.3210825e-04
   4.5952368e-02   1.1578703e-01   7.1751277e-02   3.7006427e-03  -5.5677250e-04  -2.1679395e-04
   6.2933170e-02   1.2469009e-01   7.2384199e-02   4.0425574e-03  -4.7822887e-04  -3.8344385e-04
   3.4881776e-02   9.2144848e-02   1.2535654e-02   3.1006388e-03  -8.3387890e-04  -3.4824029e-04
   3.5780944e-02   1.0827228e-01   8.5394073e-02   3.9926408e-03  -5.1960434e-04  -3.8456300e-04
   2.8138495e-02   1.1802594e-01   4.9180771e-02   3.3998616e-03  -8.7569111e-04  -4.8687543e-04
   2.1733577e-02   1.3498015e-01   2.4129996e-02   3.5403781e-03  -4.8176931e-04  -6.4500034e-04
   1.5980345e-02   1.1579923e-01   1.6312688e-02   3.6078582e-03  -4.5066379e-04  -3.9782579e-04
   3.3612061e-02   1.1730226e-01   1.1913433e-01   3.6640339e-03  -5.0215507e-04  -4.3693135e-04
   3.0079634e-02   1.2365231e-01   5.4156071e-02   3.6706333e-03  -8.2331323e-04  -3.5175179e-04
   2.2235170e-02   1.2629727e-01   1.1756438e-01   4.0106585e-03  -7.7850227e-04  -2.6366296e-04
   1.3946832e-02   1.0621636e-01   1.0877009e-01   3.0625049e-03  -7.0413949e-04  -3.5731755e-04
   2.9671075e-03   7.4160740e-02   9.3721636e-02   2.4255624e-03  -8.5898679e-04   6.1547841e-05
   2.2241340e-02   9.6842823e-02  -2.0580983e-01   2.4020474e-03  -7.1964930e-04  -1.1645009e-04
   2.9658430e-02   1.2328362e-01  -1.8890061e-01   1.9981586e-03  -6.9853466e-04  -1.2809347e-04
   1.2645125e-02   1.0760524e-01   6.8313003e-02   1.5960085e-03  -6.0773048e-04  -1.1126657e-04
   2.2587518e-02   1.0412528e-01   9.3380774e-02   3.0616141e-03  -4.3996932e-04  -3.7322032e-04
   1.4579682e-02   1.0204568e-01   2.1546849e-02   1.0447142e-03  -5.5602782e-04   8.4326501e-05
   2.5726352e-02   1.0453712e-01   9.2402858e-02   2.3233942e-03  -3.5797988e-04  -4.7881570e-05
   4.9388952e-02   9.7819247e-02   1.7035669e-01   2.2176207e-03  -1.1348367e-04  -2.3001441e-04
   5.5290759e-02   1.0205335e-01   1.0852180e-01   2.3940431e-03  -2.0511517e-04  -3.8493958e-04
   3.8532514e-02   9.3787519e-02   9.0528004e-02   2.2807376e-03  -4.7467065e-04  -2.6285953e-04
   2.8716515e-02   1.0139870e-01   1.4718656e-01   2.9326619e-03  -3.3184588e-04  -1.9325460e-04
   1.6050113e-02   1.0816677e-01   1.3804760e-01   2.1610040e-03  -4.9630711e-04  -1.9842055e-04
   1.8698408e-02   1.1829046e-01   1.2052536e-01   2.6758775e-03  -2.5877015e-04  -2.9947975e-04
   1.8986620e-02   1.0378645e-01   1.7675721e-01   3.2967342e-03  -9.7678136e-05  -3.7163874e-04
  -1.5465339e-04   9.5758991e-02   4.9462681e-02   1.5571132e-03  -4.5254997e-04  -9.0351264e-05
   1.0955312e-02   9.9063678e-02   8.6381065e-02   1.7183105e-03  -6.8736170e-04   1.7525711e-04
   7.8201411e-03   9.0679210e-02   1.1708145e-01   2.3884060e-03  -4.4771835e-04   1.0301378e-04
   1.8774459e-02   9.6771874e-02   1.5085631e-01   2.6839395e-03  -4.7051941e-04  -2.6832970e-04
   1.2530750e-02   9.8118355e-02   1.2984036e-01   2.1126107e-03  -6.4184151e-04   1.7098919e-04
   5.2547715e-03   8.5454187e-02   1.1996589e-01   2.1741196e-03  -6.8099825e-04   1.2107181e-04
   1.7988827e-02   7.0426787e-02   1.3224852e-01   1.4056002e-03  -7.5395530e-04   3.5327621e-05
   5.1711019e-03   4.4661170e-02   9.6933397e-02   1.4089305e-03  -8.6888033e-04   2.8969078e-04
  -6.4371004e-03   8.9412305e-02   5.7334324e-02   8.6508905e-04  -9.0041054e-04   4.0610222e-04
   5.3928915e-03   9.1408661e-02   1.0670744e-01   1.3730057e-03  -6.6930371e-04   2.1944575e-04
  -2.8997516e-03   3.9994524e-02  -4.6233305e-02  -5.3132447e-04  -1.0967128e-03   2.3590210e-04
  -5.3178529e-03   1.2881015e-01  -5.2006524e-03  -4.1855625e-05  -1.0051519e-03   3.3750482e-04
  -1.0389728e-02   1.0193047e-01   1.3116401e-01   2.3747980e-03  -6.5035237e-04   2.8330435e-04
   1.3881747e-02   1.1368957e-01   4.7899588e-02   1.0390896e-03  -6.4603187e-04   3.2456434e-05
  -1.4209204e-02   9.2195011e-02   3.5582880e-02   2.4182579e-04  -9.8908333e-04   3.7452186e-04
