   0.0000000e+00   0.0000000e+00   0.0000000e+00   0.0000000e+00   0.0000000e+00   0.0000000e+00
  -4.4108059e-02   1.1808903e-01   2.3537764e-01   5.3681081e-05  -6.4031031e-04   1.1815252e-04
  -5.1435857e-02  -1.0905055e-01   1.4033734e-01   7.7089044e-04  -2.9947643e-04  -5.1063970e-04
  -4.4587916e-02  -1.2782231e-01  -1.6224237e-02   2.3550854e-04  -2.0442526e-04  -2.5601791e-04
  -4.9058003e-02   3.9259036e-02   1.6078684e-01   5.8033654e-04  -5.2934963e-04  -1.1439628e-05
  -5.7881280e-02  -2.5423895e-02   2.4606178e-01   1.0246411e-03  -5.5174515e-04   7.0382775e-05
  -6.4759368e-02  -1.1236527e-01   1.2939950e-01  -5.0411943e-04  -3.9779022e-04   6.2037614e-04
  -2.9753137e-02  -1.3709559e-01  -6.2361236e-02  -1.2499849e-03   8.4129202e-04   8.8150006e-04
  -3.5856271e-03  -6.7082691e-02   1.2539120e-01  -1.3452369e-03   1.3915167e-03   4.8181008e-04
   5.6875181e-02  -4.7906052e-02   3.1183094e-01   1.4364276e-03   1.7388824e-03   5.2703037e-04
   6.0809305e-02  -2.0186075e-01   1.7596905e-01   3.6383475e-03   2.0700361e-03   7.5941830e-04
   7.4428934e-02  -8.2743677e-02   4.1146761e-01   1.7420890e-03   2.6614421e-03   5.3538123e-04
   1.3461344e-01  -1.0267592e-01   5.0300024e-01   2.6714383e-03   3.4941981e-03   1.3127444e-04
   2.2840478e-01  -1.7152929e-01   2.2385655e-01   4.0592919e-03   4.4627095e-03  -1.1144411e-03
   2.9312561e-01  -1.1383909e-01   1.8798934e-01   3.4182043e-03   4.2502161e-03  -1.2761342e-03
   3.2855850e-01  -1.4849050e-02   4.8582426e-01   3.8432009e-03   4.9354147e-03  -9.2240605e-04
   3.5831573e-01  -1.3785869e-01   7.3791143e-01   5.7999404e-03   6.1651609e-03  -9.2553915e-04
   3.1381511e-01  -2.8955342e-01   4.9305273e-01   6.7070365e-03   5.5935822e-03  -1.8773047e-03
   3.5041006e-01  -2.4604690e-01   3.4525598e-01   7.2174796e-03   6.3303572e-03  -2.0136977e-03
   4.0844875e-01  -1.8987370e-01   2.9689425e-01   6.9492092e-03   7.5456441e-03  -1.0135013e-03
   4.0064901e-01  -1.5493960e-01   2.1358746e-01   6.2811485e-03   7.5847785e-03  -2.0141404e-03
   3.6262168e-01  -1.0491276e-01   3.0734617e-01   5.3371507e-03   7.7376378e-03  -2.0291755e-03
   3.8034964e-01  -2.0370291e-01   4.5601498e-01   7.7572456e-03   7.9968268e-03  -2.3263094e-03
   3.7669256e-01  -2.9960102e-01   9.8011474e-02   8.4995090e-03   7.9457484e-03  -3.6309919e-03
   3.6135818e-01  -2.1838820e-01   4.9284488e-02   8.6258260e-03   7.7044667e-03  -4.2601190e-03
   3.3676627e-01  -7.6739165e-02   9.0000312e-02   8.9938508e-03   6.8490028e-03  -3.7422427e-03
   3.2393184e-01  -2.0045420e-01   4.6502267e-01   8.7614851e-03   6.0468631e-03  -2.2233548e-03
   2.7107134e-01  -4.3146661e-01   6.2317698e-01   9.0788598e-03   4.7168124e-03  -1.1583291e-03
   2.0132551e-01  -3.9960256e-01   2.0079686e-01   7.8812150e-03   3.9050410e-03  -1.0369867e-03
   1.8815063e-01  -2.6602867e-01   3.5699626e-01   7.8789566e-03   3.5924625e-03  -1.2004156e-03
   2.3227251e-01  -2.1580166e-01   5.6724139e-01   6.7109611e-03   3.4742568e-03  -1.6230694e-03
   3.5950376e-01  -3.3146182e-01   6.2251647e-01   5.4602076e-03   3.3665143e-03  -2.4561779e-03
   4.3275664e-01  -2.9391995e-01   6.6103979e-01   5.1511861e-03   2.9714250e-03  -3.8910604e-03
   5.1744620e-01  -2.8486858e-01   6.5332730e-01   4.6268785e-03   2.3407086e-03  -5.4917027e-03
   5.1536504e-01  -2.8073702e-01   7.3697762e-01   5.1662221e-03   1.8642263e-03  -6.8320341e-03
   4.7136959e-01  -3.8971041e-01   5.9512586e-01   7.2439833e-03   5.6359604e-04  -8.3348445e-03
   5.1428320e-01  -3.4637815e-01   4.2199729e-01   7.1263612e-03   9.5129731e-04  -7.3498669e-03
   5.3939861e-01  -2.5787907e-01   3.8994154e-01   6.4771261e-03   9.2618533e-04  -6.9778375e-03
   5.0815493e-01  -2.1271096e-01   2.8965380e-01   5.9714360e-03  -3.2639982e-04  -8.3976442e-03
   4.6961513e-01  -2.5329154e-01   4.4035682e-01   7.2454617e-03  -1.2232294e-03  -8.6821599e-03
   4.3613697e-01  -2.9365322e-01   6.6062969e-01   1.0634928e-02  -1.5438759e-03  -8.4384718e-03
   5.1335487e-01  -3.6875878e-01   4.1294406e-01   1.0439157e-02  -2.3958712e-03  -8.9672858e-03
   5.2082297e-01  -3.8146602e-01   2.7445788e-01   9.4288106e-03  -2.7255953e-03  -7.5195232e-03
   4.7960254e-01  -3.3757946e-01   3.7170474e-01   1.1486630e-02  -3.4513504e-03  -7.2058226e-03
   5.3059536e-01  -2.2142984e-01   2.5619429e-01   1.1379979e-02  -4.1000192e-03  -7.3415453e-03
   5.7817553e-01  -2.5778815e-01   1.1695985e-01   1.0199563e-02  -3.8084949e-03  -6.4223227e-03
   5.7067782e-01  -1.4193531e-01   2.6714620e-01   9.4762299e-03  -4.5815827e-03  -6.8796564e-03
   5.4245301e-01  -2.0286318e-01   1.8838923e-01   8.2267381e-03  -5.0015002e-03  -7.3817325e-03
   5.3432337e-01  -1.8481425e-01   2.1008993e-01   7.3367898e-03  -5.4526071e-03  -7.5469198e-03
   5.7118787e-01  -2.4316933e-01   7.6176400e-02   8.4394938e-03  -4.9054392e-03  -7.6865026e-03
   5.1976727e-01  -3.9375547e-01  -1.9180187e-02   1.0940669e-02  -4.8941044e-03  -6.3566063e-03
   5.1631927e-01  -2.6640213e-01   2.8284516e-01   1.0437848e-02  -4.8081024e-03  -5.7220479e-03
   5.0328998e-01  -4.3016308e-01   1.5868880e-01   1.1268484e-02  -4.4854680e-03  -4.8831265e-03
   4.7305019e-01  -5.2626256e-01  -1.0849957e-01   1.1874830e-02  -3.8922293e-03  -3.5742492e-03
   4.6281419e-01  -2.8810648e-01  -1.0043313e-01   1.0939705e-02  -3.5942566e-03  -4.8496382e-03
   5.6520319e-01  -3.2379224e-01   3.1880481e-01   8.6556872e-03  -2.7386612e-03  -4.8096721e-03
   5.9055323e-01  -5.0563979e-01   1.1677359e-01   6.1521567e-03  -2.5024731e-03  -6.5626840e-03
   6.2754408e-01  -4.6675904e-01   1.4736173e-01   5.1507978e-03  -2.4964634e-03  -7.5032323e-03
   6.5204013e-01  -4.7262898e-01   1.6978976e-01   8.5694846e-03  -2.4634819e-03  -8.0991764e-03
   5.5636937e-01  -5.4756952e-01  -4.1456382e-02   7.6704107e-03  -3.6525465e-03  -8.3795901e-03
   6.3646280e-01  -5.3361587e-01  -4.5380732e-02   4.5762921e-03  -4.2301047e-03  -8.9621505e-03
   5.8744741e-01  -5.6116582e-01  -4.9669628e-02   4.5061694e-03  -4.9691867e-03  -9.7769777e-03
   5.1435632e-01  -5.5984767e-01   5.3157366e-03   3.6771914e-03  -6.0048045e-03  -1.0825338e-02
   4.2301639e-01  -5.7001513e-01  -2.6119533e-02   3.6721127e-03  -7.4280757e-03  -1.1192829e-02
   4.2633394e-01  -5.9196524e-01   1.3483133e-01   3.8755051e-03  -8.9350467e-03  -1.0059601e-02
   4.4615460e-01  -7.2115646e-01   5.2111936e-01   2.1338364e-03  -9.7126996e-03  -8.7039936e-03
   3.9175531e-01  -9.6466003e-01   2.2626513e-01   5.1415625e-03  -1.0223743e-02  -1.0492974e-02
   4.6835842e-01  -8.0136206e-01   1.9051965e-01   3.4958543e-03  -9.9013347e-03  -9.3846472e-03
   5.3757852e-01  -7.9235866e-01   2.3095766e-01   1.3025335e-03  -9.5377512e-03  -9.7037933e-03
   4.2869466e-01  -8.1987602e-01   2.4943281e-01  -7.2763428e-04  -1.1134263e-02  -1.0679115e-02
   4.0635030e-01  -8.7304199e-01   1.4923835e-01  -2.5041961e-03  -1.0806515e-02  -1.0963672e-02
   3.6372484e-01  -8.8886565e-01   2.8752235e-01  -2.7563798e-03  -1.1653202e-02  -1.0897648e-02
   2.7637738e-01  -1.0100700e+00   4.6071476e-01  -1.8653736e-03  -1.3154627e-02  -1.2169419e-02
   3.3925616e-01  -1.1151575e+00   3.4690513e-01  -2.0661580e-03  -1.2817110e-02  -1.1127049e-02
   2.8718345e-01  -1.0493540e+00   3.2154577e-01   2.3817493e-03  -1.3679455e-02  -8.8826810e-03
   3.2748602e-01  -1.1165596e+00   7.4748259e-01   1.2819808e-03  -1.2056005e-02  -6.9963757e-03
   2.1389463e-01  -6.6793585e-01   5.4446349e-01   5.9068404e-04  -9.8503767e-03  -8.0687216e-03
   2.7874190e-01  -5.7324049e-01   4.1535508e-01   7.1409365e-03  -7.6194103e-03  -8.0469683e-03
   2.6323554e-01  -5.6023395e-01   1.1006240e+00   1.3360236e-03  -7.4022840e-03  -4.6416798e-03
   3.6631440e-01  -8.1484184e-01   1.1293238e+00  -1.5467864e-03  -6.3663927e-03  -5.5306802e-03
   4.0592980e-01  -9.1750222e-01   1.0306558e+00  -2.4891130e-03  -7.7350209e-03  -6.1317661e-03
   4.1284309e-01  -1.0999172e+00   8.8633448e-01  -4.2613475e-03  -9.6981227e-03  -9.3876633e-03
   4.5834212e-01  -1.0876439e+00   8.7019347e-01  -3.7563448e-03  -1.1083416e-02  -8.4568344e-03
   4.4351489e-01  -1.3076011e+00   8.3958325e-01  -6.0548810e-03  -1.1999560e-02  -8.5860585e-03
   4.2533649e-01  -1.2397677e+00   9.3289257e-01  -5.0449001e-03  -1.3028578e-02  -9.0866258e-03
   3.2667962e-01  -1.4084462e+00   1.3984131e+00  -6.1594183e-03  -1.5745346e-02  -9.4476219e-03
   3.6696782e-01  -1.8255135e+00   1.1652988e+00  -9.9335616e-03  -1.6462243e-02  -8.4750147e-03
   3.7137668e-01  -1.7202119e+00   1.1209091e+00  -9.9152118e-03  -1.6530299e-02  -9.7731439e-03
   3.3964655e-01  -1.7502218e+00   1.1395847e+00  -1.1064698e-02  -1.6399978e-02  -9.8220391e-03
   3.2697896e-01  -1.7244690e+00   1.1419176e+00  -1.0491239e-02  -1.6929922e-02  -1.1689334e-02
   3.5222060e-01  -1.7634418e+00   1.2824341e+00  -1.1035620e-02  -1.7698246e-02  -1.2552367e-02
   4.0809404e-01  -1.8084576e+00   1.3231932e+00  -1.0742584e-02  -1.7843834e-02  -1.2597210e-02
   3.9506822e-01  -1.8155095e+00   1.2583796e+00  -1.0972175e-02  -1.8484216e-02  -1.2022122e-02
   4.5623545e-01  -1.9180343e+00   1.3233480e+00  -1.2106749e-02  -1.8920462e-02  -1.1805408e-02
   4.6929561e-01  -1.9980278e+00   1.0933123e+00  -1.3135464e-02  -2.0174676e-02  -1.2112087e-02
   4.1547266e-01  -1.9109071e+00   1.2403758e+00  -1.3081615e-02  -2.1616346e-02  -1.1630285e-02
   4.6540416e-01  -1.8287413e+00   1.2630116e+00  -1.2628048e-02  -2.1023938e-02  -1.1648825e-02
   4.1001359e-01  -1.9292095e+00   1.2796032e+00  -1.2386001e-02  -2.2353240e-02  -1.0922044e-02
   4.0205369e-01  -2.0511615e+00   1.3391679e+00  -1.2090735e-02  -2.2332300e-02  -1.2332192e-02
   2.9346016e-01  -2.2448533e+00   1.2334524e+00  -7.7106575e-03  -2.1855978e-02  -1.0695548e-02
   2.7906095e-01  -1.1212131e+00   1.3060459e+00  -8.8036175e-03  -1.8543678e-02  -1.0106613e-02
   2.6973424e-01  -9.7429963e-01   1.0147949e+00  -5.4808198e-03  -1.7443694e-02  -1.0438667e-02
   2.7620488e-01  -1.1167086e+00   1.1716696e+00  -7.8256255e-03  -1.6614756e-02  -1.0090805e-02
   3.3407505e-01  -1.0282687e+00   1.4041059e+00  -9.2381135e-03  -1.5627072e-02  -1.0483222e-02
   3.8607861e-01  -1.2079656e+00   1.5713465e+00  -9.7620670e-03  -1.4488361e-02  -8.7363799e-03
   4.5936079e-01  -1.4623837e+00   1.5157432e+00  -1.0588910e-02  -1.4613805e-02  -8.7166121e-03
   4.8136556e-01  -1.6789265e+00   1.5929828e+00  -9.2782019e-03  -1.5774205e-02  -8.5716213e-03
   6.0253648e-01  -1.7361462e+00   1.6538318e+00  -8.3592779e-03  -1.5907584e-02  -7.2024448e-03
   6.1629494e-01  -1.9335049e+00   1.4706057e+00  -6.9400374e-03  -1.7283688e-02  -8.5659721e-03
   5.3883720e-01  -1.9686721e+00   1.4238058e+00  -6.5230697e-03  -1.9134887e-02  -1.0198088e-02
   5.0421050e-01  -1.9984464e+00   1.4283828e+00  -4.9777166e-03  -2.0380280e-02  -1.0592184e-02
   5.5232206e-01  -1.9702963e+00   1.4003385e+00  -4.0266202e-03  -2.0259504e-02  -1.0548282e-02
   5.9753101e-01  -1.9632706e+00   1.4689391e+00  -4.4579520e-03  -2.0148045e-02  -9.7804038e-03
   5.7382791e-01  -2.0734503e+00   1.2814774e+00  -4.4928864e-03  -2.0496901e-02  -1.0331413e-02
   5.4483976e-01  -2.0766752e+00   1.4602692e+00  -5.5178390e-03  -2.0517605e-02  -1.0477293e-02
   5.1803893e-01  -2.2999677e+00   1.3524254e+00  -5.0559429e-03  -2.0869524e-02  -1.0900208e-02
   5.6966335e-01  -2.1988746e+00   1.3806274e+00  -4.3557612e-03  -2.0352297e-02  -9.6234126e-03
   6.0072815e-01  -2.1881889e+00   1.3726203e+00  -4.3266042e-03  -2.0397417e-02  -1.0039505e-02
   5.6584887e-01  -2.1673923e+00   1.4355473e+00  -4.1776264e-03  -2.0892527e-02  -9.8147543e-03
   6.4058570e-01  -2.2285138e+00   1.4269951e+00  -5.5847929e-03  -2.0695943e-02  -1.0528331e-02
   5.7035988e-01  -2.2116510e+00   1.5283616e+00  -5.2878488e-03  -2.1960742e-02  -1.0863652e-02
   5.2648199e-01  -2.2210140e+00   1.4339630e+00  -5.8367503e-03  -2.1658161e-02  -1.0818534e-02
   4.9080529e-01  -2.2279823e+00   1.5508056e+00  -5.8974615e-03  -2.2211429e-02  -1.3018688e-02
   4.9880032e-01  -2.1022893e+00   1.3535857e+00  -1.1444770e-03  -2.1972765e-02  -1.0681389e-02
   4.5477709e-01  -1.8905144e+00   1.3387422e+00   1.1106218e-03  -2.0656753e-02  -1.0130523e-02
   5.7264661e-01  -1.8763107e+00   1.3107254e+00  -2.4620580e-04  -1.9795662e-02  -8.2778231e-03
   4.9886783e-01  -2.0281484e+00   1.1129167e+00   1.8985936e-03  -1.9376576e-02  -7.6592841e-03
   3.7724230e-01  -1.5949916e+00   1.1693649e+00   1.3302620e-03  -1.8360754e-02  -8.1026173e-03
