   1.4210855e-14   0.0000000e+00  -7.1054274e-15  -1.3877788e-17   1.7347235e-18   0.0000000e+00
   4.4711004e-03  -4.6719400e-02   2.2408107e-02   2.2973276e-05   6.0040100e-04   4.3202195e-04
  -1.0279869e-02  -5.9635591e-02   1.4258693e-02  -1.4222879e-03   7.1805986e-04   1.6282312e-04
  -2.1738817e-02  -4.6505727e-02   5.7292429e-02  -9.5703027e-04   8.5387286e-04   3.5379013e-04
  -2.3325546e-02  -7.1459615e-02   4.9665757e-02  -5.2106800e-04   3.9242614e-04   3.3572742e-04
  -8.2967956e-03  -4.1110935e-02   4.0686831e-02   6.4106075e-04   1.4802948e-03   9.9118572e-04
  -2.1305210e-02  -5.1385916e-02  -2.6941058e-02  -2.4541601e-04   2.0484574e-03   1.8000887e-04
  -1.4164704e-02  -7.4683739e-02  -2.1353693e-02  -8.3968118e-04   1.6472092e-03   4.4646384e-04
  -1.4260122e-02  -4.9634622e-02  -2.7297996e-03  -1.0071734e-03   1.6045054e-03   5.3831381e-04
  -2.0991703e-02  -6.5067683e-02  -2.2705364e-02  -1.7581340e-03   1.4134486e-03   9.1577808e-05
  -2.8247886e-02  -6.3090365e-02  -7.9063838e-02  -2.7924858e-03   1.2920290e-03   1.9452356e-05
  -3.5115408e-02  -3.2283938e-02  -5.3418151e-02   1.3573726e-03   1.3374047e-03   8.2853042e-04
  -2.4978434e-02  -3.1778907e-02  -2.5143269e-02   3.2154334e-04   1.7284133e-03   3.7336881e-04
  -3.4848573e-02  -3.2126435e-02  -8.8589668e-02  -1.8880424e-04   1.0895616e-03   2.2776692e-04
  -3.8576066e-02  -3.7392500e-02  -6.6490753e-02  -3.9725817e-04   1.1599394e-03  -3.5720049e-05
  -4.5965133e-02  -3.8664764e-02  -6.8439686e-02  -1.2454845e-03   1.0325175e-03  -1.7275287e-04
  -4.8093423e-02  -4.8383498e-02  -3.6787508e-02  -1.6748798e-03   7.3994431e-04   8.8239022e-05
  -3.3359987e-02  -5.5325173e-02   2.7239480e-04  -2.1667462e-03   1.2148693e-03   9.3583775e-04
  -5.1708662e-02  -5.8845238e-02   8.4040379e-02  -1.7276059e-03   5.8227626e-04   4.2352856e-04
  -7.9049454e-02  -5.5814118e-02   2.6922769e-02  -2.4165176e-03   3.9188702e-04  -9.2648902e-06
  -7.7873001e-02  -5.8950202e-02   3.6829242e-02  -2.2476718e-03  -3.3374276e-04   3.8514470e-04
  -7.4372533e-02  -5.3045360e-02   8.3165957e-02  -3.4437587e-03  -1.9726071e-04   2.8867595e-04
  -6.9366315e-02  -4.3860693e-02  -2.6212473e-02  -2.6243631e-03   3.7135696e-04   5.5614004e-04
  -5.2116683e-02  -3.0046932e-02  -3.3326263e-02  -2.1431988e-03   2.2319463e-04   1.1315997e-03
  -5.0172255e-02  -1.6808029e-02   7.2733512e-03  -2.5724906e-03   4.4405673e-04   1.1440357e-03
  -5.2651096e-02  -1.3103252e-02  -5.9648819e-02  -3.4446650e-03   1.1478998e-04   1.4729517e-03
  -7.3253940e-02  -1.8022869e-02  -2.5399881e-03  -4.2273612e-03  -2.5230709e-04   1.3834724e-03
  -5.6295873e-02   3.4609749e-03  -1.2324271e-01  -2.5392463e-03   1.6080349e-04   2.0594619e-03
  -5.3405061e-02   1.4371981e-02  -1.3466686e-01  -2.6295591e-03  -9.4138519e-05   2.2117485e-03
  -6.5425849e-02  -1.8474977e-02  -1.9581661e-01  -4.6968614e-03   2.8912461e-04   2.1012214e-03
  -7.1712421e-02  -3.9140137e-02  -1.6853969e-01  -4.0142546e-03  -2.1287273e-04   1.9025966e-03
  -8.9331464e-02  -2.9941758e-02  -1.3556551e-01  -3.7866517e-03  -1.7034538e-04   1.7318110e-03
  -9.2864925e-02  -3.0120141e-02  -1.5785013e-01  -4.0434434e-03  -6.6475277e-04   1.5894183e-03
  -9.5805661e-02  -5.4475730e-03  -1.7092606e-01  -3.8566343e-03  -5.2139032e-04   1.4467535e-03
  -1.1375677e-01  -2.7766319e-02  -9.2008934e-02  -3.0353915e-03  -7.5651091e-04   1.2759950e-03
  -1.1421675e-01  -1.8183254e-02  -1.1150435e-01  -2.1034000e-03  -1.2107149e-03   5.1408755e-04
  -1.0847898e-01  -2.9012789e-02  -9.7327666e-02  -2.1149456e-03  -1.4539696e-03   2.6240489e-04
  -8.5173235e-02  -3.8085959e-03  -8.6762374e-02  -2.3289937e-03  -1.1943753e-03   4.4818934e-04
  -1.0114896e-01  -1.6372309e-02  -1.1128823e-01  -3.4098117e-03  -1.4056550e-03  -6.6242269e-05
  -1.1294974e-01  -3.3915730e-02  -1.2128047e-01  -3.5374613e-03  -1.7740588e-03  -1.2403541e-04
  -9.6085665e-02  -1.4320094e-02  -6.3289916e-02  -2.7599211e-03  -1.5243483e-03   3.6058964e-05
  -1.1206300e-01  -2.6758843e-02  -9.7984879e-02  -2.8834890e-03  -1.7945034e-03  -1.5024001e-04
  -9.7109247e-02  -1.5514855e-02   7.3632102e-02  -3.2111373e-03  -1.4581856e-03   6.2725752e-05
  -5.8096900e-02  -9.8292738e-03   1.0848347e-02  -3.0787369e-03  -9.8071576e-04   4.3618724e-04
  -6.2285794e-02  -3.1940878e-02  -8.3816034e-02  -3.4331714e-03  -9.1806783e-04   9.2381473e-04
  -8.0297284e-02  -1.4754492e-02  -5.5100852e-02  -3.8077766e-03  -5.7409800e-04   1.0316573e-03
  -8.4567325e-02  -1.2962474e-02  -1.3124024e-01  -1.9122745e-03   1.7959451e-04   1.5126733e-03
  -8.6557250e-02  -4.9643506e-03  -1.3241014e-01  -1.1930194e-03   1.9902818e-04   1.8069733e-03
  -9.3170552e-02  -2.7279769e-03  -1.4654747e-01  -2.2784951e-03   5.8087017e-06   1.7285130e-03
  -9.8210620e-02   1.0941923e-02  -1.5932228e-01  -2.1563788e-03  -3.1520991e-04   1.7152057e-03
  -8.8377512e-02   1.8053094e-03  -1.2407458e-01  -3.1222733e-03  -3.8588061e-04   1.8635470e-03
  -1.0367221e-01   7.0830044e-03  -1.6765837e-01  -3.3711288e-03  -1.7035637e-04   1.7562447e-03
  -1.0215522e-01  -3.1122839e-03  -1.5764902e-01  -3.7883231e-03  -3.5604444e-04   1.7866305e-03
  -1.0644036e-01  -1.5240618e-02  -2.1257665e-01  -3.5865924e-03  -3.5792227e-04   1.7209016e-03
  -9.2592677e-02  -1.4777562e-02  -1.6887818e-01  -3.5634896e-03  -5.4772179e-04   1.7763954e-03
  -9.1965257e-02   1.8161400e-02  -2.1446131e-01  -2.6698606e-03   8.1804992e-04   1.2576267e-03
  -9.6815330e-02  -4.8167908e-02  -2.6088532e-01  -3.9347445e-03   2.4234497e-04   1.3981121e-03
  -8.0737089e-02  -1.1775690e-02  -2.7229406e-01  -4.0806738e-03  -2.1755527e-05   1.4210627e-03
  -9.2725610e-02  -2.5857106e-02  -2.6865403e-01  -4.0544251e-03  -4.0199791e-04   1.7464385e-03
  -8.7817444e-02   8.4027975e-03  -2.6735444e-01  -3.6272135e-03  -2.0508547e-04   1.5576372e-03
  -1.1260217e-01   3.5975655e-03  -2.3328003e-01  -3.3798836e-03  -1.4173065e-04   1.4244751e-03
  -1.0230134e-01   9.2069470e-03  -1.8305113e-01  -2.9569407e-03  -2.0653033e-04   1.3670874e-03
  -1.1394459e-01   3.1635106e-01   1.6808195e-01  -8.9456528e-04   3.1846972e-04   7.7667186e-04
  -7.0492830e-02   3.8245095e-01   1.6240738e-01  -2.5402926e-03   4.1087547e-04   8.4046154e-06
  -7.8073049e-02   2.3980193e-01   4.3623263e-02  -3.4828643e-03  -1.3163327e-03   3.8719123e-04
  -8.0780503e-02   1.4308264e-01   6.0409175e-02  -3.9475345e-03  -2.1330233e-03   6.5647944e-04
  -7.7717168e-02   1.2781925e-01  -1.6640323e-02  -4.8511015e-03  -2.1262209e-03   1.3059566e-03
  -7.9308263e-02   1.4541577e-01  -1.2297356e-03  -4.0423390e-03  -1.9696033e-03   2.2046100e-03
  -9.5150972e-02   1.2774018e-01  -3.2454285e-02  -4.4650190e-03  -2.4719685e-03   1.9222657e-03
  -8.8046645e-02   8.4704800e-02  -2.0332241e-02  -4.1823952e-03  -2.4991544e-03   1.7052630e-03
  -8.1655156e-02   8.9750664e-02  -6.5851409e-02  -4.3599794e-03  -2.4370787e-03   2.2061063e-03
  -6.8523369e-02   1.1126134e-01  -1.9488716e-02  -3.5949698e-03  -2.1506366e-03   2.3672328e-03
  -6.4303909e-02   1.1332442e-01  -1.1121591e-01  -3.9359241e-03  -1.4430296e-03   2.5452207e-03
  -5.6747526e-02   1.0956447e-01  -8.0106316e-02  -3.6898013e-03  -1.6007610e-03   2.7026863e-03
  -4.2184879e-02   8.8789314e-02  -1.6400682e-01  -3.7573191e-03  -1.2864510e-03   2.4158903e-03
  -3.6393151e-02   7.9083762e-02  -1.9345063e-01  -3.1261469e-03  -7.5905381e-04   2.7772781e-03
  -4.0952368e-02   9.3684466e-02  -1.8081827e-01  -3.4317879e-03  -9.0725689e-04   2.5879130e-03
  -1.8899567e-02   6.0808777e-02  -1.8880935e-01  -3.1165482e-03  -1.5878056e-04   2.1799130e-03
  -1.7185087e-02   4.4596751e-02  -2.0024315e-01  -4.5770659e-03  -4.0145506e-04   2.5185320e-03
  -4.8899008e-03   4.2812984e-02  -2.6404155e-01  -4.8421769e-03  -7.9913012e-04   2.9638944e-03
  -1.7896136e-02   6.4302648e-02  -2.9071042e-01  -4.1614850e-03  -1.3058156e-03   3.0567733e-03
  -1.6516675e-02   6.3322823e-02  -2.3889843e-01  -3.5777576e-03  -1.0174816e-03   3.0598856e-03
  -7.1076787e-02   5.2054562e-02   3.7196378e-02  -2.1298475e-03  -1.6416208e-03   2.7837133e-03
  -5.2674677e-02   6.6080658e-02  -1.0503341e-01  -4.8927551e-03  -1.7229675e-03   2.9022990e-03
   3.7614291e-03   8.0618719e-02  -3.3220094e-01  -5.9045752e-03  -1.4965194e-03   3.1487580e-03
  -1.3235579e-02   5.4321980e-02  -2.6333621e-01  -6.4546827e-03  -1.9341638e-03   2.7723618e-03
  -1.5252817e-02   8.0572028e-02  -3.2693559e-01  -5.3324708e-03  -1.7781535e-03   3.4834289e-03
  -1.9730866e-03   7.2645669e-02  -3.0154581e-01  -6.1986576e-03  -1.7778083e-03   3.1407913e-03
   3.2349228e-03   6.2825689e-02  -2.7421025e-01  -5.8911190e-03  -2.0064455e-03   3.1900389e-03
   1.5896938e-02   7.0953571e-02  -2.4997055e-01  -6.4373479e-03  -1.4055334e-03   3.2660517e-03
   2.6022587e-03   6.9619539e-02  -2.9925142e-01  -5.9171062e-03  -1.2689924e-03   3.1298099e-03
   1.5903851e-02   8.0724655e-02  -2.4559962e-01  -5.6716162e-03  -1.3839020e-03   3.4964648e-03
   2.2780372e-02   7.8131355e-02  -3.0236261e-01  -5.1966444e-03  -1.5980838e-03   3.7806923e-03
   2.3394244e-02   9.6558141e-02  -3.0133237e-01  -6.2858184e-03  -1.3439697e-03   3.0584221e-03
   1.2487014e-02   6.7335295e-02  -3.6062308e-01  -5.5761127e-03  -1.5741067e-03   3.1865280e-03
   2.8209943e-02   1.1642721e-01  -2.1712167e-01  -5.2818570e-03  -6.8062304e-04   2.8208780e-03
   1.2362206e-02   9.8020321e-02  -1.5052650e-01  -3.6155933e-03  -7.8537816e-04   3.0727269e-03
   4.0097455e-02   6.4913114e-02  -1.3221989e-01  -3.5444998e-03  -1.9862356e-03   3.7365472e-03
   1.6549783e-02   1.0132763e-01  -1.8257689e-01  -4.3535910e-03  -2.0871891e-03   3.4671590e-03
   1.6510782e-02   9.1466950e-02  -1.6410159e-01  -4.3781126e-03  -2.4505865e-03   3.8986629e-03
   2.4295781e-02   8.6916288e-02  -1.7953466e-01  -5.8526852e-03  -1.8788424e-03   3.7556643e-03
   2.2890956e-02   1.0483760e-01  -2.0232616e-01  -5.3320945e-03  -1.8157624e-03   3.5140768e-03
   2.6868788e-02   6.8931209e-02  -2.6696777e-01  -6.0587220e-03  -1.8053671e-03   4.3828528e-03
   4.4500487e-02   7.7257562e-02  -1.6210789e-01  -4.8372684e-03  -2.1956904e-03   4.1570816e-03
   2.4788171e-02   4.4298076e-02  -2.8901043e-01  -5.6817733e-03  -2.0182295e-03   4.5601254e-03
   6.2503205e-02   7.1096916e-02  -5.2445486e-02  -3.7694291e-03  -1.9043461e-03   3.6841048e-03
  -4.5677324e-02   7.7417481e-02  -1.2428992e+00  -1.2351662e-02  -3.3424321e-03   6.9415715e-03
  -1.4676395e-01   1.3381019e-01  -1.7547153e+00  -7.9133728e-03  -2.4685970e-03   9.1117584e-03
  -7.4901113e-02   1.7138679e-01  -1.4443109e+00  -5.8151725e-03  -2.1716279e-03   8.1179605e-03
  -8.5438123e-02   1.5162323e-01  -1.5659263e+00  -7.6561689e-03  -2.3503841e-03   8.6746491e-03
  -5.6704254e-02   1.6053083e-01  -1.2881627e+00  -5.1289820e-03  -1.9810308e-03   8.2576711e-03
  -2.2795149e-02   1.3404694e-01  -1.0274205e+00  -5.0318068e-03  -6.2409590e-04   7.0228016e-03
  -1.6179463e-02   9.5761243e-02  -8.6092654e-01  -3.4508091e-03  -1.2687349e-03   6.7642396e-03
   2.6070183e-03   1.1166736e-01  -9.6971730e-01  -4.7847440e-03  -1.1688723e-03   7.0697968e-03
   3.1728148e-03   1.1051236e-01  -8.6518925e-01  -3.8153490e-03  -1.1741596e-03   6.9532037e-03
   3.2180225e-02   1.4115738e-01  -8.2017172e-01  -4.0718546e-03  -2.8899155e-04   6.1976240e-03
   6.0332671e-02   1.3547193e-01  -7.9990756e-01  -3.7133543e-03   2.2566840e-04   6.0556420e-03
   4.6906471e-02   9.7694055e-02  -8.0496652e-01  -3.3090485e-03  -5.1963040e-04   6.9307461e-03
   1.1293755e-01   1.1566766e-01  -5.3139845e-01  -2.0711553e-03   1.9726429e-03   6.6666114e-03
   9.0600666e-02   9.7182377e-02  -5.8313652e-01  -2.2963006e-03   2.2454603e-03   6.8223771e-03
   1.2881549e-01   9.8692151e-02  -4.5024030e-01  -4.6173897e-04   2.4432005e-03   7.4538240e-03
   1.2950860e-01   1.1985164e-01  -5.7060068e-01  -1.7229118e-03   2.2042228e-03   7.7721893e-03
   1.4148716e-01   1.2551225e-01  -4.2188472e-01  -6.1700950e-04   2.0612735e-03   7.5105786e-03
   7.1273116e-02   1.3412017e-01  -1.0128696e+00  -7.6447055e-03  -1.7139622e-05   7.6140233e-03
   4.8307526e-02   7.9901961e-02  -1.1467161e+00  -1.1791706e-02   5.1607389e-04   8.3413692e-03
   9.5450840e-02   8.0151550e-02  -9.4214363e-01  -1.0086333e-02   1.4000257e-03   9.1759298e-03
   7.9658977e-02   9.8508821e-02  -9.5108082e-01  -9.3215070e-03  -1.2940231e-04   9.8265558e-03
   7.5955962e-02   9.4212514e-02  -8.3815919e-01  -7.1037652e-03  -6.3658460e-04   9.1302946e-03
   5.3452437e-02   1.1968376e-01  -7.7165170e-01  -6.1277173e-03  -1.0442039e-03   8.1151645e-03
