   1.4210855e-14  -7.1054274e-15   0.0000000e+00   0.0000000e+00   1.0027831e-36   4.3368087e-19
   3.3283527e-03   1.4263878e-02   3.1356194e-02   2.8440248e-04  -1.3583974e-04   6.3205364e-05
   5.8480587e-02   1.7297905e-03   6.8004609e-02   1.3347099e-04  -7.6078547e-04  -7.4727879e-04
   8.1970890e-02   5.8561548e-02   4.9996628e-02  -7.2828063e-04  -1.3396501e-03  -7.0791461e-04
   7.2848516e-02   3.2371741e-02   5.6723934e-02   1.4906554e-04  -9.7224971e-04  -5.9715402e-04
   6.9068243e-02   3.7162727e-02   5.3508271e-02  -5.7909548e-04  -1.1500398e-03  -6.1696682e-04
   6.4265381e-02   4.4045867e-02   6.1922703e-02  -3.0221877e-04  -1.0737243e-03  -6.6535258e-04
   6.8676757e-02   5.0193944e-02   4.5054275e-02  -7.7909787e-04  -1.2394808e-03  -6.9071823e-04
   7.3402166e-02   5.9708856e-02   5.6376712e-03  -1.1910271e-03  -1.1902709e-03  -8.1611327e-04
   6.2028242e-02   6.6847509e-02   9.0479087e-03  -1.4411860e-03  -1.3188533e-03  -6.3112226e-04
   6.6112145e-02   8.8370120e-02   1.5081366e-02  -8.6520578e-04  -1.3289357e-03  -7.5529540e-04
   5.0174931e-02   7.2922861e-02  -1.8538958e-04  -1.3274298e-03  -1.1271513e-03  -6.2736613e-04
   4.8851323e-02   8.1391079e-02  -8.1398703e-04  -1.9154962e-03  -1.1431941e-03  -6.5999124e-04
   2.3552858e-02   8.4644957e-02  -1.2415497e-02  -1.6589717e-03  -1.2321021e-03  -2.2521743e-04
   5.0182374e-02   9.3946198e-02  -6.5558535e-02  -2.5748400e-03  -1.1582363e-03  -6.1900413e-04
   5.9510930e-02   9.7147721e-02   1.4452607e-02  -2.0357564e-03  -1.3497260e-03  -6.1476818e-04
   6.5642434e-02   1.2538655e-01   1.0790141e-03  -2.0798406e-03  -1.2629184e-03  -6.3839218e-04
   7.3478548e-02   1.0340219e-01   1.3784288e-02  -2.6481084e-03  -1.3833734e-03  -8.0719015e-04
   9.5142827e-02   1.2763383e-01  -2.8289810e-02  -2.6174195e-03  -1.3585896e-03  -9.3138569e-04
   1.0890644e-01   1.3350161e-01  -1.0477997e-01  -3.1859655e-03  -1.5143549e-03  -1.1632346e-03
   1.0068191e-01   1.0985860e-01  -2.2169807e-03  -2.4481272e-03  -1.8779739e-03  -9.6287779e-04
   8.5890228e-02   1.3375572e-01  -5.4776393e-02  -3.1361791e-03  -1.9980320e-03  -7.5844569e-04
   7.6326748e-02   1.2975349e-01  -3.6325208e-02  -3.2201584e-03  -2.1929982e-03  -1.1183132e-03
   6.9551483e-02   1.2700253e-01   1.0394304e-02  -3.0653038e-03  -2.2826633e-03  -1.1280995e-03
   6.2374539e-02   1.5226242e-01   2.5529953e-02  -2.5747617e-03  -2.2490359e-03  -1.3093565e-03
   7.7710826e-02   1.2461335e-01   2.1826028e-02  -2.8237800e-03  -2.2009290e-03  -1.6587774e-03
   9.6463945e-02   1.4556552e-01   4.0675526e-02  -3.0464211e-03  -2.3810783e-03  -1.5936158e-03
   1.0452756e-01   1.6523562e-01  -2.1195285e-02  -3.8338287e-03  -2.5609235e-03  -1.7495383e-03
   1.0033946e-01   1.4441886e-01   2.5452329e-02  -3.4066193e-03  -2.6160084e-03  -1.7206441e-03
   1.0223593e-01   1.5697280e-01  -1.3248395e-02  -3.5070878e-03  -2.7034573e-03  -1.7392953e-03
   1.0071437e-01   1.6573685e-01  -8.1776597e-02  -4.6973687e-03  -2.6178787e-03  -1.8421754e-03
   1.1471644e-01   1.7237290e-01  -2.8247720e-02  -4.2475342e-03  -2.8305564e-03  -1.9450907e-03
   9.6558376e-02   1.8295686e-01  -6.6381758e-02  -4.1670510e-03  -2.5661539e-03  -1.8330569e-03
   1.0588882e-01   1.6738633e-01  -5.2744698e-02  -3.9979904e-03  -2.8474706e-03  -1.9384046e-03
   1.1191287e-01   1.6020315e-01   1.1104031e-02  -3.7976072e-03  -3.1326003e-03  -1.8896499e-03
   1.1134938e-01   1.7646337e-01  -6.2817165e-02  -4.1290881e-03  -3.1098425e-03  -2.1500772e-03
   9.3253707e-02   1.8227331e-01  -9.3355757e-02  -4.6984884e-03  -3.0964566e-03  -2.0585447e-03
   9.8629001e-02   1.8051716e-01  -5.3118203e-02  -4.3128864e-03  -3.1959500e-03  -2.0537917e-03
   1.0425965e-01   1.9765723e-01  -4.4122734e-02  -4.0276752e-03  -3.1827009e-03  -2.0030901e-03
   9.6612682e-02   1.9000121e-01  -6.2093370e-02  -4.5996653e-03  -3.4031721e-03  -2.1813770e-03
   1.0330093e-01   1.6641930e-01   7.5071180e-03  -3.6394209e-03  -3.3102201e-03  -2.1381332e-03
   1.2260648e-01   2.0578068e-01  -5.4171663e-02  -3.9072252e-03  -3.4178420e-03  -2.3257544e-03
   9.5848571e-02   1.8935550e-01   5.3453152e-02  -3.5129182e-03  -2.8753628e-03  -2.2375639e-03
   2.9423408e-02   2.5367916e-01   6.7707406e-02  -4.1525414e-03  -1.9135866e-03  -1.6137617e-03
   8.5386958e-02   1.8802342e-01  -4.7091227e-02  -3.9155126e-03  -2.7673915e-03  -2.0189139e-03
   8.5016919e-02   1.8341540e-01  -1.8207592e-02  -3.7149330e-03  -2.8134036e-03  -2.1492805e-03
   9.3898541e-02   2.0141861e-01   7.7872692e-03  -3.8161513e-03  -2.9888633e-03  -2.1647052e-03
   1.0322688e-01   2.2377329e-01   2.4632024e-02  -3.7974079e-03  -2.9195919e-03  -2.3927703e-03
   1.0057696e-01   2.0972503e-01   2.1328041e-02  -4.0548488e-03  -2.9350711e-03  -2.5406354e-03
   9.6597595e-02   1.9546075e-01   2.8843033e-02  -3.7977361e-03  -2.8807505e-03  -2.4075015e-03
   1.0157740e-01   2.2290345e-01  -2.6053511e-02  -4.2491379e-03  -2.9027508e-03  -2.4054632e-03
   1.0536818e-01   1.8444360e-01   5.3935435e-02  -3.7743715e-03  -2.9850764e-03  -2.3575461e-03
   1.0550381e-01   1.7676068e-01   5.0988761e-02  -3.2669568e-03  -2.9681921e-03  -2.4162086e-03
   1.1652905e-01   1.8119828e-01   5.1986532e-02  -3.6328494e-03  -3.0113386e-03  -2.6230223e-03
   1.0712426e-01   1.7897895e-01   7.6690317e-02  -3.1060703e-03  -3.1396075e-03  -2.5845205e-03
   1.0866805e-01   2.0296067e-01   2.8768603e-02  -3.4543710e-03  -2.8971680e-03  -2.6220995e-03
   1.1716233e-01   1.8956443e-01   5.0305378e-02  -3.5401659e-03  -3.0333639e-03  -2.5360690e-03
   1.1389920e-01   2.1254206e-01   3.0236879e-02  -3.5641839e-03  -2.9004569e-03  -2.4410694e-03
   1.1863436e-01   1.9430076e-01   1.9050181e-03  -3.6032743e-03  -3.2361606e-03  -2.4219578e-03
   1.0195980e-01   1.9770513e-01   6.1295687e-02  -3.2673724e-03  -2.7634461e-03  -2.1181019e-03
   8.5065619e-02   2.1018474e-01   4.5746353e-02  -3.1793489e-03  -2.1307837e-03  -1.9348688e-03
   7.6443320e-02   2.1692752e-01   2.5856892e-02  -3.8315735e-03  -1.6175349e-03  -1.7135347e-03
   6.5570145e-02   2.1120391e-01   5.0484202e-02  -3.7381767e-03  -1.4029495e-03  -1.5857878e-03
   6.5627557e-02   2.2768425e-01  -3.2745516e-02  -4.3371161e-03  -1.3920972e-03  -1.5147431e-03
   8.0772643e-02   2.2587729e-01  -4.5324605e-02  -4.6973682e-03  -1.2214791e-03  -1.7851703e-03
   8.0030887e-02   2.4787445e-01  -2.3492026e-02  -4.4370859e-03  -1.1645845e-03  -1.7837179e-03
   9.9698289e-02   2.5498466e-01  -1.3833965e-02  -4.0565163e-03  -1.4163912e-03  -1.7261941e-03
   8.5740894e-02   2.2385450e-01   2.1808504e-02  -4.2384248e-03  -1.6633890e-03  -1.6174776e-03
   6.8304205e-02   2.8588217e-01  -5.4773714e-02  -5.3744073e-03  -1.5106288e-03  -1.1871749e-03
   5.6730007e-02   2.5482683e-01  -7.8686412e-02  -5.5053011e-03  -1.4364892e-03  -1.1439223e-03
   3.8338025e-02   2.6435244e-01  -8.0077050e-02  -5.6168836e-03  -1.2693292e-03  -9.9350844e-04
   3.2994052e-02   2.8566513e-01  -1.2950662e-01  -5.6918002e-03  -9.2647817e-04  -1.0361338e-03
   2.6750175e-02   2.9320326e-01  -1.2370580e-01  -5.9868875e-03  -9.0083175e-04  -9.3486677e-04
   3.2382552e-02   2.6907025e-01  -8.4810444e-02  -5.2462548e-03  -9.1679259e-04  -9.3088252e-04
   3.0300012e-02   3.0467512e-01  -7.8676218e-02  -4.7232331e-03  -9.0147574e-04  -8.9470452e-04
   3.2652031e-02   2.5012169e-01  -5.0879346e-02  -4.4424158e-03  -1.0878416e-03  -7.3687067e-04
   5.4231786e-02   1.9391103e-01  -2.1848785e-02  -2.7826220e-03  -1.1131675e-03  -1.0772261e-03
   5.2375086e-02   2.3236035e-01  -1.1845120e-01  -3.5840347e-03  -1.1835082e-03  -1.0450720e-03
   4.2923586e-02   2.2356519e-01  -1.0076531e-01  -3.7239282e-03  -1.3392422e-03  -9.5275034e-04
   5.9600394e-02   2.2041339e-01  -8.4000652e-02  -3.2078558e-03  -1.4165280e-03  -8.7785931e-04
   4.4345008e-02   2.3688879e-01  -9.7696092e-02  -3.6445629e-03  -1.2986219e-03  -7.5818689e-04
   4.9256045e-02   2.2477023e-01  -3.3304801e-02  -3.1756993e-03  -1.3640105e-03  -6.8622582e-04
   4.2905395e-02   2.2545144e-01  -5.7424652e-02  -3.0019750e-03  -9.8264016e-04  -6.7832415e-04
   4.7355200e-02   2.1084728e-01  -3.3111962e-02  -3.1333471e-03  -9.3085143e-04  -8.1405704e-04
   5.9334746e-02   1.9896798e-01  -8.0297942e-06  -2.6846261e-03  -1.0145334e-03  -8.5495450e-04
   8.8624163e-02   2.1905465e-01  -4.2403426e-02  -2.9032471e-03  -9.8086634e-04  -1.0239244e-03
   8.8742323e-02   1.9748901e-01   4.0934557e-03  -2.6126356e-03  -1.1587031e-03  -1.0154493e-03
   8.7699859e-02   2.0637919e-01   7.3036906e-03  -2.4638331e-03  -1.0912038e-03  -8.8799098e-04
   7.4639924e-02   1.9639502e-01  -3.7768292e-02  -2.6880746e-03  -9.3630672e-04  -8.0579048e-04
   8.6657922e-02   1.9174727e-01   1.6839372e-02  -2.4553229e-03  -1.0785389e-03  -8.0522786e-04
   7.5283821e-02   1.9871722e-01  -9.0909551e-03  -2.6429752e-03  -9.0916179e-04  -6.9056253e-04
   7.6926670e-02   2.0411666e-01  -2.3568963e-02  -2.7033790e-03  -9.5999939e-04  -7.9044897e-04
   7.4673606e-02   1.9155869e-01   2.8433145e-02  -2.3423631e-03  -9.6785926e-04  -7.2989967e-04
   7.3188750e-02   2.1170910e-01   1.2983553e-02  -2.2158241e-03  -7.5073023e-04  -6.3027618e-04
   5.9005340e-02   1.8571065e-01   1.2813858e-02  -2.2565414e-03  -7.8370987e-04  -5.7998824e-04
   3.4804089e-02   1.4955919e-01   1.0348572e-01  -6.0066417e-04  -1.1862731e-04  -2.5613267e-04
   3.1204970e-03   1.8968243e-01   7.8204684e-02  -5.9884138e-04   6.9960527e-04  -1.3281003e-04
   1.0175670e-02   1.4851325e-01   1.7404370e-01   1.0473243e-04   9.4672631e-04  -9.2006761e-05
  -3.7736498e-02   1.9438619e-01   1.3211891e-01  -4.2992563e-05   1.8937067e-03   1.1560419e-05
  -1.8664324e-01   1.7179500e-01   2.5988270e-01   8.9654580e-04   2.2552394e-03  -3.4811640e-06
  -2.5983744e-01   2.3389056e-01   3.2582302e-01   1.0659688e-03   3.3477168e-03  -1.2572959e-03
  -3.4168333e-01   2.5392346e-01   1.9195508e-01  -3.4601401e-04   4.8452105e-03  -1.5724812e-04
  -2.9641220e-01   2.2910835e-01   2.5563610e-01   2.0652326e-04   5.5148705e-03  -1.2551610e-03
  -2.5519692e-01   2.5666901e-01   2.2130801e-01  -3.1253165e-04   5.3331149e-03  -1.7293023e-03
  -2.8468500e-01   2.4515957e-01   2.7970786e-01   4.0439951e-04   5.6655263e-03  -1.3188891e-03
  -2.5035757e-01   2.1756685e-01   2.4683099e-01  -1.4338365e-04   5.8193868e-03  -1.8629953e-03
  -2.4257065e-01   2.2042025e-01   2.4644912e-01   2.8340575e-04   6.3725350e-03  -1.7855099e-03
  -2.5032427e-01   2.6408864e-01   2.3825544e-01  -2.0882375e-04   6.5895673e-03  -1.7491993e-03
  -2.1845503e-01   2.4253050e-01   2.8335491e-01   7.4388283e-05   6.7485574e-03  -1.7855289e-03
  -2.2544973e-01   2.4675656e-01   2.7099024e-01   5.1876881e-05   7.2263548e-03  -1.7979627e-03
  -2.1001922e-01   2.6588752e-01   2.1195590e-01  -9.4597138e-04   6.7232303e-03  -1.5399429e-03
  -2.0910724e-01   2.6978114e-01   2.9104965e-01  -6.2996808e-04   6.4496490e-03  -9.8995514e-04
  -2.0661194e-01   2.8856669e-01   2.3139924e-01  -9.7166689e-04   7.2259249e-03  -1.2085498e-03
  -1.8074766e-01   2.5518677e-01   2.4608770e-01  -1.1283653e-03   7.2350993e-03  -1.5276632e-03
  -2.0662418e-01   2.3744520e-01   2.5558098e-01  -1.0824858e-04   7.7357292e-03  -1.2501121e-03
  -2.1048408e-01   3.0491676e-01   2.0309943e-01  -8.8215614e-04   7.9065934e-03  -1.3122237e-03
  -2.0857964e-01   2.6665109e-01   2.3416670e-01  -7.9120734e-04   7.7223485e-03  -1.2185621e-03
  -1.9883580e-01   2.7881435e-01   2.2120339e-01  -8.9856654e-04   7.5444263e-03  -1.3605011e-03
  -2.0189835e-01   2.6461036e-01   1.8110517e-01  -8.5628874e-04   7.3846672e-03  -1.1540990e-03
  -1.9121465e-01   2.5676155e-01   1.5250488e-01  -1.5665822e-03   6.5614319e-03  -9.3684228e-04
  -1.4248150e-01   2.8806008e-01  -5.0186439e-03  -2.8749886e-03   4.8492927e-03  -1.5717549e-03
  -1.0250948e-01   3.0862006e-01  -9.6982655e-03  -4.0977924e-03   3.0231173e-03  -1.7656894e-03
  -1.2900681e-01   2.4421772e-01  -4.3722526e-02  -2.5056078e-03   2.8506984e-03  -1.6592743e-03
  -8.0475565e-02   3.3496083e-01   7.2488296e-02  -3.1118808e-03   1.5452773e-03  -1.8252271e-03
  -3.5912124e-02   3.0826832e-01   7.8168036e-02  -3.8768495e-03   9.4185619e-04  -2.2428390e-03
  -9.4676426e-02   2.4389773e-01   4.4314767e-02  -3.6917525e-03   9.6752078e-04  -1.8633085e-03
  -8.5989495e-02   2.7378305e-01   7.4254552e-02  -3.0346096e-03   8.7392750e-04  -1.7688260e-03
  -4.8780893e-02   2.7534560e-01   5.8842157e-02  -3.0615061e-03   4.6591225e-04  -2.3676305e-03
  -1.9142059e-02   2.6341507e-01   8.5099053e-02  -3.2860858e-03   1.5842536e-04  -2.5836225e-03
