   0.0000000e+00   0.0000000e+00   0.0000000e+00   0.0000000e+00   0.0000000e+00   0.0000000e+00
  -7.8005097e-02   1.8836956e-01   1.8614462e+00   3.1725283e-03   1.2057682e-03   2.4654251e-03
  -5.9081487e-02  -3.6779543e-02   1.0364174e+00  -5.0852078e-03  -1.0447466e-03  -5.7267987e-04
  -1.4355875e-02   1.1921036e-01   3.8977357e-01  -2.6976240e-03  -5.5864595e-04  -1.4076728e-03
   1.0278050e-02   8.3593973e-02   6.5495239e-01  -5.2651122e-03  -8.8258381e-04  -2.1802319e-03
   2.9368179e-03   1.0882000e-01   4.9602460e-01  -1.9569243e-03  -4.2967142e-04  -1.8330676e-03
   2.5597149e-02   6.5935019e-02   7.1032393e-01  -4.3895816e-03  -1.1151474e-03  -2.0311988e-03
   1.6929889e-02   8.1584729e-02   2.4705083e-01  -4.6904943e-03  -5.4442661e-04  -2.1801950e-03
   1.1138543e-01   2.6511712e-02   1.3675808e+00  -1.0507386e-02  -4.0751461e-05  -2.4912607e-03
   4.2369728e-02  -6.8208807e-02   7.4337683e-01  -1.3384528e-02  -5.5720597e-04  -2.0698488e-03
   1.0021789e-01   6.8383749e-03   4.1913980e-01  -8.0895532e-03  -4.2672078e-04  -3.1858359e-03
   6.3541635e-02   6.9816958e-02   4.7270703e-01  -8.4663434e-03   7.0740671e-05  -2.7683988e-03
   8.3296911e-02   8.6341299e-02   2.8316011e-01  -1.0104113e-02  -2.2232347e-04  -2.6507013e-03
   9.2953921e-02   5.1830754e-02   4.7388489e-01  -7.6695128e-03  -1.2734074e-04  -2.8244728e-03
   1.1896994e-01   5.4059719e-02   4.6045558e-01  -6.2742004e-03  -3.4248067e-04  -2.8133623e-03
   1.8725987e-01   1.1715132e-01   3.3880784e-01  -7.0957896e-03  -1.1002088e-03  -2.8259634e-03
   1.5837927e-01   1.3040561e-01   3.0409216e-01  -6.9852658e-03  -9.2456589e-04  -3.5084851e-03
   1.3697238e-01   1.3750228e-01   2.6717089e-01  -6.5766185e-03  -7.1190186e-04  -3.2876560e-03
   1.4336006e-01   1.4454462e-01   2.8397661e-01  -6.9065465e-03  -8.5043379e-04  -3.3781833e-03
   1.3757843e-01   1.1474091e-01   2.3938496e-01  -6.1224456e-03  -5.0063987e-04  -3.4950240e-03
   1.4034403e-01   1.4040334e-01   5.9682257e-01  -8.2583404e-03  -5.3453204e-04  -4.3103258e-03
   1.0162169e-01   1.3748343e-01   3.8973475e-01  -8.4122034e-03  -7.3642429e-04  -3.9292298e-03
   1.3077631e-01   1.1024053e-01   1.6479150e-01  -8.7977427e-03  -5.1560319e-04  -4.4027499e-03
   1.1779520e-01   1.3353534e-01   1.9829091e-01  -1.1301315e-02  -5.0204202e-04  -4.0914586e-03
   1.1908095e-01   1.3613663e-01   2.1307105e-01  -8.6653839e-03  -3.8734624e-04  -4.3016122e-03
   1.0986086e-01   1.3632923e-01   3.2603052e-01  -7.3874229e-03  -2.3760195e-04  -4.0062768e-03
   1.2611804e-01   1.2434592e-01   2.1449089e-01  -8.3945934e-03  -1.6957799e-04  -4.2718779e-03
   1.0619856e-01   1.4609342e-01   2.5258936e-01  -8.4817194e-03  -4.3817329e-04  -3.9814338e-03
   1.2598694e-01   1.0845296e-01   1.6444018e-01  -9.4570655e-03  -1.0340902e-03  -4.4105122e-03
   1.3010006e-01   9.6865172e-02   1.1985761e-01  -9.8179615e-03   2.9503992e-04  -5.1805275e-03
   1.6900694e-01   1.3589799e-01  -1.3186545e-02  -1.1168182e-02   2.8864762e-04  -5.3916141e-03
   1.6336704e-01   1.2388678e-01   1.9410720e-01  -8.5776322e-03  -7.6794448e-05  -4.9621460e-03
   1.7905337e-01   1.2059709e-01  -9.0093503e-02  -1.3210535e-02   1.1161880e-04  -5.2398930e-03
   1.5410862e-01   1.5068418e-01   2.2298137e-01  -8.4795833e-03   4.9741732e-05  -4.7981546e-03
   1.5210624e-01   1.4499090e-01  -1.2198922e-01  -1.1416481e-02  -4.4674438e-04  -5.3048052e-03
   1.5169276e-01   1.6941976e-01   9.3133607e-02  -1.0607075e-02   4.6809750e-05  -5.4294760e-03
   1.6771022e-01   1.2307527e-01   1.8148167e-01  -1.0117473e-02   7.8809976e-05  -5.3165400e-03
   1.4220515e-01   1.7607196e-01   1.7425974e-01  -1.0132636e-02   2.3200753e-05  -4.8804577e-03
   1.8084331e-01   1.1168174e-01   6.5400346e-02  -1.2705231e-02  -2.5734853e-04  -5.3158455e-03
   1.5383739e-01   1.5030591e-01   2.0273313e-01  -9.7039035e-03  -2.1899721e-04  -5.1662434e-03
   1.8965763e-01   1.0005831e-01   9.9652213e-03  -1.3035814e-02  -2.1327031e-04  -5.5237904e-03
   1.2897673e-01   1.5947318e-01   3.0278329e-01  -6.1961753e-03   5.0104168e-04  -4.9444459e-03
   1.9773845e-01   9.5276969e-02  -3.3394557e-02  -1.2951991e-02  -3.4906021e-04  -5.7241518e-03
   9.4253321e-02   2.4164978e-01   3.2476902e-01  -6.1766987e-03   3.2128180e-04  -4.6788717e-03
   2.5503534e-01  -1.8478011e-01  -3.8647897e-01  -2.0541747e-02  -7.3907923e-04  -6.8088652e-03
  -2.7221968e+00  -7.2632591e+00  -1.5134527e+00  -4.7791612e-02   1.9911746e-03   2.6219956e-02
  -2.6810638e+00  -3.6532910e-01   1.4539206e+00   2.0855399e-02   6.1561899e-03   3.4270117e-02
  -2.3908476e+00   5.2886103e-02   4.9902847e-01   3.0838451e-03   4.4579444e-03   3.7622856e-02
  -2.3679310e+00   1.9689076e-01   5.6246068e-01   1.2935043e-02   3.8841146e-03   3.7177365e-02
  -2.2030932e+00   1.8761809e-01   5.8641931e-02   2.2265326e-03   4.0701152e-03   3.6114828e-02
  -2.0453817e+00   3.6639210e-01   2.6660556e-01   2.6288134e-03   2.5955570e-03   3.2398641e-02
  -1.8813967e+00   2.7432517e-01  -6.0704789e-01  -8.0093208e-03  -1.8911530e-03   2.7862889e-02
  -1.8249114e+00   3.5602406e-01  -4.6656297e-01  -4.2825152e-03  -6.5065339e-05   2.6869819e-02
  -1.7934230e+00   3.8887339e-01  -5.7011523e-01  -9.3118966e-03  -6.7868357e-04   2.7089466e-02
  -1.8022813e+00   4.0082773e-01  -5.0109899e-01  -6.2996741e-03  -5.3183489e-04   2.7337421e-02
  -1.7585474e+00   3.6721024e-01  -4.5377137e-01  -6.0611021e-03  -1.0654513e-03   2.6838920e-02
  -1.7714874e+00   4.0528665e-01  -4.8951766e-01  -6.1074017e-03  -9.2953644e-04   2.6694881e-02
  -1.7564751e+00   3.7785109e-01  -5.9999882e-01  -8.9051591e-03  -7.0590569e-04   2.6635906e-02
  -1.7488903e+00   4.2345357e-01  -4.6536676e-01  -5.8985401e-03  -4.2605774e-04   2.6573450e-02
  -1.7202746e+00   3.4972663e-01  -4.3821734e-01  -4.9845360e-03  -8.1995471e-04   2.6188965e-02
  -1.7361630e+00   4.1066430e-01  -4.1735388e-01  -4.3490231e-03  -3.2742692e-04   2.6234903e-02
  -1.7353861e+00   4.0218008e-01  -4.4622238e-01  -5.2976120e-03  -4.5894133e-04   2.6425181e-02
  -1.7396034e+00   3.8373027e-01  -4.3612401e-01  -4.1619950e-03  -2.9256294e-04   2.6302693e-02
  -1.7284633e+00   3.6214096e-01  -5.5762398e-01  -6.6724336e-03  -7.4526550e-04   2.6474160e-02
  -1.7317112e+00   4.0180544e-01  -5.4255774e-01  -6.4786158e-03  -1.0030145e-03   2.6489424e-02
  -1.7354114e+00   3.7646395e-01  -4.8717569e-01  -5.2084261e-03  -1.3529612e-03   2.6612379e-02
  -1.7185173e+00   3.9717855e-01  -4.8480109e-01  -5.6395234e-03  -8.6269992e-04   2.6316062e-02
  -1.7110666e+00   4.0393415e-01  -4.8296943e-01  -5.3270155e-03  -1.0112712e-03   2.6430953e-02
  -1.7020117e+00   4.0034047e-01  -4.7148799e-01  -4.8377878e-03  -1.0947363e-03   2.6226883e-02
  -1.6867721e+00   3.8205453e-01  -5.0537280e-01  -5.2907410e-03  -1.2219109e-03   2.6331187e-02
  -1.6708487e+00   4.0137140e-01  -4.6725620e-01  -5.6407016e-03  -1.1069239e-03   2.6128306e-02
  -1.6831413e+00   3.8775067e-01  -7.1387233e-01  -6.2882076e-03  -1.5896314e-03   2.6264801e-02
  -1.6883983e+00   3.9903517e-01  -7.9122569e-01  -5.3893356e-03  -1.0501336e-03   2.6195062e-02
  -1.6868251e+00   4.3020029e-01  -7.1089311e-01  -4.4872306e-03  -8.4056620e-04   2.5845043e-02
  -1.6927770e+00   5.0092226e-01  -7.6861763e-01  -4.9421086e-03  -7.5789122e-04   2.5808430e-02
  -1.6937096e+00   4.3054907e-01  -7.6522459e-01  -5.2963588e-03  -1.1413835e-03   2.6138725e-02
  -1.6455919e+00   4.4016827e-01  -7.5594954e-01  -5.3139763e-03  -7.9635299e-04   2.5375629e-02
  -1.6210147e+00   4.0739684e-01  -7.6773536e-01  -5.0494579e-03  -1.3441763e-03   2.5156783e-02
  -1.6052006e+00   4.3982279e-01  -7.6094208e-01  -4.9771284e-03  -1.9503259e-03   2.4818352e-02
  -1.6297072e+00   4.0712477e-01  -7.8663488e-01  -3.7039472e-03  -2.6299786e-03   2.5406475e-02
  -1.6055543e+00   4.6249545e-01  -4.5746963e-01  -3.6362766e-03  -3.4298212e-03   2.5015234e-02
  -1.6101449e+00   4.0946966e-01  -3.5543487e-01  -6.1118045e-03  -2.8340517e-03   2.4597801e-02
  -1.6138995e+00   4.4013187e-01  -5.9352905e-01  -5.5610235e-03  -2.5979231e-03   2.4725037e-02
  -1.6205702e+00   4.2468240e-01  -5.1636374e-01  -5.9352539e-03  -2.5066264e-03   2.4758318e-02
  -1.5942558e+00   4.6642412e-01  -6.3378388e-01  -6.5547396e-03  -2.4349344e-03   2.4710665e-02
  -1.5814495e+00   4.1678989e-01  -4.3467953e-01  -4.3894532e-03  -2.4384179e-03   2.4526496e-02
  -1.5699394e+00   4.7513896e-01  -5.8784334e-01  -5.5597356e-03  -2.3876962e-03   2.4407590e-02
  -1.5839049e+00   4.2158840e-01  -4.4733196e-01  -4.4962152e-03  -2.2874434e-03   2.4699344e-02
  -1.5462686e+00   4.8676448e-01  -5.8206994e-01  -5.2701151e-03  -2.2205539e-03   2.4266391e-02
  -1.5589858e+00   3.7987805e-01  -4.2779017e-01  -4.3167601e-03  -2.7029836e-03   2.4622278e-02
  -1.5392185e+00   5.0562182e-01  -8.1972229e-01  -9.9123125e-03  -2.5393993e-03   2.4051294e-02
  -1.5747411e+00   3.8044415e-01  -3.4164967e-01  -3.8345653e-03  -2.2741851e-03   2.4271713e-02
  -1.5545012e+00   5.6335223e-01  -9.5744483e-01  -8.9242089e-03  -2.6760557e-03   2.4228562e-02
  -1.6212850e+00  -2.7662203e-01   3.3042723e+00   2.8529335e-02  -1.3704874e-03   2.3370543e-02
  -1.8185286e+00   9.8554751e-01   7.2249932e+00   5.2900164e-02  -8.9510620e-03   2.1479900e-02
  -1.7896904e+00   8.2735632e-01   4.4666242e+00   3.3513952e-02  -9.5193885e-03   2.0993720e-02
  -1.6365022e+00   9.5536587e-01   4.4794697e+00   5.0733318e-02  -6.4593469e-03   1.9557844e-02
  -1.6860286e+00   1.0964568e+00   4.1159382e+00   4.2825956e-02  -7.8443549e-03   2.0934841e-02
  -1.6156266e+00   1.2080090e+00   4.3887886e+00   5.0820709e-02  -7.2776808e-03   2.0691652e-02
  -1.5276531e+00   1.1560193e+00   4.1669298e+00   4.4139860e-02  -6.9164765e-03   1.9401616e-02
  -1.5519800e+00   1.1585488e+00   4.1912547e+00   4.6906355e-02  -7.2333938e-03   1.9312317e-02
  -1.5596635e+00   1.1527708e+00   4.0024778e+00   4.1535758e-02  -7.4475401e-03   1.9324731e-02
  -1.5327592e+00   1.1646541e+00   4.1195392e+00   4.6778347e-02  -7.3104181e-03   1.8851880e-02
  -1.5397450e+00   1.1272856e+00   4.1432550e+00   4.4384643e-02  -7.5659545e-03   1.9015370e-02
  -1.5222075e+00   1.2106837e+00   4.0616465e+00   4.6290749e-02  -7.9082324e-03   1.8852561e-02
  -1.5265469e+00   1.1094631e+00   4.0821066e+00   4.3214827e-02  -7.9275287e-03   1.8923719e-02
  -1.5001944e+00   1.2294083e+00   3.9598618e+00   4.5266999e-02  -7.5353964e-03   1.8419801e-02
  -1.5399734e+00   1.0846802e+00   4.2868476e+00   4.5166418e-02  -7.3682701e-03   1.8837556e-02
  -1.4507697e+00   1.3678478e+00   3.9722274e+00   4.6205287e-02  -6.2861007e-03   1.7286447e-02
  -2.3566215e+00  -1.1405452e+00   1.1598010e+01   9.5350566e-02  -6.0534901e-03   3.0544683e-02
  -6.6460106e+00  -8.6128704e-01   7.1646583e+00   5.2804182e-02  -6.7886903e-03   9.4248615e-02
  -6.2023838e+00   4.0421221e-01   5.7382242e+00   5.0845751e-02  -5.9160780e-03   8.9131370e-02
  -6.4845307e+00   3.2157979e-01   6.2733109e+00   5.3150626e-02  -7.3971186e-03   9.3930537e-02
  -6.3207669e+00   6.0387206e-01   5.7902883e+00   5.0580006e-02  -4.5307113e-03   9.1070659e-02
  -6.2629337e+00   7.1699481e-01   5.8462720e+00   5.1826941e-02  -2.1609077e-03   9.2749667e-02
  -6.1320918e+00   9.4262608e-01   5.1892321e+00   5.5272873e-02  -2.5955858e-03   9.1630635e-02
  -6.2655603e+00   1.0302097e+00   5.4306427e+00   5.3032304e-02  -3.6034436e-03   9.2694210e-02
  -6.0875463e+00   1.0414732e+00   5.2754898e+00   5.2130090e-02  -4.7163136e-03   8.7987167e-02
  -6.1465431e+00   9.8417058e-01   5.2688792e+00   5.0768562e-02  -5.0205644e-03   8.9101680e-02
  -6.0350706e+00   1.0285542e+00   5.0978297e+00   5.1093450e-02  -4.4454604e-03   8.7990329e-02
  -6.0740415e+00   9.8918036e-01   5.1940994e+00   5.1588722e-02  -4.4307612e-03   8.8663791e-02
  -6.0252812e+00   1.0469560e+00   4.9837628e+00   5.0566184e-02  -4.7725507e-03   8.7843688e-02
  -6.0629102e+00   1.0159911e+00   5.0364526e+00   5.0951111e-02  -4.7070688e-03   8.8114539e-02
  -6.0267518e+00   1.1101393e+00   4.9114572e+00   5.0518456e-02  -4.5851139e-03   8.7535788e-02
  -5.9971171e+00   1.0370920e+00   4.7080428e+00   4.6316846e-02  -3.7961763e-03   8.7353240e-02
  -5.8365601e+00   1.0594217e+00   4.3777627e+00   4.2875303e-02  -3.9642962e-03   8.5223456e-02
  -5.9014022e+00   1.1021576e+00   4.6151639e+00   4.4544641e-02  -3.8606962e-03   8.5838320e-02
  -5.8588706e+00   1.1325150e+00   4.4592360e+00   4.3808192e-02  -3.9325782e-03   8.5638213e-02
  -5.8861400e+00   1.1686627e+00   4.5241809e+00   4.5435222e-02  -4.2443870e-03   8.6473204e-02
