   0.0000000e+00   0.0000000e+00   0.0000000e+00   0.0000000e+00   0.0000000e+00   0.0000000e+00
  -3.4037520e-02   3.6980351e-02   1.4782652e-02  -4.3730638e-04   1.0476351e-04   3.2420663e-04
  -3.8662074e-02  -5.8394182e-02   1.0231819e-01   2.0284981e-04   6.2245866e-04   5.2164787e-05
  -2.2944659e-02  -4.4983515e-04   2.8739233e-02  -1.1725426e-03   6.6876366e-04  -6.2015418e-04
  -2.1542179e-02  -4.7525748e-03   1.4169785e-01   7.2919555e-04   3.0712337e-04  -4.6862801e-04
  -1.9942110e-02  -1.6260713e-02   1.7003119e-01   7.3921378e-04   5.7657071e-04  -6.3215351e-04
  -1.4616820e-02  -1.6541849e-02   1.6419500e-01   1.7690445e-04   1.1743959e-03  -8.7213993e-04
  -1.2604675e-02   1.8835744e-02   2.1042686e-01   2.1343839e-03   1.1673476e-03  -7.9982055e-04
  -2.9594019e-02  -7.5205898e-03   1.4966640e-01   4.9720444e-04   1.0345312e-03  -6.2144505e-04
  -1.7245749e-02   2.1737465e-02   1.4481150e-01   1.3128543e-03   8.4710187e-04  -8.6602263e-04
  -1.6740963e-02   7.2040574e-03   1.5424709e-01   1.0269343e-03   5.2615410e-04  -1.0066574e-03
  -1.6590772e-02   1.2371206e-02   1.4992336e-01   1.8914222e-03   6.6117542e-04  -1.0412619e-03
  -2.4762389e-02   6.9998943e-05   2.5034188e-02  -2.1100521e-03   6.5540717e-04  -1.0485214e-03
  -1.7875960e-02   4.4462762e-02   9.6595530e-02   3.4454554e-04   7.7355923e-04  -1.1840337e-03
  -2.9998958e-04  -1.4105058e-02   1.6682858e-01   1.1122879e-03   7.3754970e-04  -1.4476734e-03
   2.0514225e-02   8.2859289e-03   2.1112290e-01   2.9797336e-03   1.4633179e-03  -1.6850298e-03
   1.7784466e-02   6.2049663e-03   1.6179999e-01   1.0145254e-03   6.4604651e-04  -1.8101770e-03
   1.7294585e-02   1.7179458e-02   1.9887742e-01   3.0337821e-03   6.3655920e-04  -1.6413744e-03
  -2.1532068e-02  -3.2722469e-03   1.6766263e-01   1.6718118e-03   5.5777201e-04  -1.3651366e-03
  -2.6218332e-02   3.5487646e-02   3.1133597e-02  -2.7643689e-04   1.1979039e-03  -1.7439219e-03
  -2.3407939e-02   2.0057122e-02   1.4799182e-01   2.2189929e-03   7.2778499e-04  -1.8183956e-03
  -4.5280854e-02   2.9715734e-02   5.7779097e-03   1.8436357e-04   4.2621693e-04  -1.4473408e-03
  -4.1241489e-02   2.2359741e-02   5.9370474e-03  -7.5779462e-04   3.2216614e-04  -1.8870928e-03
  -3.3729813e-02   4.0442205e-02   2.5524713e-02   1.5824178e-04   3.2351598e-04  -1.6874184e-03
  -3.0908463e-02  -1.7764789e-02   8.9336876e-02  -7.0212882e-04   7.9196528e-05  -1.6945934e-03
  -4.6182963e-02   2.3315019e-02   1.7656556e-01   3.2392220e-03   1.8973409e-04  -1.4390206e-03
  -8.5235770e-02  -2.4775755e-02   2.0820185e-01   1.8808761e-03  -1.2536303e-04  -1.8241340e-03
  -8.4988119e-02   2.5205533e-02  -4.4375487e-02   1.5981672e-03  -8.7893692e-04  -1.6826833e-03
  -2.7841020e-01  -1.2873628e-01   4.4595447e-01   4.9911353e-03  -1.1927280e-03  -4.6022039e-03
  -4.2071817e-01  -4.7398168e-02   4.5463846e-01   1.5013094e-03   1.1066264e-03  -7.2968226e-03
  -4.0582930e-01  -5.2174915e-02   3.7722842e-01   3.0126240e-03   8.1950878e-04  -7.8879436e-03
  -4.5045082e-01  -5.9801581e-02   5.7800737e-01   3.8998561e-03   1.3731636e-03  -8.1225935e-03
  -4.0721161e-01  -5.0974624e-02   4.3454512e-01   9.7832085e-04   6.4614305e-04  -7.8839323e-03
  -4.1881671e-01  -6.9803321e-02   6.2926006e-01   4.0782985e-03   1.3042055e-03  -8.0023224e-03
  -3.6021295e-01  -8.2432439e-02   5.8549099e-01   3.9449558e-03   7.3844059e-04  -8.6645998e-03
  -3.4880790e-01  -9.9592373e-02   6.3967804e-01   4.7663166e-03   1.1428933e-03  -8.7144825e-03
  -2.9461784e-01  -9.7201417e-02   5.4598611e-01   3.0697422e-03   1.5062155e-04  -9.2360243e-03
  -3.1212989e-01  -9.5912036e-02   6.0268681e-01   3.9859963e-03   1.1112508e-03  -9.1068219e-03
  -2.8850080e-01  -1.4988108e-01   6.0563995e-01   4.4834799e-03   5.7182416e-04  -9.4836935e-03
  -2.8713125e-01  -6.6971244e-02   4.6261799e-01   2.7042088e-03   1.0752570e-03  -9.9466327e-03
  -2.3640269e-01  -1.0084839e-01   4.8853764e-01   3.2138239e-03   9.1128928e-04  -1.0343404e-02
  -2.6431608e-01  -7.1193465e-02   6.3370738e-01   5.7980431e-03   1.4376618e-03  -1.0101240e-02
  -1.8601467e-01  -1.1903584e-01   5.0344576e-01   2.9300619e-03   9.7759546e-04  -1.1328520e-02
  -2.5541078e-01  -2.5155576e-02   4.8045700e-01   3.3848181e-03   1.6742113e-03  -1.0610703e-02
  -1.7060012e-01  -1.4828053e-01   5.6861724e-01   4.4232858e-03   8.7415323e-04  -1.1506780e-02
  -2.5236219e-01   5.1470075e-02   4.9396312e-01   4.8630332e-03   1.6680192e-03  -1.0542513e-02
  -7.1163896e-02  -6.1277067e-01   5.9321090e-01  -2.2591005e-03  -1.8370065e-03  -1.3163439e-02
  -1.8160239e+00  -9.4845470e+00  -4.1854101e+00  -9.8387059e-02  -7.2945467e-03  -6.2251279e-03
  -1.8564503e+00  -2.3038959e+00  -1.0238302e-01  -2.7087469e-02  -9.9213567e-03  -8.3926913e-03
  -1.6075903e+00  -1.7100799e+00  -5.5404827e-02  -1.8932979e-02  -1.5861471e-02  -1.2397898e-02
  -1.5254735e+00  -1.3850517e+00   1.3070201e-01  -1.4570316e-02  -1.4268067e-02  -1.2005045e-02
  -1.4124687e+00  -1.3111127e+00   1.8866200e-01  -1.4068125e-02  -1.5167897e-02  -1.3258765e-02
  -1.4392568e+00  -1.1880396e+00   2.2500308e-01  -1.2194870e-02  -1.4473716e-02  -1.2040334e-02
  -1.3885191e+00  -1.2519437e+00   2.4087047e-01  -1.2656259e-02  -1.5174283e-02  -1.2628999e-02
  -1.3892952e+00  -1.1454873e+00   2.7768936e-01  -1.1075602e-02  -1.4468792e-02  -1.2440783e-02
  -1.3566990e+00  -1.2146838e+00   2.1930662e-01  -1.2366239e-02  -1.4808863e-02  -1.3241898e-02
  -1.3462342e+00  -1.1080316e+00   2.1821692e-01  -1.1072823e-02  -1.4183307e-02  -1.3020431e-02
  -1.3112463e+00  -1.1263926e+00   1.3130504e-01  -1.2563333e-02  -1.4790529e-02  -1.3520380e-02
  -1.3222247e+00  -1.0967020e+00   1.2552033e-01  -1.1910596e-02  -1.4175215e-02  -1.3452529e-02
  -1.3124625e+00  -1.0838200e+00   1.2716334e-01  -1.1679757e-02  -1.4156440e-02  -1.3690177e-02
  -1.3070573e+00  -1.0325588e+00   9.4130482e-02  -1.2169039e-02  -1.4116777e-02  -1.3431143e-02
  -1.2874216e+00  -1.0678005e+00   9.0177224e-02  -1.2701596e-02  -1.3900709e-02  -1.3511753e-02
  -1.3004365e+00  -1.0222760e+00   4.2953613e-02  -1.3216541e-02  -1.3828029e-02  -1.3193298e-02
  -1.2998046e+00  -1.0460611e+00   5.9749733e-02  -1.2170131e-02  -1.3877686e-02  -1.3227595e-02
  -1.3062048e+00  -9.5833048e-01   1.5352135e-01  -9.8769940e-03  -1.3549290e-02  -1.2711221e-02
  -1.2981475e+00  -1.0093350e+00   1.8746950e-01  -9.2104036e-03  -1.3964654e-02  -1.2820780e-02
  -1.2925247e+00  -9.4573131e-01   1.2488646e-01  -9.7759065e-03  -1.4148795e-02  -1.2921039e-02
  -1.2843008e+00  -9.7965928e-01   5.7963991e-02  -1.0649695e-02  -1.4097455e-02  -1.3110508e-02
  -1.2860343e+00  -9.8060788e-01  -1.1876262e-04  -1.1650341e-02  -1.3889106e-02  -1.3328208e-02
  -1.2778307e+00  -9.6461340e-01   9.0453452e-02  -9.2669928e-03  -1.4013487e-02  -1.2959816e-02
  -1.2814222e+00  -9.4355331e-01   6.3996442e-02  -1.0052418e-02  -1.4095463e-02  -1.3091542e-02
  -1.2688422e+00  -9.4158117e-01   8.6209732e-02  -9.2559874e-03  -1.3722358e-02  -1.3112364e-02
  -1.2725764e+00  -9.1653425e-01   8.8483539e-02  -9.4392850e-03  -1.3844232e-02  -1.3221178e-02
  -1.2457577e+00  -9.1064169e-01   6.5641436e-02  -8.9215852e-03  -1.4217571e-02  -1.2805452e-02
  -1.2608693e+00  -8.8664626e-01   6.3050565e-02  -9.3676868e-03  -1.4612511e-02  -1.2742065e-02
  -1.2714134e+00  -9.1724207e-01   7.5868490e-02  -8.7973681e-03  -1.4404654e-02  -1.2447232e-02
  -1.2729236e+00  -8.9339053e-01   1.5869179e-02  -1.0580838e-02  -1.4866056e-02  -1.3045477e-02
  -1.2699284e+00  -9.3776425e-01   3.3126205e-02  -9.3017495e-03  -1.4863310e-02  -1.2615276e-02
  -1.2618947e+00  -9.3140904e-01   5.5432944e-03  -1.1585559e-02  -1.4781375e-02  -1.3658255e-02
  -1.2573284e+00  -9.1327252e-01   1.4741057e-01  -6.8671646e-03  -1.4746496e-02  -1.2156432e-02
  -1.3168036e+00  -9.0717679e-01  -2.6454689e-01  -1.7248036e-02  -1.4563314e-02  -1.5621498e-02
  -1.5054260e+00  -1.1786606e+00  -2.9070058e+00  -5.4616901e-02   1.3149692e-02  -1.3915096e-02
  -1.6758542e+00  -2.7684574e-01  -2.2746861e+00  -3.2823355e-02   4.4911297e-03  -1.1039981e-02
  -1.5740050e+00  -2.3772656e-01  -2.0756715e+00  -3.3514938e-02   1.0047565e-03  -1.4061775e-02
  -1.5111341e+00  -2.3592833e-01  -1.8144768e+00  -2.5975988e-02   1.1715163e-03  -1.4135754e-02
  -1.4614304e+00  -2.4097715e-01  -1.6531283e+00  -2.4631220e-02   5.9072534e-05  -1.5923390e-02
  -1.4158220e+00  -2.0089050e-01  -1.6212525e+00  -2.3821835e-02   1.0296974e-04  -1.5796622e-02
  -1.3743864e+00  -1.9814361e-01  -1.4847137e+00  -2.2433186e-02  -1.0874211e-03  -1.7161935e-02
  -1.3767323e+00  -1.8954141e-01  -1.5774984e+00  -2.2793732e-02  -1.0116343e-03  -1.6922715e-02
  -1.3602324e+00  -1.9061085e-01  -1.4675844e+00  -2.1032996e-02  -7.4027304e-04  -1.7904069e-02
  -1.3514669e+00  -1.5479663e-01  -1.3274991e+00  -1.7623164e-02  -9.7137351e-04  -1.7883248e-02
  -1.3387926e+00  -1.3431647e-01  -1.2749108e+00  -1.7612624e-02  -1.3074796e-03  -1.8781511e-02
  -1.3315182e+00  -9.1667773e-02  -1.1401712e+00  -1.4530793e-02  -2.0205162e-03  -1.8879339e-02
  -1.3353904e+00  -1.1585958e-01  -1.1456653e+00  -1.4577889e-02  -1.8171488e-03  -1.9372387e-02
  -1.3328360e+00  -6.4136248e-02  -1.1145685e+00  -1.3490270e-02  -2.2790719e-03  -1.9536841e-02
  -1.3358702e+00  -1.0019890e-01  -1.2012461e+00  -1.5585589e-02  -2.2615577e-03  -1.9728128e-02
  -1.3500849e+00  -1.0323023e-01  -1.2264985e+00  -1.5497182e-02  -2.5577718e-03  -1.9434547e-02
  -1.3299646e+00  -8.0278154e-02  -1.2094914e+00  -1.5320466e-02  -2.1092647e-03  -1.9915303e-02
  -1.3215616e+00  -5.4572356e-02  -1.1004445e+00  -1.3120452e-02  -2.5498281e-03  -1.9875251e-02
  -1.3494584e+00  -9.3544451e-02  -1.0177494e+00  -1.3481936e-02  -2.9194171e-03  -2.0458111e-02
  -1.3431421e+00  -1.0399597e-01  -1.1709766e+00  -1.2047535e-02  -3.0851245e-03  -2.0678915e-02
  -1.3614569e+00  -2.1052287e-02  -1.5837334e+00  -1.4714843e-02  -2.1377147e-03  -2.1266998e-02
  -1.2582327e+00   3.3021241e-02  -1.1150629e+00  -1.2576154e-02  -1.4901167e-03  -2.0104378e-02
  -1.3116750e+00  -6.4428502e-03  -8.3097647e-01  -1.0975702e-02  -4.2809373e-03  -1.9646588e-02
  -1.2968826e+00   4.9509999e-02  -1.1885853e+00  -1.5330735e-02  -3.8973111e-03  -1.9104595e-02
  -1.2411738e+00   4.4311891e-02  -1.2823032e+00  -1.8410294e-02  -3.6378647e-03  -1.7646048e-02
  -1.2518316e+00   6.7581288e-02  -1.1818532e+00  -1.5668745e-02  -3.8818812e-03  -1.7712503e-02
  -1.2590437e+00   4.4617785e-02  -1.1998231e+00  -1.6516975e-02  -3.9821215e-03  -1.7684165e-02
  -1.2318078e+00   8.3595600e-02  -1.0688647e+00  -1.3512437e-02  -3.9637953e-03  -1.7768956e-02
  -1.2364459e+00   5.8869970e-02  -1.0716969e+00  -1.4222955e-02  -4.0287261e-03  -1.7765686e-02
  -1.2240736e+00   8.3755878e-02  -9.6928190e-01  -1.1153768e-02  -4.0820231e-03  -1.8163572e-02
  -1.2326795e+00   6.3446947e-02  -1.0434300e+00  -1.2416074e-02  -4.6789407e-03  -1.8860407e-02
  -1.2490125e+00   8.6757985e-02  -1.0760686e+00  -1.2304657e-02  -4.3622026e-03  -1.8666673e-02
  -1.2462963e+00   8.3279346e-02  -1.0768925e+00  -1.2260001e-02  -4.2776558e-03  -1.8892280e-02
  -1.2500897e+00   8.6992568e-02  -1.1863207e+00  -1.4237352e-02  -3.9867354e-03  -1.9178392e-02
  -1.2709158e+00   6.0633718e-02  -1.1160596e+00  -1.3847129e-02  -4.6181238e-03  -1.9040849e-02
  -1.2583167e+00   1.1614014e-01  -1.1501885e+00  -1.3445825e-02  -4.0590904e-03  -1.9004849e-02
  -1.2815940e+00   6.0116946e-02  -1.0019419e+00  -1.2393943e-02  -4.7716981e-03  -1.8603905e-02
  -1.3336188e+00   1.6943979e-01  -1.4880743e+00  -1.2195946e-02  -4.1416871e-03  -1.7359790e-02
  -1.3146285e+00   2.9792560e-01  -1.5917212e+00   1.0283932e-02  -3.1249779e-03  -1.2022389e-02
  -1.1730679e+00   7.3765649e-01  -1.4929111e+00   1.9957107e-02  -1.0201845e-02  -1.0481823e-02
  -1.0348186e+00   8.6340613e-01  -1.7183733e+00   1.4327950e-02  -1.3948015e-02  -1.4499955e-02
  -1.0341393e+00   7.2602212e-01  -1.4247094e+00   1.6406700e-02  -1.3153765e-02  -1.3904544e-02
  -9.8070561e-01   7.1940399e-01  -1.5549806e+00   1.4473740e-02  -1.3968452e-02  -1.4436451e-02
  -9.7075258e-01   6.5798026e-01  -1.4971084e+00   1.3046731e-02  -1.3394956e-02  -1.4519409e-02
  -9.5157338e-01   7.0514340e-01  -1.6190469e+00   1.2951363e-02  -1.3103619e-02  -1.4702518e-02
  -9.4644711e-01   7.0577715e-01  -1.4165360e+00   1.3751224e-02  -1.3248762e-02  -1.4610237e-02
  -9.9458135e-01   7.5562641e-01  -1.6609771e+00   1.9169318e-02  -1.0611611e-02  -1.2684739e-02
  -9.5970557e-01   9.2566574e-01  -1.3327091e+00   1.9494407e-02  -9.2082706e-03  -1.1273864e-02
