   1.4210855e-14   0.0000000e+00   0.0000000e+00   0.0000000e+00   0.0000000e+00   0.0000000e+00
  -5.6414347e-02  -1.0175340e-01  -3.8042794e-02   6.2940022e-04  -6.8932170e-04  -8.5740528e-04
   3.7735380e-02  -1.1559909e-01   1.8987451e-02  -4.1149866e-03  -1.0004598e-03  -1.4332558e-03
  -1.5297928e-01  -6.4678746e+00  -2.1088235e+00  -4.4677623e-02  -1.0093108e-02  -2.0832726e-02
  -1.5961312e+00  -3.4143094e+00  -5.5026430e-01  -1.4771763e-02  -1.2448733e-02  -1.6089151e-03
  -1.1541967e+00  -1.6684882e+00  -7.2201543e-02  -1.2581171e-02  -1.2510121e-02  -3.5976054e-03
  -1.2314541e+00  -1.9392330e+00  -1.5528779e-01  -1.1685989e-02  -1.3115802e-02  -3.5391327e-03
  -1.1185683e+00  -1.6690615e+00  -6.8101772e-02  -1.1700715e-02  -1.3118353e-02  -3.3335867e-03
  -1.1452489e+00  -1.7863060e+00  -2.0961967e-01  -1.2064217e-02  -1.3042432e-02  -3.4348059e-03
  -1.0757852e+00  -1.6335808e+00  -1.4085811e-01  -1.1765069e-02  -1.2788894e-02  -3.3596039e-03
  -1.1083501e+00  -1.6812348e+00  -2.4650281e-01  -1.2004220e-02  -1.3325430e-02  -3.1475950e-03
  -1.0521562e+00  -1.5939910e+00  -1.5309603e-01  -1.1268795e-02  -1.2923531e-02  -3.2123540e-03
  -1.0860052e+00  -1.6314065e+00  -2.4460383e-01  -1.2416378e-02  -1.3332471e-02  -3.1413825e-03
  -1.0335007e+00  -1.5619377e+00  -2.9625691e-01  -1.3158187e-02  -1.3114587e-02  -3.3240585e-03
  -1.0536819e+00  -1.6169021e+00  -2.6864788e-01  -1.2059398e-02  -1.3252568e-02  -3.3388149e-03
  -1.0219150e+00  -1.5338634e+00  -2.3221153e-01  -1.1493093e-02  -1.3056565e-02  -3.3048096e-03
  -1.0289952e+00  -1.5884657e+00  -3.7415076e-01  -1.3675632e-02  -1.2945103e-02  -3.7664091e-03
  -1.0115673e+00  -1.5153772e+00  -3.4223202e-01  -1.3068918e-02  -1.2801254e-02  -3.5633564e-03
  -1.0251972e+00  -1.5910634e+00  -3.6948359e-01  -1.2530578e-02  -1.2467050e-02  -3.9002282e-03
  -1.0066509e+00  -1.5228202e+00  -3.1438919e-01  -1.2121816e-02  -1.2739738e-02  -3.7822437e-03
  -1.0196385e+00  -1.5589275e+00  -3.6180886e-01  -1.2636886e-02  -1.2678749e-02  -3.8876485e-03
  -9.9163016e-01  -1.5567330e+00  -3.6688025e-01  -1.2420261e-02  -1.2610133e-02  -4.1952111e-03
  -9.8957785e-01  -1.5198698e+00  -4.5345043e-01  -1.3371978e-02  -1.2631368e-02  -4.1697429e-03
  -9.5168010e-01  -1.4916728e+00  -3.7584343e-01  -1.2180135e-02  -1.2410769e-02  -4.4249244e-03
  -9.9093843e-01  -1.5170962e+00  -5.1975228e-01  -1.4001163e-02  -1.2978214e-02  -4.3825569e-03
  -9.4558680e-01  -1.5150479e+00  -3.8863946e-01  -1.2081532e-02  -1.2605649e-02  -5.1015427e-03
  -9.5930431e-01  -1.4718760e+00  -5.1335159e-01  -1.4133109e-02  -1.2988924e-02  -5.2258586e-03
  -9.5339441e-01  -1.4906637e+00  -4.7242311e-01  -1.2361840e-02  -1.3692931e-02  -4.9796508e-03
  -1.0317339e+00  -1.4392913e+00  -5.9062183e-01  -1.3312582e-02  -1.2707513e-02  -5.5454419e-03
  -9.6591341e-01  -1.2625819e+00  -5.1721966e-01  -8.8628289e-03  -1.0165395e-02  -3.1043697e-03
  -9.1395279e-01  -1.3159210e+00  -5.3182481e-01  -8.2978396e-03  -1.0326983e-02  -2.7788064e-03
  -9.4477517e-01  -1.2323521e+00  -5.8543736e-01  -9.8920571e-03  -1.1179840e-02  -2.8787463e-03
  -9.2587757e-01  -1.2256170e+00  -6.4530321e-01  -1.0544168e-02  -1.1420752e-02  -2.9374824e-03
  -9.1761052e-01  -1.2280589e+00  -5.2020962e-01  -8.5111112e-03  -1.0929308e-02  -3.2366942e-03
  -9.2087775e-01  -1.2216824e+00  -5.3932849e-01  -9.1024773e-03  -1.1814961e-02  -3.0279519e-03
  -9.3104873e-01  -1.2333034e+00  -5.9347027e-01  -9.3747117e-03  -1.2209221e-02  -3.0345746e-03
  -9.2936894e-01  -1.2185412e+00  -6.2666675e-01  -1.0109145e-02  -1.1910880e-02  -3.0524171e-03
  -9.2884716e-01  -1.1851719e+00  -6.4274263e-01  -1.0743379e-02  -1.2074193e-02  -2.8796417e-03
  -9.0745543e-01  -1.2426342e+00  -5.7016553e-01  -9.6174503e-03  -1.1946620e-02  -3.2924202e-03
  -9.2708796e-01  -1.1930379e+00  -6.6248868e-01  -1.1366404e-02  -1.2291622e-02  -2.8534480e-03
  -9.0835599e-01  -1.2466243e+00  -5.3740953e-01  -8.7317234e-03  -1.1863217e-02  -3.2771362e-03
  -9.0891267e-01  -1.2346978e+00  -6.4967348e-01  -1.1214783e-02  -1.2103216e-02  -3.3632427e-03
  -9.0801036e-01  -1.2180755e+00  -5.9735795e-01  -1.0546963e-02  -1.2098678e-02  -3.5310729e-03
  -9.0191067e-01  -1.2577642e+00  -6.2025322e-01  -1.0594811e-02  -1.2238847e-02  -3.4943419e-03
  -9.0021840e-01  -1.2436822e+00  -6.3956540e-01  -1.1966282e-02  -1.2122048e-02  -3.5577438e-03
  -8.9111776e-01  -1.2158839e+00  -6.2613487e-01  -1.0920149e-02  -1.2177515e-02  -3.4774413e-03
  -8.9054401e-01  -1.2255704e+00  -5.9164063e-01  -1.0749059e-02  -1.2321089e-02  -3.6551113e-03
  -8.8450990e-01  -1.2146090e+00  -6.5828366e-01  -1.1637624e-02  -1.2369172e-02  -3.6694534e-03
  -8.7261547e-01  -1.2428097e+00  -5.9255712e-01  -1.0873594e-02  -1.2094221e-02  -3.8678123e-03
  -8.6829894e-01  -1.2485035e+00  -6.8479131e-01  -1.1790211e-02  -1.2704496e-02  -3.7772908e-03
  -8.8093649e-01  -1.2286602e+00  -4.8466275e-01  -9.4459682e-03  -1.2743002e-02  -3.5161034e-03
  -8.8706322e-01  -1.1643146e+00  -8.5340083e-01  -8.1282733e-03  -1.3592023e-02  -3.4342745e-03
  -1.0607638e+00  -1.0588289e+00  -7.3503528e-01  -1.4469876e-02  -1.6132626e-02  -2.6008332e-03
  -8.7173373e-01  -1.0423531e+00  -6.4524235e-01  -1.2089272e-02  -1.4604000e-02  -2.8777097e-03
  -8.5166632e-01  -1.0763553e+00  -8.8432046e-01  -1.3255640e-02  -1.5399147e-02  -3.0384345e-03
  -8.7027026e-01  -1.0266286e+00  -7.4932676e-01  -1.3989924e-02  -1.4635709e-02  -3.2825625e-03
  -8.3172749e-01  -1.0432670e+00  -7.8134237e-01  -1.2449905e-02  -1.4762090e-02  -3.0836577e-03
  -8.2616679e-01  -1.0626043e+00  -7.8003517e-01  -1.3193231e-02  -1.4869674e-02  -3.2968698e-03
  -8.3302248e-01  -1.0313105e+00  -8.7614774e-01  -1.4125670e-02  -1.5008774e-02  -3.1239103e-03
  -8.1098855e-01  -1.0452703e+00  -7.9232889e-01  -1.2944593e-02  -1.4475562e-02  -3.6887052e-03
  -9.4171642e-01  -1.0620294e+00  -8.4655350e-01  -1.1472962e-02  -1.5393648e-02  -3.1937352e-03
  -8.9984637e-01  -1.0450011e+00  -8.8107448e-01  -1.3483989e-02  -1.4813202e-02  -3.1724916e-03
  -9.0170696e-01  -9.9881594e-01  -9.3381633e-01  -1.3898466e-02  -1.5120772e-02  -3.2335231e-03
  -8.9400095e-01  -1.0226109e+00  -8.5770867e-01  -1.2623228e-02  -1.4935437e-02  -3.0885076e-03
  -9.0341570e-01  -1.0300780e+00  -9.1236758e-01  -1.4077447e-02  -1.5727445e-02  -2.9459912e-03
  -8.9343900e-01  -1.0180926e+00  -8.7623878e-01  -1.3982125e-02  -1.5393824e-02  -3.1265739e-03
  -8.9076397e-01  -1.0299336e+00  -8.8000073e-01  -1.4163103e-02  -1.5248389e-02  -3.2794590e-03
  -8.8782434e-01  -1.0402239e+00  -8.6038644e-01  -1.3564081e-02  -1.4995412e-02  -3.1761501e-03
  -8.8223621e-01  -1.0317510e+00  -8.7417187e-01  -1.3593401e-02  -1.5292025e-02  -3.2889619e-03
  -8.8799870e-01  -1.0089688e+00  -8.9155574e-01  -1.4302226e-02  -1.5444249e-02  -3.2084710e-03
  -8.9642922e-01  -1.0359220e+00  -9.4841103e-01  -1.5509613e-02  -1.5722327e-02  -3.3197043e-03
  -8.9407133e-01  -1.0476146e+00  -9.1621457e-01  -1.4766818e-02  -1.5558349e-02  -3.1988557e-03
  -9.0502970e-01  -1.0240404e+00  -8.7989586e-01  -1.4245816e-02  -1.5989022e-02  -3.0532413e-03
  -9.6099402e-01  -1.0056893e+00  -8.9749082e-01  -1.1680078e-02  -1.4999052e-02  -2.8916988e-03
  -9.1123691e-01  -1.0012846e+00  -8.3815084e-01  -9.7655423e-03  -1.4982969e-02  -3.2106148e-03
  -9.9255799e-01  -1.0130448e+00  -8.6309141e-01  -1.1019109e-02  -1.6729283e-02  -3.3691680e-03
  -9.8964230e-01  -1.0058774e+00  -9.6218196e-01  -1.2067289e-02  -1.7196779e-02  -3.1548720e-03
  -9.5786303e-01  -1.0314055e+00  -1.0529345e+00  -1.4091570e-02  -1.7373579e-02  -3.7912830e-03
  -9.3942282e-01  -1.0083164e+00  -9.9503875e-01  -1.2960511e-02  -1.6992008e-02  -3.9740562e-03
  -9.5932224e-01  -9.7627470e-01  -1.0152659e+00  -1.4486585e-02  -1.7678570e-02  -3.4898423e-03
  -9.2261524e-01  -1.0113526e+00  -1.0077748e+00  -1.4350753e-02  -1.7026433e-02  -3.9350243e-03
  -9.2629060e-01  -9.9873172e-01  -9.8203107e-01  -1.4523884e-02  -1.6979273e-02  -3.8579575e-03
  -9.2655147e-01  -1.0028202e+00  -9.6360754e-01  -1.4324973e-02  -1.6883063e-02  -3.9143812e-03
  -9.4724517e-01  -1.0230897e+00  -9.2450183e-01  -1.4395035e-02  -1.6962705e-02  -3.9769449e-03
  -9.5398272e-01  -9.9732391e-01  -9.7717098e-01  -1.5227421e-02  -1.7214907e-02  -3.6791317e-03
  -9.4433034e-01  -1.0013795e+00  -9.7017427e-01  -1.4600863e-02  -1.7218974e-02  -3.7388067e-03
  -9.2981098e-01  -1.0044594e+00  -9.8517777e-01  -1.5123030e-02  -1.6905712e-02  -4.1110049e-03
  -9.4512435e-01  -9.8995795e-01  -9.5042690e-01  -1.5022362e-02  -1.7101070e-02  -3.5669694e-03
  -9.4300190e-01  -1.0089521e+00  -9.3545621e-01  -1.5285310e-02  -1.6905185e-02  -3.4430776e-03
  -9.3111037e-01  -1.0223167e+00  -9.5891826e-01  -1.5296253e-02  -1.6864472e-02  -3.6264588e-03
  -9.2080149e-01  -1.0189996e+00  -1.0323306e+00  -1.6266670e-02  -1.6910160e-02  -3.8969278e-03
  -9.1705981e-01  -1.0205782e+00  -9.4676553e-01  -1.4963841e-02  -1.6685982e-02  -3.8197437e-03
  -9.1331119e-01  -1.0123665e+00  -1.0058791e+00  -1.6066195e-02  -1.7188759e-02  -3.7590514e-03
  -9.2464801e-01  -1.0289053e+00  -9.1182594e-01  -1.4396639e-02  -1.6608478e-02  -3.6483755e-03
  -9.4235903e-01  -1.0332190e+00  -9.9125927e-01  -1.5605949e-02  -1.6608528e-02  -3.5504846e-03
  -9.2655104e-01  -1.0098051e+00  -1.0273093e+00  -1.5977165e-02  -1.6667311e-02  -3.8371522e-03
  -9.3530556e-01  -9.9657561e-01  -1.0323661e+00  -1.5951189e-02  -1.6622387e-02  -3.6457288e-03
  -9.2492846e-01  -9.7278345e-01  -9.8636983e-01  -1.4737643e-02  -1.6590598e-02  -3.6865498e-03
  -8.9529692e-01  -9.7739287e-01  -1.0526340e+00  -1.5448387e-02  -1.7161693e-02  -3.6901324e-03
  -8.9945203e-01  -9.5175450e-01  -1.0342511e+00  -1.5409172e-02  -1.7207265e-02  -3.6429645e-03
  -8.9972710e-01  -9.6501817e-01  -1.0618634e+00  -1.5840325e-02  -1.6769900e-02  -3.7262961e-03
  -9.0798449e-01  -9.9443140e-01  -1.0803368e+00  -1.6306200e-02  -1.7242535e-02  -3.8279717e-03
  -8.9662594e-01  -1.0049068e+00  -1.0568032e+00  -1.5905762e-02  -1.6644545e-02  -3.9669129e-03
  -8.7666911e-01  -9.9899825e-01  -1.0269208e+00  -1.5869681e-02  -1.6801744e-02  -4.1340573e-03
  -8.9097601e-01  -1.0157849e+00  -1.0504571e+00  -1.5902084e-02  -1.6679542e-02  -4.2294042e-03
  -8.9186733e-01  -1.0138254e+00  -1.0460648e+00  -1.5594232e-02  -1.6803243e-02  -4.0473932e-03
  -8.7089455e-01  -9.7409772e-01  -1.0217361e+00  -1.5079515e-02  -1.6666917e-02  -4.3999231e-03
  -8.6972252e-01  -9.4595893e-01  -9.5402341e-01  -1.4178106e-02  -1.6539172e-02  -4.4892840e-03
  -8.8733807e-01  -9.6933240e-01  -9.4870118e-01  -1.4290179e-02  -1.6595412e-02  -4.1800018e-03
  -8.7383798e-01  -9.5851542e-01  -8.9291536e-01  -1.3499766e-02  -1.6081642e-02  -4.5116523e-03
  -8.6399844e-01  -9.5623137e-01  -9.6531821e-01  -1.4501923e-02  -1.6530195e-02  -4.4974327e-03
  -8.5566065e-01  -9.4138586e-01  -9.5436045e-01  -1.3915039e-02  -1.6331601e-02  -4.8151181e-03
  -8.8486287e-01  -9.3792348e-01  -9.6734296e-01  -1.4191536e-02  -1.6811907e-02  -4.2752800e-03
  -8.6996311e-01  -9.3234781e-01  -9.6263404e-01  -1.4365141e-02  -1.6614688e-02  -4.4839118e-03
  -8.6103175e-01  -9.4358849e-01  -9.6262273e-01  -1.4096250e-02  -1.6506094e-02  -4.4143900e-03
  -8.5683903e-01  -9.5052254e-01  -9.5127374e-01  -1.3976153e-02  -1.6567072e-02  -4.5845110e-03
  -8.6914726e-01  -9.1998814e-01  -9.6502665e-01  -1.4369431e-02  -1.6594625e-02  -4.2674689e-03
  -8.7141058e-01  -9.4446562e-01  -9.6533962e-01  -1.4270922e-02  -1.7067158e-02  -4.2512490e-03
  -8.6211407e-01  -9.6807542e-01  -1.0109480e+00  -1.4866725e-02  -1.6705276e-02  -4.7409803e-03
  -8.6515771e-01  -9.4008603e-01  -9.8507079e-01  -1.4421772e-02  -1.7002232e-02  -4.6522672e-03
  -8.5846621e-01  -9.3220603e-01  -9.8852679e-01  -1.4989450e-02  -1.6418158e-02  -4.9827211e-03
  -8.7045067e-01  -9.5624561e-01  -9.4167130e-01  -1.3682420e-02  -1.7274373e-02  -4.6384520e-03
  -8.2449808e-01  -9.0186420e-01  -1.0625196e+00  -1.6734063e-02  -1.5347727e-02  -5.3675975e-03
  -7.7023219e-01  -9.1363715e-01  -1.1296068e+00  -1.8961895e-02  -1.4560473e-02  -6.7941647e-03
  -7.9879215e-01  -8.9200676e-01  -1.0921825e+00  -1.7945733e-02  -1.5643826e-02  -6.2955419e-03
  -7.7709536e-01  -8.7911136e-01  -1.1528854e+00  -1.8864395e-02  -1.5422304e-02  -6.9598714e-03
  -7.8590100e-01  -8.6689171e-01  -1.0968066e+00  -1.7209537e-02  -1.6438998e-02  -6.2515488e-03
  -8.0094371e-01  -8.9283221e-01  -1.0691756e+00  -1.7626410e-02  -1.5481788e-02  -6.2101986e-03
  -7.9572822e-01  -9.0578102e-01  -1.1150793e+00  -1.8076446e-02  -1.5468412e-02  -6.4689706e-03
