   0.0000000e+00   0.0000000e+00   0.0000000e+00   0.0000000e+00   0.0000000e+00   0.0000000e+00
   1.4510966e-02   5.7141874e-02   1.0161952e-01  -6.5049769e-04  -5.0925344e-04   1.6099818e-05
   2.6911623e-03   2.6897126e-02   9.9154740e-02  -2.8277994e-04  -5.0516256e-04   1.0556009e-04
   9.7987605e-03   2.2324819e-02   1.1470496e-01  -3.5320055e-04  -3.9785988e-04  -9.8427579e-05
  -8.4492544e-03   6.3950010e-02   1.4088754e-01  -1.0869650e-03  -2.9718150e-04   1.1929096e-04
  -6.5921498e-03   6.8891549e-02   1.1198401e-01  -1.3161191e-03  -2.4234802e-04   8.4936814e-05
  -8.4510940e-03   6.7818601e-02   1.2571169e-01  -1.2262438e-03  -2.2158202e-04   1.5169300e-04
  -2.3852853e-03   8.2995302e-02   1.1780788e-01  -1.0070247e-03  -4.2280376e-04   2.0020970e-04
  -1.0142035e-02   5.7714673e-02   7.9709964e-02  -8.0727790e-04  -4.5740135e-04   1.7733896e-04
  -1.3353807e-02   1.1902956e-01   1.2714598e-01  -7.2737335e-04  -5.1948342e-04   3.2095808e-04
  -8.8940812e-03   6.5302073e-02   8.1805193e-02  -8.7969134e-04  -6.3385140e-04   2.0305320e-04
  -4.5689836e-03   1.1104624e-01   1.2387399e-01  -9.2807648e-04  -5.0253764e-04   2.4350592e-04
   9.4537868e-04   1.4528439e-01   1.5831658e-01  -8.6795197e-04  -5.7266444e-04   3.2400716e-04
   5.6890582e-03   6.3402468e-02   5.3777825e-02  -6.3181382e-04  -6.8145312e-04  -1.6034127e-05
   7.0514275e-03   1.3573167e-01   1.1874000e-01  -1.2295698e-03  -6.0074515e-04   2.1374861e-04
   1.5528178e-02   6.5116988e-02   8.4796772e-02  -8.4104199e-04  -6.7981284e-04  -6.4572964e-05
   2.8806824e-02   1.3321982e-01   1.2534982e-01  -1.0965662e-03  -8.8598685e-04  -1.0017758e-04
   3.4208392e-02   7.7747579e-02   1.0337455e-01  -4.7031751e-04  -8.9982465e-04  -2.7074421e-04
   2.9094673e-02   9.7891502e-02   7.0096205e-02  -6.9319724e-04  -9.8393794e-04  -3.2004409e-04
   3.1289690e-02   1.5872287e-01   2.0403228e-01  -5.6633515e-04  -1.1531033e-03  -7.4035886e-05
   2.5075372e-02   1.1804037e-01   1.5899259e-01  -2.4638659e-04  -1.1604902e-03   1.3821892e-04
   4.1455839e-02   1.5875751e-01   2.3585559e-01   2.1787183e-04  -1.3237473e-03  -9.8169145e-05
   4.6794012e-02   1.2611229e-01   2.4345754e-01   8.1874129e-04  -1.4225113e-03  -9.0764769e-05
   4.6604274e-02   1.6776586e-01   2.7652226e-01   3.5627988e-04  -1.5105644e-03   2.9158103e-05
   6.0511929e-02   1.1997227e-01   2.8773302e-01   9.0909866e-04  -1.7510128e-03  -1.3857553e-04
   4.8317598e-02   1.4659423e-01   2.6161622e-01   6.9736583e-04  -1.7901857e-03   1.1124632e-05
   6.0465871e-02   1.0793344e-01   2.0176912e-01   6.3854426e-04  -1.9766216e-03  -2.3262348e-04
   6.0911677e-02   1.7254476e-01   3.0923029e-01   2.0944705e-04  -1.8527296e-03  -9.4091595e-05
   8.1988203e-02   9.1689529e-02   2.0688845e-01   1.9172520e-04  -2.1013052e-03  -9.6808760e-05
   8.0503648e-02   1.5891403e-01   3.1240229e-01   1.1430901e-05  -2.0734665e-03   1.6774161e-04
   7.6221019e-02   7.4816867e-02   1.8889526e-01   2.2556884e-04  -1.9016926e-03  -1.3332501e-04
   7.6546548e-02   1.7639580e-01   3.0761314e-01  -3.2235614e-05  -2.0241687e-03  -1.8213048e-05
   7.2140704e-02   6.2474378e-02   1.2058438e-01   6.5329128e-04  -2.2106968e-03  -4.2984815e-04
   5.4347911e-02   1.7594389e-01   2.8634725e-01   6.0329693e-04  -2.1419794e-03   1.4360629e-05
   4.8413019e-02   7.3306252e-02   2.0970041e-01   9.2854118e-04  -2.0193447e-03  -1.5088969e-04
   6.5115262e-02   1.5076448e-01   3.0117352e-01   4.9982731e-04  -2.0273689e-03  -1.3861832e-04
   6.2623747e-02   7.5901371e-02   1.8834074e-01   8.3956661e-04  -1.9371342e-03  -2.0968020e-04
   6.5336392e-02   1.3403661e-01   2.7224349e-01   5.6728788e-04  -1.9876150e-03  -7.0294519e-05
   6.3656879e-02   1.1245166e-01   2.3923090e-01   4.5226057e-04  -2.0507595e-03  -2.0583566e-04
   6.8159952e-02   1.7459659e-01   3.0120298e-01   5.0462195e-04  -2.0776995e-03  -1.1548249e-04
   7.3298109e-02   1.1368022e-01   2.0182356e-01   6.1778357e-04  -2.1669913e-03  -3.3862158e-04
   7.0026303e-02   1.7889826e-01   2.6346140e-01   3.5224623e-04  -2.2482771e-03  -1.5275171e-04
   6.5238561e-02   1.1327151e-01   1.8333783e-01   4.9661960e-04  -2.2473379e-03  -2.3865419e-04
   6.6808264e-02   1.8442425e-01   2.4609549e-01   9.0269778e-05  -2.1089092e-03  -2.2852260e-04
   6.6988296e-02   1.1831269e-01   2.1043287e-01   7.5043540e-04  -2.0173085e-03  -4.2201488e-04
   7.5087070e-02   1.7480750e-01   2.7528245e-01   3.3537167e-04  -1.9507488e-03  -4.7259100e-04
   7.0872474e-02   1.4984599e-01   2.0756161e-01  -1.9620529e-05  -2.0175184e-03  -3.5523800e-04
   7.2229499e-02   1.7466032e-01   2.6190921e-01   1.3824973e-04  -2.0403212e-03  -3.1042407e-04
   7.1747954e-02   1.4717854e-01   2.2193782e-01   5.6369795e-04  -2.0954944e-03  -3.4393092e-04
   8.0912705e-02   1.8459843e-01   2.7208535e-01   2.7017151e-04  -2.1103104e-03  -4.3049095e-04
   7.2072716e-02   1.4332083e-01   2.0332497e-01   5.4035713e-04  -2.0057189e-03  -3.8192502e-04
   7.1938367e-02   1.8230129e-01   2.6069595e-01   6.2535022e-05  -2.0142539e-03  -2.3643154e-04
   7.0695449e-02   1.3502160e-01   1.8392438e-01   1.1127662e-04  -2.1509725e-03  -1.7118402e-04
   6.8161302e-02   1.6818902e-01   2.2931361e-01  -1.9140162e-04  -2.0313550e-03  -5.4282654e-05
   6.8287523e-02   1.3116614e-01   1.9750067e-01   2.0361790e-04  -2.1125210e-03  -1.8674120e-04
   6.4405108e-02   1.7344883e-01   2.5232642e-01  -1.5020856e-05  -1.9804202e-03  -1.3185720e-04
   5.9259984e-02   1.7029860e-01   2.5822081e-01   3.4109814e-04  -1.9712241e-03  -1.3936585e-04
   5.9010841e-02   1.5166450e-01   2.5324808e-01   5.4408911e-04  -1.8483266e-03  -1.6975591e-04
   6.1461531e-02   1.6307121e-01   2.8777710e-01   8.5089126e-04  -1.9454482e-03  -1.9734984e-04
   6.6003349e-02   1.5501269e-01   2.8596597e-01   7.6195460e-04  -1.9799135e-03  -2.5938221e-04
   5.6958911e-02   1.5515959e-01   3.2173723e-01   9.7793239e-04  -1.8442830e-03  -2.9031949e-04
   6.6316455e-02   1.5533287e-01   3.1917496e-01   9.2536758e-04  -1.7418720e-03  -4.4708286e-04
   6.7776659e-02   1.7260879e-01   3.1387383e-01   5.2777662e-04  -1.8099101e-03  -3.9914117e-04
   7.2479729e-02   1.3077544e-01   3.1558612e-01   1.1280586e-03  -1.8028127e-03  -5.3899612e-04
   6.9628634e-02   1.7353962e-01   3.4021629e-01   1.0387426e-03  -1.7198265e-03  -4.1650508e-04
   8.0042410e-02   1.5213244e-01   3.6210569e-01   1.0123277e-03  -1.7573502e-03  -4.8940148e-04
   9.0378963e-02   1.6360939e-01   3.2777591e-01   1.4205634e-03  -1.8563652e-03  -6.0060817e-04
   1.0430541e-01   1.5833342e-01   3.9491585e-01   1.7928479e-03  -1.8498531e-03  -6.9918858e-04
   1.0110592e-01   1.8623138e-01   3.9547986e-01   1.6411980e-03  -1.8981609e-03  -6.9444930e-04
   1.0355601e-01   1.6488194e-01   4.3416342e-01   2.0908729e-03  -1.9823111e-03  -6.0183369e-04
   7.8142109e-02   1.8563606e-01   3.8513045e-01   1.8399568e-03  -1.7474703e-03  -6.3725788e-04
   8.4420243e-02   1.7167117e-01   4.1771515e-01   2.1169115e-03  -1.9215383e-03  -6.4269114e-04
   8.6196995e-02   1.7359611e-01   4.8477582e-01   2.7301824e-03  -1.7793273e-03  -7.4156178e-04
   8.9286793e-02   2.2436381e-01   4.6857262e-01   1.9034400e-03  -1.7343948e-03  -6.4472891e-04
   7.1700154e-02   1.3440108e-01   4.1753694e-01   2.9363085e-03  -1.5704814e-03  -6.7668578e-04
   7.7275230e-02   2.1784331e-01   4.2614000e-01   1.3650384e-03  -1.7758472e-03  -5.4959399e-04
   7.4033717e-02   1.7070485e-01   4.3622739e-01   2.0724644e-03  -1.6912366e-03  -5.4134370e-04
   8.9599936e-02   2.3742462e-01   4.5867345e-01   1.3009534e-03  -1.8903585e-03  -4.8805701e-04
   9.0314909e-02   1.8344901e-01   3.9454290e-01   1.4960165e-03  -1.7906344e-03  -7.0536180e-04
   9.4072022e-02   1.9293726e-01   4.0770513e-01   1.4133283e-03  -1.6934859e-03  -6.2554810e-04
   9.0293618e-02   1.8099346e-01   4.1161859e-01   1.9115817e-03  -1.6193982e-03  -7.4958998e-04
   8.7242366e-02   2.2722995e-01   3.9449483e-01   1.4481784e-03  -1.5724206e-03  -8.2709909e-04
   7.6383973e-02   1.7163042e-01   3.6708227e-01   2.0462619e-03  -1.5875860e-03  -8.7830584e-04
   7.9215119e-02   2.5103431e-01   4.3135717e-01   1.6797426e-03  -1.5166380e-03  -7.2305716e-04
   7.5812240e-02   1.8803219e-01   4.2605334e-01   2.2342511e-03  -1.5348067e-03  -8.2104829e-04
   7.9423096e-02   2.3350128e-01   4.4081842e-01   1.8468221e-03  -1.5331478e-03  -8.6270295e-04
   7.4905801e-02   1.9718226e-01   4.1078716e-01   2.0029464e-03  -1.5245838e-03  -8.1919152e-04
   8.2881898e-02   2.1215399e-01   4.1615163e-01   1.6247358e-03  -1.5952680e-03  -9.0047355e-04
   9.0831020e-02   1.8870155e-01   4.2696653e-01   2.2853929e-03  -1.6363824e-03  -9.3464640e-04
   9.7796365e-02   2.1648599e-01   4.2118992e-01   1.9049385e-03  -1.6134358e-03  -8.7772751e-04
   9.7061636e-02   2.2266910e-01   4.6578766e-01   2.0868391e-03  -1.5481102e-03  -9.0917971e-04
   1.1076352e-01   2.2497409e-01   4.2839333e-01   1.9978184e-03  -1.7486272e-03  -1.0915383e-03
   9.9811444e-02   2.2193691e-01   4.6626999e-01   2.2489035e-03  -1.5780652e-03  -9.8874497e-04
   1.0040375e-01   2.3790395e-01   4.2717222e-01   1.7388288e-03  -1.6991141e-03  -1.0469634e-03
   9.3801467e-02   2.1215110e-01   4.2820932e-01   2.3807066e-03  -1.8574395e-03  -1.1248931e-03
   1.0118143e-01   2.4819199e-01   4.3104829e-01   1.9535054e-03  -1.7645905e-03  -1.0404874e-03
   1.0337302e-01   2.0420677e-01   4.4347416e-01   2.5198010e-03  -1.7255977e-03  -9.9516978e-04
   8.9584375e-02   2.6467434e-01   4.5046638e-01   1.7711381e-03  -1.6578823e-03  -8.1246333e-04
   7.9843983e-02   1.8300952e-01   4.2541372e-01   2.3487725e-03  -1.6092542e-03  -7.6719165e-04
   6.7346441e-02   2.7203308e-01   4.6727676e-01   1.5755313e-03  -1.4318738e-03  -5.5436494e-04
   7.2094651e-02   2.3968989e-01   5.6367849e-01   1.9329006e-03  -1.6228790e-03  -3.6584487e-04
   7.7850627e-02   2.0786840e-01   3.7512028e-01   1.9135985e-03  -1.7081067e-03  -7.3038572e-04
   8.3471469e-02   2.4371600e-01   4.8339603e-01   1.5496513e-03  -1.7270313e-03  -5.8055158e-04
   8.4628087e-02   1.9398620e-01   3.9006847e-01   1.7957471e-03  -1.7738076e-03  -6.0901694e-04
   8.7451795e-02   2.3463596e-01   4.2657811e-01   1.8469313e-03  -1.7467355e-03  -6.0364551e-04
   8.5480795e-02   1.8802328e-01   4.2110764e-01   2.6559460e-03  -1.6389857e-03  -7.0443489e-04
   7.6987040e-02   2.6040240e-01   3.9657117e-01   1.5888143e-03  -1.6296610e-03  -7.6792006e-04
   7.6957518e-02   2.2492189e-01   4.1697813e-01   2.3497875e-03  -1.6315745e-03  -7.8878236e-04
   7.2264599e-02   2.3103815e-01   4.1334032e-01   2.5576518e-03  -1.6111094e-03  -7.6522758e-04
   7.7187394e-02   2.2834637e-01   4.1681477e-01   2.0798981e-03  -1.5066915e-03  -9.1826990e-04
   8.3081685e-02   2.4334685e-01   4.4447069e-01   2.2241142e-03  -1.5410859e-03  -8.3775804e-04
   9.0955392e-02   2.2415058e-01   4.1514749e-01   1.9943712e-03  -1.5671268e-03  -8.4900052e-04
   1.0148313e-01   2.4747740e-01   4.6214795e-01   2.1443301e-03  -1.6287893e-03  -8.3244345e-04
   9.7938565e-02   2.2532172e-01   3.7231969e-01   1.9872898e-03  -1.7027768e-03  -8.3699544e-04
   1.0076151e-01   2.7749972e-01   4.2865735e-01   1.5932665e-03  -1.6040466e-03  -8.6006702e-04
   9.7979487e-02   2.1672232e-01   3.5869088e-01   2.1005488e-03  -1.4967128e-03  -9.5191204e-04
   1.0237666e-01   2.8686343e-01   4.4145410e-01   1.6938103e-03  -1.6668646e-03  -7.3633507e-04
   9.9264880e-02   2.1838877e-01   3.8089098e-01   2.1092771e-03  -1.7786251e-03  -4.9980445e-04
   9.6613525e-02   2.9213622e-01   4.7636850e-01   1.8656173e-03  -1.5963379e-03  -4.8264710e-04
   9.1810826e-02   2.2429328e-01   3.7939921e-01   1.8689023e-03  -1.6102005e-03  -4.7337472e-04
   8.2966121e-02   2.7059144e-01   4.7092302e-01   1.9272477e-03  -1.4626582e-03  -4.3263018e-04
   9.5904084e-02   2.3130759e-01   4.6507826e-01   2.4289075e-03  -1.6205376e-03  -6.0470167e-04
   8.4429984e-02   2.7643628e-01   4.5183199e-01   2.2629025e-03  -1.5045166e-03  -5.3313246e-04
   8.6777248e-02   2.1517022e-01   4.3905131e-01   2.7271423e-03  -1.5858449e-03  -7.4736890e-04
   6.3516195e-02   3.1984652e-01   5.2062558e-01   1.4628011e-03  -1.5815823e-03  -1.7002473e-04
   7.5708990e-02   1.9244380e-01   2.8718891e-01   1.7671374e-03  -1.6370539e-03  -5.4360713e-04
   7.3501495e-02   3.1876828e-01   4.9016463e-01   1.3265958e-03  -1.6655152e-03  -2.3595019e-04
   7.8084605e-02   2.2878711e-01   4.3462888e-01   1.5184663e-03  -1.7318142e-03  -4.4120618e-04
   1.0136941e-01   2.5122979e-01   4.7281859e-01   1.5087951e-03  -1.8677488e-03  -6.1782777e-04
