   0.0000000e+00   0.0000000e+00   0.0000000e+00   0.0000000e+00   0.0000000e+00   0.0000000e+00
   3.0515447e-02  -4.4533542e-02   1.1744792e-01   4.5242302e-03   1.2660865e-03   2.6069029e-04
   7.6864781e-02  -5.9275267e-02   1.4641981e-01   5.9667262e-03   2.5900172e-03  -6.9190274e-04
   8.1508697e-02  -6.7491553e-02   8.1628823e-02   6.0500029e-03   2.7067275e-03  -2.4575002e-05
   1.0523395e-01  -5.4055581e-02   1.0397704e-01   6.7283406e-03   3.2384785e-03  -6.3915970e-04
   1.1152922e-01  -2.1132970e-02   6.5373184e-02   6.9582683e-03   3.1704982e-03  -8.4060938e-04
   1.0077090e-01  -5.0471944e-02   1.1092607e-01   7.5184499e-03   3.3692692e-03  -1.3584788e-03
   1.1722282e-01  -3.3541008e-02   3.3818887e-02   8.3350431e-03   4.0154284e-03  -2.0369858e-03
   2.9501970e-01  -1.8067755e-02   1.5183906e-01   9.0664274e-03   6.2184626e-03  -3.7455365e-03
   4.0265714e-01  -1.3151298e-02   1.0254007e-01   1.0643188e-02   6.9554189e-03  -5.2195196e-03
   5.4148388e-01   3.0663012e-02   1.5567985e-01   1.2588132e-02   8.0776052e-03  -5.5804994e-03
   6.6546993e-01   5.7163703e-02   3.1619234e-01   1.4866540e-02   9.5096762e-03  -6.2253956e-03
   6.8623400e-01   5.9130854e-02   4.1667392e-01   1.6035725e-02   1.0551944e-02  -5.7825230e-03
   7.5792423e-01   1.5101951e-01   3.1038994e-01   1.5693538e-02   1.0947820e-02  -5.7523455e-03
   8.9563960e-01   1.8137847e-01   3.2700780e-01   1.6745736e-02   1.1419526e-02  -6.3776232e-03
   9.6998223e-01   2.5391463e-01   4.0647593e-02   1.7189718e-02   1.2500313e-02  -7.2422911e-03
   1.0978637e+00   2.9463884e-01   2.8110431e-02   1.7971011e-02   1.2965772e-02  -7.5915131e-03
   1.1953467e+00   3.7231453e-01  -2.4643323e-02   1.8582678e-02   1.3932282e-02  -8.0145239e-03
   1.2978289e+00   4.0961457e-01   3.3569481e-02   1.8765726e-02   1.4534402e-02  -7.9929895e-03
   1.2430423e+00   4.5391325e-01  -2.6128877e-01   2.0273397e-02   1.4509762e-02  -9.4761298e-03
   1.2973005e+00   4.4926863e-01  -2.5787922e-01   2.1566340e-02   1.4772574e-02  -8.4665864e-03
   1.3541944e+00   5.3224348e-01  -3.6542330e-01   2.2238264e-02   1.5196274e-02  -7.5024761e-03
   1.3938554e+00   4.6917957e-01  -3.9890046e-01   2.1745150e-02   1.5572585e-02  -7.3684009e-03
   1.4173868e+00   5.5328960e-01  -4.5896727e-01   2.2746225e-02   1.6211174e-02  -7.6838667e-03
   1.4721035e+00   5.1895800e-01  -4.0438743e-01   2.2325201e-02   1.6350765e-02  -7.1159805e-03
   1.2449787e+00   4.0613014e-01  -6.6191545e-01   2.5847001e-02   1.6938233e-02  -7.1844841e-03
   7.1971252e-01   1.1066096e+00  -6.1025824e-01   1.9111836e-02   1.2051595e-02  -6.1382485e-04
   6.2172778e-01   2.2562632e-01  -7.1583617e-01   2.3612876e-02   1.2863127e-02   1.3723610e-03
   5.2675860e-01   2.3120131e-01  -6.6361589e-01   2.1682281e-02   8.0857453e-03   1.3658833e-03
   3.4167998e-01   2.4187643e-01  -5.0844076e-01   1.4784106e-02   8.2714605e-03   3.5657364e-03
   6.7701099e-01   2.3750226e-01  -5.4354733e-01   1.6716659e-02   1.4487723e-02  -8.1420187e-05
   8.4173019e-01   1.9085044e-01  -4.5158692e-01   1.8183770e-02   1.1673829e-02  -2.6634427e-03
   1.0154871e+00   2.0740512e-01  -6.7477469e-01   1.9831687e-02   1.4670698e-02  -3.8369963e-03
   9.6997199e-01   1.6110403e-01  -6.9371914e-01   1.9473764e-02   1.4632678e-02  -5.0812514e-03
   1.0803053e+00   2.0665568e-01  -7.3219562e-01   2.0537571e-02   1.6188498e-02  -6.6729150e-03
   1.0773797e+00   1.8857249e-01  -8.1091621e-01   1.9319186e-02   1.6738149e-02  -6.2897424e-03
   1.2199889e+00   2.0423128e-01  -8.4493786e-01   2.0090190e-02   1.9180376e-02  -6.6156610e-03
   1.1061336e+00   1.1973079e-01  -9.6581274e-01   1.8664388e-02   1.8557317e-02  -7.3032164e-03
   1.2832192e+00   1.9536242e-01  -8.7721454e-01   1.9731472e-02   2.1487314e-02  -7.2836790e-03
  -3.2573603e+00  -7.0177035e-01  -2.0142437e+00   8.3026748e-03  -3.4859200e-03   1.6422647e-02
  -3.8875217e+00  -7.4555822e-01  -2.3825092e+00  -2.5580141e-04   6.2773959e-03   1.6294724e-02
  -2.2881384e+00  -4.3891774e-01  -1.8682661e+00   5.2144218e-03   6.0037076e-03   7.4553995e-03
  -2.6144583e+00  -5.6584557e-01  -2.1482406e+00   3.6208426e-03   6.7690229e-03   7.0537091e-03
  -2.2565759e+00  -5.3583611e-01  -1.9144750e+00   5.4427034e-03   7.6296084e-03   4.8420406e-03
  -2.4394371e+00  -5.4387038e-01  -2.1179551e+00   4.0917865e-03   7.9861613e-03   4.8929848e-03
  -2.2263769e+00  -5.8524598e-01  -1.9701932e+00   5.3826087e-03   8.3608568e-03   3.1630565e-03
  -2.3530881e+00  -5.9354422e-01  -2.0658869e+00   4.1260082e-03   9.0200982e-03   3.2686383e-03
  -2.1628941e+00  -5.8793699e-01  -1.8740639e+00   5.1053983e-03   8.5766972e-03   1.9340100e-03
  -2.2710920e+00  -5.8065633e-01  -2.0260963e+00   3.9316071e-03   9.5240508e-03   9.6890725e-04
  -1.8890610e+00  -6.3903813e-01  -1.8667866e+00   4.9370664e-03   9.2745215e-03   2.0893081e-03
  -1.5545237e-01  -4.9478593e-01  -2.8481657e+00   1.6004389e-03   1.9020776e-02   9.5689705e-03
   6.4883402e-02  -1.5075923e-01  -2.5309407e+00  -4.7236678e-03   3.0250410e-02   7.8922369e-03
  -1.5111227e-02  -1.7078316e-01  -1.7293717e+00  -7.4653232e-03   3.0719671e-02   9.9492244e-03
  -2.9764355e-01  -2.2865376e-02  -1.8509053e+00  -1.4189046e-02   3.4126128e-02   1.2820779e-02
  -3.7920895e-01  -2.3659736e-01  -1.9347346e+00  -1.6716631e-02   2.9527926e-02   1.0491044e-02
  -3.0230041e-01  -1.5646146e-01  -1.7035929e+00  -1.5248439e-02   2.8543596e-02   7.7927875e-03
  -1.5380717e-01  -2.1046672e-01  -1.7085203e+00  -1.3851242e-02   3.0997733e-02   5.0836400e-03
  -1.2925637e-01  -2.3477004e-01  -1.5787929e+00  -1.2570205e-02   3.1884542e-02   3.4661802e-03
  -1.6539063e-01  -3.0148492e-01  -1.5244936e+00  -1.1328106e-02   3.2538834e-02   2.6358306e-03
  -1.6018752e-01  -2.8481524e-01  -1.3899689e+00  -1.0143657e-02   3.2417247e-02   5.0344011e-04
  -1.6190375e-01  -3.0330955e-01  -1.4176338e+00  -1.0544233e-02   3.1964698e-02  -2.6250165e-04
  -1.7599040e-01  -3.1135158e-01  -1.3539329e+00  -1.0281085e-02   3.1817658e-02  -1.1296966e-03
  -1.8806149e-01  -3.3233809e-01  -1.3630411e+00  -1.0506031e-02   3.2022288e-02  -9.4200732e-04
  -1.7545002e-01  -3.1279627e-01  -1.2610376e+00  -1.0504979e-02   3.2581363e-02  -1.9071076e-03
  -1.8446345e-01  -3.6954639e-01  -1.2796943e+00  -1.0611978e-02   3.2844819e-02  -1.8443953e-03
  -1.8728745e-01  -3.6836453e-01  -1.1985042e+00  -1.0226410e-02   3.3023566e-02  -2.6640282e-03
  -1.7097844e-01  -4.0271517e-01  -1.2002999e+00  -1.0157366e-02   3.3087446e-02  -3.0348908e-03
  -1.7831553e-01  -3.9129733e-01  -1.0913411e+00  -9.8242395e-03   3.3157972e-02  -4.2718315e-03
  -1.9264207e-01  -4.1600832e-01  -1.0815824e+00  -9.8923791e-03   3.3475083e-02  -4.0081995e-03
  -1.9783321e-01  -4.2581414e-01  -9.9479394e-01  -9.7213245e-03   3.3245372e-02  -4.9678150e-03
  -1.9320617e-01  -4.4148824e-01  -1.0099721e+00  -9.3728884e-03   3.3335564e-02  -4.4195968e-03
  -1.9523174e-01  -4.1104121e-01  -9.4288094e-01  -9.3894537e-03   3.3148017e-02  -5.6422344e-03
  -2.1084740e-01  -4.4613457e-01  -9.8021983e-01  -9.2993409e-03   3.3627909e-02  -5.3795392e-03
  -2.3741673e-01  -4.5881752e-01  -8.3862332e-01  -9.5755518e-03   3.3767067e-02  -6.9303932e-03
  -2.0968126e-01  -4.7622126e-01  -7.8008857e-01  -9.5840517e-03   3.1944249e-02  -5.0216694e-03
  -2.2231799e-01  -3.5462118e-01  -9.0280463e-01  -8.0240001e-03   2.4252513e-02  -5.6372972e-03
  -3.4080794e-01  -1.8110177e-01  -1.5095083e+00  -1.0755158e-02   2.8103620e-02   6.0213895e-03
  -1.4161297e-01  -1.9672700e-01  -1.7392173e+00  -1.0448696e-02   2.1865440e-02   3.5720908e-03
  -2.8520116e-01   5.8104300e-03  -2.1898547e+00  -2.1028457e-02   1.8886398e-02  -2.8818410e-03
  -1.2806376e-01  -7.6088382e-02  -2.4005142e+00  -2.1335116e-02   1.9581868e-02  -4.6241687e-04
  -1.5578647e-01  -1.0991307e-01  -2.2460035e+00  -1.9289689e-02   1.9425277e-02  -2.2255521e-03
  -6.2600049e-02  -1.0715495e-01  -2.1705223e+00  -1.6158278e-02   2.1957634e-02  -3.4429014e-03
  -2.8624284e-02  -1.4029589e-01  -1.9530443e+00  -1.3716904e-02   2.2189340e-02  -6.2350243e-03
  -2.0677935e-02  -1.6246468e-01  -1.8573514e+00  -1.2416667e-02   2.4057687e-02  -6.7056945e-03
  -2.3177458e-02  -1.8859910e-01  -1.7975308e+00  -1.2328880e-02   2.3559079e-02  -7.1483833e-03
   1.9449483e-02  -1.7703502e-01  -1.7261606e+00  -1.2073472e-02   2.4605902e-02  -6.6326012e-03
   8.9309532e-04  -2.2002529e-01  -1.7418588e+00  -1.1796164e-02   2.4198599e-02  -6.8423141e-03
   2.7286808e-02  -2.5170485e-01  -1.7148453e+00  -1.1232994e-02   2.4939406e-02  -5.5200170e-03
   1.0390577e-02  -2.2492389e-01  -1.7027828e+00  -1.1097855e-02   2.5000030e-02  -6.7304560e-03
  -1.2108143e-04  -2.2277808e-01  -1.6794380e+00  -1.0906726e-02   2.5594290e-02  -6.3253453e-03
   5.6038690e-03  -2.4905571e-01  -1.6921937e+00  -1.0698344e-02   2.5402297e-02  -7.0019677e-03
   4.0472036e-02  -2.5920032e-01  -1.6684461e+00  -9.9962734e-03   2.6263359e-02  -6.4963929e-03
   4.4208557e-02  -2.2808177e-01  -1.6688287e+00  -1.0184510e-02   2.6109096e-02  -6.9667318e-03
   6.6646296e-02  -2.3581766e-01  -1.6568854e+00  -1.0068225e-02   2.6663324e-02  -6.9002235e-03
   1.0383866e-01  -1.8517020e-01  -1.6306465e+00  -9.0086207e-03   2.6027408e-02  -7.7753346e-03
   1.2077735e-01  -1.5894039e-01  -1.6028508e+00  -8.7472937e-03   2.6400162e-02  -7.3562054e-03
   1.2458338e-01  -1.2254757e-01  -1.5698604e+00  -8.9908851e-03   2.5916644e-02  -7.5989009e-03
   1.5461654e-01  -9.2216487e-02  -1.5215995e+00  -8.2395107e-03   2.6183362e-02  -7.0143511e-03
   1.6084751e-01  -1.4545950e-01  -1.6338102e+00  -8.9162185e-03   2.6276094e-02  -7.3742800e-03
   1.8293323e-01   1.3296004e-01  -1.1981266e+00  -4.5126604e-03   2.6937258e-02  -6.2126669e-03
   1.5947289e-01   1.2246974e-01  -1.1068197e+00  -1.7332084e-03   2.8111083e-02  -5.0492122e-03
   1.8560938e-01   1.1650605e-01  -1.2330792e+00  -2.9226895e-03   2.8666612e-02  -3.9761184e-03
   1.5080786e-01   9.5994376e-02  -1.2592016e+00  -3.3666819e-03   2.8400575e-02  -2.1344913e-03
   1.8801996e-01   5.4553239e-02  -1.2117915e+00  -2.9998608e-03   2.8471210e-02  -5.9428178e-04
   1.8846178e-01   6.9057706e-02  -1.1318662e+00  -2.0414729e-03   2.8209965e-02  -2.1340496e-04
   2.6213091e-01   5.1349721e-02  -1.1588272e+00  -2.4865103e-03   2.8941749e-02  -1.1450859e-04
   3.0794149e-01   1.2540652e-01  -9.9289434e-01  -1.9858885e-03   2.9121041e-02  -8.3218843e-04
   3.0234745e-01   1.2431829e-01  -9.4045104e-01  -1.9497707e-03   2.9007235e-02  -1.5774612e-03
   3.1348772e-01   1.3199049e-01  -8.2610978e-01  -1.7327009e-03   2.8936601e-02  -2.2270694e-03
   3.3435909e-01   1.7906859e-01  -8.2557238e-01  -1.9457243e-03   2.9236990e-02  -2.7359124e-03
   3.3116639e-01   2.0537901e-01  -7.9107220e-01  -2.4254628e-03   2.9247994e-02  -3.1557604e-03
   3.4825164e-01   2.3990239e-01  -7.4564425e-01  -2.3997310e-03   2.9420477e-02  -3.2833202e-03
   3.4246075e-01   2.4379419e-01  -6.3412561e-01  -1.7341147e-03   2.9347175e-02  -3.6650999e-03
   3.5025138e-01   2.6336601e-01  -6.3308500e-01  -1.9258482e-03   2.9954892e-02  -3.4267377e-03
   3.5829803e-01   2.9127245e-01  -5.6769379e-01  -1.6930821e-03   2.9548079e-02  -3.9405180e-03
   3.7623205e-01   3.0373897e-01  -5.9736137e-01  -2.4487474e-03   3.0094735e-02  -4.0527774e-03
   3.8886764e-01   2.9068110e-01  -5.6899923e-01  -2.2929384e-03   2.9639699e-02  -4.2594120e-03
   3.9727435e-01   3.1636794e-01  -5.5563018e-01  -2.5308709e-03   2.9899646e-02  -4.2294498e-03
   4.1643574e-01   3.1789613e-01  -5.3133510e-01  -3.0287235e-03   2.9655752e-02  -4.3898997e-03
   4.1715538e-01   2.9021590e-01  -6.2458051e-01  -4.2790817e-03   3.0190500e-02  -4.5820288e-03
   4.3909748e-01   2.6528247e-01  -5.5959371e-01  -3.7222951e-03   2.9312364e-02  -4.4446237e-03
   4.2935106e-01   2.8359017e-01  -6.1268954e-01  -5.2929072e-03   3.0358724e-02  -4.3072346e-03
   4.6127541e-01   3.0412949e-01  -5.6167288e-01  -4.7365807e-03   2.9733524e-02  -4.8314137e-03
   3.7674336e-01   2.7851543e-01  -6.0745252e-01  -7.3225666e-03   3.0111177e-02  -4.6234760e-03
   3.5456037e-01   2.1304111e-01  -3.7335938e-01  -7.2437201e-03   2.7992754e-02  -3.0652136e-03
   3.5015614e-01   2.6645338e-01  -8.3216558e-01  -8.9913079e-03   3.0695779e-02  -3.5651726e-03
  -2.1140236e-01  -1.0677920e-01  -3.8019643e-01  -5.9741659e-03   2.3417148e-02   3.5753333e-03
   3.0228052e-03  -2.2054336e-01   2.5924251e-01  -1.0504260e-02   1.6722760e-02   8.6547478e-03
  -3.2345729e-02  -6.2027523e-02  -1.3679675e-01  -2.0152963e-02   2.2848296e-02   6.5071305e-03
