   0.0000000e+00   0.0000000e+00   0.0000000e+00   0.0000000e+00   0.0000000e+00   0.0000000e+00
  -1.9057660e-02  -1.8705475e-02   2.8956995e-02   1.3674545e-04   2.4692879e-04   1.8511140e-04
   1.7588237e-03   1.8596509e-01  -2.8439031e-02  -1.9713111e-03   2.9849505e-04  -5.3538587e-04
   2.9463736e-03   7.7574391e-02   5.2460453e-02   1.5220707e-04   2.6027438e-04  -3.7200131e-04
   3.6017272e-02   1.3629198e-01   3.8362083e-02  -3.1259375e-03   2.9623139e-04  -1.1371314e-03
  -1.8119606e-02   1.7988087e-02   2.7346380e-01   7.1565237e-03   1.5250781e-03  -8.3086412e-04
  -3.5742936e-02  -1.8234357e-01   2.5761173e-01   9.4541978e-03   2.0404640e-03  -3.7597132e-04
  -3.3515061e-02   6.8300441e-02  -6.2743115e-02   1.2053954e-03   1.7904642e-03  -6.6818843e-04
  -5.7872734e-02  -1.1403352e-02   4.6062653e-02   4.0142931e-03   2.1523883e-03  -2.5926603e-04
  -3.8026398e-02   3.8779181e-02  -1.6795067e-02   1.7548271e-03   2.0455211e-03  -6.3811309e-04
  -2.1055786e-02   4.7112768e-02   7.0996521e-02   3.3631785e-03   2.1390351e-03  -1.1356230e-03
  -4.1359206e-02   3.3216547e-02   1.1739940e-02   2.2241170e-03   1.9355943e-03  -8.2039314e-04
  -4.3324969e-02   1.0878948e-02   8.1259318e-02   3.5797177e-03   2.0781324e-03  -7.4177393e-04
  -5.2033629e-02   4.3600067e-02   3.0864464e-02   2.9458870e-03   2.0292446e-03  -7.1803309e-04
  -5.0461745e-02   1.3440475e-02   4.3780243e-02   3.9140147e-03   1.9969833e-03  -8.0932511e-04
  -5.0104087e-02   5.1611161e-02  -1.2327459e-02   2.6410227e-03   1.9388961e-03  -7.4768820e-04
  -4.9153390e-02   7.3189641e-03  -2.5293370e-02   2.9738789e-03   2.1346688e-03  -7.8109027e-04
  -4.7165041e-02   1.6971797e-02  -1.4948842e-03   2.9116237e-03   1.9582929e-03  -7.4046110e-04
  -2.8413082e-02   5.7649727e-02  -3.0007390e-03   2.6490908e-03   1.7375412e-03  -1.1976051e-03
  -2.3846274e-02   4.2588671e-02   9.1238340e-03   2.8070508e-03   1.6639693e-03  -1.2233828e-03
  -3.2183379e-02  -9.5251049e-03   6.0410338e-02   3.3607025e-03   1.7836369e-03  -1.0214053e-03
  -1.7885991e-02   2.3426591e-02   4.2031524e-02   2.7866051e-03   1.7786045e-03  -1.3517480e-03
  -3.0552544e-02   1.4837862e-02   4.9405605e-02   3.3572433e-03   1.8961373e-03  -1.2103331e-03
  -4.4394406e-02   2.2900833e-02   5.5270495e-02   2.8946767e-03   1.9852227e-03  -1.1178213e-03
  -3.5375450e-02  -7.9669011e-03   1.1632037e-01   4.4423555e-03   2.1040686e-03  -1.2878900e-03
  -4.8730728e-02   6.6057243e-02   3.7557387e-02   2.2789265e-03   2.2046846e-03  -1.0965379e-03
  -2.1930236e-02   1.5543731e-01  -1.5281555e-01  -2.5570752e-03   1.9456863e-03  -1.5677869e-03
  -2.0923643e-02   1.0089885e-01  -1.4559945e-01  -1.8756895e-03   1.8141024e-03  -1.4669180e-03
  -1.8572960e-02   1.0945275e-01  -1.4587892e-01  -1.6056067e-03   2.0635288e-03  -1.6804574e-03
  -2.2928120e-03   1.8816572e-01  -1.3257867e-01  -2.5380903e-03   1.6341425e-03  -1.7312397e-03
   1.9674312e-02   1.6017214e-01  -1.6709047e-01  -3.7339473e-03   1.1081280e-03  -2.3319824e-03
   2.7708002e-03   1.4272154e-01  -1.1276302e-01  -3.4475074e-03   1.9916376e-03  -2.6183506e-03
  -9.3885112e-03   1.7283617e-01  -1.1878363e-01  -3.2917543e-03   2.1181837e-03  -2.4619116e-03
   3.6842633e-04   1.7197521e-01  -1.1468009e-01  -2.7466698e-03   2.1148053e-03  -2.7308253e-03
  -2.1109542e-02   1.6454389e-01  -8.0247266e-02  -2.7464803e-03   2.4455392e-03  -2.5333495e-03
  -1.9311446e-02   1.5387879e-01  -5.5421794e-02  -2.9234124e-03   2.4535166e-03  -2.6643279e-03
  -2.4488698e-02   1.8129340e-01  -7.4160803e-02  -2.8958980e-03   2.6430281e-03  -2.8149326e-03
  -4.6798608e-02   1.6782542e-01  -1.1513988e-01  -2.9281800e-03   2.7506896e-03  -2.4569496e-03
  -3.9473916e-02   1.5839896e-01  -1.1052443e-01  -2.7162448e-03   2.7711027e-03  -2.5520035e-03
  -3.2256750e-02   1.9470067e-01  -1.2870668e-01  -3.1014000e-03   2.5634745e-03  -2.5756675e-03
  -2.7645336e-02   1.9043564e-01  -8.8761631e-02  -2.4472992e-03   2.4684009e-03  -2.5011159e-03
  -3.9281431e-02   1.7409207e-01  -5.9256095e-02  -2.5431547e-03   2.6784731e-03  -2.4009458e-03
  -1.7178155e-02   1.6613340e-01  -5.1670310e-02  -3.2345869e-03   2.4352791e-03  -2.6540984e-03
  -3.2031142e-02   1.8010601e-01  -1.0604611e-01  -3.6729414e-03   2.1981186e-03  -2.1379707e-03
  -2.5100908e-02   1.7702973e-01  -1.2599353e-01  -3.0889986e-03   2.2421283e-03  -2.4563504e-03
  -4.4718385e-02   1.5038584e-01  -8.8725768e-02  -2.3077445e-03   2.4376855e-03  -2.0539519e-03
  -2.0322836e-02   1.7881107e-01  -7.4960038e-02  -2.3826038e-03   2.3814631e-03  -2.4530590e-03
  -3.0236098e-02   2.1815506e-01  -8.0633259e-02  -2.6062117e-03   2.4781333e-03  -2.5264184e-03
  -3.1500180e-02   1.6160824e-01  -4.4777867e-02  -2.2878595e-03   2.5977740e-03  -2.6005765e-03
  -5.5688607e-02   1.5038644e-01  -4.6688811e-02  -2.1167048e-03   2.5636236e-03  -2.1262798e-03
  -4.9469219e-02   1.7774742e-01  -5.8608632e-02  -2.4889329e-03   2.2369911e-03  -1.8276373e-03
  -5.5976188e-02   2.3180943e-01  -2.2579087e-02  -3.2993794e-03   2.2418833e-03  -1.6699845e-03
  -4.0645182e-02   2.0980045e-01   4.1070801e-02  -2.8393744e-03   2.4733084e-03  -2.0481060e-03
  -2.2364003e-02   2.7241537e-01   6.5616413e-02  -4.2170911e-03   2.5907459e-03  -2.6340492e-03
  -3.0560756e-02   2.4364746e-01   8.3570569e-02  -3.2188053e-03   2.7111572e-03  -2.5838488e-03
  -2.1316049e-02   2.6131222e-01   1.0334186e-01  -4.9018409e-03   2.7230539e-03  -3.2429660e-03
  -1.1099491e-02   2.9569466e-01   8.8246670e-02  -5.0869612e-03   2.7920208e-03  -3.6694776e-03
  -2.8050313e-02   2.8918202e-01   7.5835769e-02  -4.9665689e-03   2.7899793e-03  -3.6241300e-03
  -1.3525933e-02   2.4543029e-01   9.2107170e-02  -3.9956398e-03   2.4201694e-03  -3.5690588e-03
   1.0160340e-03   2.9415759e-01   7.0032119e-02  -5.2407688e-03   2.0407132e-03  -3.6711324e-03
  -1.4408147e-02   2.7023584e-01   6.2346132e-02  -4.6802785e-03   2.3679358e-03  -3.5366075e-03
  -2.3079070e-02   2.9756318e-01   6.2695420e-02  -6.4985376e-03   1.0071238e-03  -2.8023303e-03
   2.3322567e-02   3.2522953e-01  -9.4821334e-02  -8.8950363e-03   2.3535582e-04  -3.1634492e-03
  -7.0553511e-03   3.2784758e-01  -4.2981991e-02  -8.7341239e-03   1.0723743e-03  -3.0842132e-03
  -1.4880082e-02   3.4951782e-01  -6.6270389e-02  -9.0456021e-03   1.1302964e-03  -2.8091528e-03
  -1.7742330e-03   3.3458238e-01  -3.0560905e-02  -8.3796400e-03   1.0166282e-03  -2.8611356e-03
  -2.8988871e-03   3.2239810e-01   1.8021897e-02  -8.6311911e-03   1.1138946e-03  -3.1494773e-03
  -2.6241438e-02   3.3148910e-01   2.0133508e-02  -8.4839301e-03   1.5390886e-03  -3.1651269e-03
  -1.1685726e-02   3.2549440e-01  -1.5897295e-02  -8.7621106e-03   1.2918726e-03  -3.2848379e-03
  -5.7119624e-03   2.9600773e-01  -4.9216282e-02  -8.7127053e-03   1.1242421e-03  -3.1498246e-03
  -5.5980521e-02   3.2326420e-01  -3.9174442e-02  -8.2241836e-03   1.6696337e-03  -3.0508257e-03
  -6.8400782e-02   3.1443975e-01   9.0936674e-03  -7.9130168e-03   2.1626704e-03  -3.2681627e-03
  -5.1211342e-02   3.6289697e-01  -2.1607198e-02  -8.2034994e-03   1.7106608e-03  -3.3234253e-03
  -7.7788893e-02   3.0150498e-01   4.1553181e-03  -7.2477199e-03   2.0180461e-03  -3.0374764e-03
  -6.1699278e-02   2.9585207e-01   1.1905954e-02  -6.6214905e-03   1.7796170e-03  -3.0130356e-03
  -5.4460234e-02   3.5684117e-01  -2.0459414e-02  -7.2122754e-03   1.6927084e-03  -3.0488764e-03
  -2.5896176e-02   2.3502527e-01   5.8117409e-02  -4.7930816e-03   2.0321222e-03  -3.6911225e-03
  -2.7462939e-02   3.3361469e-01  -1.6012685e-02  -8.4950357e-03   2.1397485e-03  -3.6723888e-03
  -1.3679435e-02   4.8631110e-01  -1.4109910e-02  -1.0510585e-02  -3.3880192e-04  -2.1474915e-03
   1.9581355e-02   2.1752291e-01  -8.0189139e-02  -8.7947893e-03   1.3382792e-03  -3.6555931e-03
  -9.4170534e-03   4.2981864e-01  -1.0311017e-01  -1.0273031e-02   1.9695061e-03  -4.0541994e-03
   6.0110940e-03   3.9289480e-01  -1.2373173e-01  -9.8422553e-03   1.6677484e-03  -4.0733020e-03
  -4.4571163e-03   4.3675217e-01  -7.8908983e-02  -9.6584127e-03   1.8892442e-03  -4.2505502e-03
   1.9614983e-03   3.9844273e-01  -6.7655156e-03  -9.9664308e-03   1.9822784e-03  -4.2887458e-03
   9.4611833e-03   4.1735268e-01   9.7594521e-02  -9.8785162e-03   2.0206923e-03  -4.5907730e-03
   4.0137208e-02   5.7253453e-01  -3.8053423e-01  -2.1157869e-02   1.8262685e-03  -4.0005834e-03
   3.4456884e-02   7.9640632e-01  -8.1287068e-01  -3.3134994e-02   9.6931277e-04  -3.6016998e-03
   1.9335966e-02   6.7814116e-01  -6.6317876e-01  -3.0316987e-02   1.0055167e-03  -3.3180051e-03
   3.1699441e-02   7.5789963e-01  -7.4334583e-01  -3.1813104e-02   1.0466447e-03  -3.2497786e-03
   2.8513006e-02   7.1039011e-01  -6.8124297e-01  -3.0357855e-02   1.5908117e-03  -3.1972858e-03
  -1.5850583e-03   7.0035516e-01  -7.2150319e-01  -3.0307664e-02   2.6701892e-03  -3.4785643e-03
  -3.0028295e-02   6.7206744e-01  -6.2276197e-01  -2.7956574e-02   3.8978718e-03  -3.1642683e-03
  -2.6078656e-02   7.0179391e-01  -6.6812417e-01  -2.9564810e-02   3.1215462e-03  -3.1637054e-03
  -1.5673748e-02   7.2200410e-01  -6.5635735e-01  -2.9565098e-02   2.7745604e-03  -3.1527385e-03
  -5.9494787e-02   6.6525874e-01  -6.8642141e-01  -2.8924349e-02   1.0834785e-03  -1.8289042e-03
  -5.6189887e-02   6.4446722e-01  -7.5116569e-01  -2.8442191e-02   1.0247246e-03  -1.7304450e-03
  -1.0281538e-01   6.4658592e-01  -7.3748569e-01  -2.7257474e-02   1.8190803e-03  -1.4591875e-03
  -8.9353060e-02   6.2337903e-01  -7.0236494e-01  -2.6216998e-02   1.9906365e-03  -1.8229632e-03
  -9.6044456e-02   6.5683871e-01  -6.3173021e-01  -2.5687494e-02   2.6395350e-03  -2.2617260e-03
  -1.4383917e-01   6.0646575e-01  -4.7206011e-01  -2.2385080e-02   4.1266236e-03  -2.1733974e-03
  -1.5908243e-01   5.4365568e-01  -4.0565674e-01  -2.1651012e-02   4.9287826e-03  -1.5593829e-03
  -1.3919927e-01   6.2246675e-01  -5.0522169e-01  -2.3454920e-02   4.4219351e-03  -1.4725091e-03
  -1.5091297e-01   6.0433293e-01  -6.1036853e-01  -2.4533063e-02   5.0477752e-03  -1.5281662e-03
  -1.6849228e-01   6.4394500e-01  -5.8814325e-01  -2.5043779e-02   5.4354405e-03  -1.4756386e-03
  -1.0822673e-01   6.5543758e-01  -5.1489615e-01  -2.4340840e-02   4.8842070e-03  -3.3538125e-03
  -9.3884448e-02   6.4578919e-01  -5.3047893e-01  -2.4908627e-02   4.8120163e-03  -4.0633608e-03
  -1.0884642e-01   6.0286945e-01  -5.5622564e-01  -2.4362675e-02   3.9331060e-03  -3.0062509e-03
  -1.0378860e-01   5.8101495e-01  -4.9984047e-01  -2.3458519e-02   3.6458004e-03  -3.2021595e-03
  -1.0052305e-01   6.1262876e-01  -4.7929522e-01  -2.3330907e-02   3.9744988e-03  -3.5245982e-03
  -1.1559140e-01   5.8902793e-01  -4.6490771e-01  -2.2186764e-02   4.1255765e-03  -3.3625584e-03
  -1.2731332e-01   5.6765609e-01  -4.2895937e-01  -2.1563646e-02   4.1688494e-03  -3.2499230e-03
  -1.5162961e-01   5.5282075e-01  -4.5806015e-01  -2.1989850e-02   4.5464376e-03  -3.2746978e-03
  -1.1752203e-01   6.5492299e-01  -5.2342866e-01  -2.3309800e-02   4.2308321e-03  -3.6992354e-03
  -1.2884560e-01   5.7797211e-01  -4.8689959e-01  -2.2435797e-02   4.2555690e-03  -3.4302736e-03
  -1.2689682e-01   6.0379453e-01  -5.0784333e-01  -2.2723488e-02   4.0325652e-03  -3.4578848e-03
  -1.5249476e-01   6.4178053e-01  -4.9244998e-01  -2.1872125e-02   4.4717776e-03  -3.3367751e-03
  -7.7892660e-02   5.4655129e-01  -4.2639246e-01  -1.8433724e-02   3.1716406e-03  -3.8585791e-03
  -5.0183983e-02   5.3029224e-01  -6.0383242e-01  -2.1407758e-02   2.4698430e-03  -4.1922193e-03
  -5.5152329e-02   6.1259302e-01  -5.6339864e-01  -2.1502773e-02   2.5966531e-03  -4.2182115e-03
  -7.1425628e-02   5.6085754e-01  -6.0013188e-01  -2.0810927e-02   2.8411936e-03  -4.1843333e-03
  -6.5465042e-02   6.1202058e-01  -3.1039647e-01  -1.9435114e-02   2.6384515e-03  -4.4530311e-03
  -4.8966365e-02   5.8432883e-01  -3.8508248e-01  -2.0123102e-02   2.4233694e-03  -4.8275142e-03
  -1.0847273e-01   4.9357211e-01  -3.8402911e-01  -1.9174370e-02   4.8703270e-03  -4.1404355e-03
  -8.2525655e-02   5.3674697e-01  -3.4636743e-01  -1.8874170e-02   4.9018051e-03  -4.6703997e-03
  -1.1509343e-01   5.2963657e-01  -3.9017184e-01  -1.8475304e-02   4.9039631e-03  -3.8657999e-03
  -1.0231955e-01   4.7680136e-01  -3.5699762e-01  -1.7476992e-02   5.1798880e-03  -4.2281341e-03
  -6.8866736e-02   6.2273831e-01  -5.4599698e-01  -2.1753993e-02   4.2680897e-03  -4.0759533e-03
  -2.6743069e-02   6.4972446e-01  -6.5825215e-01  -2.5189247e-02   3.0730032e-03  -3.2291493e-03
  -9.8448010e-02   4.6278486e-01  -5.1253707e-01  -2.0646455e-02   4.7326232e-03  -3.0312687e-03
