   0.0000000e+00   0.0000000e+00   0.0000000e+00   0.0000000e+00   0.0000000e+00   0.0000000e+00
   1.0422321e-03  -5.2798672e-02   5.8293208e-02   5.0322166e-04   3.0517086e-05   2.3449393e-04
  -1.2427834e-02   6.1325867e-03   9.9045243e-02   8.6089961e-04  -1.2406680e-05   2.5926463e-04
   5.5048694e-04  -5.4124424e-02   1.0119033e-01   8.5579102e-04  -2.8438127e-04   5.2595020e-04
  -4.9773925e-03  -4.7675494e-02   1.4423109e-01   1.0011104e-03  -9.1472626e-05   4.5283566e-04
  -9.3917980e-03  -3.9698279e-02   1.3984375e-01   1.2727470e-03  -2.6116404e-04   4.7268877e-04
  -1.1053978e-02  -4.9242567e-02   1.2658217e-01   5.3459433e-04  -3.3668362e-04   2.9850023e-04
  -9.7490101e-03  -5.4425870e-02   1.4637508e-01   7.5287209e-04  -3.5028770e-04   2.6675717e-04
  -1.0785107e-02  -2.2240533e-02   1.7106989e-01   9.2711700e-04  -6.1741221e-04   4.1019864e-04
  -2.6910812e-02  -1.3195344e-02   1.5900121e-01   9.5351297e-04  -3.5738666e-04   1.9818388e-04
  -2.3383210e-02  -4.6552957e-03   1.5378061e-01   8.1985997e-04  -5.0985848e-04   1.5413989e-04
   1.4017518e-03  -3.3093823e-02   1.3259501e-01   5.0957491e-04  -1.1575601e-03   2.2638887e-04
  -9.0273217e-03  -5.1071822e-02   1.3933443e-01   6.2796703e-04  -8.5194423e-04   2.1851014e-04
  -5.9346920e-03  -3.6166788e-02   1.4354526e-01   5.6180186e-04  -6.8243620e-04   7.2642758e-05
  -6.6069965e-05  -2.5464702e-02   1.4173055e-01   8.7186125e-04  -9.9183814e-04  -1.1591401e-07
  -1.1431935e-03   9.2942052e-03   1.4178045e-01   7.2659900e-04  -1.2274223e-03   2.3187133e-04
   1.5552856e-03  -4.0767912e-02   1.3031583e-01   7.7090541e-04  -1.0032793e-03   3.8658072e-05
  -9.3648525e-03  -3.0337807e-02   1.6059824e-01   6.0670212e-04  -9.0358429e-04  -4.0848189e-05
  -4.8833576e-03  -3.0838616e-02   1.4091978e-01   6.8261553e-04  -1.0306873e-03  -2.8061739e-05
  -2.5233743e-03  -1.0529845e-02   1.2081133e-01   8.5770896e-04  -8.7140308e-04  -1.4517359e-04
  -5.5289016e-03  -5.7141300e-03   1.0446048e-01   7.1726376e-04  -1.1098537e-03  -1.1537406e-04
  -8.6865995e-03  -2.2689688e-02   1.1084579e-01   8.0479200e-04  -9.6394542e-04   7.2347989e-06
  -8.7449702e-03  -3.9405469e-02   1.1860852e-01   6.9438294e-04  -8.9040814e-04  -3.5323783e-05
  -8.4231939e-03  -1.0497107e-02   1.1973183e-01   6.9580253e-04  -9.2175596e-04  -2.4054097e-04
  -2.3295423e-03  -5.9846121e-03   1.0361350e-01   7.9216090e-04  -1.1382894e-03  -2.2699064e-04
  -1.5710838e-02  -5.2929076e-02   8.8125633e-02   8.6008630e-06  -7.4817260e-04  -5.2002895e-05
   1.3213637e-02  -1.0639377e-01   8.6031634e-03   9.4530884e-04  -1.3734710e-03   5.5337683e-04
   3.3894168e-02  -3.1404277e-02   1.1888616e-02   1.3150073e-03  -1.8819391e-03  -4.3139135e-04
   1.3932628e-03   1.7819285e-02   1.5860601e-01   2.7265403e-03  -9.8801657e-04  -1.9239303e-04
   3.6714338e-03  -4.5120311e-03   1.0221015e-01   1.9621758e-03  -1.4590207e-03   1.1670657e-04
  -3.6053574e-03  -9.2929230e-03   1.2089065e-01   1.4335503e-03  -1.0965720e-03   3.1718076e-05
   1.1229079e-02   1.6363459e-02   7.8958283e-02   1.3179001e-03  -1.4852411e-03  -2.5245833e-05
   8.1683649e-03   4.1311398e-03   9.2560488e-02   1.6339253e-03  -1.1933348e-03  -3.4033875e-05
   7.8293413e-04   2.9714576e-02   1.3503881e-01   2.2903898e-03  -1.3398628e-03   2.1309491e-04
   6.8317789e-03  -3.0296755e-02   1.3560828e-01   1.7326358e-03  -1.1245742e-03  -1.6346717e-05
   9.0811535e-03  -2.4877777e-02   1.6852769e-01   1.9366627e-03  -1.3868567e-03  -1.2889342e-04
   7.6835539e-03  -1.4036281e-02   1.3285926e-01   1.7939573e-03  -1.2490932e-03  -2.8574832e-04
   1.1206807e-02  -2.2200654e-02   1.3175709e-01   1.6351262e-03  -1.4053712e-03  -1.1161906e-04
   1.3517540e-02  -4.8317851e-02   1.3678474e-01   1.6055583e-03  -1.0600262e-03   4.2082261e-05
   1.9764936e-02  -3.9587051e-02   1.6076738e-01   1.5062160e-03  -1.1037625e-03  -4.3624837e-05
   1.6935302e-02  -1.2889846e-02   1.4025261e-01   1.5196932e-03  -1.0428111e-03  -1.6368652e-04
   1.7131325e-02  -2.3409232e-02   1.2434917e-01   1.6264365e-03  -1.2737483e-03   2.4648054e-06
   2.2687544e-02  -3.5686670e-02   1.0011787e-01   1.5227255e-03  -9.8022558e-04  -2.4534765e-05
   2.5984597e-02  -2.1172627e-02   1.2260141e-01   1.7084685e-03  -1.0039952e-03  -6.4080085e-05
   3.2398776e-02  -6.4900094e-04   9.7854686e-02   1.9000289e-03  -1.0377069e-03  -1.5044657e-04
   2.5607668e-02   4.9092310e-02   8.8563291e-02   1.9392368e-03  -1.0291765e-03  -2.5311733e-05
   4.4862539e-02   1.3039288e-02   6.0055666e-02   1.7567978e-03  -4.3252765e-04   3.3162602e-04
   4.3543782e-02   1.5090873e-02   6.3457231e-02   1.9423612e-03  -6.6764756e-05   3.4330288e-04
   4.4092489e-02   1.4931809e-03   6.0489411e-02   1.7202268e-03   3.9723615e-05   2.7158360e-04
   1.7856268e-02   2.2614990e-02   1.4847593e-01   2.2203002e-03  -1.8730619e-04   2.3101954e-04
   2.7501755e-02   1.6973181e-02   8.7055274e-02   3.4096251e-03  -4.6316708e-04   7.7319200e-04
   3.2982531e-02  -3.9990362e-02  -4.2827346e-02   6.3022936e-04  -3.5182017e-04   5.6312082e-05
   1.1493027e-02   6.8775452e-02   7.0588965e-02   1.1186292e-03  -3.5544994e-04  -1.8336969e-04
   2.3164819e-02   1.5429994e-02   3.3305381e-02   1.0237093e-03  -5.3676276e-04  -3.2375945e-04
   3.0489312e-03   3.9061514e-02   7.4212350e-02   9.5433690e-04  -1.2429030e-04   1.1037089e-04
   1.8509826e-02   1.4434459e-02   6.9182698e-02   1.1161002e-03  -6.3663370e-04   2.8519782e-04
   1.5026932e-02   1.8385706e-02   5.3223876e-02   1.2470705e-03  -8.2578300e-04   2.4226412e-04
   1.8878355e-02   8.6421396e-03   6.3018130e-02   1.2832031e-03  -7.4390633e-04   1.6656361e-04
   1.2979978e-02   3.5397587e-02   8.9704616e-02   1.3209763e-03  -6.6430610e-04   1.6232736e-04
   1.7420272e-02   4.4333867e-02   8.6182612e-02   1.6427267e-03  -7.8861306e-04   6.1645955e-05
   1.5904363e-02   2.7722628e-02   8.0080439e-02   1.6459483e-03  -7.7111160e-04  -1.0230552e-04
   1.4657990e-02   4.9768481e-03   8.3203615e-02   1.5693414e-03  -6.2344145e-04  -1.0997566e-04
   8.9436487e-03   2.2663569e-02   7.8562810e-02   1.1725067e-03  -5.8879835e-04  -2.5319582e-04
   9.9000138e-03   4.5972790e-02   8.5173546e-02   1.2579796e-03  -6.3991296e-04  -1.1818833e-04
   1.3615693e-02   1.5464043e-02   6.0187819e-02   1.0474694e-03  -5.5354633e-04  -5.5689307e-05
   2.6403198e-02   8.1863228e-03   7.0164109e-02   1.0133660e-03  -3.2950388e-04  -3.3714817e-04
   2.2590107e-02   7.0775329e-03   9.8030182e-02   1.7283961e-03   1.9430931e-04  -5.3910779e-04
   2.1572205e-02   2.8015194e-02   9.3906739e-02   1.4062324e-03   6.3123413e-04  -5.5595030e-04
   1.9248373e-02   4.4797386e-02   6.3762351e-02   1.4339005e-03   6.2416717e-04  -7.5556797e-04
   6.2071295e-02   2.7649734e-02   6.7807200e-02   1.3322191e-03   9.5901114e-04  -6.7997589e-04
   5.9162330e-02   8.9693876e-03   9.7001560e-02   1.5954806e-03   1.4704397e-03  -6.6741228e-04
   6.1277598e-02   1.8137233e-02   9.3650689e-02   1.1990487e-03   1.9645085e-03  -5.8974505e-04
   6.3282752e-02   2.2640678e-02   1.0741270e-01   1.8305134e-03   2.0271347e-03  -6.0131974e-04
   6.9861595e-02   5.5487675e-02   8.8721513e-02   1.5417317e-03   2.0676249e-03  -8.1741799e-04
   4.8193605e-02   3.4775123e-02   7.1941449e-02   2.3439615e-03   1.5529557e-03  -6.4806305e-04
   3.5375426e-02  -4.9801017e-03   5.8959828e-02   3.1364319e-03   1.2700533e-04   2.3017186e-04
   2.2389691e-02   4.9322211e-02   3.1480652e-02  -5.2769896e-05   3.6203979e-04  -2.7988944e-04
   2.5120426e-02   6.8298753e-02   6.2740254e-02   3.9726751e-04   5.5146044e-04  -3.9559982e-04
   8.4551533e-03   1.5116212e-01   7.3065941e-02   5.4050801e-04   8.6018708e-04  -4.6059027e-04
   3.1701692e-02  -9.7553358e-04   9.2431694e-02   1.1590599e-03   8.1685335e-04  -6.1313346e-04
   3.5111802e-02   4.5567308e-02   1.1199508e-01   1.1731620e-03   8.0848316e-04  -6.7642910e-04
   3.9157731e-02   2.8987556e-02   1.0320731e-01   1.8260054e-03   4.0348399e-04  -4.5287801e-04
   3.8211482e-02   6.4415009e-02   6.7352024e-02   1.1204245e-03   3.6770019e-04  -5.4686241e-04
   3.4827913e-02   2.8779533e-02   7.8763072e-02   1.5255415e-03   2.5476322e-04  -5.0952336e-04
   3.4310962e-02   4.2513754e-02   1.0114865e-01   1.3434750e-03   2.6537742e-04  -4.7209435e-04
   3.1256493e-02   3.7600041e-02   1.1141954e-01   1.8375044e-03   2.3422882e-04  -4.4432126e-04
   2.9792110e-02   4.9692640e-02   9.3573807e-02   1.4892818e-03   3.2411536e-04  -3.4699588e-04
   2.8445402e-02   1.6907846e-02   9.7718557e-02   1.5129783e-03   3.8422070e-04  -3.1797868e-04
   3.2353849e-02   5.0501193e-02   1.0588590e-01   1.4801615e-03   3.2676131e-04  -3.9591090e-04
   2.7532807e-02   4.0704605e-02   1.1088314e-01   2.0584000e-03   3.3976239e-04  -3.4991184e-04
   2.3322594e-02   4.4732330e-02   1.0782779e-01   1.5772579e-03   3.9397302e-04  -3.3719138e-04
   2.9469099e-02   1.6814885e-02   6.3960448e-02   1.6561311e-03   1.5184570e-04  -5.2227321e-04
   2.4382109e-02   3.1458973e-02   5.8871323e-02   1.4957406e-03  -1.2795767e-04  -6.4736474e-04
   2.1143942e-02   3.9888427e-02   9.6776281e-02   1.8565847e-03  -1.5521712e-04  -8.1220539e-04
   1.2859066e-02   7.2582445e-02   1.0930252e-01   1.9578805e-03  -1.8131252e-05  -6.5875815e-04
   9.7798236e-03   4.9207177e-02   6.4132053e-02   1.9178665e-03  -1.4260138e-04  -8.0752450e-04
   5.1946578e-03   7.7089912e-02   3.1354036e-02   1.3386197e-03  -2.0579827e-04  -7.8494025e-04
   6.6470675e-03   5.2000947e-02   2.2683474e-02   1.6991250e-03  -5.1085902e-04  -8.2634595e-04
   1.0744072e-02   8.3330475e-02   6.9807565e-02   1.5789971e-03  -3.6138045e-04  -7.5018716e-04
   1.3312290e-02   1.0106198e-01   5.4137631e-02   1.7602831e-03  -1.7088573e-04  -4.8834961e-04
   1.9056059e-02   7.7596977e-02   7.0518378e-02   1.9063771e-03   8.3391184e-05  -4.6628460e-04
   6.5459683e-03   9.3939314e-02   7.6273995e-02   1.9070929e-03   3.7148282e-04  -4.6739785e-04
   8.5658228e-03   6.4281039e-02   9.7378805e-02   2.0318546e-03   1.8485543e-04  -4.4188027e-04
   9.0286286e-03   2.8371851e-02   7.9872796e-02   2.2465334e-03   4.2896934e-04  -5.3368184e-04
   4.3477341e-03   4.6071372e-02   1.1084236e-01   1.6755154e-03   4.7386309e-04  -3.5586144e-04
   1.7248591e-02   1.5549764e-02  -2.2711318e-02   2.3328865e-03   1.0511530e-05   1.4775516e-04
   2.5856889e-02   3.4097109e-02  -9.1881689e-03   2.6615524e-03   8.9553814e-05  -1.0628299e-03
   6.5345119e-03   9.4833998e-02   8.7252950e-02   2.9628911e-03   3.5810897e-04  -1.2254717e-03
   8.6601568e-03   9.6824006e-02   6.2654484e-02   2.9862212e-03   3.5137534e-04  -1.1835043e-03
   1.8476469e-02   8.3417714e-02   4.5912068e-02   2.6039626e-03   2.9696235e-04  -1.2375436e-03
   1.6855672e-02   6.6593069e-02   3.4709100e-02   2.4341888e-03   2.4781863e-04  -1.3323297e-03
   5.6969475e-03   9.4099746e-02   5.2469764e-02   2.4570721e-03   3.3228479e-04  -1.3224189e-03
  -3.1521112e-03   1.2129972e-01   4.6595141e-02   2.3836823e-03   3.3363331e-04  -1.2035845e-03
   1.5514682e-03   7.5239062e-02   6.2814730e-02   2.4016673e-03   3.3112939e-04  -1.3056178e-03
   3.5674066e-03   6.7418785e-02   7.3151053e-02   2.4707717e-03   1.9521375e-04  -1.3542700e-03
   2.7561392e-03   8.2361242e-02   6.9182422e-02   2.5008686e-03   1.4770930e-04  -1.3085562e-03
   7.6617502e-04   8.0366814e-02   5.9419091e-02   2.4750502e-03   6.9158016e-05  -1.2608486e-03
  -2.3808175e-03   7.1224069e-02   6.1925963e-02   2.3595073e-03   8.2065049e-05  -1.2556871e-03
  -8.5305005e-03   6.3432535e-02   4.2297540e-02   2.1391395e-03  -1.8166464e-04  -1.5389755e-03
  -2.1702198e-02   7.8954595e-02   5.5689900e-02   2.0525632e-03  -4.0306271e-04  -1.6586629e-03
  -3.1823003e-02   8.9660256e-02   6.9322314e-02   2.2898195e-03  -6.5766084e-04  -2.0792126e-03
  -4.6027985e-02   1.1810815e-01   4.0039242e-02   2.0271860e-03  -1.3978958e-03  -2.6912537e-03
  -5.4987884e-02   9.8477440e-02   4.7229681e-02   2.2891894e-03  -1.9616387e-03  -3.0102107e-03
  -4.7945861e-02   8.6034714e-02   6.6604587e-02   2.2654299e-03  -2.1786900e-03  -2.7810659e-03
  -3.9362054e-02   9.7558638e-02   7.7353252e-02   2.5538335e-03  -2.1280552e-03  -2.7038432e-03
  -3.9629417e-02   1.2135214e-01   9.0686473e-02   2.7296806e-03  -1.8531300e-03  -2.8306261e-03
  -5.2223190e-02   1.0980841e-01   7.0560377e-02   2.2690074e-03  -1.6788473e-03  -2.4814975e-03
  -5.6521760e-02   1.0507307e-01   4.3364215e-02   2.0916245e-03  -1.6112217e-03  -2.5134924e-03
  -4.8337628e-02   6.3222481e-02   8.8013063e-02   2.7144347e-03  -1.3524727e-03  -2.4860589e-03
