   0.0000000e+00   0.0000000e+00  -1.4210855e-14  -2.7755576e-17  -1.7347235e-18  -4.8148249e-35
  -3.3228961e-01   2.9685241e-02  -7.9016859e-01  -1.2566424e-02   2.6945219e-03   3.4156780e-03
  -2.8395220e-01   1.2253064e-01  -1.0292323e+00  -1.1774338e-02   4.0153430e-03   2.3521985e-03
  -2.7340235e-01   8.9631884e-02  -9.7004992e-01  -1.3557184e-02   4.8804325e-03   1.4765664e-03
  -2.5021829e-01   5.0196627e-02  -9.6387356e-01  -1.2182197e-02   4.8641921e-03   1.7413244e-03
  -2.3336745e-01   6.6528944e-02  -8.5114212e-01  -1.2375545e-02   5.4543381e-03   1.6198158e-03
  -1.9035744e-01   3.5005397e-02  -9.4163855e-01  -1.1375236e-02   6.0485309e-03   1.3343461e-03
  -1.8029571e-01   3.7408224e-02  -8.3443781e-01  -1.0887154e-02   7.2262018e-03   1.1714191e-03
  -1.5482661e-01   7.4541096e-02  -9.1027966e-01  -1.0098342e-02   8.3149551e-03   1.2881484e-03
  -1.4000526e-01   5.0578060e-02  -7.8803334e-01  -9.7532115e-03   8.6949785e-03   1.5055797e-03
  -1.0849923e-01   7.1353443e-02  -7.5365266e-01  -7.1496336e-03   1.0066625e-02   1.3259771e-03
  -8.8683555e-02   1.1937668e-01  -4.9282736e-01  -6.1343149e-03   1.0665996e-02   1.0996583e-03
  -5.3055616e-02   4.2799258e-02  -3.3519280e-01  -4.2416712e-03   1.1335227e-02   1.1918992e-03
  -6.1596038e-02   3.8035477e-02  -2.3099386e-01  -4.0097545e-03   1.1297064e-02   1.2200967e-03
  -4.3841804e-02   4.9973443e-02  -2.5111764e-01  -3.5918971e-03   1.2153839e-02   3.7919616e-04
  -2.8708728e-02   2.0373852e-02  -1.4648424e-01  -3.9009363e-03   1.1607695e-02   7.5278608e-04
  -5.6448516e-02   1.9853741e-02  -3.2366451e-01  -6.3970291e-03   1.0897498e-02   1.5264224e-04
  -3.3670371e-02   4.9914549e-02  -2.0467209e-01  -4.8167491e-03   1.1771959e-02  -2.0963424e-04
  -1.4535162e-03  -4.0818139e-02  -3.0054450e-01  -3.5475307e-03   1.2770605e-02   3.4396875e-04
   3.3113926e-03   1.1225649e-01  -1.8847632e-01  -3.2516328e-03   1.2510694e-02   3.5398032e-04
   3.7646450e-02  -1.6301082e-02  -2.5595097e-01  -2.2699556e-03   1.3385145e-02   6.6280873e-05
   1.8844079e-02   4.3121518e-02   2.8406854e-02  -2.2887332e-03   1.3051011e-02   6.0372206e-06
   4.2834872e-02  -2.7152483e-02  -2.6553084e-01  -3.2309434e-03   1.3608428e-02  -4.7316312e-04
   3.0609860e-02   4.9621702e-02   1.7141385e-01  -2.4705752e-03   1.3750240e-02  -5.8284428e-04
   9.3511704e-02   6.8753144e-02  -1.2776535e+00  -5.6980110e-03   1.6448705e-02  -2.1920595e-03
   1.5828879e-01   7.2778976e-01  -2.3329472e+00  -4.1180635e-03   1.2728238e-02  -6.9720660e-03
  -6.0419642e-02   1.5015180e+00  -1.5469625e+00  -7.5217178e-03   1.2422407e-02  -3.7483788e-04
  -7.7915271e-02   9.1603359e-01  -2.3494144e+00  -1.6063205e-02   1.3814771e-02   7.0149977e-04
  -8.0606089e-02   9.4015196e-01  -2.3698066e+00  -2.0412475e-02   1.2874300e-02   7.0900908e-04
  -5.4751905e-02   7.9852118e-01  -2.5828258e+00  -2.2804503e-02   1.3066827e-02  -2.9708063e-05
  -4.9410840e-02   9.2741374e-01  -2.3828418e+00  -2.2113127e-02   1.4151211e-02  -9.0159979e-04
  -2.4222107e-02   8.1852056e-01  -2.5206471e+00  -2.1544022e-02   1.4968265e-02   2.3200979e-04
  -1.4638459e-02   8.3179582e-01  -2.4039030e+00  -1.9594026e-02   1.5654560e-02  -6.5946610e-05
   1.3682326e-02   7.9154275e-01  -2.4391663e+00  -1.8748353e-02   1.6015584e-02  -2.4243892e-04
   1.7864064e-02   8.5937727e-01  -2.3822871e+00  -1.8957857e-02   1.6550411e-02  -2.5793616e-04
   1.5757408e-02   7.8835485e-01  -2.4534756e+00  -1.8439980e-02   1.6523969e-02  -1.0416493e-04
   2.1712181e-02   8.4075034e-01  -2.3729619e+00  -1.8644873e-02   1.6525075e-02  -7.9591455e-05
   4.1505282e-02   8.1445765e-01  -2.4620422e+00  -1.8767590e-02   1.6173554e-02   1.5807076e-04
   4.6095715e-02   8.1296183e-01  -2.3808967e+00  -1.8313821e-02   1.6545282e-02   2.7503674e-04
   5.9760163e-02   8.1560292e-01  -2.4025791e+00  -1.7888033e-02   1.6488461e-02   4.1885704e-04
   7.2492783e-02   8.4411530e-01  -2.3730020e+00  -1.7818348e-02   1.6081734e-02   5.1246129e-04
   9.9460228e-02   8.0530552e-01  -2.2927886e+00  -1.6812057e-02   1.5122425e-02   3.5897882e-04
   1.3329882e-01   8.5354980e-01  -2.2155908e+00  -1.6535567e-02   1.4593444e-02   4.0293585e-05
   1.2938742e-01   7.9946122e-01  -2.2474372e+00  -1.6003093e-02   1.5071877e-02   1.0688126e-04
   1.4949153e-01   8.3520606e-01  -2.0778519e+00  -1.4074139e-02   1.5282983e-02  -1.5142195e-04
   1.9184860e-01   8.8398839e-01  -2.0582356e+00  -1.2948838e-02   1.5784060e-02  -6.5533297e-04
   2.2947189e-01   8.6950946e-01  -1.9841653e+00  -1.1968063e-02   1.6026968e-02  -6.6919965e-04
   2.1712700e-01   8.4686031e-01  -1.8684037e+00  -1.0654138e-02   1.6070625e-02  -5.1811647e-04
   2.4203648e-01   8.9599844e-01  -1.8911121e+00  -1.0264721e-02   1.6247527e-02  -1.0175543e-03
   2.3442415e-01   8.3971257e-01  -1.7498612e+00  -9.2607049e-03   1.5995051e-02  -1.1272257e-03
   2.2469167e-01   8.7081936e-01  -1.8275435e+00  -1.0128562e-02   1.6131523e-02  -1.0652257e-03
   1.8191318e-01   8.6432555e-01  -1.4537374e+00  -8.5441361e-03   1.7173383e-02  -1.2014370e-03
   1.6224986e-01   8.5784518e-01  -1.1536038e+00  -5.0545079e-03   1.6824702e-02  -1.9177877e-03
   1.5382366e-01   8.7451559e-01  -1.1467037e+00  -3.8681878e-03   1.4737496e-02  -4.1245241e-03
   1.6910802e-01   7.8759837e-01  -1.0079236e+00  -7.6127461e-03   1.6350331e-02  -3.1591077e-03
   1.9130559e-01   8.5719984e-01  -9.9069334e-01  -5.9092025e-03   1.6469380e-02  -3.7437252e-03
   1.9013084e-01   7.8385957e-01  -9.1742387e-01  -6.8128709e-03   1.6719269e-02  -3.5523478e-03
   2.3402443e-01   8.1596263e-01  -8.6555459e-01  -5.3666136e-03   1.6633505e-02  -3.9250255e-03
   2.0589813e-01   7.6381416e-01  -9.2742963e-01  -6.2668799e-03   1.7399653e-02  -3.3352474e-03
   2.1913635e-01   7.9498993e-01  -8.9843339e-01  -3.2742909e-03   1.7418082e-02  -3.8355605e-03
   2.3102071e-01   7.2753851e-01  -7.9960263e-01  -5.3443063e-03   1.7130243e-02  -2.9611501e-03
   2.8282781e-01   1.0648643e+00  -1.1320526e+00  -9.8552873e-04   1.5455029e-02  -4.0786164e-03
   2.1727690e-01   1.1697989e+00  -2.2157930e+00   7.4374645e-03   1.1613148e-02  -4.2216111e-03
   9.4871871e-02   1.2971380e+00  -1.6463013e+00  -9.2369617e-03   1.3674559e-02  -1.6717577e-03
   9.1070612e-02   1.1776006e+00  -1.6824622e+00  -6.7864422e-03   1.3802593e-02  -1.9741439e-03
   5.8985385e-02   1.0806733e+00  -1.9349648e+00  -8.3857870e-03   1.4540384e-02  -1.4319803e-03
   9.5478084e-02   1.0921450e+00  -1.8792537e+00  -6.3200978e-03   1.5102073e-02  -2.2299094e-03
   1.0931078e-01   1.0907483e+00  -1.9057920e+00  -7.3102481e-03   1.5757208e-02  -2.1811109e-03
   1.1397176e-01   1.1032614e+00  -1.8804672e+00  -6.6193612e-03   1.6073715e-02  -2.5447624e-03
   1.0254221e-01   1.0545353e+00  -1.9157104e+00  -7.0572746e-03   1.6379642e-02  -2.4822099e-03
   1.1462017e-01   1.0959543e+00  -1.8927885e+00  -6.5231291e-03   1.6396186e-02  -2.5796371e-03
   1.2820239e-01   1.1009319e+00  -1.9702525e+00  -7.4913685e-03   1.6567594e-02  -2.5455757e-03
   1.3362602e-01   1.0616251e+00  -1.9246239e+00  -6.4934303e-03   1.7017194e-02  -2.6546131e-03
   1.4742144e-01   1.0647546e+00  -1.9961393e+00  -6.9863034e-03   1.6977576e-02  -2.5045462e-03
   1.3537729e-01   1.1006146e+00  -2.0078987e+00  -6.4884750e-03   1.7442039e-02  -2.2469816e-03
   1.6474559e-01   1.0818648e+00  -2.0903318e+00  -6.8104225e-03   1.6388082e-02  -2.0786691e-03
   1.0062736e-01   1.1465699e+00  -2.0755731e+00  -8.0734573e-03   1.5700280e-02  -2.0827238e-03
   1.7005133e-02   1.1029441e+00  -2.1604889e+00  -1.0307451e-02   1.4061821e-02   2.6677673e-04
   6.8838502e-02   1.1389283e+00  -2.2406958e+00  -1.0833829e-02   1.2893067e-02  -5.7387894e-04
   4.1934676e-02   1.1176947e+00  -2.2048782e+00  -1.0310265e-02   1.4238761e-02  -9.2879056e-04
   7.7774892e-02   1.0997670e+00  -2.1538876e+00  -7.9166901e-03   1.4569974e-02  -3.7585906e-05
   8.6014515e-02   1.0632778e+00  -2.0933910e+00  -8.3389026e-03   1.6305273e-02  -1.0687047e-03
   9.9508457e-02   1.1131934e+00  -1.9952178e+00  -7.5285082e-03   1.6367576e-02  -8.6157004e-04
   1.1992034e-01   1.0792807e+00  -2.0344686e+00  -7.5889421e-03   1.7088727e-02  -1.2243154e-03
   1.0252936e-01   1.0458593e+00  -2.0178000e+00  -7.1240942e-03   1.7146244e-02  -6.9454719e-04
   8.8321656e-02   1.0547213e+00  -2.0104689e+00  -6.6178086e-03   1.8488218e-02  -2.7099229e-04
   7.1557150e-02   1.0727239e+00  -2.0121530e+00  -6.1860936e-03   1.7898712e-02   2.2297683e-04
   7.1139816e-02   1.0398530e+00  -1.9237798e+00  -5.6523717e-03   1.7662174e-02   1.3422714e-04
   7.8311967e-02   1.0946415e+00  -1.8938235e+00  -4.9439357e-03   1.7735564e-02  -1.5724794e-04
   6.1297280e-02   1.1553794e+00  -1.8375996e+00  -4.3192619e-03   1.8044815e-02  -7.7120302e-04
   7.1170793e-02   1.0613459e+00  -1.7418986e+00  -3.2654792e-03   1.7933849e-02  -1.0657046e-03
   6.5833701e-02   1.1013803e+00  -1.7493031e+00  -3.8561526e-03   1.7766321e-02  -1.4212580e-03
   6.6766460e-02   1.0951287e+00  -1.7166854e+00  -3.1256584e-03   1.7890635e-02  -1.6001884e-03
   4.3152742e-02   1.0648273e+00  -1.6889395e+00  -3.5278182e-03   1.8049650e-02  -1.5574646e-03
   5.4342304e-02   1.1276095e+00  -1.6405970e+00  -3.4655288e-03   1.8550268e-02  -1.6889938e-03
   4.5087167e-02   1.0689503e+00  -1.7256175e+00  -4.0448589e-03   1.8886917e-02  -1.5688257e-03
   6.1018266e-02   1.0752765e+00  -1.7072650e+00  -2.9804170e-03   1.8530486e-02  -1.3525576e-03
   5.6244222e-02   1.1474488e+00  -1.7062503e+00  -3.1320700e-03   1.8811325e-02  -1.6959105e-03
   1.3805418e-01   1.0631735e+00  -1.6354505e+00   7.8346334e-04   1.8893656e-02  -2.4171030e-03
   1.4798753e-01   7.0546702e-01  -1.8816879e+00   2.0150864e-02   1.7186314e-02  -5.2901483e-03
  -8.1694316e-02   1.2859022e+00  -1.1235371e+00   1.1662209e-02   1.7314184e-02  -5.7993461e-03
  -3.3762154e-02   1.1242805e+00  -1.0170185e+00   6.6492026e-03   1.6723541e-02  -4.0309054e-03
   2.6410469e-02   1.0148284e+00  -1.2733663e+00   9.3337916e-03   1.7434642e-02  -3.4561482e-03
   4.9941854e-02   1.0136628e+00  -1.0795228e+00   1.0269834e-02   1.8734169e-02  -3.6232492e-03
   3.7495015e-02   9.8092430e-01  -1.0041946e+00   1.1183142e-02   1.9158882e-02  -3.5070422e-03
   5.5172642e-02   9.3651824e-01  -9.2106546e-01   1.2316315e-02   1.9396375e-02  -3.5241171e-03
   6.5010147e-02   9.9894723e-01  -8.4913079e-01   1.3910259e-02   1.9800155e-02  -3.6347310e-03
   7.4343052e-02   9.5471430e-01  -8.2499282e-01   1.3750345e-02   2.0146328e-02  -3.7126281e-03
   8.4595092e-02   9.9187293e-01  -8.3107465e-01   1.3931885e-02   2.0138242e-02  -3.6569601e-03
   8.8609280e-02   9.9254191e-01  -8.7644484e-01   1.3486085e-02   2.0012300e-02  -3.2664799e-03
   8.7688436e-02   9.5282678e-01  -8.8765792e-01   1.4145054e-02   2.0621966e-02  -3.0381868e-03
   1.0496782e-01   9.9340517e-01  -9.4620644e-01   1.4153219e-02   2.0186899e-02  -2.9273893e-03
   1.2301198e-01   9.9795477e-01  -7.5036400e-01   1.6622399e-02   1.9682689e-02  -2.5344639e-03
   1.2772056e-01   9.6238633e-01  -5.7500804e-01   1.8098395e-02   1.9606761e-02  -2.6691737e-03
   1.3911312e-01   9.7642301e-01  -6.4815175e-01   1.7314913e-02   1.9945937e-02  -2.7560613e-03
   1.0258193e-01   9.5843038e-01  -7.4488800e-01   1.5702418e-02   1.9876795e-02  -2.4533634e-03
   1.0639669e-01   9.9773613e-01  -7.7137140e-01   1.5779784e-02   1.9879228e-02  -2.2923759e-03
   1.2256398e-01   9.7988419e-01  -8.9563408e-01   1.6839908e-02   2.0129497e-02  -1.8670164e-03
   1.0942498e-01   9.9532258e-01  -9.3387303e-01   1.7034102e-02   1.9990390e-02  -1.5826643e-03
   1.0434460e-01   1.0134948e+00  -9.5415594e-01   1.7429103e-02   2.0167330e-02  -1.3915665e-03
   1.0505099e-01   9.9778306e-01  -9.2732649e-01   1.7561181e-02   2.0124466e-02  -1.3600752e-03
   1.0355903e-01   9.6756668e-01  -1.0108043e+00   1.7429075e-02   2.0271446e-02  -1.0232058e-03
   9.7390164e-02   1.0102718e+00  -9.9149767e-01   1.7597353e-02   2.0393834e-02  -1.1498265e-03
   8.2637611e-02   1.0011862e+00  -1.0681692e+00   1.6809403e-02   2.0344357e-02  -9.2025590e-04
   9.8830476e-02   9.8492265e-01  -1.0239668e+00   1.7152283e-02   2.0530203e-02  -1.0925280e-03
   7.4092528e-02   1.0278663e+00  -1.1772045e+00   1.6004267e-02   2.0490082e-02  -8.4094139e-04
   1.0172710e-01   1.0189239e+00  -1.2963740e+00   1.5210053e-02   2.0531644e-02  -6.4189429e-05
   9.6850709e-02   9.7329074e-01  -1.2054308e+00   1.5614682e-02   2.0391752e-02  -8.4295253e-05
   8.3196510e-02   1.0121881e+00  -1.1667156e+00   1.5001359e-02   2.0124658e-02  -5.6923346e-04
