   0.0000000e+00   0.0000000e+00   0.0000000e+00   0.0000000e+00   0.0000000e+00   0.0000000e+00
  -1.5605837e-02   8.0698082e-03  -1.2760090e-02  -6.2060507e-04   3.5820811e-04  -2.2524574e-04
  -1.1142913e-02  -5.6993311e-02   3.1454876e-02  -6.2709858e-04   2.1098692e-05  -8.1316227e-05
  -8.5227327e-03   4.6122851e-02   3.1303240e-02  -6.3413345e-04   1.0748898e-04  -2.8983409e-04
  -2.1147098e-02  -2.8036100e-02   2.4930196e-02  -8.4652678e-04  -1.9485726e-04   8.0193195e-05
  -2.2678238e-03   1.4740431e-03   3.7161357e-02  -1.1176792e-03   2.2891041e-04  -3.8621598e-04
   1.6624593e-02   2.3356195e-02   5.8515054e-02  -1.7934239e-03   1.4979288e-03  -1.0838416e-03
   2.1017919e-02  -4.0195839e-02   9.4489764e-02  -1.6670680e-03   2.3528856e-03  -1.4789694e-03
   4.2748128e-02   1.2602699e-03   1.1300565e-01  -1.5707666e-03   2.7182987e-03  -2.0163048e-03
   4.5913604e-02   3.3907134e-02   7.1631011e-02  -6.5382068e-04   3.4180143e-03  -1.8745940e-03
   5.8327785e-03  -3.1451267e-02   6.8159442e-02  -7.2935082e-04   5.9598383e-03   2.7044341e-05
  -5.9406869e-03  -3.7518225e-02   1.1477517e-01  -8.9578398e-04   7.5149247e-03   7.5503718e-04
  -2.7776198e-03  -1.8666430e-02   1.2523232e-01  -1.1983291e-03   7.9115263e-03   1.0913186e-03
  -2.0170118e-03  -5.8708000e-02   1.5152269e-01  -1.0441610e-03   7.9156166e-03   1.2270066e-03
   5.7189010e-03  -3.0637441e-02   1.7962976e-01  -1.0482093e-03   7.9156550e-03   1.1399864e-03
   4.4627331e-03  -1.4509602e-02   1.3233244e-01  -7.1675724e-04   8.4347985e-03   1.3569588e-03
  -2.4446898e-02  -9.5762472e-02   8.9600571e-02  -8.7560734e-04   8.9595240e-03   2.1239568e-03
  -2.0726116e-02  -7.8143310e-02   1.3647514e-01  -5.7028704e-04   9.4881992e-03   2.7158747e-03
  -1.8357343e-02  -9.1387353e-02   1.2282123e-01  -7.9172310e-05   9.4671646e-03   3.0923604e-03
   5.3883480e-03  -1.0499110e-01   7.7617247e-02  -6.7233116e-04   9.4920513e-03   2.8986843e-03
  -5.8915393e-04  -1.1707704e-01   1.4937581e-01  -3.0829065e-04   9.3733332e-03   3.1564254e-03
   2.7214966e-02  -8.3001556e-02   1.5725311e-01  -4.1161896e-04   9.2937051e-03   2.5131617e-03
   3.6459161e-02  -1.0726980e-01   1.5045135e-01  -9.6253889e-04   9.0121216e-03   2.7355565e-03
   5.9751334e-02  -1.3971192e-01   1.4906269e-01  -1.3626407e-03   8.2903158e-03   2.7935141e-03
   7.6054395e-02  -1.1330149e-01   1.9880986e-01  -8.7801670e-04   7.8505405e-03   2.7269918e-03
   4.7056292e-02  -9.6487472e-02   1.5708678e-01  -1.7548196e-03   7.5013749e-03   2.6238118e-03
   3.2197113e-02  -9.0190759e-02   2.4460124e-01  -1.6944250e-03   7.0560749e-03   2.4703698e-03
   6.0601769e-02  -1.5733608e-01  -3.1692373e-02  -3.4682279e-03   7.1198051e-03   1.4834898e-03
   1.0885376e-01  -1.2698404e-01  -1.6518669e-01  -5.5157410e-03   6.7299565e-03   4.8854847e-04
   1.0396761e-01  -3.0967832e-02   1.5553338e-01  -2.4448218e-03   6.5309698e-03   7.2595906e-04
   9.4842397e-02  -1.4018646e-01  -7.2402272e-03  -4.9911219e-03   6.8774524e-03   1.3903729e-03
   6.3021115e-02  -1.4437001e-01   1.1319033e-01  -4.6578681e-03   7.3175430e-03   2.3908564e-03
   7.2883552e-02  -1.5921164e-01   9.3606593e-02  -4.9698691e-03   7.4801015e-03   2.2650446e-03
   8.4550144e-02  -1.4026936e-01   1.7723907e-01  -3.6188034e-03   7.4627797e-03   1.8176241e-03
   7.2427758e-02  -1.8162940e-01   1.0860196e-01  -3.3337966e-03   7.4642435e-03   2.0058643e-03
   6.3167293e-02  -1.5305326e-01   1.1542385e-01  -4.5979877e-03   7.6837220e-03   2.4627184e-03
   1.0262919e-01  -1.3165496e-01   1.5894840e-01  -3.6135131e-03   7.5319636e-03   1.8505407e-03
   1.3560983e-01  -1.2860349e-01   1.5971943e-01  -3.5880681e-03   7.5548110e-03   1.3784701e-03
   1.4371736e-01  -1.7141577e-01   1.2507869e-01  -3.8232904e-03   7.3541282e-03   9.0131776e-04
   1.4511971e-01  -1.6734329e-01   1.6727735e-01  -3.7557100e-03   7.5788155e-03   4.8930582e-04
   1.4158041e-01  -1.5458688e-01   1.3201159e-01  -3.9522508e-03   7.5901388e-03   4.9204813e-04
   1.4220260e-01  -1.5415546e-01   1.3716989e-01  -3.5995717e-03   7.6245366e-03   4.0001638e-04
   1.5360278e-01  -2.0979241e-01   1.7225699e-01  -3.6144227e-03   7.2940043e-03   1.5163368e-04
   1.6811932e-01  -1.5058604e-01   1.8183631e-01  -3.2178283e-03   7.1902065e-03   1.0114855e-04
   1.6960474e-01  -1.8230637e-01   1.4412306e-01  -3.6095655e-03   6.9737432e-03  -8.3407583e-05
   1.7898087e-01  -1.9630139e-01   2.1519124e-01  -2.5774714e-03   7.1521352e-03   6.7217730e-05
   1.8676312e-01  -1.8657663e-01   2.1361007e-01  -1.7648997e-03   7.2199218e-03  -1.1366884e-04
   1.8236842e-01  -1.8364047e-01   1.1774755e-01  -3.3400881e-03   7.6373131e-03   1.2000521e-04
   1.8372320e-01  -2.2622948e-01   1.4860075e-01  -2.7356965e-03   7.2407386e-03   2.9934929e-05
   1.5634664e-01  -1.9668532e-01   1.6777331e-01  -2.8473665e-03   7.3055909e-03   4.1148820e-04
   1.2145773e-01  -1.1768144e-01   1.4048123e-01  -3.6022714e-03   6.8074731e-03   4.4684607e-04
   8.8622611e-02  -1.5102843e-01   1.4581989e-01  -4.3338951e-03   6.6431099e-03   8.3797765e-04
   1.0071820e-01  -1.5265278e-01   1.3714938e-01  -4.8160822e-03   6.7187429e-03   6.6036970e-04
   1.2493711e-01  -1.0399083e-01   1.0600091e-01  -5.6461395e-03   6.3394920e-03   1.6884523e-04
   1.1250325e-01  -1.9455356e-01   1.7042859e-01  -5.1743055e-03   6.3241984e-03   1.2007881e-04
   1.2753370e-01  -1.4456983e-01   1.9663091e-01  -4.7488278e-03   6.7293096e-03  -9.9237791e-05
   1.2440782e-01  -1.7643900e-01   2.0196692e-01  -5.1738879e-03   7.0757851e-03  -3.6034914e-04
   1.2638372e-01  -1.7847274e-01   1.6630056e-01  -4.8201510e-03   7.5146111e-03  -4.5261828e-04
   1.0793278e-01  -1.8907047e-01   1.9613694e-01  -4.6840330e-03   7.7793521e-03  -3.7658547e-04
   1.2108749e-01  -1.4208570e-01   2.4687985e-01  -4.1129254e-03   7.7533032e-03  -2.9477192e-04
   1.1206903e-01  -1.5239314e-01   2.6637052e-01  -3.2561109e-03   8.4026068e-03  -2.8682271e-04
   1.0492477e-01  -1.7952948e-01   1.8239474e-01  -4.1882644e-03   9.1472253e-03   8.7507853e-05
   5.9740098e-02  -2.1195881e-01   1.6563778e-01  -4.0161270e-03   1.0138494e-02   5.9738407e-04
   6.7582263e-02  -1.9060018e-01   2.0917488e-01  -3.5464502e-03   1.0079708e-02   4.8699151e-04
   7.2179284e-02  -1.6094874e-01   1.7088204e-01  -3.6444720e-03   1.0568275e-02   4.2334932e-04
   5.3622071e-02  -1.7585622e-01   1.2008048e-01  -3.9609275e-03   1.0701830e-02   7.5985985e-04
   3.1770121e-02  -1.9281918e-01   1.8728404e-01  -3.6924418e-03   1.0774821e-02   8.8736104e-04
   4.2592109e-02  -1.6361815e-01   1.8369913e-01  -3.6262804e-03   1.1078356e-02   7.7288231e-04
   2.4694780e-02  -1.8951547e-01   1.1630376e-01  -3.9687922e-03   1.1756855e-02   1.2036718e-03
   1.2521056e-02  -1.9348639e-01   8.7984324e-02  -4.0026253e-03   1.2008452e-02   1.3536580e-03
  -1.8179923e-02  -1.8597674e-01   8.2219175e-02  -4.2775817e-03   1.2144726e-02   1.9977118e-03
   8.2923777e-03  -1.9149633e-01   1.3546673e-01  -3.9304561e-03   1.2121118e-02   1.4678818e-03
   1.1106091e-02  -2.0212658e-01   1.0817575e-01  -4.6467553e-03   1.2865220e-02   1.4561792e-03
  -1.6050151e-02  -2.5458031e-01   1.1515509e-01  -4.1382236e-03   1.3176684e-02   1.7465222e-03
  -4.0032106e-02  -1.9494484e-01   2.7449689e-01  -2.7675307e-03   1.2594673e-02   1.3080318e-03
  -4.6054140e-02  -1.3124899e-01   1.9251405e-01  -2.7625534e-03   1.2165784e-02   1.9364913e-03
  -5.8347347e-02  -1.7067686e-01   7.5413393e-02  -4.6025046e-03   1.1541633e-02   2.5906323e-03
  -5.7339040e-02  -1.3809631e-01   2.1736491e-01  -4.2208153e-03   1.1731483e-02   2.4275001e-03
  -5.4924935e-02  -1.7075359e-01   1.8042302e-01  -4.5122474e-03   1.1698416e-02   2.5581814e-03
  -5.8279193e-02  -2.4223969e-01   2.5373850e-01  -5.0390509e-03   1.1358359e-02   3.1338500e-03
  -3.6139156e-02  -1.5751784e-01   6.8161109e-02  -6.7407014e-03   1.1353802e-02   2.9215157e-03
  -3.1786189e-02  -7.1139673e-02  -1.4286055e-02  -7.0316682e-03   1.0693558e-02   2.7342811e-03
  -4.4988312e-02  -1.7230370e-01   5.2330474e-02  -5.8504573e-03   1.1468013e-02   2.9292149e-03
   7.1419345e-03  -1.3040378e-01   1.1465596e-01  -6.1663503e-03   1.1211962e-02   2.3575025e-03
   4.0526889e-02  -1.6059460e-01   1.5451126e-01  -5.1557122e-03   1.1731815e-02   1.9470474e-03
   6.3106791e-02  -1.5805195e-01   1.4414963e-01  -5.4306121e-03   1.1685412e-02   1.3135466e-03
   7.7225517e-02  -1.5448266e-01   1.6068677e-01  -4.6432015e-03   1.2050512e-02   1.2051734e-03
   7.7568968e-02  -1.8767404e-01   1.7299218e-01  -4.2396319e-03   1.1895464e-02   9.8840323e-04
   9.4108108e-02  -1.8475355e-01   2.0778948e-01  -4.0894505e-03   1.1969585e-02   7.9686819e-04
   1.1312305e-01  -1.6588632e-01   2.0449199e-01  -3.8402913e-03   1.2054118e-02   4.3559430e-04
   1.1870977e-01  -1.9477323e-01   1.8812052e-01  -4.0369980e-03   1.2340151e-02   6.0098393e-04
   1.2157289e-01  -2.1159136e-01   2.2596326e-01  -4.0083660e-03   1.2391449e-02   3.9027660e-04
   1.2698411e-01  -1.8225454e-01   2.2533576e-01  -3.7242468e-03   1.2630014e-02   1.8376055e-04
   1.4779422e-01  -1.7666910e-01   2.2963224e-01  -3.3306997e-03   1.2767536e-02  -4.0885962e-04
   1.5729638e-01  -1.5689077e-01   2.4034679e-01  -3.0344034e-03   1.3147817e-02  -4.6495744e-04
   1.5328643e-01  -1.8228240e-01   1.8336160e-01  -3.4043935e-03   1.3439622e-02  -6.6148112e-04
   1.5306293e-01  -2.2144840e-01   1.6700208e-01  -3.2867469e-03   1.3956020e-02  -6.0783099e-04
   1.6688172e-01  -2.0248828e-01   2.0091640e-01  -2.8277692e-03   1.4268067e-02  -1.3295835e-03
   1.5841135e-01  -1.7575354e-01   1.6343304e-01  -3.0326160e-03   1.4680113e-02  -1.6891543e-03
   1.1463909e-01  -1.6564212e-01   1.3927605e-01  -3.8088768e-03   1.4128782e-02  -1.2974507e-03
   1.0673267e-01  -2.0072339e-01   1.7370799e-01  -3.5689734e-03   1.4082384e-02  -1.3210183e-03
   1.2504845e-01  -1.8190113e-01   2.0339432e-01  -3.5895401e-03   1.3892587e-02  -1.8363460e-03
   1.2801842e-01  -1.7621992e-01   1.7690666e-01  -3.4227491e-03   1.3775459e-02  -1.9834466e-03
   1.0809813e-01  -2.3398676e-01   1.5694369e-01  -3.5855668e-03   1.3661735e-02  -2.1286099e-03
   7.5531715e-02  -2.1094436e-01   1.8173737e-01  -3.6122113e-03   1.4276216e-02  -1.4198693e-03
   8.9381056e-02  -1.9047335e-01   1.4676318e-01  -3.8067077e-03   1.4567063e-02  -1.7354419e-03
   1.0898641e-01  -2.1666715e-01   1.1907084e-01  -3.1551345e-03   1.5023862e-02  -2.5181382e-03
   1.0979182e-01  -2.3522619e-01   1.4151898e-01  -3.2964574e-03   1.5199870e-02  -2.4004190e-03
   1.0729788e-01  -2.1840437e-01   1.9181573e-01  -2.5766196e-03   1.5368628e-02  -2.7908739e-03
   1.2384335e-01  -1.8649205e-01   1.6191902e-01  -2.6744447e-03   1.5469308e-02  -3.0061993e-03
   1.0544401e-01  -2.2616040e-01   1.4820579e-01  -2.4933672e-03   1.6031574e-02  -2.6815867e-03
   1.0571751e-01  -2.1694770e-01   2.0519655e-01  -1.9591090e-03   1.6276993e-02  -2.8719344e-03
   1.0861118e-01  -2.2884245e-01   1.8127347e-01  -1.8471564e-03   1.6942314e-02  -2.8740572e-03
   1.1418386e-01  -2.4280913e-01   1.5415399e-01  -1.7405810e-03   1.7602653e-02  -2.8599523e-03
   7.6511001e-02  -2.7313983e-01   9.5418017e-02  -2.0293600e-03   1.8204662e-02  -2.9123250e-03
   4.6574159e-02  -2.8930630e-01   9.3501783e-02  -2.7392367e-03   1.8719355e-02  -2.9271211e-03
   5.4725353e-02  -2.5325669e-01   1.2917068e-01  -2.0961531e-03   1.8924669e-02  -3.6294022e-03
   6.8363689e-02  -2.1096330e-01   1.8570163e-01  -1.8103986e-03   1.8935174e-02  -4.1379437e-03
   7.5399273e-02  -2.3015252e-01   1.1608485e-01  -1.7100494e-03   1.9301566e-02  -4.4714049e-03
   9.2154846e-02  -2.7308100e-01   1.7532290e-01  -1.3178956e-03   1.9340495e-02  -5.5725532e-03
   1.0136568e-01  -1.9828369e-01   2.2155413e-01  -4.5728839e-04   1.9291621e-02  -5.7004438e-03
   1.0423296e-01  -2.1701084e-01   1.7954288e-01  -5.9785175e-04   1.9430151e-02  -5.5639599e-03
   1.2497251e-01  -2.7405599e-01   1.4236883e-01  -6.5969051e-04   2.0443701e-02  -5.8660273e-03
   1.1927335e-01  -2.2651343e-01   2.8723641e-01  -4.7374235e-04   1.9185060e-02  -5.8467610e-03
   1.4478062e-01  -2.2598732e-01   1.4725957e-01   1.5250998e-03   1.8846399e-02  -5.6344145e-03
   1.5233027e-01  -1.9238407e-01   1.1947801e-01   3.7354414e-04   1.9011302e-02  -5.3360864e-03
   1.6350253e-01  -8.1785018e-02   2.1075119e-01  -1.3660699e-03   1.8686823e-02  -5.6152419e-03
   1.4759063e-01  -1.7287526e-01   2.1242300e-01  -1.7713129e-03   1.9209227e-02  -5.4145053e-03
   1.4283991e-01  -2.0879028e-01   3.1671741e-01  -1.0478928e-03   1.9128771e-02  -5.5834759e-03
