   0.0000000e+00  -3.5527137e-15  -7.1054274e-15  -5.5511151e-17   1.7347235e-18   9.6296497e-35
   3.6992430e-03  -3.1160579e-02   7.2777124e-02   9.4245437e-04   2.7476400e-04   3.5763348e-04
   4.0770118e-03   5.8658370e-03   8.4581976e-02   6.4304758e-04   1.9405016e-04   3.3195608e-04
   2.4681285e-03  -2.8414367e-02   9.5771240e-02   7.7405715e-04   5.9491372e-04   1.6030665e-04
  -1.7121136e-02  -4.0848104e-02   1.0640971e-01   1.0098773e-03   1.3009340e-03   1.2875181e-04
   4.1730728e-05  -5.4013882e-02   7.4571020e-02   1.2005821e-03   8.6315449e-04  -1.1841980e-04
  -8.8708107e-04  -1.2187641e-02   8.3869818e-02   1.2645095e-03   1.1187642e-03  -3.8198172e-04
   1.2148992e-04  -3.3892216e-02   6.9919547e-02   1.1543475e-03   8.1954985e-04  -4.5849665e-04
   3.1861996e-03  -1.1789962e-02   7.8063426e-02   1.7240729e-03   1.3552392e-03  -8.5577454e-04
  -4.5563958e-02   8.1396535e-03   1.0929546e-01   1.8424269e-03  -1.0776428e-03  -1.3869421e-03
  -3.0576666e-02  -4.1254827e-02   1.2470723e-01   1.8788850e-03  -1.9478791e-03  -9.7707427e-04
  -2.4314295e-02  -1.3681814e-02   1.1952022e-01   2.1255069e-03  -1.3510863e-03  -1.1966064e-03
  -2.2051081e-02  -2.3514988e-02   1.0312875e-01   2.3781620e-03  -1.5896288e-03  -1.2861911e-03
  -1.4620001e-02  -4.5670795e-02   1.1684147e-01   2.3444200e-03  -1.5803476e-03  -1.5980096e-03
  -2.2784277e-02  -3.6598566e-02   1.0092768e-01   1.8554888e-03  -9.5346264e-04  -1.5253583e-03
  -2.4971198e-03  -5.6479108e-02   7.2931500e-02   1.9349050e-03  -7.6356182e-04  -1.7635259e-03
  -1.5236858e-02  -2.7751200e-02   8.2842459e-02   1.7162278e-03  -7.7224970e-04  -1.9296506e-03
  -1.6815078e-02  -1.4375604e-02   7.1830798e-02   1.7247653e-03  -7.7800079e-04  -1.8344668e-03
  -1.1279171e-02  -4.7610280e-02   5.6053264e-02   1.4649210e-03  -1.0549666e-03  -1.8163219e-03
  -1.9799236e-02  -3.2507366e-02   9.6926304e-02   1.5469195e-03  -6.3126114e-04  -1.8739329e-03
  -1.6458788e-02  -4.0627384e-02   6.1053737e-02   1.8058481e-03  -7.4612917e-04  -1.8331075e-03
  -3.0050212e-02  -4.8928952e-02   9.5406852e-02   2.5936253e-03  -7.5764891e-04  -1.6700849e-03
  -3.4650239e-02  -2.9934015e-02   1.0600606e-01   2.8919940e-03  -1.0657971e-03  -1.8351674e-03
  -5.4593700e-02  -4.2921319e-02   1.5409963e-01   1.6731661e-03  -1.1745593e-03  -2.1227768e-03
  -4.1100954e-02  -4.1256986e-02   2.0427358e-01   1.5910959e-03   5.8821893e-05  -2.6132787e-03
  -2.7333099e-02  -5.4657782e-02   1.9877837e-01   1.8130192e-03   5.1622384e-04  -2.1023108e-03
  -4.5629273e-02  -6.5864175e-02   2.2368460e-01   1.9233277e-03   4.7389756e-04  -2.3223610e-03
  -3.3877121e-02  -4.6630494e-02   2.1933118e-01   1.1008581e-03   6.7779876e-04  -2.0535009e-03
  -2.9433634e-02  -3.5788907e-02   2.1192834e-01   7.6701473e-04   5.5420327e-04  -2.4819514e-03
  -2.9904582e-02  -7.0091434e-02   2.0955899e-01   1.4876740e-03   1.4455168e-04  -2.8628560e-03
  -4.4780506e-02  -3.7440987e-02   2.3784633e-01   1.4629462e-03   5.8580920e-05  -3.0325592e-03
  -3.4708169e-02  -4.9299180e-02   2.0854182e-01   1.5867864e-03  -2.1856890e-06  -3.1706980e-03
  -4.3605421e-02  -9.6467474e-02   2.2260901e-01   2.1863349e-03  -4.8129687e-04  -3.0709314e-03
  -4.1566474e-02  -1.0615941e-01   1.9137910e-01   2.2719105e-03  -4.4039155e-04  -2.3221843e-03
  -5.1611115e-02  -9.0587535e-02   1.4130170e-01   2.2463852e-03  -1.0224755e-03  -1.8276366e-03
  -7.0314824e-02  -1.1296035e-01   1.8203590e-01   1.9838584e-03  -1.3055598e-03  -2.4855036e-03
  -7.5357502e-02  -1.1211132e-01   1.8096693e-01   1.9846597e-03  -1.2655914e-03  -2.9696438e-03
  -9.0566893e-02  -1.2149321e-01   1.4605620e-01   1.5355627e-03  -1.6198246e-03  -2.8170548e-03
  -8.3929206e-02  -1.5641757e-01   1.6310378e-01   1.6435303e-03  -1.2413687e-03  -2.6706137e-03
  -1.0142559e-01  -1.8639260e-01   1.7138491e-01   2.2651850e-03  -1.3546401e-03  -3.1447944e-03
  -1.1339645e-01  -1.8054584e-01   1.5280549e-01   2.3367852e-03  -1.7422345e-03  -3.7463597e-03
  -1.2001608e-01  -1.7083086e-01   1.3463862e-01   2.1304194e-03  -2.0947181e-03  -4.2095346e-03
  -1.2746254e-01  -1.8942304e-01   1.4858509e-01   2.0246201e-03  -2.5196139e-03  -4.6429273e-03
  -1.6072172e-01  -2.3162032e-01   1.7520796e-01   1.8503284e-03  -2.6741436e-03  -5.7971067e-03
  -1.8584942e-01  -2.4155933e-01   1.7862970e-01   1.9024022e-03  -3.5185077e-03  -6.3738548e-03
  -1.8658693e-01  -2.6545635e-01   1.6366116e-01   2.1125580e-03  -3.7526563e-03  -6.4163090e-03
  -2.0375776e-01  -2.7343247e-01   1.7196973e-01   2.4998033e-03  -3.4879990e-03  -6.2498419e-03
  -1.9550913e-01  -2.7968706e-01   1.9890938e-01   2.1448186e-03  -3.7154492e-03  -5.7075711e-03
  -2.3710860e-01  -2.4224019e-01   2.7330982e-01   8.8114784e-04  -4.3777030e-03  -5.1544855e-03
  -2.1600259e-01  -1.9251213e-01   2.8139760e-01   3.6558038e-04  -4.6089899e-03  -4.9013192e-03
  -1.8927625e-01  -1.7212735e-01   2.5736118e-01  -3.0988666e-04  -4.4899669e-03  -5.0823940e-03
  -1.7361090e-01  -2.0133328e-01   3.0143941e-01  -1.1273775e-05  -4.6947380e-03  -4.8464971e-03
  -1.8557509e-01  -1.9720772e-01   2.7261739e-01  -5.5727849e-04  -4.2919348e-03  -4.8096561e-03
  -1.7696934e-01  -2.1487997e-01   2.6711036e-01  -6.1209145e-05  -4.1047564e-03  -4.4437502e-03
  -1.5171365e-01  -1.9551630e-01   2.8869664e-01   4.0365165e-04  -4.0033221e-03  -4.6292931e-03
  -1.7330113e-01  -1.7759071e-01   2.8930626e-01   4.6874857e-04  -3.9741689e-03  -5.1958725e-03
  -1.8719437e-01  -2.4892822e-01   2.7933742e-01   7.3887341e-04  -4.1992228e-03  -5.6866697e-03
  -2.0909412e-01  -2.4060186e-01   2.6977518e-01   1.4516971e-03  -4.1526384e-03  -6.0681950e-03
  -2.1190877e-01  -2.3390682e-01   2.3550085e-01   9.7751121e-04  -4.1323974e-03  -5.8046113e-03
  -2.1901204e-01  -2.6774465e-01   2.3923225e-01   1.4515811e-03  -4.2534238e-03  -5.7978983e-03
  -2.0750086e-01  -2.7043364e-01   2.6245843e-01   2.2520029e-03  -3.8790708e-03  -5.7419278e-03
  -2.0265612e-01  -2.6388798e-01   2.4853455e-01   2.0036184e-03  -3.6505938e-03  -5.8813609e-03
  -2.0920446e-01  -2.5828729e-01   2.3422164e-01   1.9665093e-03  -3.5885110e-03  -6.0175171e-03
  -2.1622653e-01  -2.4759910e-01   2.2834052e-01   2.1264918e-03  -3.5251332e-03  -6.5110541e-03
  -2.0289819e-01  -2.6886467e-01   2.3225565e-01   1.8967556e-03  -3.5595986e-03  -6.6513018e-03
  -2.0057861e-01  -2.6863248e-01   2.3418482e-01   1.8436018e-03  -3.6916543e-03  -6.7445355e-03
  -2.1008831e-01  -2.8587984e-01   2.0339599e-01   1.5146061e-03  -3.6398800e-03  -6.8216385e-03
  -2.1622102e-01  -2.9689633e-01   1.9607031e-01   1.4173019e-03  -3.8522907e-03  -6.9067566e-03
  -2.0829231e-01  -2.7875861e-01   2.0084603e-01   1.5609142e-03  -3.8378717e-03  -6.9649200e-03
  -2.1072439e-01  -2.9587420e-01   1.7916783e-01   1.1804665e-03  -4.1465594e-03  -7.1212698e-03
  -2.0868898e-01  -2.7615674e-01   1.5632196e-01   1.2311801e-03  -4.0123003e-03  -7.0878641e-03
  -2.0097841e-01  -2.9287596e-01   1.5685410e-01   1.2475479e-03  -4.8243118e-03  -7.3946322e-03
  -2.1445729e-01  -2.4879114e-01   2.0123368e-01   1.3439829e-03  -3.9009859e-03  -6.9575923e-03
  -2.2111781e-01  -2.4200039e-01   2.7702788e-01   2.9114053e-03  -2.9124104e-03  -6.1338969e-03
  -2.2916698e-01  -1.9788978e-01   3.1450903e-01   2.7636448e-03  -2.6927878e-03  -5.7331563e-03
  -2.3076146e-01  -2.2616798e-01   2.8824461e-01   2.8671263e-03  -2.8856888e-03  -6.2237770e-03
  -2.3805113e-01  -1.9078556e-01   3.5244410e-01   2.8687040e-03  -2.5757081e-03  -6.5022985e-03
  -2.3684620e-01  -2.0128452e-01   3.1405955e-01   2.7953201e-03  -2.4096717e-03  -6.5017548e-03
  -2.3566460e-01  -2.5441123e-01   2.6851827e-01   2.7751634e-03  -2.6058881e-03  -6.5037984e-03
  -2.2209258e-01  -2.2155599e-01   2.8526639e-01   3.6179480e-03  -2.0829986e-03  -6.3825291e-03
  -2.2508113e-01  -2.3380835e-01   2.4343679e-01   3.5435708e-03  -2.7334120e-03  -6.4810317e-03
  -2.3314770e-01  -2.4039631e-01   2.3533103e-01   3.5694932e-03  -3.0237858e-03  -6.3376930e-03
  -2.3420925e-01  -2.3713708e-01   2.2882923e-01   3.5028177e-03  -3.1342989e-03  -6.5080062e-03
  -2.3965669e-01  -2.5649589e-01   1.8479822e-01   2.9207078e-03  -3.1711842e-03  -6.9924064e-03
  -2.4087681e-01  -2.5481572e-01   1.7904709e-01   2.8895617e-03  -3.4980244e-03  -7.0400151e-03
  -2.3672502e-01  -2.9424698e-01   1.9134281e-01   3.4245174e-03  -3.4146854e-03  -7.5298674e-03
  -2.4466879e-01  -2.7421832e-01   1.2286647e-01   2.6782041e-03  -3.7385111e-03  -7.4626896e-03
  -2.6305472e-01  -3.3917785e-01   1.2989838e-01   3.5563251e-03  -3.6123091e-03  -7.3454370e-03
  -2.9332630e-01  -3.5874758e-01   1.2495840e-01   3.9695058e-03  -4.8602390e-03  -7.1944875e-03
  -3.1410671e-01  -3.7238358e-01   1.1071213e-01   4.5634075e-03  -5.0197886e-03  -7.1066020e-03
  -3.0595823e-01  -3.3104984e-01   7.7370367e-02   4.7114063e-03  -4.7581374e-03  -6.9677447e-03
  -3.0808522e-01  -3.7679897e-01   8.9431631e-02   5.2953318e-03  -5.0407805e-03  -6.8181859e-03
  -3.1550786e-01  -3.5871706e-01   1.0275697e-01   5.7169159e-03  -4.9567553e-03  -6.7052174e-03
  -3.3742852e-01  -3.6343587e-01   9.7905330e-02   5.9424246e-03  -4.9853670e-03  -6.7469917e-03
  -3.4486316e-01  -4.0012138e-01   9.6072934e-02   6.1252000e-03  -5.5117484e-03  -6.6069775e-03
  -3.4041195e-01  -3.9199334e-01   9.0795441e-02   6.1419856e-03  -5.5595572e-03  -6.9339471e-03
  -3.4416823e-01  -3.7158267e-01   8.4880262e-02   5.4469777e-03  -5.6243006e-03  -7.0856476e-03
  -4.0352813e-01  -2.8218509e-01   2.7965822e-01   4.9498806e-03  -4.2217461e-03  -5.9589866e-03
  -3.7424897e-01  -2.2411519e-01   3.1191328e-01   5.4075572e-03  -3.6113314e-03  -5.8161508e-03
  -3.3244048e-01  -1.7889644e-01   2.2748755e-01   3.9147532e-03  -2.7507679e-03  -5.4675788e-03
  -3.2751816e-01  -2.2363731e-01   1.9615134e-01   3.7190410e-03  -2.7310645e-03  -5.0788457e-03
  -3.2172657e-01  -2.2437570e-01   1.6138411e-01   4.3979466e-03  -2.8081816e-03  -5.5220543e-03
  -3.3075458e-01  -2.1959581e-01   1.1205153e-01   4.6351794e-03  -3.1117184e-03  -5.6328009e-03
  -3.3018427e-01  -2.0039701e-01   4.9825905e-02   5.1457839e-03  -3.6822668e-03  -5.8860251e-03
  -3.2818639e-01  -1.7241706e-01   7.6536055e-02   4.9963462e-03  -3.5463398e-03  -6.1346017e-03
  -3.2372289e-01  -1.8080365e-01   3.4000184e-02   5.0600034e-03  -3.8450550e-03  -5.7247671e-03
  -3.1471844e-01  -1.9014232e-01   3.7192326e-02   4.7604693e-03  -3.6679964e-03  -5.7888988e-03
  -3.2477328e-01  -1.7710803e-01   2.6425024e-03   4.5265438e-03  -3.9440079e-03  -6.1497034e-03
  -3.3611122e-01  -1.8687456e-01  -9.9000996e-03   4.3732987e-03  -3.9112846e-03  -6.1808616e-03
  -3.3246803e-01  -1.9701817e-01   2.7239510e-02   4.5031406e-03  -4.1190488e-03  -6.4584071e-03
  -3.2866703e-01  -1.8756950e-01   2.0928204e-02   4.4790359e-03  -3.9448375e-03  -6.8103204e-03
  -3.4227817e-01  -2.1267320e-01  -9.1755408e-03   4.8342625e-03  -4.0016786e-03  -6.9112134e-03
  -3.4082569e-01  -2.2462028e-01   1.0399453e-02   5.0866524e-03  -4.7047128e-03  -6.9702682e-03
  -3.4443375e-01  -2.0823136e-01   1.7731233e-02   4.9237218e-03  -4.8647905e-03  -7.0400871e-03
  -3.5695693e-01  -2.1100690e-01   2.9026023e-02   5.0140442e-03  -5.0695910e-03  -7.2381041e-03
  -3.5213250e-01  -2.2407521e-01   5.4426373e-02   4.8583840e-03  -5.0733368e-03  -7.6067052e-03
  -3.6869720e-01  -2.1691093e-01   3.8641041e-02   4.8022172e-03  -5.2648699e-03  -7.8571055e-03
  -3.6116670e-01  -2.2009412e-01  -4.1811771e-03   4.6557548e-03  -5.4283989e-03  -7.8661963e-03
  -3.6332214e-01  -2.2661138e-01  -2.1580647e-03   4.5751774e-03  -5.8131201e-03  -8.0734604e-03
  -3.6552932e-01  -2.1034833e-01  -9.2386104e-03   4.6251890e-03  -5.5900750e-03  -8.3965361e-03
  -3.7727271e-01  -2.4778151e-01  -6.5746185e-03   4.4750312e-03  -5.7923610e-03  -8.2483505e-03
  -3.6065994e-01  -2.3849521e-01   2.6429336e-02   4.6273420e-03  -5.7758303e-03  -8.0043920e-03
  -3.6214531e-01  -2.1930548e-01   4.9443563e-02   4.5943620e-03  -5.7276269e-03  -7.8766997e-03
  -3.4822468e-01  -2.4040099e-01   1.7806705e-02   4.6076135e-03  -5.6693359e-03  -7.5591415e-03
  -3.4946092e-01  -2.4373337e-01   3.1005086e-02   4.5271792e-03  -5.4983618e-03  -7.9086532e-03
  -3.3681886e-01  -2.5282513e-01  -4.3212921e-03   4.5098313e-03  -5.2849937e-03  -7.4295369e-03
  -3.3918685e-01  -2.5616455e-01  -2.5015702e-02   3.9152606e-03  -5.5863109e-03  -7.4467924e-03
  -3.4853781e-01  -1.8597479e-01   1.1995061e-01   4.2387237e-03  -2.9983220e-03  -6.0877143e-03
  -2.9147374e-01  -1.6736081e-01   1.2353733e-01   5.8060076e-03  -1.1540031e-03  -4.1497405e-03
