   0.0000000e+00   0.0000000e+00   1.7763568e-15  -2.7755576e-17  -3.4694470e-18  -9.6296497e-35
   8.1643186e-03   3.4372969e-02  -6.2263140e-02  -1.5207517e-03  -1.5205313e-04  -5.3202809e-05
  -3.7518382e-03  -5.3076086e-03  -4.6772614e-02  -1.1884053e-03   1.2908347e-04   1.4685168e-04
   1.9979861e-02   1.3116392e-02  -6.1363026e-02  -2.0216424e-03   1.1501797e-04  -4.2065136e-04
   1.5376001e-02   1.5713098e-02  -6.1325582e-02  -1.4563696e-03   1.7150099e-04  -3.3550698e-04
   4.9043816e-03   7.8784666e-03  -5.6711802e-02  -1.9264607e-03   1.6847237e-04  -2.1938114e-04
   1.4374950e-02   3.5560725e-02  -5.7911534e-03  -1.8848161e-03   4.0823270e-04  -6.7472118e-04
   2.0968306e-02   4.9579183e-02  -3.4919008e-02  -2.4581114e-03   6.1307789e-04  -1.0365730e-03
   6.2698016e-03   5.6109958e-02  -3.0806458e-02  -2.3556093e-03   9.4457312e-04  -1.2841856e-03
  -2.0007681e-03   4.5849660e-02  -5.7013191e-02  -2.6937965e-03   9.5643266e-04  -1.0991594e-03
   6.4322929e-03   4.4054184e-02  -2.3277700e-02  -2.4854631e-03   1.0659266e-03  -1.2749601e-03
   5.5934413e-03   8.1022799e-02  -2.3282789e-02  -2.6367200e-03   8.7156930e-04  -1.2111737e-03
   7.5522859e-03   5.4694770e-02  -2.1258542e-02  -2.3541983e-03   8.7885963e-04  -1.2678910e-03
  -7.2436937e-03   3.5422405e-02  -4.3579557e-02  -2.4001673e-03   8.9639010e-04  -1.1037958e-03
   1.4957130e-03   3.1712326e-02  -3.4677653e-02  -2.2777540e-03   9.2979668e-04  -1.2325833e-03
   7.1377785e-03   7.8740761e-02  -4.5710686e-02  -2.5572569e-03   8.3030209e-04  -1.2303634e-03
  -1.3354386e-05   1.6593806e-02  -1.1746351e-02  -2.1049396e-03   9.9940431e-04  -1.3238546e-03
  -2.1762004e-04   5.2969203e-02  -3.6065694e-02  -2.8998620e-03   9.5858696e-04  -1.3552246e-03
  -8.5371839e-03   6.5056707e-02  -3.7667953e-02  -2.3928907e-03   1.0743823e-03  -1.2252190e-03
  -2.3592524e-02   5.2032305e-02  -7.5905492e-02  -2.8808503e-03   1.2266939e-03  -1.0726740e-03
  -1.0708281e-02   3.6038127e-02  -4.4639363e-02  -2.3604816e-03   1.1450275e-03  -1.1745196e-03
  -9.2896665e-03   7.3737693e-02  -6.9335127e-02  -2.8318965e-03   1.1774690e-03  -1.2203506e-03
  -1.3915306e-02   6.6134127e-02  -6.1009639e-02  -2.3117611e-03   1.1077817e-03  -1.1639231e-03
  -9.6172667e-03   6.4976174e-02  -6.1079205e-02  -2.6351619e-03   1.0615454e-03  -1.0088529e-03
  -1.8005882e-02   1.6088960e-02  -2.9453108e-02  -1.6854732e-03   1.1961213e-03  -9.6596178e-04
  -1.5722982e-02   8.8742864e-02  -5.8533845e-02  -3.6853492e-03   8.9685591e-04  -5.0524384e-07
  -1.6961779e-02   1.0358808e-01  -5.3864234e-02  -4.6559975e-03   9.1546725e-04   4.5369260e-04
  -2.3890281e-02   1.0484477e-01  -3.2605389e-02  -3.8620134e-03   1.2073186e-03   4.3602665e-04
  -1.4313516e-02   1.2322219e-01  -8.9673321e-02  -5.8223765e-03   1.0508606e-03   1.6858326e-04
  -7.1384394e-03   1.3125796e-01  -2.0613189e-02  -4.6319178e-03   1.1680902e-03   9.5102314e-05
  -4.0139718e-03   1.2794634e-01   1.1836746e-02  -4.3046161e-03   1.6100284e-03  -2.5591153e-04
   1.9155399e-02   1.6222962e-01   2.2073658e-03  -6.7021755e-03   1.5972321e-03  -1.0287995e-03
   7.3754684e-04   1.4020294e-01   3.1658121e-03  -6.3140119e-03   1.7807125e-03  -8.4720127e-04
  -1.8568342e-03   1.8489424e-01  -1.0227238e-02  -6.7837217e-03   1.6919833e-03  -1.0964917e-03
  -1.0286360e-02   1.4382276e-01   1.4198896e-02  -6.0641920e-03   1.6862826e-03  -9.1652428e-04
   6.5564005e-04   1.6578809e-01   2.6865452e-02  -6.7686561e-03   1.7087934e-03  -1.3051624e-03
  -1.5476891e-03   1.5774940e-01   5.0860402e-02  -5.8991705e-03   1.6928792e-03  -1.3462010e-03
  -5.4350037e-03   1.4364767e-01   7.3926638e-02  -6.1671307e-03   1.6065744e-03  -1.2791585e-03
   9.9163766e-04   1.5177982e-01   7.4309469e-02  -5.8339118e-03   1.6213770e-03  -1.3367024e-03
  -4.3108848e-03   1.8734939e-01   5.9731680e-02  -6.3652177e-03   1.6372431e-03  -1.3069313e-03
  -3.2047306e-02   1.9541509e-01  -6.7140551e-03  -7.1247686e-03   1.1469831e-03  -1.1596287e-04
  -2.2357268e-02   2.0832480e-01  -3.5955080e-02  -8.4412532e-03   9.3731933e-04  -1.5957310e-04
  -2.2496776e-02   2.1785310e-01   1.4895750e-02  -7.2248692e-03   1.2194275e-03  -3.8560533e-04
  -1.4296550e-02   1.8282089e-01   5.6777759e-02  -7.5885090e-03   9.2975136e-04  -3.7499029e-04
  -3.0342536e-02   1.8720997e-01   7.0923383e-02  -6.9480185e-03   1.5120842e-03  -4.5843622e-04
  -1.1563973e-02   1.9335501e-01   4.3053250e-02  -7.3940422e-03   1.0796796e-03  -5.5846003e-04
  -3.6692107e-02   1.5549612e-01   6.9790997e-02  -6.6172093e-03   1.6795672e-03  -3.2721406e-04
  -2.1636499e-02   2.3817070e-01   4.7558390e-02  -7.4976738e-03   1.2557691e-03  -7.4163103e-04
  -3.9019822e-02   1.6737679e-01   8.9240333e-02  -6.7848164e-03   1.9156038e-03  -6.8079968e-04
  -3.0874252e-02   1.9063435e-01   4.0500247e-02  -6.8628683e-03   1.1970178e-03  -3.8775388e-04
  -6.4911118e-02   2.2090785e-01  -1.2761860e-01  -8.1631976e-03   1.0571911e-03   1.6477532e-03
  -5.4288275e-02   2.1539444e-01  -4.7093970e-02  -8.4634358e-03   9.0171215e-04   1.0165668e-03
  -2.5339863e-02   9.7303345e-02   1.5063162e-01  -3.3095025e-03   6.4486138e-04   7.0710437e-04
  -9.3093115e-03   1.7943826e-01   7.2687001e-02  -6.1855532e-03   7.9766523e-04   1.3721631e-04
  -2.6062909e-02   8.1775573e-02   2.0256401e-01  -3.3124668e-03   9.3441788e-04   4.4762123e-04
  -8.2948514e-03   2.4557421e-01   1.1799819e-01  -8.2337053e-03   1.1156571e-03  -8.7798866e-04
  -3.1321348e-02   1.7573250e-01   2.0004197e-01  -4.6724680e-03   1.5822807e-03  -7.5594705e-04
  -1.6621774e-02   2.3536461e-01   2.9758550e-02  -9.8891522e-03   1.3647584e-03  -1.0845107e-03
  -9.2977894e-02   6.0845813e-02   3.1954790e-01   1.7496989e-03   2.1342869e-03  -6.0055980e-05
  -8.2315013e-02  -7.4753106e-03   6.7690580e-01   8.3894201e-03   1.5251935e-03  -1.8091797e-04
  -4.5230136e-02   8.6433733e-02   6.2161928e-01   6.7791533e-03   1.2112034e-03  -1.4965698e-04
  -2.8025845e-02   1.5562882e-01   2.5468939e-01  -6.0817575e-03   6.8220441e-04  -1.2430880e-03
  -9.4775473e-03   2.7896499e-01   3.5625072e-01  -4.2871897e-03  -1.7210000e-04  -2.0437259e-03
  -1.2874064e-01  -2.0425213e-01   1.3860675e+00   2.7089451e-02   1.4997747e-03   4.1615671e-04
  -8.4485127e-02  -1.2411826e-01   1.1329983e+00   2.0402785e-02   6.3678262e-04  -2.8274370e-04
  -1.1535797e-01  -2.0415384e-01   1.1470414e+00   2.2424255e-02   1.0451503e-03   2.6176476e-04
  -8.8905142e-02  -1.8798673e-01   1.1423042e+00   2.1632803e-02   7.9529466e-04  -3.7146105e-04
  -1.0212777e-01  -2.0829485e-01   1.2325087e+00   2.4273752e-02   1.1101897e-03  -1.1991742e-04
  -1.0092627e-01  -1.5320719e-01   1.0908745e+00   1.9732135e-02   7.6294402e-04  -1.8650180e-05
  -1.0743332e-01  -1.8150101e-01   1.1115942e+00   2.0479800e-02   9.9252897e-04   2.1896899e-04
  -1.0034054e-01  -9.9129860e-02   9.7694307e-01   1.6965064e-02   9.0140575e-04   1.8726837e-04
  -1.1389517e-01  -1.2223969e-01   1.0117925e+00   1.8211050e-02   1.2162206e-03   2.6039853e-04
  -1.0749991e-01  -1.2782844e-01   9.4513794e-01   1.6180150e-02   1.1220802e-03   3.3129668e-04
  -1.2609673e-01  -1.0561492e-01   8.9651760e-01   1.5141180e-02   8.8744732e-04   1.0632590e-03
  -9.1150174e-02  -5.4052180e-02   7.9387992e-01   1.2838779e-02   9.0787384e-04   5.8320782e-04
  -1.0127334e-01  -1.4990111e-01   8.0527975e-01   1.3213211e-02   1.6131940e-03   8.0444918e-04
  -1.0225648e-01  -4.8466405e-02   6.8146091e-01   1.1070906e-02   1.4844636e-03   8.6516735e-04
  -1.0500884e-01  -6.4344492e-02   6.6824842e-01   1.2310915e-02   1.4344249e-03   8.6681779e-04
  -9.7155920e-02  -1.0459295e-01   7.2001592e-01   1.2613022e-02   1.2149861e-03   8.5699206e-04
  -1.0937121e-01  -1.3801073e-01   8.9539288e-01   1.5215517e-02   2.0420512e-03   5.2457782e-04
  -9.6609188e-02   3.7003166e-02   7.1259431e-01   9.5965442e-03   2.3132418e-03  -8.1556021e-04
  -1.0913775e-01  -3.2989673e-02   7.1489894e-01   1.0260880e-02   2.5015316e-03  -6.6164741e-04
  -1.0388498e-01   2.4346351e-02   6.3226649e-01   9.1340443e-03   2.1819470e-03  -4.8115441e-04
  -1.0142219e-01  -3.7523768e-02   6.5159345e-01   1.0664971e-02   2.0443279e-03  -5.8982664e-04
  -1.0375050e-01  -1.0937058e-02   6.5951716e-01   9.4800235e-03   1.9853679e-03  -6.1218183e-04
  -9.2048487e-02   1.7059457e-02   6.7499665e-01   1.0012276e-02   1.8993566e-03  -7.2357666e-04
  -9.7656286e-02  -3.0069720e-02   7.0785735e-01   9.5559899e-03   2.0091461e-03  -5.5328907e-04
  -9.4500727e-02   3.0108959e-04   6.9638547e-01   9.9446234e-03   1.9511577e-03  -6.6203635e-04
  -9.8367829e-02  -3.0481198e-02   6.9664990e-01   9.6869282e-03   1.9517282e-03  -6.4058501e-04
  -1.0545012e-01  -1.8685365e-02   7.0549845e-01   9.4024540e-03   2.1729953e-03  -5.5511057e-04
  -1.0087179e-01   1.5128203e-02   6.7865243e-01   9.2628489e-03   2.1595543e-03  -6.3471906e-04
  -1.4095044e-01   5.2189446e-02   5.1960064e-01   6.4069676e-03   2.1286207e-03  -1.1388320e-04
  -1.2348774e-01   9.1995703e-02   3.9010224e-01   2.6385177e-03   2.2194453e-03  -2.4294711e-04
  -1.2019057e-01   1.2028952e-01   4.2293584e-01   3.9490861e-03   2.3786963e-03  -2.9803716e-04
  -1.0244904e-01   9.8955065e-02   4.2910706e-01   3.3251659e-03   2.0408732e-03  -2.7013649e-04
  -8.5531992e-02   1.2279835e-01   4.8321417e-01   3.9054194e-03   1.9698317e-03  -6.1599350e-04
  -1.0662968e-01   7.5312983e-02   4.6087477e-01   3.5228711e-03   2.0697324e-03  -2.9776920e-04
  -9.6694021e-02   8.0628477e-02   4.7199903e-01   3.7463677e-03   1.9904306e-03  -7.3422328e-04
  -9.9563404e-02   6.5801397e-02   4.8378486e-01   4.8286653e-03   1.6839936e-03  -5.0007934e-04
  -1.1673767e-01   2.7225261e-02   4.8764906e-01   6.2177240e-03   2.0638472e-03   3.1534707e-04
  -1.0540609e-01   7.0149734e-03   4.7341253e-01   5.3048345e-03   1.5823205e-03   2.6759750e-04
  -1.1021753e-01   1.9079004e-03   4.9745704e-01   6.6697518e-03   1.9447183e-03   3.4041857e-04
  -1.0729413e-01   2.7085826e-02   4.9730684e-01   6.3147038e-03   1.7763885e-03   4.4596383e-04
  -1.1899002e-01  -1.8863290e-02   5.2708183e-01   6.4248545e-03   2.2004220e-03   5.3632601e-04
  -1.0822739e-01   1.3718095e-01   5.0006628e-01   3.2186681e-03   2.2493430e-03  -5.3216203e-04
  -1.0422535e-01   8.9799941e-02   4.7330250e-01   3.5890663e-03   2.3204800e-03  -6.6638175e-04
  -1.1236741e-01   7.4718947e-02   4.3274666e-01   3.4492251e-03   2.3502435e-03  -6.4684427e-04
  -1.0592940e-01   1.0958337e-01   4.4055451e-01   4.1422780e-03   2.1320924e-03  -8.2249485e-04
  -9.9253812e-02   1.2519429e-01   4.5832941e-01   4.0073747e-03   2.2894583e-03  -1.1237346e-03
  -1.0042852e-01   9.4645067e-02   5.3413124e-01   4.6453681e-03   2.2897451e-03  -1.1223013e-03
  -1.0115045e-01   9.5129917e-02   5.3387129e-01   3.8302681e-03   2.3604833e-03  -1.0647028e-03
  -9.0847845e-02   1.0548500e-01   5.5077137e-01   4.4282357e-03   2.3805824e-03  -1.2223677e-03
  -1.0214516e-01   1.0174145e-01   4.9555558e-01   3.5055630e-03   2.3756762e-03  -1.2365339e-03
  -1.0513541e-01   7.9321488e-02   5.4407067e-01   4.3730102e-03   2.4272077e-03  -1.0363551e-03
  -9.6811896e-02   9.1713955e-02   5.3172258e-01   3.8973863e-03   2.3957558e-03  -1.2528025e-03
  -1.0993128e-01   1.2563664e-01   5.1052317e-01   4.4348022e-03   2.3471884e-03  -1.1098016e-03
  -9.6941673e-02   1.0575318e-01   4.8682182e-01   3.9902066e-03   2.2991979e-03  -1.2309402e-03
  -8.5973000e-02   1.0391588e-01   5.3507114e-01   4.2052216e-03   2.2792606e-03  -1.2421664e-03
  -8.1044368e-02   1.4756526e-01   5.2357592e-01   3.8289517e-03   2.1190033e-03  -1.1158098e-03
  -8.6450567e-02   9.8895159e-02   5.5943123e-01   4.5852618e-03   2.0927047e-03  -1.1240382e-03
  -1.0239760e-01   9.5155198e-02   5.4899269e-01   3.7585440e-03   2.2447529e-03  -9.0705811e-04
  -1.0761175e-01   1.6276156e-01   5.4156336e-01   4.1039299e-03   2.2676985e-03  -7.4637245e-04
  -1.1788770e-01   6.6106953e-02   5.7812543e-01   4.8978086e-03   2.6604385e-03  -7.6175976e-04
  -9.5837340e-02   3.6162916e-02   6.0945083e-01   6.4216780e-03   2.0928391e-03  -4.4068699e-04
  -7.1600857e-02   1.4254002e-01   1.6665074e-01  -4.8847030e-04   9.4221516e-04   1.0138512e-03
  -8.4825004e-02   1.8820640e-01   4.2336614e-03  -5.5228011e-03   5.7475892e-04   1.9763115e-03
  -7.7299922e-02   2.1022222e-01   1.3119117e-01  -3.4009998e-03   6.0178743e-04   1.5121379e-03
  -6.0678191e-02   1.6185749e-01   1.5301665e-01  -2.9158606e-03   8.2484797e-04   1.0979459e-03
  -5.7336074e-02   1.1549135e-01   2.7422265e-01  -1.6874036e-03   1.2476085e-03   7.1330205e-04
