   0.0000000e+00   0.0000000e+00   0.0000000e+00   0.0000000e+00   0.0000000e+00   0.0000000e+00
   1.2335719e-03   2.0460204e-02  -6.1117677e-02  -1.6667990e-03   4.0285831e-04   1.6880560e-04
  -1.0770488e-02   3.1647494e-02   9.0690719e-02   1.8142277e-03   4.3491276e-04   3.6477873e-04
  -1.2431917e-02   2.3070761e-02  -8.4068622e-02  -2.9139292e-03   6.8204185e-04   2.7076405e-04
  -1.8031798e-02   6.0267893e-02   1.6489626e-01   4.4224430e-03   1.7045725e-04   1.0386496e-03
  -1.0565411e-01   2.7043516e-01   4.6131279e-01   1.2213526e-02   1.2319882e-03   2.6948118e-03
  -1.0173427e-02   2.8308811e-01   3.4599213e-01   5.9259085e-03   2.4203404e-03   1.8200294e-03
  -4.3035197e-02   2.0537846e-01   3.6128089e-01   8.8933239e-03   9.5677048e-04   2.0613856e-03
  -6.7865550e-02   2.6576594e-01   2.3824919e-01   4.1510525e-03   1.1831558e-03   1.9289447e-03
  -6.9242677e-02   2.9536490e-01   3.8152858e-01   7.8365454e-03   9.7473606e-04   2.1764245e-03
  -5.6389983e-02   2.8218245e-01   3.4268865e-01   5.1925139e-03   1.2397757e-03   2.0656379e-03
  -6.1603705e-02   2.9139416e-01   3.6838231e-01   7.0808388e-03   1.2624697e-03   2.1888631e-03
  -5.9613158e-02   2.8122392e-01   4.3973541e-01   7.3984520e-03   1.3425566e-03   2.0317573e-03
  -7.2474201e-02   2.8641429e-01   2.7406821e-01   4.7119727e-03   9.7257570e-04   2.6139701e-03
  -5.7432394e-02   2.8675251e-01   3.5437966e-01   5.0677505e-03   1.3513939e-03   2.3804793e-03
  -6.8273905e-02   2.9296018e-01   2.8592561e-01   4.7789354e-03   1.0820496e-03   2.3616564e-03
  -5.8879455e-02   2.7725967e-01   3.3174148e-01   4.9499818e-03   1.0163290e-03   2.4160957e-03
  -4.9053638e-02   2.8403112e-01   2.7616194e-01   5.3579540e-03   1.1175783e-03   2.2385810e-03
  -5.8341772e-02   2.8096895e-01   3.2189254e-01   3.8727781e-03   1.4423354e-03   2.3424540e-03
  -6.2608940e-02   2.6717334e-01   2.9887894e-01   5.4387910e-03   1.5348345e-03   2.4817430e-03
  -6.4009810e-02   2.8325690e-01   4.0452547e-01   5.6039506e-03   1.5309065e-03   2.5076783e-03
  -5.8369102e-02   2.7833703e-01   2.8965927e-01   6.0224176e-03   1.2660610e-03   2.4879170e-03
  -5.2093560e-02   2.7846247e-01   4.4467774e-01   6.7274508e-03   1.5265340e-03   2.0900294e-03
  -7.3548484e-02   3.0467116e-01   1.5859859e-01   3.8455574e-03   1.0958960e-03   3.0513902e-03
  -5.8055535e-02   3.0506865e-01   5.6521071e-01   5.8876986e-03   1.7568015e-03   2.3454375e-03
  -1.0053397e-01   3.3120917e-01  -2.8744627e-01   6.7965095e-03   1.8478481e-03   2.9723948e-03
  -4.6355800e-03   4.8890309e-01  -2.3764612e-01   1.4210980e-02   1.7237856e-04   2.9294509e-03
  -9.5700016e-02   7.2106296e-01   1.6461322e-01   1.0674870e-02  -2.4091015e-03   2.7059564e-03
  -8.9663304e-02   5.5943806e-01  -1.5969588e-02   1.2324041e-02  -1.0970644e-03   2.9242248e-03
  -8.4909853e-02   5.8770211e-01   3.2528986e-01   1.2107325e-02  -1.3746548e-03   2.8950526e-03
  -9.0750314e-02   5.2709758e-01   3.1354691e-01   9.4042576e-03  -1.7238676e-03   2.8562693e-03
  -8.5388625e-02   5.3144761e-01   3.5544236e-01   8.5622519e-03  -1.5855463e-03   2.8089111e-03
  -8.8527216e-02   5.3978533e-01   3.2015009e-01   8.9516845e-03  -1.4877680e-03   2.8905019e-03
  -9.5497030e-02   5.5763825e-01   3.9037172e-01   9.4567695e-03  -1.4710755e-03   2.8245662e-03
  -8.3003109e-02   5.3440639e-01   4.3742916e-01   1.0663276e-02  -1.3404545e-03   2.8562938e-03
  -1.0168607e-01   5.6870604e-01   3.5600414e-01   8.4116430e-03  -1.4334290e-03   2.9407631e-03
  -8.9577350e-02   5.4180096e-01   4.1375479e-01   1.0389564e-02  -1.0772974e-03   2.4847535e-03
  -8.6716307e-02   5.4328342e-01   4.4238459e-01   1.0744196e-02  -9.3427055e-04   2.2881787e-03
  -8.9052722e-02   5.3281145e-01   4.2137476e-01   1.0715193e-02  -8.8610181e-04   2.4299332e-03
  -1.0042493e-01   5.5788194e-01   3.2212674e-01   8.9447149e-03  -1.2639844e-03   2.6153647e-03
  -1.0003472e-01   5.1996678e-01   3.5827674e-01   9.3839993e-03  -8.5617575e-04   2.4669289e-03
  -1.1047373e-01   5.5189351e-01   3.6389442e-01   8.9963383e-03  -1.0929718e-03   2.5693831e-03
  -9.2433440e-02   5.3634417e-01   4.4533419e-01   1.0823066e-02  -8.8668043e-04   2.5253049e-03
  -8.8839373e-02   5.4066160e-01   4.3949711e-01   1.0871483e-02  -9.6567286e-04   2.4495506e-03
  -1.0054066e-01   5.2891242e-01   4.6895511e-01   1.1601847e-02  -6.8330094e-04   2.3557314e-03
  -1.2312892e-01   5.5859644e-01   3.3867157e-01   8.8647696e-03  -1.3598806e-03   2.5912383e-03
  -1.0768592e-01   5.2211510e-01   3.6031719e-01   9.6775673e-03  -9.2007378e-04   2.5340846e-03
  -1.1341857e-01   5.7796551e-01   3.5324304e-01   9.7056339e-03  -9.0273651e-04   2.4946491e-03
  -9.9510081e-02   5.4135756e-01   4.3393537e-01   1.0765566e-02  -4.1021331e-04   2.3814824e-03
  -1.1874922e-01   5.8241037e-01   4.4714577e-01   1.0368391e-02  -7.6075041e-04   2.6692140e-03
  -1.0782558e-01   4.9266063e-01   5.5853850e-01   1.2196472e-02  -8.3124271e-04   2.3380698e-03
  -1.1058220e-01   5.4711443e-01   4.0170952e-01   9.6522301e-03  -1.1909907e-03   1.9663593e-03
  -1.0772337e-01   4.9409660e-01   5.4251988e-01   1.1729248e-02  -9.2649982e-04   1.9452228e-03
  -1.0737573e-01   5.4434689e-01   4.2504983e-01   9.6835304e-03  -1.3911194e-03   2.0072031e-03
  -9.8358908e-02   4.7647855e-01   5.1610984e-01   1.1279755e-02  -1.0302887e-03   1.9160812e-03
  -9.7325777e-02   5.2868292e-01   4.2437275e-01   9.5633267e-03  -1.3721767e-03   1.6743038e-03
  -1.0031939e-01   4.7627047e-01   4.8109232e-01   1.1051890e-02  -7.8224444e-04   1.8561835e-03
  -1.4540301e-01   5.8576197e-01   2.4623556e-01   7.9957241e-03  -1.1883719e-03   2.4500041e-03
  -1.1992818e-01   5.0978218e-01   4.7719246e-01   1.0065039e-02  -7.4344989e-04   1.9117867e-03
  -1.1965762e-01   6.1033904e-01   3.2463886e-01   9.0965677e-03  -1.4313909e-03   1.8883687e-03
  -1.1343553e-01   4.4133588e-01   4.5583342e-01   9.3419677e-03  -7.4876629e-04   1.8311519e-03
  -1.2227080e-01   6.4799430e-01   2.9560628e-01   8.6293218e-03  -1.4114448e-03   1.9633253e-03
  -1.1449928e-01   3.2254398e-01   5.6942336e-01   1.0043441e-02  -3.4680507e-04   1.7764946e-03
  -1.1732413e-01   8.2141259e-01   2.5987956e-01   9.5840792e-03  -1.9466881e-03   1.7130624e-03
  -2.2894890e-01  -1.1654617e+00   1.3364431e+00   1.7051085e-02   5.6328780e-03   2.8055709e-03
  -2.5262222e+00  -3.9325802e+00  -2.5418582e+00  -2.4921259e-02   1.3242253e-02   3.5015832e-02
  -2.3288382e+00  -6.9489986e-03  -1.4621791e+00   2.2187709e-03   8.1458159e-03   2.9992015e-02
  -2.5361659e+00  -3.6823434e-01  -1.1618269e+00   3.6755671e-03   7.4511450e-03   3.0000747e-02
  -2.4416015e+00   1.8431121e-01  -1.2285164e+00   5.4302933e-03   6.8902728e-03   2.8548545e-02
  -2.5440456e+00  -3.9800194e-02  -1.3050109e+00   2.0511445e-03   6.1858416e-03   2.9876829e-02
  -2.4441565e+00   2.3469764e-01  -1.2753761e+00   4.4267249e-03   5.4163255e-03   2.7877521e-02
  -2.5397726e+00  -7.3493043e-04  -1.3065257e+00   3.0985052e-03   5.5238875e-03   2.9323597e-02
  -2.4345262e+00   3.1354332e-01  -1.2774848e+00   3.5748424e-03   5.8658455e-03   2.7978758e-02
  -2.5511510e+00   2.5205494e-03  -1.3706928e+00   1.6344488e-03   5.3815554e-03   2.9804557e-02
  -2.3713251e+00   3.9699481e-01  -1.0646356e+00   9.4342291e-03   6.6365466e-03   2.7326899e-02
  -2.8299853e+00  -4.4865418e-01  -1.8763001e+00  -1.5088429e-03   5.0841067e-03   3.1611714e-02
  -5.7711440e-01  -8.7807982e+00  -4.5230709e+00  -1.0579034e-01  -1.7369729e-02  -2.4607838e-02
  -3.6271192e-01  -6.5249341e-01   4.4606767e+00   4.5560604e-02  -1.0741703e-02  -1.8161988e-02
  -4.5658169e-01  -5.8268373e-01   3.1955792e+00   3.0199998e-02  -1.4577578e-02  -2.6112297e-02
  -4.8060145e-01  -2.6481443e-01   3.6418642e+00   3.8037738e-02  -1.3058553e-02  -2.3455855e-02
  -4.5277581e-01  -3.6764126e-01   3.1243963e+00   3.0891860e-02  -1.3762221e-02  -2.4582579e-02
  -4.3938973e-01  -1.8516810e-01   3.3909359e+00   3.4887868e-02  -1.2445859e-02  -2.3122525e-02
  -4.2646034e-01  -2.5900685e-01   3.0797909e+00   3.0763217e-02  -1.2620987e-02  -2.3874154e-02
  -4.1704407e-01  -1.7026914e-01   3.3679186e+00   3.4091180e-02  -1.2073875e-02  -2.3035036e-02
  -4.2415738e-01  -2.3555291e-01   3.1377812e+00   3.1794686e-02  -1.2842381e-02  -2.3649626e-02
  -4.1746625e-01  -1.6454134e-01   3.4006892e+00   3.5504685e-02  -1.1995377e-02  -2.3267211e-02
  -4.0572704e-01  -1.9945809e-01   3.1438071e+00   3.3230688e-02  -1.2309952e-02  -2.3671210e-02
  -4.0817993e-01  -1.8100082e-01   3.3064837e+00   3.4321111e-02  -1.2321272e-02  -2.3136767e-02
  -4.1207919e-01  -1.6486304e-01   3.0109020e+00   3.1387457e-02  -1.2943981e-02  -2.3299579e-02
  -4.0430519e-01  -1.7285760e-01   3.3256867e+00   3.4792165e-02  -1.2283853e-02  -2.2937026e-02
  -4.4128936e-01  -1.0899779e-01   2.7503062e+00   3.4802209e-02  -1.3215853e-02  -2.4436398e-02
  -4.3777429e-01   1.4576153e-01   2.7948172e+00   3.8400830e-02  -1.2373690e-02  -2.4130833e-02
  -4.3397271e-01   2.3321709e-01   2.7621303e+00   3.8496955e-02  -1.1157081e-02  -2.3147431e-02
  -4.7819462e-01   2.9438350e-01   2.7176951e+00   3.8828622e-02  -1.2130404e-02  -2.2173927e-02
  -4.7976850e-01   2.4239303e-01   2.6634968e+00   3.6891963e-02  -1.2345186e-02  -2.2298150e-02
  -4.4769751e-01   2.3351096e-01   2.7615689e+00   3.9430022e-02  -1.2334262e-02  -2.2380598e-02
  -4.6792618e-01   2.3122888e-01   2.6115927e+00   3.5591914e-02  -1.2558544e-02  -2.1798017e-02
  -4.4353896e-01   2.6853044e-01   2.7655289e+00   3.8393819e-02  -1.2075422e-02  -2.1715743e-02
  -4.6247395e-01   2.6060011e-01   2.7584564e+00   3.8912224e-02  -1.2667170e-02  -2.1465405e-02
  -4.4814594e-01   2.8434964e-01   2.8877295e+00   3.8466767e-02  -1.1881544e-02  -2.1882050e-02
  -4.4534075e-01   2.5722201e-01   2.6966019e+00   3.1963076e-02  -1.1912207e-02  -2.2490104e-02
  -4.4996795e-01   2.3584651e-01   2.9804679e+00   3.6080619e-02  -1.2095837e-02  -2.2103624e-02
  -4.3669787e-01   1.8651222e-01   2.8600225e+00   3.5930665e-02  -1.2014289e-02  -2.2233349e-02
  -4.3843292e-01   2.2503464e-01   2.8171373e+00   3.5724350e-02  -1.2158964e-02  -2.1994408e-02
  -4.4897590e-01   2.3666791e-01   2.7386058e+00   3.4021043e-02  -1.2412102e-02  -2.1666121e-02
  -4.2349529e-01   2.3168848e-01   2.8107260e+00   3.6136938e-02  -1.1987383e-02  -2.1963400e-02
  -4.2159284e-01   2.3089351e-01   2.7805565e+00   3.5414835e-02  -1.1926181e-02  -2.2019691e-02
  -4.4121213e-01   2.5024761e-01   2.8644550e+00   3.6375177e-02  -1.1882352e-02  -2.1661769e-02
  -4.2320385e-01   2.1451104e-01   2.8741113e+00   3.7200996e-02  -1.1130200e-02  -2.2335414e-02
  -4.0072944e-01   2.3029659e-01   2.7822070e+00   3.5316281e-02  -1.1094509e-02  -2.2542749e-02
  -3.9676761e-01   2.2221632e-01   2.7442730e+00   3.5610690e-02  -1.1384781e-02  -2.2837178e-02
  -4.0440009e-01   2.5551376e-01   2.7796791e+00   3.6248630e-02  -1.1445187e-02  -2.2576053e-02
  -3.9938504e-01   2.5399105e-01   2.7480748e+00   3.5286564e-02  -1.1476055e-02  -2.2581200e-02
  -3.9096342e-01   2.4374513e-01   2.8233769e+00   3.6393957e-02  -1.1673897e-02  -2.2535786e-02
  -3.7382498e-01   2.3062971e-01   2.8212686e+00   3.6554850e-02  -1.1820229e-02  -2.2806828e-02
  -3.8052533e-01   2.3226008e-01   2.8407071e+00   3.4679880e-02  -1.1603993e-02  -2.2840855e-02
  -3.8403231e-01   2.5191501e-01   2.7861283e+00   3.5323222e-02  -1.1579064e-02  -2.2797368e-02
  -4.0491165e-01   2.5322958e-01   2.7118315e+00   3.3707816e-02  -1.2036492e-02  -2.2321452e-02
  -3.9963498e-01   2.6597644e-01   2.7318813e+00   3.4092739e-02  -1.2108015e-02  -2.2569207e-02
  -4.2018026e-01   2.7002707e-01   2.7456988e+00   3.3971210e-02  -1.2098608e-02  -2.2229855e-02
  -4.2189892e-01   2.8349257e-01   2.7524787e+00   3.4665718e-02  -1.2346437e-02  -2.2225828e-02
  -4.3753961e-01   2.7075076e-01   2.7398686e+00   3.4119973e-02  -1.2348692e-02  -2.1778482e-02
  -4.1624034e-01   2.9235035e-01   2.7794581e+00   3.5810807e-02  -1.2126868e-02  -2.2050891e-02
  -4.2043612e-01   2.8819344e-01   2.8970175e+00   3.7506163e-02  -1.2013285e-02  -2.2177428e-02
  -4.1641073e-01   2.7166396e-01   2.8285715e+00   3.5044310e-02  -1.2080729e-02  -2.2027006e-02
  -4.5044117e-01   2.8627605e-01   2.8705606e+00   3.4236299e-02  -1.2101052e-02  -2.1761880e-02
  -4.2708163e-01   2.6994901e-01   2.7329614e+00   3.4812138e-02  -1.2098169e-02  -2.1999700e-02
  -3.4677047e-01   2.5548010e-01   2.6425173e+00   3.5442992e-02  -1.2120413e-02  -2.1952474e-02
  -3.7268929e-01   2.5720623e-01   2.7913059e+00   3.5501190e-02  -1.2327691e-02  -2.1839037e-02
