   0.0000000e+00   0.0000000e+00   0.0000000e+00   0.0000000e+00   0.0000000e+00   0.0000000e+00
  -5.0514239e-02   1.4419245e-02   1.0254571e-01   2.5889711e-03   2.3467075e-03   2.1969353e-03
   2.7333926e-02  -4.8792180e-02   3.4775831e-01   6.9082373e-03   3.9514095e-03   1.3796509e-03
   3.0655720e-02  -4.8571194e-02   4.9863385e-01   8.0754741e-03   5.0542216e-03   1.8234215e-03
   6.4103382e-02  -3.4057306e-02   4.2055721e-01   6.9351506e-03   5.5512543e-03   9.4047703e-04
   9.5197371e-02  -6.4756851e-02   4.7921500e-01   7.4647530e-03   5.9149784e-03   8.9314073e-04
   1.4716228e-01  -5.9973806e-02   4.2158292e-01   6.8505189e-03   6.3689735e-03   5.7568369e-05
   1.7606093e-01  -5.0205031e-02   4.3412399e-01   7.0517902e-03   7.3350915e-03  -2.1864589e-04
   1.8237513e-01  -6.1550894e-02   4.1211398e-01   6.5599466e-03   7.9254452e-03  -6.0791776e-04
   1.8367377e-01  -6.1253782e-02   4.3339106e-01   7.0828573e-03   8.1646180e-03  -8.0905085e-04
   1.9969639e-01  -3.7493513e-02   4.1100850e-01   6.8314025e-03   8.3495180e-03  -1.1835323e-03
   2.0846692e-01  -6.9990721e-02   4.1426009e-01   7.7913678e-03   7.9038804e-03  -8.7378394e-04
   2.1399171e-01  -5.6663612e-02   4.2155029e-01   7.8231444e-03   7.8817202e-03  -1.0571072e-03
   2.2645375e-01  -1.6022759e-02   4.2037492e-01   8.1149261e-03   7.6976319e-03  -1.0379470e-03
   2.2547565e-01  -4.4344220e-02   4.1329558e-01   7.8825220e-03   7.7719951e-03  -8.8291445e-04
   2.3028074e-01  -5.1914425e-02   4.6310307e-01   7.9028117e-03   7.3439434e-03  -1.0468443e-03
   2.0891417e-01   2.7756197e-02   6.0986596e-01   8.4604261e-03   7.4134221e-03  -1.4865885e-03
   2.1196377e-01  -6.7216317e-02   6.5214735e-01   8.7237162e-03   8.3339073e-03  -1.9094029e-03
   2.3316755e-01  -1.5357361e-02   5.8026848e-01   6.7039592e-03   8.3707878e-03  -2.2450606e-03
   2.2944454e-01  -3.4690244e-03   6.2696268e-01   7.7550796e-03   8.5268369e-03  -2.7924951e-03
   2.4335928e-01   3.3767398e-02   5.1797046e-01   6.5353719e-03   8.7963777e-03  -3.1348613e-03
   2.4366992e-01  -2.8140909e-02   5.7333659e-01   6.1804769e-03   8.8974813e-03  -2.8322490e-03
   2.4799257e-01   2.6665517e-02   5.0371438e-01   5.5960719e-03   8.5561698e-03  -2.8152375e-03
   2.5441035e-01  -4.8104267e-02   5.3959545e-01   5.5256207e-03   8.7583601e-03  -2.4663899e-03
   2.6550429e-01   2.7339138e-02   5.3834782e-01   6.5514953e-03   9.3510111e-03  -3.4554381e-03
   2.3972039e-01  -6.7001193e-02   6.4261546e-01   9.3689854e-03   8.9717229e-03  -2.6380878e-03
   2.9532643e-01  -2.1688083e-01  -2.8319911e-01   2.2187690e-02   9.6765560e-03  -3.2289072e-03
   1.9331801e-01   4.6985546e-01   2.0748333e-01   1.1610763e-02   7.8477954e-03  -4.9909629e-03
   1.7856509e-01   1.8705268e-01   4.9755452e-01   9.2457915e-03   6.5009496e-03  -5.1836931e-03
   1.8365986e-01   1.4850162e-01   3.1761404e-01   7.8731525e-03   7.3812529e-03  -5.4311421e-03
   1.9865557e-01   8.5750411e-02   3.9219644e-01   8.4070731e-03   7.2323773e-03  -5.1954947e-03
   1.8758340e-01   9.5826928e-02   3.8873342e-01   7.9420880e-03   7.4945936e-03  -5.5208190e-03
   2.0531366e-01   6.4068512e-02   4.6901644e-01   8.1968992e-03   7.5973000e-03  -5.5631348e-03
   2.0292412e-01   8.7595756e-02   4.5960327e-01   7.8477011e-03   7.5620457e-03  -5.5728428e-03
   2.1908555e-01   6.7082172e-02   4.9636774e-01   8.3834347e-03   7.2986581e-03  -5.6103003e-03
   2.0912408e-01   6.0378484e-02   5.0342438e-01   8.2300239e-03   7.3315593e-03  -5.8127987e-03
   2.0214720e-01   5.6860867e-02   4.9488036e-01   8.2086944e-03   7.2124923e-03  -5.7424153e-03
   1.9005609e-01   1.0296666e-01   4.3112024e-01   7.5302311e-03   7.1689552e-03  -5.7294053e-03
   1.7872979e-01   6.1683641e-02   4.1091060e-01   8.0603063e-03   7.4435218e-03  -5.3444260e-03
   1.8216537e-01   7.1908702e-02   4.0977211e-01   8.2053165e-03   7.2029283e-03  -5.7589836e-03
   1.7536775e-01   9.1038926e-02   4.4692728e-01   8.4243609e-03   7.1656361e-03  -5.8403832e-03
   1.7778608e-01   5.0374085e-02   3.8815812e-01   6.7934284e-03   7.4978187e-03  -5.9001338e-03
   1.8460673e-01   1.3879740e-02   4.0664683e-01   7.1434788e-03   7.5957623e-03  -6.2472645e-03
   1.7595601e-01   4.0112980e-02   4.2943904e-01   7.1823314e-03   7.3153353e-03  -6.2878735e-03
   1.9366272e-01   5.0119762e-02   4.1869179e-01   7.3078943e-03   7.1783081e-03  -6.2492469e-03
   1.8566787e-01   3.8217176e-02   4.3367963e-01   6.8876487e-03   6.9636713e-03  -6.3001884e-03
   1.8596393e-01   1.1581220e-02   4.5740157e-01   6.3501944e-03   7.0155936e-03  -6.2907503e-03
   1.9678587e-01   4.0136462e-02   5.0186536e-01   6.2518671e-03   6.7484476e-03  -6.3805243e-03
   1.9880871e-01   2.6527516e-02   4.6773683e-01   6.1563104e-03   7.0305932e-03  -6.5401316e-03
   1.9095812e-01   4.5569759e-03   5.1619619e-01   5.9872125e-03   7.2086752e-03  -6.6837236e-03
   1.9058389e-01   4.6395468e-02   4.1262221e-01   5.8914063e-03   7.2317803e-03  -6.5418981e-03
   1.8204112e-01   1.1483727e-01   3.5161141e-01   5.0450018e-03   7.4608118e-03  -6.2233438e-03
   1.7440778e-01   5.1600911e-02   3.9749257e-01   5.9209974e-03   7.6811905e-03  -6.3077426e-03
   8.5215886e-02   1.5657577e-01   5.5431915e-01   5.6722329e-03   7.3030777e-03  -5.6529745e-03
   9.6981693e-02   5.9344962e-02   5.6036350e-01   5.9984719e-03   7.0369580e-03  -6.1005366e-03
   6.6951260e-02   7.9209462e-02   3.8143064e-01   3.7485802e-03   6.9523997e-03  -5.8696203e-03
   9.4918842e-02   7.8783856e-02   3.9812115e-01   3.8280587e-03   6.7160821e-03  -5.8923599e-03
   1.1689872e-01   9.6299262e-02   4.0038058e-01   3.1709576e-03   7.1718392e-03  -6.1894661e-03
   1.1134711e-01   9.0225094e-02   3.7654741e-01   2.0240347e-03   7.0338272e-03  -5.7983683e-03
   1.2147178e-01   5.0184562e-02   5.4162016e-01   4.6804013e-03   7.1955990e-03  -6.3648375e-03
   1.1040887e-01   5.0561011e-02   4.7412870e-01   4.0651387e-03   7.4865623e-03  -6.5393797e-03
   1.1248745e-01   4.0819214e-02   5.9714718e-01   4.7849107e-03   7.1300875e-03  -7.1632513e-03
   5.8299145e-02   7.1585237e-02   4.9362336e-01   7.1951982e-03   7.7416428e-03  -7.8290120e-03
   4.5228896e-02  -5.4938082e-02   5.6375207e-01   1.0474348e-02   8.1267787e-03  -8.8744725e-03
   5.5564404e-02   1.4972564e-01   7.5217083e-01   6.7280409e-03   7.2473223e-03  -8.2210278e-03
   5.6745321e-02   7.0284781e-02   7.1032650e-01   8.6760310e-03   7.3822002e-03  -8.9261561e-03
   6.4163114e-02   3.5132457e-02   7.7965921e-01   7.7091870e-03   7.2509665e-03  -8.9388513e-03
   7.6122889e-02   6.1113437e-02   8.1230537e-01   1.0314882e-02   7.1647019e-03  -9.6174160e-03
   5.9285821e-02   2.0120023e-02   8.1934881e-01   8.0866983e-03   7.4667401e-03  -9.5289370e-03
   1.9621068e-02   8.0313821e-02   9.0177224e-01   8.3653411e-03   7.6424760e-03  -9.1052418e-03
   5.5639436e-02   8.2372487e-02   8.2586204e-01   5.9379344e-03   7.9514571e-03  -9.5173327e-03
   6.2672641e-02   3.6018300e-02   6.8992096e-01   6.4169687e-03   7.5591062e-03  -9.7712644e-03
   4.4702417e-02   9.1753466e-04   6.9949086e-01   9.6168930e-03   7.1695618e-03  -1.0101884e-02
   2.3038235e-03   1.5979030e-01   9.6794875e-01   7.5004244e-03   7.0820797e-03  -1.0649492e-02
   9.0039569e-03   7.4808404e-02   8.4514928e-01   6.8828212e-03   6.3484957e-03  -1.1157403e-02
   7.4719919e-03   1.0339298e-01   1.1104979e+00   5.0387416e-03   7.3044715e-03  -1.1387291e-02
   6.8017099e-03   4.3890877e-02   1.2782576e+00   4.6778860e-04   6.2474702e-03  -9.9923225e-03
   3.1127556e-02  -3.8373322e-02   1.0078549e+00  -2.7525565e-03   5.6783875e-03  -9.4924605e-03
   4.5968377e-02  -5.1824271e-02   1.0002905e+00   1.4013569e-03   5.8748867e-03  -1.0027968e-02
   2.1872680e-02  -4.7655416e-02   8.4418218e-01   4.0816031e-03   5.9620606e-03  -1.0102411e-02
   9.1159070e-03   5.6531295e-02   9.1946785e-01   4.3181594e-03   5.9738422e-03  -1.0362464e-02
   4.0585910e-03   1.5703995e-02   9.6632415e-01   5.4108391e-03   6.7154010e-03  -1.0481072e-02
   3.8327235e-04   7.1306654e-03   1.0017113e+00   5.0028128e-03   6.8753067e-03  -1.0183827e-02
   2.1784950e-02   1.0411318e-02   1.0075361e+00   5.8771381e-03   7.0804522e-03  -1.0587392e-02
   1.9727316e-02  -1.2884366e-02   1.0236478e+00   4.2236838e-03   6.7473132e-03  -1.0353790e-02
   4.9513740e-03   1.1411487e-02   9.6234218e-01   2.6404827e-03   6.8059157e-03  -9.8214529e-03
  -3.5043349e-02   6.4117478e-03   6.5476176e-01  -8.4505075e-03   4.9522485e-03  -6.6226955e-03
  -7.5365344e-02  -1.0804894e-02   3.3978978e-01  -1.0234979e-02   4.7322838e-03  -5.2437752e-03
  -4.4584958e-02  -1.3013895e-01   4.0641792e-01  -3.1159228e-04   5.5835521e-03  -5.6392759e-03
  -1.9099396e-02   1.2636656e-01   5.9152309e-01  -2.5499008e-03   6.0431495e-03  -6.5544566e-03
   4.7505150e-02   1.0836116e-02   3.5536716e-01  -3.2398044e-04   6.2131209e-03  -5.2884130e-03
   3.0832840e-02   5.9234627e-02   3.5881185e-01  -1.1216644e-03   6.9626607e-03  -4.0521897e-03
   4.3629768e-02   6.2309970e-02   4.0138473e-01  -4.9027210e-04   7.3254359e-03  -5.6450745e-03
   4.3274381e-02   3.3026950e-02   4.4384122e-01  -9.4037429e-04   7.0326860e-03  -5.8951414e-03
   3.9626853e-02   5.3885572e-02   5.0257492e-01  -8.8397157e-05   7.5175705e-03  -6.4012364e-03
   5.3508069e-02   3.8548446e-02   4.8937404e-01  -4.1653070e-04   7.6261615e-03  -6.5008814e-03
   4.8938834e-02   3.7383867e-02   5.2429312e-01   1.5140318e-04   7.7385289e-03  -6.6359911e-03
   5.3703750e-02   5.7241918e-02   5.1772363e-01  -6.4324864e-04   8.4579513e-03  -6.9543620e-03
   7.7525821e-02   3.2351830e-02   4.9260437e-01  -9.2016168e-04   8.6539785e-03  -7.5068551e-03
   7.3347974e-02   3.6049577e-02   5.1505300e-01  -3.7298982e-04   8.4365118e-03  -7.3681347e-03
   5.6260684e-02   9.3306668e-02   3.9631029e-01  -2.5685402e-03   8.7604582e-03  -7.8528929e-03
   5.0272090e-02   7.8581762e-02   5.2761225e-01  -2.2933822e-03   8.5029293e-03  -7.8111422e-03
   4.0137997e-02   3.9692104e-02   7.0380704e-01   7.0897063e-04   8.6440692e-03  -8.9429522e-03
   5.5627593e-02   9.8974057e-02   1.1242063e+00   3.8052854e-04   9.2573381e-03  -8.9514010e-03
   7.9491183e-02   2.9130610e-02   1.1285232e+00   1.6211167e-03   8.6344961e-03  -8.9056963e-03
   7.3776697e-02  -3.5719117e-03   1.1729641e+00   2.8651968e-03   8.9368994e-03  -9.3222651e-03
   7.1559129e-02  -1.8953541e-03   1.1655313e+00   2.9561996e-03   8.9510950e-03  -9.4695878e-03
   8.2194413e-02  -5.4268660e-03   1.2823149e+00   4.5202571e-03   9.1661106e-03  -9.9494957e-03
   8.6333054e-02  -2.1563542e-02   1.3249122e+00   5.1253934e-03   9.2541740e-03  -1.0129151e-02
   9.9493405e-02  -6.4233937e-02   1.2550604e+00   4.8083675e-03   9.5968315e-03  -1.0338435e-02
   1.0598174e-01  -6.7418058e-02   1.2233342e+00   3.6417720e-03   9.1613843e-03  -9.9950855e-03
   9.7229498e-02  -7.3151228e-02   1.1521379e+00   3.2003533e-03   9.1220786e-03  -9.7917295e-03
   6.0255952e-02  -1.9005530e-02   1.1477382e+00   2.4463047e-03   9.0739364e-03  -9.6902895e-03
   5.0618948e-02  -1.6525879e-02   9.8888139e-01   1.3043870e-03   8.3836223e-03  -8.4950991e-03
   2.0121149e-02   7.4559907e-02   7.1956123e-01   1.2094266e-03   9.0931838e-03  -8.8436387e-03
   1.2263070e-01   5.9699305e-02   6.6395572e-01   3.3194936e-03   8.2437001e-03  -8.0469759e-03
   1.7654689e-01   3.7495705e-03   2.7370413e-01   1.6021726e-02   8.8998961e-03  -8.1133324e-03
   1.2280731e-01   1.3459279e-01   2.3189059e-01   1.5427778e-02   9.2080746e-03  -7.0158917e-03
   1.4945667e-01   1.0557393e-01   4.6594419e-01   1.7662056e-02   7.4695680e-03  -6.4784137e-03
   1.2434962e-01   8.7626061e-02   6.7242430e-01   1.9695752e-02   6.3905153e-03  -7.1761805e-03
   1.2727218e-01   2.2658457e-02   6.7924506e-01   1.8597868e-02   6.4322744e-03  -7.3313284e-03
   1.0173271e-01   5.2967294e-02   6.4420800e-01   1.6611349e-02   5.8285414e-03  -7.5354195e-03
   9.1613540e-02   2.7687343e-02   6.7254515e-01   1.6183068e-02   5.8866653e-03  -7.7851654e-03
   7.7656101e-02   6.7294699e-02   6.3374520e-01   1.5063322e-02   5.5148461e-03  -7.6167927e-03
   8.5255208e-02   2.4522166e-02   5.6785747e-01   1.5027171e-02   5.6388595e-03  -7.3343555e-03
   4.0444287e-02   1.0559071e-01   7.8688355e-01   1.3383931e-02   4.5370114e-03  -6.8231390e-03
  -7.5338690e-03   1.0270829e-01   1.4352857e+00   6.5868901e-03   2.6541492e-03  -6.9864510e-03
   4.0183635e-02  -4.3679134e-02   1.3988575e+00   5.7398357e-03   3.3885353e-03  -7.5417804e-03
   4.1517361e-02   2.7778307e-02   1.3733411e+00   3.1019636e-03   4.2588765e-03  -7.8967602e-03
