   0.0000000e+00   0.0000000e+00  -1.7763568e-15   2.7755576e-17   3.4694470e-18  -9.6296497e-35
  -7.2796274e-02  -1.8021637e-02   4.7810559e-01   5.5297739e-03   7.0599320e-04  -2.6488223e-03
  -5.2701347e-02  -9.0153845e-02   5.4977235e-01   7.5366882e-03   2.3966768e-03  -4.5814685e-03
   2.4617934e-02   4.7071078e-02   1.8103872e-01   1.1140824e-03   2.6284651e-03  -4.6486452e-03
   2.8397286e-02  -7.7525592e-02   3.5395883e-01   3.8580418e-03   1.7781217e-03  -4.5130834e-03
   2.9723359e-02   1.7042243e-02   4.4360427e-01   4.4879647e-03   1.8214685e-03  -4.4157230e-03
  -4.7539056e-02  -8.9323466e-02   8.1812167e-01   1.1479378e-02   7.0495047e-04  -3.1355056e-03
  -5.2035112e-03  -5.0358904e-02   6.1983632e-01   7.3958561e-03   1.1601623e-03  -4.2718408e-03
  -2.2097272e-02  -4.8362667e-02   6.5766560e-01   8.7924960e-03   9.4071443e-04  -3.9973943e-03
   7.1334574e-03  -7.1587090e-02   5.6897863e-01   7.3566831e-03   1.0274228e-03  -4.4349425e-03
   3.4562693e-03  -3.0293059e-02   6.2610210e-01   8.2437471e-03   7.3334045e-04  -4.3631869e-03
   7.1129389e-03  -7.6928038e-02   6.1673242e-01   8.0133371e-03   6.2238902e-04  -4.2745821e-03
   5.3841398e-03  -7.0989928e-02   6.3887913e-01   8.3533669e-03   6.1201730e-04  -4.4247619e-03
   1.4054336e-02  -3.9824490e-02   5.7862004e-01   7.6753156e-03   6.8527727e-04  -4.5316761e-03
   2.0396333e-03  -7.9209203e-02   6.1381813e-01   8.2064193e-03   7.2138801e-04  -4.4099049e-03
   7.9537687e-03  -4.2624478e-02   5.6149915e-01   7.5605420e-03   8.5939043e-04  -4.6197169e-03
   8.1642164e-03  -4.2054805e-02   5.7536133e-01   8.1831774e-03   7.3139532e-04  -4.5176670e-03
   7.0842498e-03  -5.8392504e-02   5.5150604e-01   7.3963651e-03   9.2942960e-04  -4.5809890e-03
   3.0700382e-02  -2.7617555e-02   5.6044733e-01   7.7810527e-03   8.2033474e-04  -4.7324589e-03
   2.0356146e-02  -6.0280275e-02   5.4407659e-01   7.6708252e-03   7.3827771e-04  -4.6432386e-03
   1.3483805e-02  -7.4443519e-02   5.8632251e-01   8.1688619e-03   7.8307908e-04  -4.5776870e-03
   2.1676615e-02  -4.9243304e-02   5.4650885e-01   7.4118300e-03   8.0954799e-04  -4.8571300e-03
   1.5504743e-02  -6.1745777e-02   5.8623598e-01   8.4738276e-03   6.2601809e-04  -4.5987639e-03
   1.3577321e-02  -5.5564844e-02   5.2676578e-01   7.1015068e-03   8.7994151e-04  -4.7660717e-03
   2.2855383e-02  -6.6942858e-02   5.8473553e-01   9.1613929e-03   5.0496119e-04  -4.5160465e-03
   3.7868771e-02  -6.2705652e-02   4.7722459e-01   6.5367598e-03   1.4706056e-03  -4.4668069e-03
   9.1539217e-02   1.4657056e-01   1.7817588e-01  -1.3052625e-03   1.9906269e-03  -4.7727552e-03
   1.5206896e-01   1.8705304e-01   1.9600162e-01  -3.8104150e-03   8.4154235e-04  -5.4865484e-03
   1.6289882e-01   2.0031504e-01   1.2677950e-01  -4.2252376e-03   6.7689960e-05  -5.5305668e-03
   1.5499928e-01   6.7078278e-02   2.2536347e-01  -9.4263361e-04   9.8358417e-05  -5.4072535e-03
   1.4355085e-01   3.4132244e-02   3.0153665e-01  -1.4215669e-04   1.8035285e-04  -5.5415709e-03
   1.2981292e-01   7.0926225e-02   2.6818912e-01  -1.5440091e-03   3.2361929e-04  -5.7415673e-03
   1.2553034e-01   8.5435301e-02   2.6961996e-01  -1.4540736e-03   4.3139257e-04  -5.7638712e-03
   1.2468089e-01   7.1858161e-02   2.0580374e-01  -1.3179416e-03   3.8800390e-04  -5.8684693e-03
   1.2355645e-01   6.7402485e-02   2.3243852e-01  -5.0669281e-04   2.6053527e-04  -5.6959011e-03
   1.2209369e-01   7.1204308e-02   2.3343967e-01  -6.0725270e-04   3.0456451e-04  -5.8521054e-03
   1.1523829e-01   9.6850163e-02   2.9543025e-01  -3.7168773e-04   1.8180170e-04  -5.9143555e-03
   1.0901622e-01   4.3506841e-02   3.0035211e-01  -2.0893137e-04   2.8079265e-04  -5.6773244e-03
   1.2673935e-01   7.7190539e-02   3.1866635e-01  -2.9419097e-04   2.0655112e-04  -5.9979230e-03
   1.0544275e-01   5.5273364e-02   2.8514859e-01   1.2392554e-04   3.3807658e-04  -5.7294631e-03
   1.0014682e-01   2.9715619e-02   3.3636518e-01   7.2260508e-04   4.0520307e-04  -5.6798635e-03
   1.0224128e-01   4.4987116e-02   2.9127903e-01   3.2917966e-04   5.1447666e-04  -5.8281168e-03
   8.6476728e-02   5.0193087e-02   3.0604189e-01   8.0624084e-04   6.1538581e-04  -5.6891221e-03
   8.6387767e-02   3.0693646e-02   2.5225305e-01   9.6096152e-04   6.4000162e-04  -5.7470840e-03
   8.8981608e-02   3.5522903e-02   3.1691657e-01   1.4357897e-03   3.8263030e-04  -5.6573535e-03
   7.8322046e-02   3.4742438e-02   2.9717224e-01   1.4654422e-03   6.2875672e-04  -5.6546193e-03
   8.4746643e-02   3.8990735e-02   3.4426030e-01   1.9767448e-03   2.9634966e-04  -5.5306241e-03
   9.2537653e-02   4.3142007e-04   3.1822769e-01   1.8130299e-03   5.7529308e-04  -5.6718988e-03
   8.5511680e-02   3.6776425e-02   3.8810269e-01   2.3517435e-03   1.6909103e-04  -5.6008890e-03
   7.3662413e-02  -6.8551498e-03   3.0511569e-01   2.6674866e-03   3.8960795e-04  -5.3165488e-03
   7.6496735e-02  -4.2021620e-02   4.6152865e-01   4.6692251e-03   1.7651059e-04  -4.9255911e-03
   5.2442523e-02  -6.1489282e-02   3.3985511e-01   4.4457650e-03   1.0198748e-03  -5.2176911e-03
   1.2540745e-01   1.1889253e-01   4.8081947e-01   2.6537330e-03  -4.1966909e-04  -5.2346461e-03
   1.1940512e-01   2.6213192e-01  -4.2873662e-02  -5.7823004e-03  -3.9460306e-04  -4.4223899e-03
  -2.0562751e-02   9.8792981e-02   8.6653699e-02  -2.0216394e-05   4.3481317e-03  -4.6865199e-03
   5.2545874e-04   1.5354514e-01   2.7846927e-01   8.9183352e-04   2.0136627e-03  -3.7140715e-03
   5.3938037e-02   2.4832263e-01  -1.7295611e-02  -4.2605115e-03   1.5874786e-03  -4.9190831e-03
   7.6136219e-02   1.6105390e-01   2.1622151e-01  -2.2802774e-03   1.0834692e-03  -5.2984878e-03
   7.6496326e-02   1.9069983e-01   2.0313590e-01  -3.2732295e-03   1.2120353e-03  -5.6190693e-03
   8.8701199e-02   1.0696793e-01   2.9994621e-01  -2.3314509e-03   9.8851180e-04  -5.6074198e-03
   7.5570868e-02   1.3542060e-01   2.6877259e-01  -2.5248198e-03   8.7366755e-04  -5.6337163e-03
   7.9800214e-02   1.0706880e-01   3.2744403e-01  -1.9145419e-03   5.1537769e-04  -5.6913723e-03
   7.0404100e-02   9.6633409e-02   2.7667579e-01  -1.8819359e-03   6.8777575e-04  -5.9630997e-03
   8.5115260e-02   1.3784808e-01   2.9923950e-01  -8.2056353e-04   1.0256125e-04  -5.9764812e-03
   6.2559440e-02   7.8494453e-02   2.5852746e-01  -9.2636683e-04   4.2850234e-04  -5.8403526e-03
   8.0885474e-02   1.3061782e-01   2.7868725e-01  -7.0570135e-04   1.8295621e-04  -6.1052424e-03
   6.6192984e-02   9.2743927e-02   2.4222843e-01  -3.1736492e-04   4.3832857e-04  -6.0292914e-03
   7.4379775e-02   9.6432454e-02   2.7086776e-01  -1.6328243e-04   2.4413676e-04  -6.0988062e-03
   8.3989649e-02   1.0812723e-01   2.5300020e-01  -1.9326324e-04   2.5763364e-04  -6.2889859e-03
   7.5861332e-02   1.1102899e-01   2.7342212e-01  -6.0909487e-05   2.4938646e-04  -6.0729115e-03
   7.7459292e-02   6.6591760e-02   2.7541817e-01   5.5049283e-04   4.0125381e-04  -6.2708296e-03
   7.0709547e-02   8.4874066e-02   2.6324676e-01   1.1593379e-04   4.4061162e-04  -6.3348563e-03
   7.7449983e-02   1.1269139e-01   2.5076517e-01   5.6349799e-04   5.7187567e-04  -6.5251563e-03
   6.7890683e-02   8.2922812e-02   2.6480807e-01   7.9776411e-04   5.1554571e-04  -6.1866698e-03
   6.5615108e-02   6.5801673e-02   2.7127989e-01   1.3186959e-03   6.7999637e-04  -6.1048640e-03
   7.3738525e-02   2.1948547e-02   3.6969173e-01   2.6986894e-03   8.9808898e-04  -5.9595636e-03
   5.0574512e-02  -9.7171182e-03   3.9828403e-01   5.3991754e-03   1.7165891e-03  -5.5799086e-03
   6.1439977e-02  -2.0738092e-02   3.5456426e-01   4.6268451e-03   1.0196317e-03  -5.1459052e-03
   5.5430131e-02  -1.4460803e-02   3.1261625e-01   3.7528399e-03   1.1839259e-03  -5.4993692e-03
   7.7837846e-02   2.4987743e-02   3.9191264e-01   4.0111987e-03   5.8469806e-04  -6.1002268e-03
   7.1574114e-02   4.0028732e-02   4.0983273e-01   3.2443971e-03   1.2030879e-03  -6.6530560e-03
   9.3451732e-02   2.6701473e-02   4.4279736e-01   3.8116861e-03   7.1623182e-04  -6.8593518e-03
   7.6495122e-02   3.1422852e-02   4.3728847e-01   4.2075173e-03   9.7577151e-04  -6.8139897e-03
   7.2518192e-02  -2.7070275e-03   4.6530574e-01   4.5112993e-03   8.8692270e-04  -6.5918405e-03
   8.4815543e-02   1.9882525e-02   4.5614604e-01   4.4395269e-03   1.1914738e-03  -7.2428250e-03
   7.3620252e-02   5.0661564e-03   4.8778745e-01   4.8822863e-03   1.0564206e-03  -6.9290074e-03
   6.3552005e-02  -5.8879206e-04   4.7585893e-01   5.0900504e-03   1.2898085e-03  -7.0248978e-03
   8.2592168e-02   1.1168843e-04   5.0755198e-01   5.2596828e-03   9.5155916e-04  -6.9832114e-03
   6.6002710e-02   8.8084580e-03   4.8435513e-01   5.2879482e-03   1.3126169e-03  -7.1463631e-03
   7.6220166e-02  -1.3363535e-02   4.8017907e-01   5.6202925e-03   7.3182477e-04  -7.2177123e-03
   5.8091275e-02  -2.4459023e-02   4.8587787e-01   5.7779576e-03   1.6007048e-03  -7.4277561e-03
   7.9240296e-02   2.4704080e-02   4.7445172e-01   5.5195643e-03   1.2763974e-03  -7.5920798e-03
   6.2187118e-02   3.3434204e-03   4.2868926e-01   5.7952077e-03   1.6815483e-03  -7.5458793e-03
   7.3137549e-02  -1.5234426e-02   4.3777330e-01   6.0123922e-03   9.9840630e-04  -7.2468371e-03
   5.0818560e-02   2.3397884e-03   4.5341342e-01   6.3153516e-03   1.6167947e-03  -7.4197892e-03
   8.1399477e-02  -2.5048786e-03   4.9725083e-01   6.1089447e-03   7.2161687e-04  -7.3963815e-03
   5.4165989e-02   7.3913656e-03   4.8211001e-01   6.3752243e-03   1.9738784e-03  -8.0032295e-03
   9.2676296e-02  -3.3759741e-02   5.2468718e-01   6.2612952e-03   2.7437982e-04  -7.6899706e-03
   3.5151740e-02  -4.9658544e-02   4.7884495e-01   7.3095024e-03   2.6117741e-03  -7.8010128e-03
   3.3435345e-01  -2.2982767e-01   7.6626793e-01   6.6258766e-03  -1.0028469e-02   8.5623937e-03
   1.0235588e-01  -8.9693135e-02   5.1873747e-01   1.6032424e-03  -1.4495029e-02   3.7579860e-03
  -4.6443457e-02   5.5535387e-03   4.0426883e-01   3.4376933e-04  -6.3454003e-03   5.2318593e-04
   3.4171635e-02   2.0167428e-02   4.5212582e-01   9.1223229e-04  -7.6694990e-03   4.9554714e-04
  -1.7449578e-03  -3.3725222e-02   3.6239135e-01   7.0880349e-04  -6.1487518e-03  -3.3651199e-04
   4.2653794e-02   7.7116768e-02   4.4514578e-01  -4.7568693e-04  -7.3441761e-03  -9.0328707e-04
   3.1362951e-03   4.6598171e-02   4.5328167e-01   2.7676553e-04  -5.8296998e-03  -1.1742788e-03
  -1.9153262e-03  -3.4720498e-03   4.7492441e-01   1.2669994e-03  -6.2296085e-03  -9.2541556e-04
  -1.9111094e-02   8.0062208e-03   4.2777187e-01   2.8131601e-04  -5.7623246e-03  -1.2267567e-03
  -2.1889693e-03  -9.8281386e-03   4.7323623e-01   1.4709293e-03  -6.0761691e-03  -1.2374732e-03
  -2.7887819e-02   3.4912574e-03   4.7735561e-01   1.8844105e-03  -5.3621344e-03  -1.4076499e-03
  -2.2103528e-02  -6.8606611e-03   4.8727416e-01   1.8542870e-03  -6.0064291e-03  -1.0978436e-03
  -4.8222320e-02  -1.4361128e-02   4.9440047e-01   1.8760761e-03  -5.4823029e-03  -1.2647276e-03
  -3.0820779e-02   2.5049693e-02   5.0002091e-01   2.2679431e-03  -6.0648771e-03  -1.3103443e-03
  -5.4604850e-02  -2.0856485e-02   4.7568330e-01   2.5829239e-03  -5.4567542e-03  -1.3358785e-03
  -6.3776624e-02  -3.8345780e-02   5.0138389e-01   3.2243650e-03  -5.4158923e-03  -1.2863724e-03
  -6.4713309e-02   5.5419477e-03   4.8547564e-01   3.1288128e-03  -5.1929456e-03  -1.6021329e-03
  -7.5465109e-02  -1.3573868e-02   4.5869914e-01   2.8222798e-03  -5.1982199e-03  -1.3764401e-03
  -9.7170551e-02  -4.9745948e-02   5.0371762e-01   3.6052394e-03  -4.9361728e-03  -1.4377206e-03
  -8.7969284e-02  -2.8478283e-02   5.2032299e-01   3.9927801e-03  -5.3051895e-03  -1.4003393e-03
  -1.0312719e-01  -4.0573483e-03   5.2379893e-01   4.1064896e-03  -4.7923374e-03  -1.7563204e-03
  -9.3929015e-02  -4.0033053e-02   5.3311200e-01   4.5475451e-03  -4.8596912e-03  -1.9269871e-03
  -9.1927054e-02  -3.6004874e-02   5.2456593e-01   4.1570817e-03  -4.5460553e-03  -2.3966377e-03
  -1.0655307e-01  -5.2833081e-02   5.7320425e-01   5.3683887e-03  -4.6186076e-03  -2.0876723e-03
  -9.2676378e-02  -4.9633861e-02   5.6337657e-01   5.6108850e-03  -4.0572115e-03  -2.0643520e-03
  -9.1746986e-02   8.3778067e-03   4.9564430e-01   4.1823094e-03  -3.8178355e-03  -2.1075426e-03
  -1.0358749e-01  -9.7404223e-02   5.9558531e-01   6.2254553e-03  -3.6746960e-03  -1.9330694e-03
  -8.6972968e-02  -5.9249188e-02   5.4692457e-01   4.8763101e-03  -4.0073820e-03  -2.0171701e-03
  -9.2848764e-02  -1.1831308e-02   5.4325779e-01   4.6862698e-03  -4.0158079e-03  -2.1015877e-03
  -8.0854246e-02  -3.4761639e-02   5.3998349e-01   3.9361288e-03  -3.8486490e-03  -2.0757222e-03
