   0.0000000e+00   0.0000000e+00   0.0000000e+00   0.0000000e+00   0.0000000e+00   0.0000000e+00
   3.4991547e-03   6.8641443e-02  -1.1812630e-02  -2.3077603e-04  -4.1301266e-04  -6.6868702e-04
   1.0541421e-02   5.0278272e-03  -8.5625892e-02  -1.3436493e-03  -5.4532309e-04  -8.2811952e-04
   3.0905341e-03   2.0322288e-02  -7.6667071e-02  -9.4569429e-04  -2.3174669e-04  -9.9209230e-04
   4.7462151e-03   6.7466320e-02  -4.5879541e-02  -9.1783471e-04  -1.6947697e-06  -9.6937249e-04
  -1.0580978e-02   2.0190257e-02  -4.8643465e-02  -1.3562547e-03   2.8036418e-04  -6.5602479e-04
  -9.5722500e-03   2.3851866e-02  -7.6731942e-02  -3.8692011e-04   2.2397185e-04  -7.7484559e-04
  -1.0985403e-02   6.6102128e-02  -1.2637888e-01  -1.0613233e-03   1.2463348e-04  -6.7560210e-04
  -1.6213353e-02   2.1771964e-02  -7.7424826e-02  -8.0948777e-04   3.9373272e-05  -5.3073505e-04
  -1.0836725e-02   5.9878151e-02  -9.8023688e-02  -4.0911094e-04  -1.2522774e-04  -4.7071794e-04
  -1.4732205e-02   2.2837470e-02  -1.2190288e-01  -1.0704442e-03  -6.4724050e-04   1.4083332e-04
  -2.6959084e-02   1.0196039e-02  -9.9290857e-02  -7.4625420e-04  -1.1747933e-04   3.5030477e-04
  -2.0561786e-02   6.3446096e-02  -1.1624374e-01  -6.3346964e-04  -4.1210676e-04   5.4970632e-04
  -3.5540692e-02  -1.6890582e-02  -9.8816679e-02  -7.4862055e-04  -4.0112357e-04   9.4712458e-04
  -4.2152487e-02   3.8538761e-02  -1.0805781e-01  -4.7780633e-04  -7.2955550e-05   9.4499783e-04
  -4.0367761e-02   2.6136250e-02  -1.5475195e-01  -1.0711213e-03  -3.5829230e-04   1.1061768e-03
  -4.7755392e-02   3.6406527e-03  -1.2445216e-01  -8.4072914e-04   2.8514300e-05   9.8360656e-04
  -5.0993399e-02   4.6318153e-02  -1.2636235e-01   1.1456994e-04   5.1421254e-04   1.1591487e-03
  -5.6032538e-02  -2.9434140e-02  -1.2730995e-01  -3.2653652e-05   5.2791806e-04   1.5265546e-03
  -5.8749502e-02   4.7198962e-03  -1.4742336e-01  -3.1135756e-04   5.2269709e-04   1.5106199e-03
  -5.1188952e-02   4.1071871e-02  -1.6221890e-01  -5.0428018e-04   1.6945817e-04   1.6782609e-03
  -3.7641998e-02  -1.1824902e-03  -1.5344835e-01  -1.0916183e-03  -3.3670038e-05   1.9083271e-03
  -3.6021830e-02   1.5088212e-02  -1.5602843e-01  -5.3366428e-04   7.4344334e-06   2.0674805e-03
  -4.1069928e-02   1.7871259e-02  -2.1082517e-01  -1.3763592e-03  -1.1227389e-04   2.2805329e-03
  -2.9993524e-02  -2.4099089e-02  -1.7789638e-01  -1.0525799e-03  -2.6259737e-04   2.3370643e-03
  -2.8618114e-02   1.5466941e-02  -2.0290625e-01  -8.0797921e-04  -2.7352679e-04   2.2815219e-03
  -3.1416824e-02  -1.2780895e-02  -2.4680947e-01  -1.2374830e-03  -5.4782497e-04   2.4160576e-03
  -1.8735636e-02  -1.3311962e-02  -2.5433457e-01  -1.6490516e-03  -7.1792441e-04   2.5456278e-03
  -1.2988970e-02   2.6248685e-02  -2.3112805e-01  -1.6366048e-03  -4.2652423e-04   2.4458993e-03
  -1.2453725e-02   2.1641110e-02  -2.6382532e-01  -2.3515343e-03  -6.5595748e-04   2.4568570e-03
  -2.9811993e-02  -3.7672113e-02  -2.2048086e-01  -8.1107888e-04  -1.6030560e-04   2.2710771e-03
  -3.9657901e-02   3.2472155e-02  -2.4240264e-01  -1.0268782e-03  -1.4909904e-05   2.3676836e-03
  -4.8176846e-02  -2.0717815e-02  -2.6556028e-01  -1.1350789e-03  -2.5046179e-04   2.5446822e-03
  -3.6980162e-02   3.6218512e-02  -2.3786736e-01  -1.1860816e-03  -3.3517960e-04   2.4728497e-03
  -3.1372117e-02   5.9200583e-02  -2.6106657e-01  -1.3850470e-03  -7.6034844e-04   2.6428267e-03
  -3.4393362e-02   3.2304976e-05  -1.9645307e-01  -1.2342144e-03  -4.9658667e-04   2.7013748e-03
  -3.5356418e-02   5.6745261e-02  -2.0694769e-01  -5.6685487e-04  -5.3985169e-04   2.6613302e-03
  -3.5120125e-02   6.4210794e-03  -2.2085928e-01  -1.1346430e-03  -9.7152099e-04   2.7391809e-03
  -3.4850802e-02   2.7139962e-02  -2.1592808e-01  -8.9202773e-04  -8.0254717e-04   2.6474493e-03
  -2.7142346e-02   5.8094417e-02  -2.4509146e-01  -1.1639363e-03  -9.7448773e-04   2.6733978e-03
  -3.5051923e-02  -1.0623270e-02  -2.3903378e-01  -1.1852392e-03  -1.0692790e-03   2.8644338e-03
  -2.8848213e-02   3.2856846e-02  -2.2420483e-01  -1.1817586e-03  -8.6142889e-04   2.7803708e-03
  -3.0536943e-02   3.6720683e-02  -2.4301969e-01  -9.3148391e-04  -9.8028601e-04   2.8000820e-03
  -3.1163963e-02   1.5822399e-02  -2.2932574e-01  -1.6434085e-03  -8.1284296e-04   2.7201927e-03
  -4.1084040e-02   2.3877805e-02  -2.3966784e-01  -8.0740548e-04  -7.3679192e-04   2.6238463e-03
  -4.4438236e-02   3.3181026e-02  -2.6053957e-01  -1.9883118e-03  -8.3293623e-04   2.6265872e-03
  -4.8936210e-02  -3.2724026e-02  -3.0919891e-01   3.6961760e-04  -8.6768548e-04   2.9063762e-03
  -6.9451450e-02   1.2437495e-02  -2.7120059e-01   2.4734835e-04  -4.4136772e-04   2.8979373e-03
  -8.0254985e-02   8.4870271e-02  -2.4906390e-01  -5.3991942e-04  -4.5382661e-04   2.8935520e-03
  -7.3177746e-02   1.8907083e-02  -2.7602956e-01   1.4882146e-04  -7.0401233e-04   3.1423533e-03
  -6.5285652e-02   6.2430317e-02  -2.2468202e-01  -3.8060623e-04  -3.8944434e-04   2.9250258e-03
  -5.8335972e-02   6.7221675e-02  -3.0158194e-01  -1.0937181e-03  -5.6515797e-04   2.9256570e-03
  -4.6750702e-02   2.5421321e-02  -2.6991043e-01  -1.4656440e-03  -7.9438933e-04   2.9212834e-03
  -5.4166944e-02   4.5734330e-02  -2.8884339e-01  -7.2781079e-04  -6.5569638e-04   2.9011877e-03
  -4.2967122e-02   4.2801214e-02  -3.0209889e-01  -1.3006875e-03  -8.2853406e-04   2.9623717e-03
  -5.7299468e-02   1.5160574e-02  -2.5090079e-01   4.8507645e-05  -5.8337071e-05   2.8133575e-03
  -6.3244452e-02   7.9481783e-02  -2.9709929e-01  -1.1175244e-03  -3.9436282e-04   2.8547945e-03
  -6.4465859e-02   5.0984744e-03  -2.7891812e-01  -9.1866574e-04  -6.5987017e-04   3.1238183e-03
  -4.6754508e-02   7.6393281e-02  -2.9375055e-01  -1.6614373e-03  -1.3872064e-03   3.1954858e-03
  -4.6950009e-02   4.7534436e-02  -2.6388300e-01  -1.0956182e-03  -1.5251653e-03   3.3275860e-03
  -5.8906316e-02   2.6560198e-02  -2.4339087e-01  -7.6225737e-04  -1.3175449e-03   3.1650793e-03
  -5.6141837e-02   7.2816448e-02  -2.9337345e-01  -7.4290678e-04  -1.1313589e-03   3.0806392e-03
  -7.4360183e-02   4.2562088e-02  -3.0034816e-01  -1.1043979e-03  -1.3517636e-03   3.3364866e-03
  -6.3993757e-02   6.4407956e-02  -2.8370838e-01  -6.7780522e-04  -1.3238969e-03   3.1829451e-03
  -5.8490532e-02   8.4656633e-02  -3.2833680e-01  -1.0818004e-03  -1.7154637e-03   3.1556910e-03
  -6.5327437e-02   1.4904173e-02  -2.7927165e-01  -4.9959286e-04  -1.5477663e-03   3.2512143e-03
  -5.1973719e-02   8.8778738e-02  -3.1934548e-01  -9.5853294e-04  -1.7584264e-03   3.1787257e-03
  -4.9991747e-02  -4.3004054e-03  -3.2141682e-01  -9.4719169e-04  -2.2194951e-03   3.4422601e-03
  -5.6383413e-02   3.6961945e-02  -3.3579488e-01  -8.9916925e-04  -2.1987362e-03   3.4243424e-03
  -5.8463236e-02   6.6014497e-02  -3.7199057e-01  -9.8614577e-04  -2.3278522e-03   3.3541668e-03
  -6.8676815e-02   2.4459371e-02  -3.3167866e-01  -1.3524395e-03  -2.0857846e-03   3.3945056e-03
  -4.6879510e-02   6.6170068e-02  -3.6405132e-01  -8.6941284e-04  -2.6449317e-03   3.3628921e-03
  -4.9916912e-02  -1.0465318e-02  -3.3952842e-01  -1.3215935e-03  -2.9702770e-03   3.5388163e-03
  -4.3275050e-02   3.1661298e-02  -3.4177458e-01  -4.6303612e-04  -3.3245669e-03   3.5607907e-03
  -5.2500760e-02   5.0280626e-02  -3.4536154e-01  -1.1466224e-03  -3.0122355e-03   3.6006732e-03
  -6.4711951e-02   3.0519538e-02  -3.5344752e-01  -9.0685066e-04  -2.3732288e-03   3.3561654e-03
  -4.8922913e-02   5.6349767e-02  -3.6144199e-01  -9.8301937e-04  -2.6376037e-03   3.2611618e-03
  -5.5893543e-02   2.9885234e-02  -3.1574968e-01  -9.9762626e-04  -2.0965247e-03   3.2532640e-03
  -5.0017642e-02   5.7339418e-02  -3.6528692e-01  -1.0853765e-03  -2.1749545e-03   3.2059214e-03
  -5.0864752e-02   2.3036974e-02  -3.8791509e-01  -1.3460684e-03  -2.3305205e-03   3.2297965e-03
  -5.1382701e-02   4.9923608e-02  -3.8711914e-01  -1.1674888e-03  -2.4914922e-03   3.1366011e-03
  -5.0146255e-02   8.1322999e-02  -3.9537546e-01  -1.1976768e-03  -2.8147997e-03   3.2311260e-03
  -5.7041502e-02   4.9361740e-02  -3.5707510e-01  -1.2184571e-03  -2.5132538e-03   3.3066969e-03
  -5.1035134e-02   8.1852487e-02  -3.8916395e-01  -9.5811151e-04  -2.9737978e-03   3.4204096e-03
  -6.1009600e-02   2.7068094e-02  -3.8783886e-01  -1.3957299e-03  -3.1587495e-03   3.5567091e-03
  -5.0089513e-02   5.0149463e-02  -3.3956236e-01  -3.1726763e-04  -3.2633016e-03   3.4448005e-03
  -5.2038026e-02   8.6273020e-02  -3.5872151e-01  -5.8868746e-04  -3.2379882e-03   3.4921047e-03
  -6.5529292e-02   2.0653660e-02  -3.5352840e-01  -1.1900560e-03  -2.7242409e-03   3.3834887e-03
  -6.0917692e-02   6.9712006e-02  -3.6447908e-01  -4.7407171e-04  -2.9688364e-03   3.4163854e-03
  -5.5431975e-02   2.2066386e-02  -4.0230688e-01  -1.0128166e-03  -3.8542131e-03   3.7394785e-03
  -4.5872048e-02   6.3381954e-02  -3.5587169e-01  -1.0502494e-03  -3.3997986e-03   3.6368610e-03
  -5.5375927e-02   1.0409392e-01  -3.8143016e-01  -1.1640676e-03  -3.3023441e-03   3.6176105e-03
  -5.6061024e-02   3.9531101e-02  -3.6533641e-01  -1.2573198e-03  -3.3021412e-03   3.6927174e-03
  -5.5077870e-02   7.5275249e-02  -3.6728948e-01  -8.7822319e-04  -3.2876360e-03   3.6167042e-03
  -5.2712603e-02   5.7807133e-02  -3.8475100e-01  -1.0026370e-03  -3.2864143e-03   3.6833731e-03
  -5.0982680e-02   6.1566408e-02  -3.6309790e-01  -1.4852673e-03  -3.0169068e-03   3.5786061e-03
  -5.0310739e-02   9.5761125e-02  -3.8603627e-01  -1.0636814e-03  -3.0734917e-03   3.5846502e-03
  -5.4923307e-02   2.7592280e-02  -3.7643940e-01  -1.1482368e-03  -3.2066180e-03   3.6216446e-03
  -5.2524252e-02   8.3152231e-02  -3.7734617e-01  -9.5155456e-04  -3.1022852e-03   3.5548817e-03
  -6.6434732e-02   6.4506463e-02  -3.9966996e-01  -9.5765015e-04  -2.9653902e-03   3.4795284e-03
  -6.7369469e-02   5.3643265e-02  -3.9609839e-01  -1.6721566e-03  -2.6235502e-03   3.2536500e-03
  -6.5386052e-02   1.1947640e-01  -4.3996603e-01  -1.5094191e-03  -2.7286978e-03   3.2471284e-03
  -6.6432856e-02   3.5041777e-02  -4.3961901e-01  -1.7828498e-03  -2.5895740e-03   3.2749997e-03
  -5.7135101e-02   1.0771280e-01  -4.5063459e-01  -1.1134046e-03  -2.8329863e-03   3.2197823e-03
  -5.4268854e-02   2.4090805e-02  -4.3259416e-01  -1.2561969e-03  -2.9157702e-03   3.3545717e-03
  -6.5792736e-02   1.0334411e-01  -4.2416877e-01  -1.1068840e-03  -2.5569941e-03   3.2728289e-03
  -6.1037441e-02   5.2105184e-02  -4.3439471e-01  -8.5946040e-04  -3.0520598e-03   3.3558367e-03
  -8.1976373e-02   7.9168814e-02  -4.2251319e-01  -1.4356916e-03  -2.4356358e-03   3.3631736e-03
  -7.2281683e-02   1.1251424e-01  -4.4833228e-01  -1.3483954e-03  -2.8151258e-03   3.4457822e-03
  -7.2610587e-02   6.6666216e-02  -4.2900201e-01  -1.9479328e-03  -2.8011609e-03   3.5437332e-03
  -6.3175857e-02   1.2063285e-01  -4.3454351e-01  -1.3031999e-03  -2.8745127e-03   3.5918603e-03
  -6.6742939e-02   6.8471633e-02  -4.2901334e-01  -1.7876792e-03  -3.4169636e-03   3.8574701e-03
  -5.2378934e-02   9.3371479e-02  -4.1427993e-01  -1.0847518e-03  -3.3738582e-03   3.7772396e-03
  -5.7704940e-02   8.7156925e-02  -4.5793384e-01  -2.0206840e-03  -3.1002847e-03   3.9319333e-03
  -4.8179640e-02   9.0736602e-02  -4.0121515e-01  -1.4495472e-03  -3.4104924e-03   4.0452350e-03
  -6.6211838e-02   1.1506568e-01  -4.1894698e-01  -1.2083592e-03  -2.9493699e-03   4.0799482e-03
  -7.3469016e-02   6.1975787e-02  -4.0892332e-01  -1.4459478e-03  -2.7268886e-03   3.9585264e-03
  -6.5249453e-02   7.7864053e-02  -4.2998347e-01  -6.8861972e-04  -2.8466525e-03   4.0730115e-03
  -6.2895296e-02   1.2279530e-01  -4.2525987e-01  -8.9272220e-04  -2.7113894e-03   3.9258378e-03
  -5.4211136e-02  -3.8372936e-02  -4.6664610e-01   4.1981455e-04  -2.8962600e-03   4.3038328e-03
  -7.3466374e-02   6.0293262e-02  -3.5223386e-01   2.0202429e-04  -2.2606737e-03   4.0727838e-03
  -9.7018760e-02   1.3830838e-01  -3.0736556e-01  -8.6196105e-04  -2.2905247e-03   3.8068693e-03
  -9.8550489e-02   4.9645181e-02  -3.6890759e-01  -9.9850407e-04  -2.7267605e-03   4.1140528e-03
  -8.9888036e-02   1.0400746e-01  -3.1113225e-01  -9.3689999e-04  -2.0071845e-03   3.9127519e-03
  -7.9313695e-02   1.2945329e-01  -3.6298509e-01  -1.3999505e-03  -2.7483860e-03   4.0777575e-03
  -7.8311589e-02   6.0368222e-02  -3.6774033e-01  -1.5714403e-03  -2.8371572e-03   4.2414556e-03
  -7.9878244e-02   1.3898569e-01  -4.0913185e-01  -1.4505381e-03  -2.7152993e-03   4.1588108e-03
  -8.9043034e-02   7.4772748e-02  -4.0412570e-01  -1.5318397e-03  -2.7729681e-03   4.1536326e-03
  -8.8947547e-02   1.2331327e-01  -4.3093387e-01  -1.7430729e-03  -2.7783524e-03   4.0924429e-03
