   0.0000000e+00   0.0000000e+00   0.0000000e+00   0.0000000e+00   0.0000000e+00   0.0000000e+00
   1.0830048e-02   3.5238753e-04  -2.1375550e-03  -1.7099154e-04  -2.6817583e-04   5.6524200e-05
  -1.1733467e-03  -3.0561435e-02  -2.1689026e-02  -2.9727306e-04  -5.0564976e-04   1.4412040e-04
  -1.2410076e-03  -1.5875640e-02  -1.8092434e-03  -1.2063907e-04  -6.3292318e-04   1.9621154e-04
   8.1749648e-04  -5.3358013e-03  -1.5361018e-02  -4.6580770e-05  -6.7441966e-04   1.8486182e-04
   1.2214835e-02  -9.6227386e-03  -2.2006584e-02  -3.8339253e-04  -5.7817182e-04  -2.4157892e-04
  -1.0486908e-03  -7.8228996e-03   3.6098178e-02   8.5462800e-05  -5.7010877e-04  -9.6823851e-05
   1.9072675e-02   1.0394413e-02   7.9191794e-03  -1.1054557e-04  -9.5626172e-04  -1.4561231e-04
   4.7686702e-02   1.4523636e-02   6.2393051e-03  -2.1409323e-04  -1.2906315e-03  -4.3421069e-04
   9.2468884e-02   1.4022296e-02   4.3760937e-02   4.8363265e-04  -1.5882061e-03  -8.5500026e-04
   1.0408762e-01   3.1413433e-02   2.9787526e-02   4.2880017e-04  -1.8814822e-03  -9.2201675e-04
   1.1632691e-01   3.1994242e-02   3.6653730e-02  -3.3741021e-05  -2.1312136e-03  -1.0962070e-03
   1.2605917e-01   4.3971685e-02   4.6918919e-02   2.2381469e-04  -2.5995006e-03  -8.4256806e-04
   1.3830380e-01   5.7139933e-02   1.4430511e-02   1.6033228e-04  -2.9861638e-03  -8.6352474e-04
   1.6223956e-01   4.2550497e-02   7.0032874e-02   3.8523867e-04  -3.4249451e-03  -1.0524411e-03
   1.6997072e-01   2.6917406e-02   8.7814443e-02   1.0647608e-03  -3.7647143e-03  -8.7647490e-04
   1.5268077e-01   1.8167511e-02   3.7354094e-02   6.1898557e-04  -3.6452603e-03  -8.3413103e-04
   1.6049105e-01   3.2116922e-02   5.5453830e-02   4.3829974e-04  -3.8855035e-03  -7.3071077e-04
   1.8011864e-01   4.1489287e-02   1.9098227e-02   7.1840845e-04  -3.8815496e-03  -9.6400410e-04
   1.7833441e-01   4.1606975e-02   2.3674304e-02   2.7947873e-04  -4.0364846e-03  -1.0095430e-03
   1.9525901e-01   4.1410942e-02   8.8052276e-02   8.8946720e-04  -4.1177900e-03  -1.0128000e-03
   1.8438076e-01   6.7808437e-02   4.1697735e-02   5.5218320e-05  -4.2538960e-03  -1.0010367e-03
   1.6592915e-01   3.0839347e-02   3.9758628e-02   1.7080153e-04  -4.1190474e-03  -8.1746669e-04
   1.5349524e-01   2.4762693e-02   3.4308031e-02   2.9417188e-04  -4.0427160e-03  -6.1010123e-04
   1.8066756e-01   2.5624455e-02   3.8104483e-02   9.3787109e-04  -4.2614770e-03  -7.9694639e-04
   1.8344711e-01   2.2348474e-02   8.0222551e-02   1.1248420e-03  -4.3717899e-03  -8.3939069e-04
   1.8170372e-01   3.0677974e-02   4.2911350e-02   5.0620095e-04  -4.3498086e-03  -8.8202134e-04
   1.8345287e-01   3.0408000e-02   1.3176398e-02   4.7515331e-04  -4.4081927e-03  -9.8452476e-04
   1.8573586e-01   3.4541121e-02   3.9988359e-02   2.0781186e-04  -4.4285929e-03  -9.0181672e-04
   2.1351232e-01   6.0076754e-02  -6.5359410e-03  -1.8922041e-04  -4.8087968e-03  -8.3785337e-04
   2.2479387e-01   6.6452715e-02  -5.6207796e-02  -7.4411578e-04  -4.9691231e-03  -9.7546153e-04
   2.3330065e-01   5.7307145e-02   2.4161285e-02  -1.1382507e-04  -5.1149324e-03  -9.4147109e-04
   2.5253461e-01   4.8988997e-02   9.8475822e-03   2.8759066e-04  -5.3745086e-03  -9.9248865e-04
   2.4898449e-01   4.7994364e-02   1.1917499e-02   2.7237998e-04  -5.3916456e-03  -1.1337732e-03
   2.5724354e-01   3.3289496e-02   6.7638902e-02   6.4076849e-04  -5.4214737e-03  -1.2198420e-03
   2.5143442e-01   5.3401926e-02   3.4349163e-02   3.5460282e-04  -5.5183144e-03  -1.1718789e-03
   2.5066937e-01   2.4682966e-02   6.6270797e-02   5.6672308e-04  -5.6312374e-03  -1.3542006e-03
   2.4289974e-01   5.1372375e-02   4.7804738e-02   6.7780708e-04  -5.5967759e-03  -1.1640186e-03
   2.3767089e-01   6.9901864e-02   4.5239962e-03   4.6797286e-04  -5.6735018e-03  -1.1589035e-03
   2.3033839e-01   5.5488260e-02   7.8292317e-02   1.0196271e-03  -5.5518559e-03  -1.1304998e-03
   2.4246806e-01   8.1548556e-02   3.9551059e-02   7.5328642e-04  -5.5775249e-03  -1.1932093e-03
   2.3843469e-01   8.1499846e-02   3.4153979e-02   6.8888307e-04  -5.5713902e-03  -1.3564528e-03
   2.4489367e-01   6.6979255e-02   8.5148025e-02   1.0690450e-03  -5.6130478e-03  -1.1441415e-03
   2.5354531e-01   8.5975766e-02   3.9554912e-02   8.4519325e-04  -5.7421791e-03  -1.2072155e-03
   2.6952470e-01   7.1213510e-02   7.5436696e-02   8.2050848e-04  -5.8443508e-03  -1.4265165e-03
   2.6497506e-01   8.2698433e-02   5.5475603e-02   5.2264307e-04  -6.1054094e-03  -1.1061074e-03
   2.7285265e-01   9.8362732e-02   2.8070153e-02   2.9458760e-04  -6.4127791e-03  -1.1237102e-03
   2.6504396e-01   9.9789494e-02   5.8092277e-02   4.9704563e-04  -6.4262837e-03  -1.1768174e-03
   2.7171633e-01   7.7970851e-02   7.4131006e-02   7.1759280e-04  -6.4028550e-03  -9.8768315e-04
   2.6108290e-01   7.2837890e-02   7.2577371e-03   7.0610997e-04  -6.3985017e-03  -8.5294673e-04
   2.5620447e-01   3.3728165e-03  -2.0640055e-02   1.3236012e-03  -6.6071062e-03  -4.4268161e-04
   2.2793664e-01   2.9375080e-02  -4.3714111e-02   7.8717048e-04  -6.6246400e-03  -3.2360452e-04
   2.4228787e-01   1.0104962e-02  -5.8397141e-02   1.5788194e-03  -6.6490785e-03  -3.4841680e-04
   2.3924192e-01   2.8442290e-02  -4.1106830e-02   7.5942898e-04  -6.9294269e-03  -3.5630136e-04
   2.6122871e-01   3.6046304e-02  -3.7668499e-02   1.1650207e-03  -7.0752171e-03  -4.2887972e-04
   2.5249462e-01   2.0336246e-03  -7.0774010e-02   1.2144691e-03  -7.1042591e-03  -3.3179670e-04
   2.4515671e-01   3.4305446e-02  -6.9079432e-02   7.4253500e-04  -7.0891065e-03  -2.0049854e-04
   2.6265057e-01   1.9795326e-02  -7.6239014e-02   1.1284278e-03  -7.0891394e-03  -2.6585049e-04
   2.7060158e-01   4.8891676e-02  -1.0947332e-01   6.9946570e-04  -7.1262022e-03  -4.0165747e-04
   2.7284807e-01   5.0768589e-02  -5.8620938e-02   5.7711946e-04  -7.2971754e-03  -2.8532198e-04
   2.8473315e-01   6.7430928e-02  -8.8979621e-02   4.0518191e-04  -7.3742747e-03  -1.5845383e-04
   2.7622846e-01   9.0619656e-02  -1.1873381e-01  -1.1671674e-04  -7.6324114e-03  -2.0590064e-04
   2.7003599e-01   8.5783667e-02  -9.5313985e-02   1.9014557e-05  -7.5136661e-03  -4.2764115e-05
   2.8506675e-01   9.2900801e-02  -1.4459676e-01  -1.2927745e-04  -7.5931027e-03  -1.7634698e-04
   2.9100267e-01   1.1154091e-01  -1.4891299e-01  -5.6982014e-04  -7.6776434e-03  -1.6822485e-04
   2.7765527e-01   9.0523256e-02  -9.5938338e-02   1.8963938e-04  -7.3901243e-03   1.1972120e-04
   2.8280861e-01   1.1433594e-01  -1.4303673e-01  -1.3007468e-04  -7.3378637e-03   6.4248838e-05
   2.9255144e-01   1.0892405e-01  -1.2460903e-01  -3.4793907e-05  -7.3465676e-03  -1.2167732e-04
   2.9106206e-01   1.2882825e-01  -9.4508730e-02  -3.2312564e-04  -7.4738287e-03   1.1940176e-04
   2.6912867e-01   1.0759942e-01  -1.4566137e-01   1.7615295e-04  -6.8459348e-03   4.8102032e-04
   2.5496878e-01   9.9345214e-02  -6.6732716e-02   1.1556879e-03  -6.4023865e-03   6.2616046e-04
   2.6090810e-01   8.0742688e-02  -6.7371710e-02   1.8099755e-03  -6.3119032e-03   7.7053408e-04
   2.4172808e-01   8.0286873e-02  -9.8491133e-02   1.4111279e-03  -6.2047396e-03   9.6007965e-04
   2.4705151e-01   3.4210011e-02   5.1864136e-02   2.9100856e-03  -6.2932725e-03   9.3055578e-04
   2.4185011e-01   1.4213379e-02   4.8188901e-02   3.4271769e-03  -6.2069740e-03   1.1721663e-03
   2.4876204e-01   4.7523397e-02  -4.9179643e-02   1.5876560e-03  -6.1580581e-03   9.2994795e-04
   2.4982239e-01   1.7545682e-02   3.6273992e-02   2.8095417e-03  -6.2219240e-03   1.1832381e-03
   2.4443903e-01   2.7038262e-02   2.1435213e-02   3.2139122e-03  -5.8310380e-03   1.2210430e-03
   2.5092665e-01   3.6804998e-02   2.6161831e-02   2.9742878e-03  -5.9814052e-03   1.1203820e-03
   2.4405024e-01   2.3597154e-02   5.1647754e-02   3.2253569e-03  -5.7094552e-03   1.3621616e-03
   2.3409542e-01   1.0106287e-02  -1.7561699e-03   3.3363795e-03  -5.5703194e-03   1.4375498e-03
   2.2603760e-01   1.0958224e-02   6.4998863e-02   3.5861119e-03  -5.4311317e-03   1.3122080e-03
   2.2379548e-01   8.4389116e-03   1.1218636e-01   4.6346240e-03  -5.0981686e-03   1.3688267e-03
   2.2334217e-01   2.4789849e-02   6.3630316e-02   4.3433380e-03  -4.9559507e-03   1.3345584e-03
   2.0488022e-01   2.1233800e-02   1.5376842e-01   5.0558709e-03  -4.5398747e-03   1.5270294e-03
   1.9161861e-01   2.4406031e-03   1.4478756e-01   5.7147387e-03  -4.1837724e-03   1.5122902e-03
   1.8266876e-01   9.7915991e-03   1.3950340e-01   5.2889698e-03  -3.8073600e-03   1.3792438e-03
   2.0851399e-01  -2.1239703e-02   2.0907403e-01   6.3369377e-03  -3.4667118e-03   1.2506909e-03
   2.0253285e-01   4.7470456e-03   1.6514312e-01   6.2490516e-03  -3.5281655e-03   1.2667588e-03
   2.0472366e-01  -3.1242128e-03   2.0474858e-01   6.1964269e-03  -3.5312332e-03   1.1543430e-03
   1.8606441e-01  -1.7356163e-02   1.3379258e-01   6.6967695e-03  -2.8171966e-03   1.1449148e-03
   1.7956238e-01  -9.4228665e-03   1.1446048e-01   6.6344098e-03  -1.9931429e-03   8.5495604e-04
   1.8697842e-01  -2.0247873e-02   1.7875675e-01   7.4196803e-03  -2.0585934e-03   8.0881580e-04
   1.9634743e-01  -1.6342497e-03   1.3149810e-01   7.3902530e-03  -1.8391609e-03   7.8312798e-04
   2.0633064e-01  -5.5664748e-03   1.7635318e-01   7.5052013e-03  -1.9760758e-03   6.3294412e-04
   1.9074688e-01  -2.2750580e-02   1.9692089e-01   7.7658573e-03  -2.1108870e-03   8.1155381e-04
   1.9497403e-01  -3.8757984e-03   1.5835338e-01   7.7330845e-03  -1.9515797e-03   8.7921149e-04
   1.9329255e-01  -2.9103539e-02   1.7250876e-01   7.5612169e-03  -1.8593474e-03   6.7677718e-04
   1.8565175e-01  -1.0470744e-02   1.3950293e-01   7.7414746e-03  -1.8395800e-03   9.0575922e-04
   1.8079095e-01  -4.2912642e-03   6.7046650e-02   7.1868667e-03  -1.8594965e-03   9.1398074e-04
   1.8499237e-01  -2.5573519e-02   1.5490433e-01   7.7331586e-03  -2.0551702e-03   9.9303366e-04
   1.7917679e-01  -4.8876322e-02   1.4283244e-01   7.9479766e-03  -1.6218023e-03   1.1041107e-03
   1.8871678e-01  -2.2742712e-02   1.4271402e-01   7.6746403e-03  -1.7123151e-03   9.2277734e-04
   1.8516343e-01  -2.2745154e-02   2.0234834e-01   7.6827111e-03  -1.7587494e-03   9.7241056e-04
   1.9541918e-01  -2.5896320e-02   1.2774159e-01   7.4123349e-03  -2.1458412e-03   1.0437730e-03
   1.9279505e-01  -2.9953265e-02   9.1243761e-02   7.0173820e-03  -2.3549898e-03   9.9136905e-04
   2.2342313e-01  -1.7750580e-02   1.9529174e-01   7.8986010e-03  -2.3657726e-03   5.8963862e-04
   2.2448492e-01  -2.3972253e-02   2.0436002e-01   8.3345696e-03  -2.1273969e-03   6.0943291e-04
   2.2595807e-01  -7.9343454e-03   1.8852836e-01   8.3100060e-03  -2.0104975e-03   5.2629490e-04
   2.3948109e-01  -1.2046189e-02   2.3509462e-01   8.5516847e-03  -2.0578057e-03   5.0147554e-04
   2.4006529e-01   5.8654136e-03   2.1339847e-01   8.5755785e-03  -2.1620251e-03   6.4017934e-04
   2.4063814e-01   1.4708962e-03   1.7794057e-01   8.3521594e-03  -2.4000770e-03   5.6272503e-04
   2.3673055e-01  -2.1020908e-02   2.4364257e-01   8.7444283e-03  -2.5838911e-03   6.7245623e-04
   2.2632766e-01  -3.5641953e-02   2.4033302e-01   9.1153529e-03  -2.2858457e-03   7.2667205e-04
   2.3725182e-01  -2.3293362e-02   2.2905400e-01   9.0451959e-03  -2.2649155e-03   5.2632550e-04
   2.4012756e-01  -2.8443611e-02   2.6584455e-01   9.0288111e-03  -2.5880604e-03   2.9431978e-04
   2.4656884e-01  -2.9453119e-02   2.5771874e-01   9.4555383e-03  -2.6559185e-03   2.1635708e-04
   2.5621839e-01  -3.9935552e-02   2.7321054e-01   9.2764245e-03  -2.7975431e-03   4.0066489e-05
   2.6308343e-01  -5.0009131e-02   3.2564097e-01   9.8921386e-03  -3.0163350e-03   7.1766277e-05
   2.5863262e-01  -3.2968447e-02   2.3654822e-01   9.0342857e-03  -2.8132277e-03   1.2161134e-04
   2.6941842e-01  -5.6540980e-02   3.3756221e-01   1.0228171e-02  -3.1854873e-03  -2.9129170e-05
   2.9210379e-01  -3.7769807e-02   3.1681648e-01   1.0253204e-02  -3.3094392e-03  -1.1570942e-04
   2.9038581e-01  -3.9652009e-02   3.2408085e-01   1.0481275e-02  -3.4723550e-03  -2.6551407e-04
   2.8463576e-01  -6.1678613e-02   3.3045513e-01   9.8785148e-03  -3.6928052e-03  -6.3256855e-05
   2.8437086e-01   4.8988923e-02   1.9157337e-01   6.8816789e-03  -3.5917351e-03  -7.9569832e-05
   2.9458882e-01   2.1614658e-02   2.3285729e-01   7.7402904e-03  -3.8695636e-03  -4.4418962e-04
   2.9140371e-01   2.1626102e-02   2.6565150e-01   7.5976809e-03  -3.5734594e-03  -3.2987577e-04
   2.9653825e-01   1.8273273e-02   2.5763354e-01   8.0659442e-03  -3.5632730e-03  -3.6429361e-04
   2.9200934e-01   3.1174100e-02   2.3443645e-01   7.3154455e-03  -3.7208439e-03  -4.2920877e-04
