   0.0000000e+00   0.0000000e+00   0.0000000e+00   0.0000000e+00   0.0000000e+00   0.0000000e+00
   9.1388883e-02   4.7226058e-02   3.0720367e-01  -3.4574332e-03   5.5464816e-04  -9.1878257e-04
   6.8542321e-02  -4.3631474e-02   8.5403593e-02  -1.6828400e-03   1.0465969e-03  -3.2113212e-04
   7.6801654e-02   1.0464060e-01   3.8388869e-02  -1.3857047e-03   1.3612534e-03  -6.0542691e-05
   2.5432367e-02  -2.2870898e-02   1.6459711e-01  -1.3256603e-03   9.3599351e-04   2.6724901e-04
   3.8355322e-02   5.9444000e-02   2.6372374e-01  -1.3431588e-03   1.3239194e-03   6.9863751e-04
   6.2886271e-03  -1.4916543e-01   1.8891369e-01  -1.3540973e-03   9.7931220e-04   7.9476911e-04
  -1.9731601e-02  -4.9427741e-02   2.0031333e-01  -1.2589088e-03   8.3202234e-04   7.8819788e-04
  -4.6653748e-02  -8.3420173e-02   2.3073806e-01  -1.2773633e-03   7.5320085e-04   8.1005354e-04
  -5.7429347e-02  -4.7647918e-02   2.5950857e-01  -1.4725175e-03   9.2747737e-04   7.1727505e-04
  -6.1457353e-02  -5.9960285e-02   2.1868556e-01  -2.0591320e-03   1.0552549e-03   7.8448261e-04
  -6.9953855e-02  -5.6032543e-02   2.7025027e-01  -1.9712270e-03   1.0042509e-03   7.8720232e-04
  -8.5740837e-02  -4.5018137e-02   2.5073535e-01  -1.8527941e-03   8.6174588e-04   9.3858931e-04
  -9.7090871e-02  -1.0236262e-01   2.6297516e-01  -2.0747098e-03   8.1624989e-04   8.0827262e-04
  -1.1227923e-01  -7.9669044e-02   2.9005059e-01  -1.6660639e-03   7.8740004e-04   8.1506069e-04
  -1.0080492e-01  -5.5281371e-02   3.1075416e-01  -2.5577951e-03   8.6470417e-04   7.9907652e-04
  -1.3523316e-01  -1.0322468e-01   3.9864095e-01  -2.2765400e-03   8.5184805e-04   6.6953644e-04
  -1.5234574e-01  -9.7893713e-03   3.8930609e-01  -2.7466333e-03   8.7340631e-04   4.4981970e-04
  -1.4104073e-01  -8.1402046e-02   4.0987506e-01  -2.4574978e-03   1.0620487e-03   5.9575157e-04
  -1.1926050e-01  -3.3756664e-02   4.0748514e-01  -2.0745502e-03   1.7043654e-03   6.3017863e-04
  -1.1125628e-01  -1.1005033e-01   3.5575372e-01  -3.7877171e-03   1.3231707e-03   3.8494442e-04
  -1.4148118e-01   3.7665897e-03   4.4782501e-01  -3.9656212e-03   1.2821780e-03  -8.7562246e-05
  -1.5184831e-01  -1.0464181e-01   3.8974679e-01  -4.6892969e-03   1.3720307e-03  -4.2967417e-05
  -1.6471242e-01  -5.7612478e-02   4.9789609e-01  -3.9080731e-03   1.4123514e-03  -2.6907587e-04
  -1.5732821e-01  -5.6867956e-02   3.9034624e-01  -4.7537017e-03   1.2140683e-03  -2.1425205e-04
  -1.3410772e-01  -9.2344777e-02   5.4736459e-01  -4.0990662e-03   1.2973587e-03  -4.0204317e-04
  -1.3532912e-01  -3.1246771e-02   2.9412891e-01  -3.8379095e-03   7.2950039e-04  -6.6365160e-04
  -1.5126876e-01  -7.8323075e-02   3.5200871e-01  -4.4593755e-03   9.4360335e-04  -1.8397213e-04
  -1.4583638e-01  -1.3296953e-02   2.8793734e-01  -3.9811043e-03   9.9677817e-04  -5.7136850e-04
  -1.4256615e-01  -1.3048523e-01   2.9789888e-01  -2.5087321e-03   7.4631437e-04   2.2833521e-04
  -5.9955233e-02  -6.6585130e-02   2.4675916e-01  -3.2128960e-03   2.2965743e-03   1.5832878e-03
  -7.2353535e-02  -1.1248956e-01   2.3650502e-01  -7.4968359e-03   2.5395821e-03   5.0381154e-04
  -7.2357029e-02  -1.5498264e-01   3.9831024e-01  -5.7948756e-03   2.8648989e-03   9.7357392e-04
  -7.4652551e-02  -1.4620834e-01   4.0149050e-01  -6.6271378e-03   3.0682455e-03   8.2570819e-04
  -7.9687894e-02  -2.1856317e-01   4.3781502e-01  -6.5917506e-03   3.2331669e-03   8.6786156e-04
  -8.7242961e-02  -1.9441222e-01   4.0723529e-01  -6.4111327e-03   3.3640888e-03   5.2716073e-04
  -1.0038662e-01  -1.7299177e-01   4.6516583e-01  -6.2680697e-03   2.8977389e-03   3.0955556e-04
  -1.0655887e-01  -2.4457701e-01   4.5827350e-01  -7.0644773e-03   3.1463822e-03  -6.4718379e-04
  -1.3466313e-01  -1.9778609e-01   5.0966518e-01  -6.7135386e-03   3.3353673e-03  -7.6183012e-04
  -1.2802717e-01  -2.2054276e-01   4.7815796e-01  -7.4353502e-03   3.5235145e-03  -7.9491935e-04
  -1.3660351e-01  -2.6759939e-01   5.7005239e-01  -7.0844063e-03   3.4030962e-03  -9.5923955e-04
  -1.4002173e-01  -2.0480824e-01   5.8480329e-01  -7.8337665e-03   3.5105872e-03  -1.3376933e-03
  -1.4854159e-01  -2.5775795e-01   5.9883960e-01  -7.9825246e-03   3.4219580e-03  -1.4639790e-03
  -1.6018952e-01  -2.3601678e-01   6.2785101e-01  -7.9235418e-03   3.5743539e-03  -1.6685660e-03
  -1.8254364e-01  -2.0278618e-01   6.6238201e-01  -7.5040880e-03   3.2474376e-03  -1.8276358e-03
  -1.8854198e-01  -2.7410147e-01   6.4149184e-01  -8.1416639e-03   3.2773078e-03  -1.7363013e-03
  -2.2362547e-01  -2.3104936e-01   6.9490948e-01  -7.6580292e-03   2.9709937e-03  -1.9904500e-03
  -2.1587208e-01  -2.3825224e-01   6.9641488e-01  -8.8237912e-03   2.9733542e-03  -1.7665945e-03
  -2.2891956e-01  -3.0201162e-01   7.4781433e-01  -7.6028980e-03   3.1507927e-03  -1.7392158e-03
  -1.8696450e-01  -1.9854484e-01   7.8010137e-01  -9.8993983e-03   3.0823418e-03  -1.2343602e-03
  -1.7100095e-01  -3.1909243e-01   9.0444892e-01  -1.1790081e-02   1.9445491e-03  -1.0490148e-03
  -1.6245567e-01  -3.2520814e-01   7.1424714e-01  -1.0408054e-02   1.9093447e-03  -2.3535368e-03
  -1.7386359e-01  -2.7766394e-01   6.4512011e-01  -1.1407902e-02   1.7745976e-03  -2.8112205e-03
  -2.2957977e-01  -3.9217897e-01   7.5580273e-01  -9.8983518e-03   1.9217354e-03  -3.2170761e-03
  -2.6221241e-01  -3.0775349e-01   7.4585293e-01  -1.0351173e-02   2.0777404e-03  -3.2274911e-03
  -2.5631002e-01  -3.4848920e-01   7.9839807e-01  -1.1346968e-02   1.8894554e-03  -3.2228625e-03
  -2.9191486e-01  -4.1499709e-01   8.8848985e-01  -1.1090812e-02   2.1937019e-03  -3.5262907e-03
  -2.7547466e-01  -3.5933222e-01   9.3402700e-01  -1.1573311e-02   2.3019729e-03  -3.1782362e-03
  -2.9425408e-01  -4.0443282e-01   8.8210781e-01  -1.1836722e-02   2.5067759e-03  -3.1469057e-03
  -3.0306541e-01  -4.0461041e-01   9.4453356e-01  -1.1174234e-02   2.5422512e-03  -3.3661082e-03
  -2.9012609e-01  -3.6065119e-01   9.4149236e-01  -1.1930828e-02   2.9526502e-03  -3.0134425e-03
  -2.7951885e-01  -4.3192471e-01   9.8555661e-01  -1.2065256e-02   3.3124612e-03  -2.7050226e-03
  -3.0068892e-01  -3.7455619e-01   1.0077556e+00  -1.2386056e-02   3.2550785e-03  -2.9817866e-03
  -2.9025389e-01  -3.9964090e-01   1.0199643e+00  -1.2822102e-02   3.0838048e-03  -3.1005282e-03
  -3.0342651e-01  -3.8891490e-01   1.0652984e+00  -1.2674074e-02   2.8475150e-03  -3.2892614e-03
  -2.9909178e-01  -3.6063678e-01   1.0476376e+00  -1.2928900e-02   2.7250946e-03  -3.8135711e-03
  -2.9803745e-01  -3.8585841e-01   9.9896128e-01  -1.2538124e-02   2.8299970e-03  -3.9417376e-03
  -3.1634777e-01  -3.1266849e-01   1.0032518e+00  -1.2657581e-02   2.9868102e-03  -3.5557391e-03
  -3.2335453e-01  -3.6640869e-01   9.8559957e-01  -1.3126340e-02   3.0885391e-03  -3.6163348e-03
  -3.1900213e-01  -4.1111355e-01   1.0590646e+00  -1.2705381e-02   3.5523700e-03  -3.5023695e-03
  -2.9194947e-01  -3.4503681e-01   9.9514109e-01  -1.2669979e-02   3.6079081e-03  -3.2634426e-03
  -2.9921259e-01  -3.9228943e-01   1.0395868e+00  -1.3534954e-02   4.0520231e-03  -3.3400835e-03
  -3.1781331e-01  -3.5062545e-01   1.0314875e+00  -1.3020670e-02   3.8984814e-03  -3.4246991e-03
  -3.0473897e-01  -3.4439229e-01   1.0902908e+00  -1.3686358e-02   3.7238117e-03  -3.4260085e-03
  -3.1070470e-01  -4.9282708e-01   9.4873378e-01  -1.0261242e-02   3.2190785e-03  -3.6132322e-03
  -2.5203890e-01  -4.0009682e-01   1.2298310e+00  -1.1810015e-02   3.5425717e-03  -4.1128936e-03
  -2.8587634e-01  -3.9660092e-01   9.3595277e-01  -1.2450478e-02   4.2327337e-03  -5.0258210e-03
  -3.5614078e-01  -2.7062738e-01   8.8507678e-01  -1.2930511e-02   3.3794826e-03  -5.3546148e-03
  -3.5621138e-01  -4.1256387e-01   1.0047068e+00  -1.2860505e-02   3.3822092e-03  -5.5167338e-03
  -3.5055171e-01  -3.2270309e-01   9.8680140e-01  -1.2984342e-02   3.1482905e-03  -5.7199966e-03
  -3.5550927e-01  -4.6857753e-01   1.0168830e+00  -1.3368678e-02   3.3909198e-03  -5.9823670e-03
  -3.6486558e-01  -3.7034966e-01   1.0301329e+00  -1.2862124e-02   3.8441166e-03  -5.1820662e-03
  -3.5900639e-01  -3.9334314e-01   9.7079989e-01  -1.3160846e-02   4.3104121e-03  -4.8360532e-03
  -3.7587821e-01  -4.0398421e-01   9.8485374e-01  -1.2687673e-02   4.6287578e-03  -5.0324123e-03
  -3.5637595e-01  -3.2570551e-01   9.5943179e-01  -1.2896559e-02   4.8082459e-03  -5.1410105e-03
  -4.0270833e-01  -4.3153806e-01   9.6825364e-01  -1.3396694e-02   4.7018917e-03  -5.3675439e-03
  -4.0309598e-01  -3.3542351e-01   9.7438466e-01  -1.3322691e-02   4.8064120e-03  -5.6673368e-03
  -4.1618441e-01  -3.5679065e-01   9.6740884e-01  -1.4124541e-02   4.3528009e-03  -5.9157598e-03
  -4.1092763e-01  -4.0766357e-01   1.0283438e+00  -1.3645626e-02   4.5649369e-03  -5.7513117e-03
  -4.2516074e-01  -3.3586801e-01   9.8106529e-01  -1.4045553e-02   4.4316583e-03  -5.8956776e-03
  -4.7360351e-01  -4.2402680e-01   9.9358407e-01  -1.3641666e-02   3.8153324e-03  -6.1444661e-03
  -4.7126624e-01  -4.5636271e-01   9.8810899e-01  -1.2347309e-02   4.2627435e-03  -6.2646176e-03
  -4.5051248e-01  -4.4646172e-01   9.5912262e-01  -1.4310574e-02   3.9743066e-03  -6.4480743e-03
  -4.6471656e-01  -4.4862207e-01   1.0492659e+00  -1.3721157e-02   4.0631938e-03  -6.6161083e-03
  -4.7126372e-01  -4.0171330e-01   1.0189171e+00  -1.4445898e-02   4.1746249e-03  -6.4716368e-03
  -4.7078862e-01  -4.8692881e-01   1.0765888e+00  -1.4254475e-02   4.2141161e-03  -6.7103152e-03
  -5.0131242e-01  -4.1348914e-01   1.0658859e+00  -1.4411366e-02   4.3792848e-03  -6.7660217e-03
  -4.9198514e-01  -4.7671910e-01   1.0874035e+00  -1.4686217e-02   4.5814925e-03  -6.7139013e-03
  -4.8301786e-01  -4.4848797e-01   1.0633397e+00  -1.4039948e-02   4.6961434e-03  -6.3923758e-03
  -4.7147334e-01  -3.8426032e-01   1.0623783e+00  -1.4046183e-02   4.1657679e-03  -6.5891677e-03
  -4.1902916e-01  -5.2763099e-01   8.4036538e-01  -1.2351595e-02   4.2224662e-03  -6.0527131e-03
  -3.8530919e-01  -3.9739414e-01   9.1732754e-01  -1.2110397e-02   3.5958117e-03  -5.3424690e-03
  -4.2313971e-01  -3.5525489e-01   9.8091476e-01  -1.2349189e-02   3.7869038e-03  -5.6999511e-03
  -4.1404025e-01  -4.3075466e-01   9.0696758e-01  -1.2588744e-02   3.9713088e-03  -5.7990088e-03
  -4.6289472e-01  -3.7062728e-01   1.0365664e+00  -1.3219806e-02   3.6244595e-03  -6.2539037e-03
  -4.7140594e-01  -3.4992134e-01   9.2254190e-01  -1.3146301e-02   3.7483302e-03  -6.0387286e-03
  -4.8240728e-01  -4.1642108e-01   9.9908164e-01  -1.2461606e-02   3.8285342e-03  -6.5448396e-03
  -4.9070303e-01  -3.2337790e-01   8.9618741e-01  -1.1857716e-02   3.7555368e-03  -6.2824555e-03
  -4.8614466e-01  -3.0745066e-01   9.2665133e-01  -1.2410769e-02   3.5740183e-03  -6.1897397e-03
  -5.0710880e-01  -3.7694994e-01   9.8434888e-01  -1.2337813e-02   3.0207591e-03  -6.2204478e-03
  -5.1370099e-01  -2.9542991e-01   1.0507751e+00  -1.3190845e-02   2.2881887e-03  -6.4628028e-03
  -5.0920656e-01  -4.0223712e-01   1.0588755e+00  -1.2920219e-02   2.2990265e-03  -6.4720445e-03
  -5.1446817e-01  -3.3595347e-01   1.0899446e+00  -1.2984353e-02   2.0922496e-03  -6.4311341e-03
  -5.0908122e-01  -3.4543832e-01   1.0313647e+00  -1.3070821e-02   1.9251624e-03  -6.4137457e-03
  -5.0141234e-01  -4.1367447e-01   1.1168765e+00  -1.3057696e-02   2.1573931e-03  -6.3744298e-03
  -5.1660936e-01  -3.5513293e-01   1.0956081e+00  -1.2983281e-02   1.9952587e-03  -6.6086192e-03
  -5.4005549e-01  -4.2821319e-01   1.1508422e+00  -1.3518325e-02   1.9348438e-03  -6.6676292e-03
  -5.4297881e-01  -4.1976343e-01   1.1787014e+00  -1.3665098e-02   1.7496848e-03  -6.8009187e-03
  -5.3629711e-01  -4.1255590e-01   1.1704517e+00  -1.4259800e-02   1.4431677e-03  -7.1191856e-03
  -5.2805657e-01  -4.6478097e-01   1.1629936e+00  -1.3283131e-02   1.2538983e-03  -7.3608242e-03
  -5.2724019e-01  -3.5718489e-01   1.1911519e+00  -1.3900027e-02   1.1667663e-03  -7.4031004e-03
  -5.4070103e-01  -4.5181082e-01   1.1540107e+00  -1.3932837e-02   1.1758563e-03  -7.3494749e-03
  -5.4529268e-01  -4.1531371e-01   1.2539220e+00  -1.3342835e-02   9.8101504e-04  -7.7979915e-03
  -5.3578353e-01  -3.9760098e-01   1.0974272e+00  -1.4196941e-02   7.1096884e-04  -7.4253693e-03
  -5.4754087e-01  -4.8624511e-01   1.1078403e+00  -1.2444626e-02   4.7799240e-04  -7.2992535e-03
  -5.3600336e-01  -4.3871685e-01   9.1298731e-01  -8.6606544e-03   1.0703075e-04  -5.7197392e-03
  -4.7201709e-01  -4.7857474e-01   7.9770967e-01  -9.3344461e-03   4.4872762e-04  -5.9614251e-03
  -4.9771722e-01  -4.8107275e-01   9.9005751e-01  -8.8448544e-03   9.5245934e-04  -6.0266044e-03
