   0.0000000e+00   0.0000000e+00   0.0000000e+00   0.0000000e+00   0.0000000e+00   0.0000000e+00
  -8.0458634e-02  -2.4037249e-02   1.2500900e-02  -6.6146988e-04   5.7391499e-04   1.4770011e-03
   4.5936961e-02   1.4641229e-02   2.3484988e-03  -6.0992584e-04   1.3781645e-03   2.8815874e-04
  -3.5425998e-01  -6.7216547e-02  -1.0848691e-01  -1.5680587e-03  -1.5828399e-03   4.6115268e-03
  -7.4613256e-01  -6.7592089e-02  -4.3986377e-01  -5.2663605e-03  -2.3836508e-03   8.4159012e-03
  -4.5518225e-01  -3.8013831e-02  -2.5311631e-01  -5.4675256e-03   1.3256689e-04   5.5612159e-03
  -4.3770279e-01  -6.0745404e-02  -2.7009803e-01  -3.5538022e-03   1.3973191e-03   3.4551734e-03
  -3.9707426e-01  -1.1447609e-02  -1.7884350e-01  -3.3653388e-03   2.6775335e-03   3.0367230e-03
  -4.0621473e-01  -2.0548698e-02  -3.6328832e-01  -3.4593885e-03   3.3583699e-03   2.9973702e-03
  -3.7374896e-01  -4.4474333e-02  -1.0687609e-01  -3.1424486e-03   3.5117626e-03   2.9381160e-03
  -3.4371079e-01   9.4065388e-02  -9.7814773e-01   1.0468608e-03   3.5491643e-03   3.3381979e-03
  -2.4591772e-01  -4.6860124e-02  -1.4471621e+00   7.2618535e-03   2.7203352e-03   2.1197870e-03
  -2.7361720e-01   7.2407137e-02  -1.0973056e+00   6.5725257e-03   3.5975075e-03   2.2486196e-03
  -2.4952969e-01   1.1562905e-01  -1.2666910e+00   6.6992608e-03   4.3262438e-03   2.3918145e-03
  -2.5322360e-01   4.2909498e-02  -1.1515995e+00   7.2802712e-03   4.0523141e-03   2.5196439e-03
  -2.3743145e-01   6.2619238e-02  -1.2925268e+00   7.5137465e-03   4.3252719e-03   2.1673285e-03
  -2.3831136e-01   7.6289063e-02  -1.1767069e+00   7.4700147e-03   4.3617812e-03   1.8400834e-03
  -2.0465912e-01   5.4441081e-02  -1.2916050e+00   7.7777610e-03   4.4109041e-03   2.0087457e-03
  -2.1125966e-01   7.3894862e-02  -1.0993413e+00   7.7228256e-03   3.8750335e-03   2.1657672e-03
  -1.7129948e-01   1.3138141e-01  -1.1044589e+00   7.7441280e-03   3.7490335e-03   2.1766756e-03
  -1.6938698e-01   6.7933727e-02  -1.1660974e+00   7.1781109e-03   4.0184677e-03   1.9931545e-03
  -1.7051300e-01   7.2396827e-02  -1.1656662e+00   7.6656101e-03   4.0310124e-03   1.5226398e-03
  -1.7582491e-01   7.7036273e-02  -1.1235461e+00   7.4923904e-03   3.8383532e-03   1.4643079e-03
  -1.7422997e-01   8.1881601e-02  -1.1875116e+00   7.7624485e-03   3.8236117e-03   9.4609736e-04
  -1.8167081e-01   6.1052118e-02  -1.1853655e+00   8.1512601e-03   3.6038691e-03   6.5667090e-04
  -1.6730022e-01   1.0554904e-01  -1.1764464e+00   8.2672612e-03   3.6795069e-03   8.9336284e-04
  -1.7102407e-01   4.2530437e-02  -1.1527003e+00   8.0217044e-03   3.9268491e-03   8.1686662e-04
  -1.6989400e-01   9.0268428e-02  -1.1691006e+00   8.1711452e-03   3.6192602e-03   8.7654767e-04
  -1.7420728e-01   8.8902051e-02  -1.1983483e+00   7.8607587e-03   3.1832655e-03   7.3988570e-04
  -1.4335267e-01   7.6613160e-02  -1.0991021e+00   8.0233057e-03   3.2174230e-03   4.9808699e-04
  -1.5530668e-01   1.1258144e-01  -1.0664935e+00   8.0742469e-03   2.8686299e-03   3.3534538e-04
  -1.4399780e-01   7.6849605e-02  -1.1768483e+00   8.4048958e-03   3.3501850e-03   6.5254238e-04
  -1.5647357e-01   7.0574436e-02  -1.0985939e+00   8.8419683e-03   3.3740897e-03   3.1358826e-04
  -1.4188086e-01   9.4647284e-02  -1.0778890e+00   9.1228205e-03   3.1489025e-03   2.1468189e-04
  -1.4604189e-01   9.0385910e-02  -1.0016444e+00   9.6588594e-03   3.0385523e-03  -9.0089527e-05
  -1.4573802e-01   6.6298743e-02  -9.6668780e-01   1.0226793e-02   3.3433471e-03   1.6460666e-04
  -1.4666469e-01   1.0825398e-01  -9.1848005e-01   9.8884811e-03   3.3230371e-03   2.3623838e-04
  -1.3783674e-01   8.4307279e-02  -9.3929367e-01   1.0332252e-02   3.4497229e-03   1.3661856e-04
  -1.5448215e-01   4.3364417e-02  -8.6403555e-01   1.0349275e-02   3.2222597e-03   3.1355142e-04
  -1.4578473e-01   9.9168077e-02  -8.8652469e-01   1.0684300e-02   3.3416982e-03   1.8690316e-04
  -1.4232595e-01   7.4579716e-02  -8.0988470e-01   1.0873408e-02   3.0220125e-03   3.3230196e-04
  -1.2846107e-01   7.8984344e-02  -8.2767387e-01   1.1068170e-02   3.2592086e-03  -5.6608775e-05
  -1.3257114e-01   1.0191424e-01  -8.0195411e-01   1.1057060e-02   2.8034835e-03   1.4879840e-04
  -1.1774161e-01   7.4268130e-02  -8.1411945e-01   1.1258841e-02   3.4573086e-03   6.1923888e-05
  -1.1231641e-01   6.7395856e-02  -7.4861807e-01   1.1555249e-02   3.0799197e-03   3.5197044e-04
  -9.7301291e-02   1.1311590e-01  -7.8002167e-01   1.1681274e-02   3.3458624e-03   1.4103929e-04
  -1.0825099e-01   4.9365755e-02  -7.1824990e-01   1.1951566e-02   3.3706691e-03   4.2425827e-04
  -8.7996153e-02   1.1464484e-01  -7.5412306e-01   1.2016438e-02   3.2446900e-03   1.3546688e-04
  -9.4484142e-02   5.8759566e-02  -6.9807353e-01   1.2585951e-02   3.1963836e-03   1.9595778e-04
  -8.4720400e-02   8.8089606e-02  -7.1578679e-01   1.2576746e-02   3.1936193e-03   6.2451760e-05
  -9.8458350e-02   7.8171246e-02  -6.9000455e-01   1.2060285e-02   2.6028529e-03   1.6043373e-04
  -8.9733907e-02   9.5241322e-02  -7.4117101e-01   1.1807040e-02   3.1568555e-03  -2.1881307e-04
  -9.4183714e-02   6.5270593e-02  -6.7616367e-01   1.1672135e-02   2.5009136e-03   3.0140599e-04
  -6.0445072e-02   2.5222992e-01  -1.0370494e+00   9.1429171e-03   3.8919911e-03  -1.2948589e-03
  -1.6637397e-01   2.1302308e-01  -1.0636010e+00   1.0839236e-02   8.1044756e-04   1.1128009e-03
  -1.2790028e-01   1.4828949e-01  -7.0331295e-01   1.0945769e-02  -3.3693236e-04   2.8568401e-03
  -1.1680971e-01   1.3182197e-01  -6.7047817e-01   1.0423161e-02   9.4035578e-04   1.6541320e-03
  -8.4505722e-02   1.3263732e-01  -6.1974359e-01   1.2217537e-02   1.5703814e-03  -2.5275600e-04
  -7.1242544e-02   1.8451896e-01  -5.3791219e-01   1.3214534e-02   2.9750038e-03  -2.5096880e-03
  -7.9192377e-02   1.2170722e-01  -5.1738606e-01   1.4012824e-02   2.0583062e-03  -2.5685250e-03
  -7.8412441e-02   1.6282426e-01  -4.7699952e-01   1.4049408e-02   2.7639194e-03  -2.4743927e-03
  -7.5091209e-02   1.3582615e-01  -5.2623002e-01   1.4290304e-02   2.5725746e-03  -2.4748751e-03
  -6.5375322e-02   1.3033798e-01  -4.6847705e-01   1.4668661e-02   3.4024394e-03  -2.5901303e-03
  -5.9287099e-02   1.0561387e-01  -5.0039390e-01   1.5101283e-02   2.9035100e-03  -2.2602563e-03
  -5.6875204e-02   1.2947031e-01  -3.0444805e-01   1.4456326e-02   3.1805247e-03  -1.8769837e-03
  -4.0463319e-02   4.9392271e-02  -2.0363251e-01   1.5984884e-02   3.0605223e-03  -2.4140861e-03
  -2.0825051e-02   9.8465255e-02  -1.8039044e-01   1.6230010e-02   3.1589934e-03  -2.6533621e-03
   1.1634234e-02   7.1840023e-02  -2.2204168e-01   1.6368877e-02   3.5927677e-03  -3.6296090e-03
   6.4787684e-02  -7.6034057e-02  -1.0658393e-01   1.9047901e-02   2.9909954e-03  -3.4729403e-03
   1.0593615e-02   1.6562181e-01  -6.2569364e-02   1.5924406e-02   2.9663837e-03  -3.2079400e-03
   1.3093501e-02   1.2008374e-01  -1.1391460e-01   1.5459186e-02   3.4182927e-03  -3.4269325e-03
   1.6012536e-02   6.9419894e-02  -2.9391799e-02   1.6767233e-02   3.0516302e-03  -3.6449309e-03
   2.1871428e-02   1.0823608e-01  -6.0256755e-02   1.6082357e-02   2.7767816e-03  -4.0679158e-03
   2.7001062e-02   1.0007625e-01  -1.6891896e-02   1.6585262e-02   2.6023885e-03  -4.1441685e-03
  -9.1054130e-03   7.0768447e-02  -4.5334189e-02   1.5138504e-02   3.4255444e-03  -3.4275200e-03
  -7.5236725e-02   1.8435188e-01   1.6886694e-01   1.3126911e-02   3.6635813e-03  -3.0931034e-03
  -4.8685808e-02   7.4192948e-02   2.1927873e-01   1.2747287e-02   3.5289284e-03  -4.2595916e-03
   2.1392668e-02   1.2773770e-01   6.0738579e-02   1.6113896e-02   2.6229224e-03  -4.2280821e-03
  -4.6844140e-02   2.7359548e-02   1.5263973e-01   1.0259722e-02   3.0546892e-03  -2.1185481e-03
  -1.3846928e-01   1.4264623e-01  -2.6173483e-01   5.8188935e-03   4.1432121e-03   8.7497421e-05
  -5.9560884e-02   9.8315193e-02  -4.5955397e-02   1.2708573e-02   3.8252980e-03  -2.5844736e-03
  -3.6058009e-02   1.2089029e-01   2.1152259e-02   1.3490440e-02   3.6580106e-03  -3.6309073e-03
   4.4015169e-03   1.3256920e-01   7.9145209e-02   1.4965933e-02   3.4864288e-03  -4.2785319e-03
   3.0462719e-03   8.5956326e-02   1.1161143e-01   1.5133072e-02   3.4623696e-03  -4.7538591e-03
   3.8718419e-02   1.2114165e-01   1.4005383e-01   1.6192495e-02   3.5689173e-03  -5.0187155e-03
   5.3372733e-02   1.1813433e-01   7.7417828e-02   1.5803702e-02   3.5541200e-03  -5.0099807e-03
   5.3159677e-02   7.7707839e-02   1.7671411e-01   1.7072459e-02   4.0808407e-03  -5.0581155e-03
   4.7546735e-02   1.1421699e-01   1.9320602e-01   1.7915525e-02   3.8227264e-03  -4.3851259e-03
   8.0209437e-02   9.9422989e-02   2.2885565e-01   1.7904241e-02   4.0259711e-03  -4.5646880e-03
   8.5902134e-02   7.1058183e-02   2.4928262e-01   1.8583914e-02   4.0748443e-03  -4.5686717e-03
   8.7342387e-02   1.0265565e-01   2.6468918e-01   1.8579790e-02   4.0522629e-03  -4.9822677e-03
   9.6466910e-02   6.3864449e-02   2.4486976e-01   1.8809540e-02   4.3710194e-03  -5.1140643e-03
   1.0978625e-01   1.1030605e-01   3.3299186e-01   1.8940699e-02   4.2148672e-03  -5.3520502e-03
   1.4254690e-01   8.5267538e-02   2.9693142e-01   1.9465603e-02   5.0085808e-03  -5.9020001e-03
   1.4342303e-01   2.9727008e-02   4.0134358e-01   1.9568143e-02   5.6095731e-03  -5.9605778e-03
   1.8936970e-01   7.1298838e-02   3.2577769e-01   1.9995978e-02   5.3775706e-03  -6.0546647e-03
   1.7333947e-01   7.1239363e-02   4.1076237e-01   1.9289482e-02   5.5734361e-03  -6.1447712e-03
   1.8668177e-01   4.6083580e-02   2.8969101e-01   2.0308381e-02   5.7226356e-03  -6.2161868e-03
   1.7944197e-01   8.0586679e-02   5.4951444e-01   1.9761594e-02   5.4069099e-03  -6.2512683e-03
   2.0177633e-01   5.7116855e-02  -1.6909866e-01   2.1987081e-02   5.7038478e-03  -6.5005170e-03
   1.0002852e-01   6.8790974e-02   3.9934888e-02   2.5537406e-02   4.0422894e-03  -5.7667493e-03
  -1.2401335e-01   2.7133557e-01   3.4048587e-01   1.0093981e-02   1.9350364e-03  -2.4739108e-03
  -1.5180414e-01   2.5205841e-01   1.2351028e-01   5.8205190e-03   2.8149700e-03  -2.0155889e-03
  -2.0357106e-01   1.9776977e-01   6.2253704e-01   1.1598829e-02   2.9798002e-03  -1.9057047e-03
  -1.0546387e-01   9.7735156e-02   5.0812880e-01   1.3162408e-02   4.0439935e-03  -4.0593480e-03
  -9.4527034e-02   1.2280400e-01   8.0140728e-01   1.6477644e-02   4.4689195e-03  -5.0029089e-03
  -6.8032211e-02   1.2429802e-01   6.1637873e-01   1.4960611e-02   4.0614627e-03  -5.8263068e-03
  -8.9310962e-02   9.7031493e-02   7.9988099e-01   1.6586349e-02   4.6383027e-03  -5.5708631e-03
  -4.7424299e-02   1.3218344e-01   6.3885432e-01   1.5377454e-02   4.6646532e-03  -6.3908727e-03
  -3.2055507e-02   1.0440189e-01   9.9584055e-01   1.9142632e-02   4.8399799e-03  -5.2596751e-03
  -1.2972140e-01   1.0066859e-01   8.3237333e-01   2.3187411e-02   5.0424780e-03  -2.4988428e-03
  -8.7583303e-02   1.9780869e-01   5.9824404e-01   2.0060833e-02   5.3759898e-03  -3.5350650e-03
  -2.9974415e-02   1.5753404e-01   6.6605450e-01   2.1601191e-02   5.3300563e-03  -3.6506263e-03
  -3.3820170e-02   1.2470767e-01   7.4421755e-01   2.1431951e-02   5.3007956e-03  -4.1336599e-03
   8.0961898e-03   1.1742057e-01   7.5974489e-01   2.2227441e-02   5.6706649e-03  -4.2887929e-03
   3.3813036e-02   9.4705900e-02   7.7842436e-01   2.1611618e-02   5.7887645e-03  -4.3973321e-03
   3.4994115e-02   7.1480840e-02   8.2443836e-01   2.2525614e-02   5.6619100e-03  -4.7106690e-03
   7.1538303e-02   9.2792200e-02   8.0803393e-01   2.2448674e-02   5.0431150e-03  -4.9268907e-03
   8.5218330e-02   9.1885664e-02   7.8846909e-01   2.2425412e-02   4.9312373e-03  -5.0911364e-03
   4.4682855e-02   6.2526861e-02   8.0907856e-01   2.2278263e-02   5.5003037e-03  -5.0634516e-03
   6.5256348e-02   1.4320451e-01   7.7641656e-01   2.2660904e-02   5.5215078e-03  -5.2821667e-03
   7.8683153e-02   7.4622097e-02   8.5643941e-01   2.2742264e-02   5.6608822e-03  -5.4760103e-03
   9.1706198e-02   8.1266720e-02   8.4453449e-01   2.3270704e-02   5.4687213e-03  -5.2556149e-03
   7.3508762e-02   9.6187549e-02   8.5362495e-01   2.2074405e-02   5.2907301e-03  -5.4378623e-03
   4.9615484e-02   6.1986737e-02   8.3610931e-01   2.2215710e-02   5.5844558e-03  -5.2699900e-03
   3.5306114e-02   1.0924965e-01   7.5609956e-01   2.1016410e-02   5.2523298e-03  -5.2051004e-03
   5.2013813e-02   7.2094161e-02   8.1413609e-01   2.0598055e-02   5.5904721e-03  -5.0314489e-03
   3.1275558e-02   7.3913865e-02   7.5453172e-01   1.8619555e-02   5.2355076e-03  -4.2339434e-03
   4.0655555e-02   1.1539142e-01   7.8480790e-01   1.8741771e-02   4.7687441e-03  -4.6828774e-03
