   0.0000000e+00   0.0000000e+00   0.0000000e+00   0.0000000e+00   0.0000000e+00   0.0000000e+00
   3.2194589e-03  -2.7586714e-02   4.4918171e-02  -7.0296743e-04  -1.5881100e-04   5.0055306e-04
  -1.1166521e-03   4.4509103e-03   6.7993179e-02  -1.2226735e-03  -6.3272391e-04   1.0477657e-03
  -8.5341240e-04  -2.6253245e-02   5.9444981e-02  -1.4243860e-03  -1.0435277e-03   1.2902535e-03
   3.5510443e-04  -1.3164639e-02   8.3245433e-02  -1.6002993e-03  -9.2178482e-04   1.5394522e-03
   3.6469666e-03  -1.5372668e-02   9.8452462e-02  -1.3150906e-03  -1.0292457e-03   1.8205591e-03
   1.0020737e-02  -2.9173819e-02   8.0710813e-02  -1.8417420e-03  -7.5315774e-04   1.7700831e-03
   1.1120882e-02  -1.4873520e-02   7.9601977e-02  -1.6151842e-03  -1.2302169e-03   1.8326975e-03
   5.5948888e-03   1.4091236e-02   9.1226031e-02  -1.0384249e-03  -1.4094377e-03   2.2104988e-03
   1.0065501e-03   2.2025837e-02   9.4968673e-02  -8.4278666e-04  -1.5883704e-03   2.3469334e-03
   4.2396292e-03   2.6575959e-02   9.6261783e-02  -6.7387721e-04  -1.6429703e-03   2.4211880e-03
   2.1217825e-05   3.8611169e-02   1.0251267e-01  -7.6375317e-04  -1.8262531e-03   2.4547519e-03
   2.5742396e-03   2.0497873e-02   9.3174951e-02  -5.4410157e-04  -1.8830895e-03   2.6748673e-03
   3.4583928e-03   2.1676360e-02   1.0143698e-01  -7.6122830e-04  -2.0830886e-03   2.9369301e-03
   4.1717016e-03   4.8090370e-02   1.1562880e-01  -6.8944152e-04  -1.9269409e-03   3.0360869e-03
   9.6010183e-03   4.0499253e-02   1.4937741e-01  -1.0214139e-03  -1.7977678e-03   3.0694607e-03
   1.0630448e-02   4.9422069e-02   1.4450104e-01  -1.3533286e-03  -1.8159234e-03   3.1977202e-03
   1.1912253e-02   3.9989704e-02   1.4032799e-01  -1.2993421e-03  -2.1180646e-03   3.3203399e-03
   1.4895477e-02   2.9301136e-02   1.3806338e-01  -2.1142468e-03  -2.0879304e-03   3.2201742e-03
   1.1706935e-02   5.1079053e-02   1.3681099e-01  -2.1499957e-03  -2.2477366e-03   3.2348042e-03
   1.4654811e-02   3.7119289e-02   1.1864064e-01  -1.9033649e-03  -2.2171815e-03   3.4728896e-03
   1.6397966e-02   2.6736845e-02   1.3688399e-01  -2.7974451e-03  -2.0322019e-03   3.1938650e-03
   1.5383644e-02   5.0225872e-02   1.4351282e-01  -2.8867336e-03  -2.0992060e-03   3.1449406e-03
   9.7427095e-03   4.3928702e-02   1.5381030e-01  -2.4056089e-03  -2.3828438e-03   3.4352728e-03
   5.5388688e-03   3.5253757e-02   1.5646870e-01  -2.5966504e-03  -2.5460886e-03   3.3855392e-03
   3.7694848e-03   4.3057944e-02   2.0473261e-01  -2.8136430e-03  -2.6097284e-03   3.0678613e-03
   3.2625504e-03   2.9215461e-02   1.6110037e-01  -2.7409564e-03  -2.6562044e-03   3.3079008e-03
   1.3949426e-02   9.3220805e-03   2.1362615e-01  -3.7294956e-03  -2.5964103e-03   2.9233026e-03
  -8.8342676e-03   1.9158376e-03   1.5382528e-01  -3.2559688e-03  -1.7124514e-03   1.2793036e-03
   1.0141261e-02  -8.7533160e-03   1.2351876e-01  -3.1934486e-03  -1.2487232e-03   2.4073609e-03
   1.0653292e-02   1.6251510e-02   1.5076572e-01  -4.4763943e-03  -1.4859297e-03   2.4785237e-03
   1.6095994e-02   4.0892390e-03   1.5386651e-01  -4.2983365e-03  -1.1352494e-03   2.5777970e-03
   1.9149750e-02   8.4840046e-03   2.0144635e-01  -4.4031144e-03  -1.1024791e-03   2.5064272e-03
   1.6385151e-02   2.2808471e-02   1.7169434e-01  -4.0665963e-03  -1.2267962e-03   2.9950794e-03
   9.3942694e-03   1.3883782e-02   1.8169778e-01  -3.7449347e-03  -1.5554912e-03   3.0497970e-03
   1.1302638e-02   2.6672816e-02   1.7115361e-01  -4.2764993e-03  -1.3716618e-03   3.0590889e-03
   1.1225318e-02   2.1601340e-02   1.8516055e-01  -4.1138439e-03  -1.5911961e-03   3.0147369e-03
   1.4868117e-02   1.0239994e-02   1.6596955e-01  -3.9154598e-03  -1.6339273e-03   3.0811526e-03
   1.6657618e-02   3.1161404e-02   1.6621760e-01  -4.1857968e-03  -1.4589122e-03   3.1991532e-03
   1.4075938e-02   3.7540858e-02   1.7384652e-01  -4.5084192e-03  -1.4783800e-03   3.0971995e-03
   1.8464468e-02  -1.4653473e-03   1.8415231e-01  -4.2400201e-03  -1.5339241e-03   3.1996027e-03
   1.7810719e-02   1.1006288e-02   1.8670797e-01  -5.0875178e-03  -1.5886473e-03   3.0872258e-03
   1.7174862e-02   2.2432275e-02   1.8078962e-01  -4.9419796e-03  -1.8384065e-03   3.1560767e-03
   1.8440216e-02   1.2824552e-02   1.6389626e-01  -4.8297919e-03  -1.6434068e-03   3.2950487e-03
   1.6891368e-02   1.0545943e-02   1.7760712e-01  -4.8339824e-03  -1.6442618e-03   3.4326041e-03
   1.5979561e-02   3.8246270e-02   1.7891459e-01  -4.9676128e-03  -1.5327114e-03   3.5088185e-03
   2.0833050e-02   2.2885017e-02   1.8855950e-01  -4.6767422e-03  -1.6582066e-03   3.5791630e-03
   2.2901160e-02   7.8205488e-03   1.7780816e-01  -5.1374362e-03  -1.5958461e-03   3.5959065e-03
   2.0871591e-02   2.8052871e-02   2.1101083e-01  -4.8331744e-03  -1.6550134e-03   3.7825365e-03
   2.3443867e-02   2.2393872e-02   2.0860889e-01  -4.9664226e-03  -1.7350158e-03   3.6597003e-03
   2.5490372e-02   2.9335375e-04   2.4137333e-01  -5.0592948e-03  -1.5087954e-03   3.6527255e-03
   2.4097053e-02   4.0679560e-02   2.2097569e-01  -6.1563733e-03  -1.3050482e-03   3.5113798e-03
   2.9004858e-02   8.7450442e-03   2.4153512e-01  -5.7820724e-03  -1.1611244e-03   3.5336078e-03
   3.0349006e-02  -2.0059605e-02   2.5301328e-01  -5.7905244e-03  -1.7010610e-03   3.8085707e-03
   3.3757169e-02  -1.3397437e-02   2.3374237e-01  -4.1487145e-03  -6.1347518e-04   3.1440417e-03
   3.5175177e-02   2.8663436e-02   2.3476216e-01  -4.9154198e-03  -2.7202722e-04   3.5080341e-03
   4.0041522e-02  -6.4468419e-03   2.7188395e-01  -6.0878504e-03  -8.6781006e-04   3.6165637e-03
   3.8811668e-02   2.1143950e-02   2.8437205e-01  -5.9456724e-03  -8.1133725e-04   3.6548726e-03
   3.9872959e-02   1.7722520e-02   2.9820323e-01  -5.8380630e-03  -1.2494342e-03   3.8589888e-03
   3.9227499e-02   7.0535262e-04   3.1821149e-01  -5.8032246e-03  -7.4562653e-04   3.8241594e-03
   4.1538406e-02   2.2783826e-02   3.1875207e-01  -5.9701537e-03  -1.1096820e-03   3.8632792e-03
   4.2923438e-02   7.1686883e-05   2.9029340e-01  -5.7164208e-03  -1.1261056e-03   3.8750480e-03
   4.0383088e-02   1.9224959e-02   2.9211880e-01  -6.0551657e-03  -1.2848251e-03   3.8616119e-03
   3.9831610e-02   2.5819174e-02   2.9090329e-01  -5.7933235e-03  -1.3734516e-03   4.0074936e-03
   4.2606026e-02  -6.7655715e-03   2.8979261e-01  -5.8631910e-03  -1.3441832e-03   3.9300111e-03
   4.2981867e-02   1.8553465e-02   2.7045741e-01  -6.2104538e-03  -1.2620976e-03   3.9221376e-03
   3.7115300e-02   1.3051210e-02   2.6607127e-01  -6.0441019e-03  -1.5698063e-03   4.0459789e-03
   3.8681216e-02  -6.5888210e-03   2.5705782e-01  -6.1228271e-03  -1.3856398e-03   4.1563900e-03
   3.6384232e-02   2.0164532e-02   2.5872431e-01  -6.3533848e-03  -1.4252720e-03   4.0943588e-03
   3.8983551e-02   2.9402705e-02   2.4419043e-01  -5.9767872e-03  -1.5238332e-03   4.1831081e-03
   4.3428573e-02   1.7312000e-02   2.3986041e-01  -6.3264590e-03  -1.3586419e-03   4.2003426e-03
   3.6634869e-02   2.1786485e-02   2.5655959e-01  -6.1465469e-03  -1.3407078e-03   4.3238955e-03
   3.5915081e-02   8.3158125e-03   2.5542998e-01  -5.9145117e-03  -1.5087710e-03   4.4836611e-03
   3.4506640e-02   2.7578844e-03   2.5010009e-01  -5.8493209e-03  -1.3188933e-03   4.3651131e-03
   3.2447791e-02   2.7417694e-02   2.7190820e-01  -6.1685180e-03  -1.4567624e-03   4.2960863e-03
   3.6973741e-02   7.0244681e-04   2.6314913e-01  -6.1954751e-03  -1.4555682e-03   4.3379587e-03
   3.8789330e-02   1.0799759e-03   2.6058085e-01  -6.4265971e-03  -1.2887126e-03   4.3908932e-03
   4.0376296e-02   3.9478669e-03   2.3050516e-01  -6.6350155e-03  -1.5098914e-03   4.3997465e-03
   4.3498632e-02  -2.8384503e-03   2.4335984e-01  -6.4843115e-03  -1.5194473e-03   4.4774586e-03
   4.0728362e-02  -4.7268541e-04   2.3129740e-01  -6.7859260e-03  -1.5821814e-03   4.4361838e-03
   4.4603210e-02  -9.3527833e-03   2.1533928e-01  -6.5074213e-03  -1.6841363e-03   4.6607791e-03
   4.6513643e-02   1.6126466e-02   2.5044223e-01  -6.2898496e-03  -1.6409932e-03   4.7060164e-03
   4.7907489e-02   3.3172947e-02   2.5688764e-01  -6.0210079e-03  -1.7495002e-03   4.7776342e-03
   5.2378491e-02   3.1982193e-03   2.4412920e-01  -5.8279575e-03  -1.6886750e-03   4.9434558e-03
   5.3523847e-02   2.3962388e-02   2.3934667e-01  -5.9973438e-03  -1.7235428e-03   4.9428337e-03
   4.8249301e-02   3.5075565e-02   2.5445579e-01  -5.9668236e-03  -1.8443865e-03   4.9395321e-03
   4.8170704e-02   1.1035132e-02   2.6062978e-01  -5.7937926e-03  -1.7985062e-03   4.9672685e-03
   4.3532313e-02   1.2769218e-02   2.6110068e-01  -5.9930863e-03  -1.7076884e-03   4.8378990e-03
   4.2266783e-02   2.8842440e-02   2.4099195e-01  -5.8837570e-03  -2.0330088e-03   4.7765947e-03
   4.3524536e-02   1.7206681e-02   2.3933696e-01  -5.6908526e-03  -1.9642673e-03   4.8221642e-03
   4.1392107e-02   1.8694872e-02   2.4812906e-01  -5.8394565e-03  -1.7418382e-03   4.7492460e-03
   4.1359061e-02   1.9151883e-02   2.4712667e-01  -6.0001664e-03  -1.8733438e-03   4.6657801e-03
   3.7950898e-02   1.1763913e-02   2.2437945e-01  -5.5485798e-03  -2.0633408e-03   4.8312503e-03
   3.6623649e-02   1.5829423e-02   2.2675369e-01  -5.5483869e-03  -1.9209328e-03   4.7893393e-03
   3.9574083e-02   4.3064379e-02   2.3028082e-01  -5.6359451e-03  -2.0694439e-03   4.6963254e-03
   4.0183502e-02   3.2881891e-02   2.3050737e-01  -5.3806047e-03  -2.0608021e-03   4.7290599e-03
   4.3044957e-02   2.9247446e-02   2.2043507e-01  -5.7051522e-03  -1.8231166e-03   4.6758543e-03
   4.1023030e-02   3.6596638e-02   2.3359143e-01  -5.7160324e-03  -1.7284644e-03   4.7126739e-03
   4.8633778e-02   4.1753722e-02   2.5405265e-01  -5.2941119e-03  -1.7707634e-03   4.9006388e-03
   5.8150508e-02   4.3040030e-02   3.3195167e-01  -5.2166325e-03  -1.3742624e-03   4.5913939e-03
   4.3120949e-02   4.4130837e-02   2.6772997e-01  -6.0199427e-03  -1.6703566e-03   4.6103074e-03
   5.0619098e-02  -4.4185821e-03   2.5570883e-01  -6.3362316e-03  -1.6305320e-03   4.5148075e-03
   4.9140272e-02   2.4252860e-02   2.3660241e-01  -7.0350682e-03  -1.6753988e-03   4.5207511e-03
   6.1401289e-02  -3.9084201e-03   2.3868627e-01  -6.9110791e-03  -1.5486038e-03   4.8407413e-03
   6.0540369e-02   1.5138471e-02   2.4002132e-01  -7.2104956e-03  -1.2808473e-03   4.8718409e-03
   5.7120007e-02   1.3980861e-02   2.1545891e-01  -6.8445179e-03  -1.6044631e-03   5.1259467e-03
   5.2197456e-02   1.2457482e-02   2.3009918e-01  -6.5151483e-03  -1.3931206e-03   5.2530753e-03
   5.1512272e-02   2.5325146e-02   2.4822967e-01  -6.3036367e-03  -1.3568369e-03   5.3440045e-03
   5.7479692e-02   4.8678465e-02   2.6829740e-01  -5.9271939e-03  -1.2566919e-03   5.3924519e-03
   5.8125586e-02   3.6529860e-02   2.5095396e-01  -6.1405528e-03  -1.3552842e-03   5.5646759e-03
   5.4237809e-02   2.7312277e-02   2.5465304e-01  -6.4566983e-03  -1.1531032e-03   5.4198703e-03
   5.9689733e-02   3.6706662e-02   2.6333258e-01  -6.5474800e-03  -1.1612071e-03   5.3373274e-03
   6.3216178e-02   2.1413704e-02   2.5157812e-01  -6.5741647e-03  -1.1009318e-03   5.6226838e-03
   6.1972163e-02   2.3167122e-02   2.5154662e-01  -6.8040700e-03  -9.8253239e-04   5.6326149e-03
   6.0583534e-02   2.8357075e-02   2.5839120e-01  -6.8529601e-03  -1.0259387e-03   5.8285971e-03
   5.8329430e-02   4.0037792e-02   2.5782394e-01  -6.5570296e-03  -1.1943917e-03   5.9810061e-03
   6.0520382e-02   9.7325153e-03   2.8046612e-01  -6.5007404e-03  -9.4217887e-04   5.7953380e-03
   6.4851462e-02   8.1376027e-03   2.7219095e-01  -6.8802156e-03  -9.5851044e-04   5.7219947e-03
   6.4242949e-02   1.4895528e-02   2.5193364e-01  -6.5713998e-03  -1.2942756e-03   5.7825504e-03
   6.4059697e-02   7.1583350e-03   2.5279580e-01  -6.5264175e-03  -1.0008647e-03   5.7301005e-03
   6.2915243e-02   3.3220367e-02   2.7771995e-01  -6.4832740e-03  -7.9128983e-04   5.7746437e-03
   6.6787924e-02   2.1830045e-02   2.6896535e-01  -6.3808988e-03  -9.9165093e-04   5.8031232e-03
   7.1254730e-02   1.9476011e-02   2.3955309e-01  -6.7219626e-03  -6.7447079e-04   5.8140267e-03
   7.2756366e-02   6.0279196e-02   2.3041889e-01  -6.8680040e-03  -5.0933350e-04   5.7100994e-03
   6.7154198e-02   3.5971867e-02   2.2256743e-01  -6.3131441e-03  -6.9472020e-04   5.7392258e-03
   7.8232022e-02   2.0212975e-02   2.4883116e-01  -7.1631202e-03  -4.6911926e-04   5.6315344e-03
   7.8089740e-02   8.9250384e-03   2.8104553e-01  -6.8403318e-03  -4.1971484e-04   5.3609685e-03
   7.7157335e-02   2.6667649e-02   3.0667307e-01  -7.5055809e-03  -6.6526672e-04   5.1589390e-03
   7.6974635e-02   2.6808970e-02   3.0258661e-01  -5.3182327e-03  -1.0473994e-03   5.8581049e-03
   7.7263280e-02   6.6434061e-02   3.3651720e-01  -1.6553790e-03  -8.4983010e-04   5.7942558e-03
   7.5137270e-02   8.7910464e-02   3.5842555e-01  -3.7772445e-03  -8.2707196e-04   5.7840878e-03
   6.9754934e-02   6.1634307e-02   3.2771157e-01  -4.2266922e-03  -1.0386393e-03   5.9290696e-03
   6.9653484e-02  -1.0502434e-02   3.3427437e-01  -4.9663695e-03  -1.2567317e-03   5.7383578e-03
   7.0011786e-02   4.2114459e-02   3.0694073e-01  -5.5478637e-03  -9.3671298e-04   5.3499744e-03
   7.9449576e-02  -8.4443666e-03   3.3856664e-01  -5.4170249e-03  -1.4936402e-03   5.5852164e-03
   8.2038736e-02   6.4331548e-02   3.3173705e-01  -5.2043176e-03  -8.8161594e-04   5.1378758e-03
   8.7384271e-02   1.0626259e-02   3.8953718e-01  -2.5030093e-03  -1.0844819e-03   5.5751191e-03
   7.5237217e-02   3.6471998e-02   3.9810919e-01  -4.2057812e-03  -1.1408098e-03   5.4931162e-03
   7.2179202e-02   2.3705806e-02   3.9961957e-01  -4.9526643e-03  -1.1004701e-03   5.2563360e-03
   7.4624024e-02   1.1258142e-02   3.9978086e-01  -5.0375100e-03  -1.3211958e-03   5.3388713e-03
   7.5205239e-02   2.7400028e-02   3.9660896e-01  -5.5797390e-03  -1.0836816e-03   5.1516403e-03
