   0.0000000e+00   0.0000000e+00   0.0000000e+00   0.0000000e+00   0.0000000e+00   0.0000000e+00
   3.5567599e-03  -1.9805195e-02   3.1792364e-02   5.8557106e-04   4.7372850e-05   1.3668322e-04
   2.6911249e-02  -2.6856614e-02   3.8891807e-03  -3.0409518e-04   9.1098727e-04   3.4348635e-04
   2.3652542e-02   2.4585767e-02   7.4529334e-03  -3.1285092e-04   1.2858121e-03   2.0807331e-04
   1.4636505e-02   9.8846167e-03   4.1847233e-02   8.0294907e-04   1.1368514e-03   6.1389994e-04
   8.6884606e-03  -4.0027313e-02  -1.5744647e-02  -7.4291801e-04   1.5271303e-03   6.1038949e-04
   1.0427831e-02  -1.1339867e-02   1.3346084e-02   4.1786147e-04   1.3502195e-03   9.3396989e-04
   1.8099510e-02  -3.4754981e-02  -1.4614356e-02   7.7510352e-04   1.7133320e-04   9.4392398e-04
   1.7059952e-02  -4.0452812e-02  -3.9005204e-02   8.4509065e-04   7.4846525e-05   9.2719258e-04
   2.2095048e-02  -6.9236126e-03  -1.4385626e-02   6.7001134e-04  -1.7745257e-04   8.9372167e-04
   2.0451357e-02  -2.0932202e-02  -2.0521999e-02   8.7897156e-04  -2.7866118e-04   9.5719352e-04
   3.3204208e-02  -2.7150583e-02  -1.8096778e-02   1.3059953e-03  -5.4787699e-04   1.0145686e-03
   3.8097940e-02  -2.7421323e-02  -5.5026920e-02   8.2199079e-04  -8.7771151e-04   9.7203393e-04
   5.1249347e-02   8.2548263e-03  -4.7945828e-02   9.5428394e-04  -1.2502643e-03   9.2011485e-04
   5.2424284e-02  -1.9968584e-02  -5.7267965e-02   9.9231959e-04  -1.2187959e-03   1.2090434e-03
   5.3571190e-02  -5.8715787e-02  -8.0721079e-02   4.4945393e-04  -1.0657378e-03   1.4431179e-03
   6.7356445e-02  -9.9339157e-03  -1.5144014e-01  -4.6495802e-05  -1.2285303e-03   1.4388516e-03
   7.2358966e-02   3.0137100e-02  -1.1049367e-01   5.5246943e-04  -1.3293422e-03   1.5639007e-03
   7.9987532e-02  -3.9232238e-02  -8.1167364e-02   1.2448071e-03  -1.4098051e-03   1.5481710e-03
   6.8555346e-02  -2.2407705e-02  -3.8405757e-02   1.1032639e-03  -1.2605893e-03   1.5039268e-03
   6.7871203e-02  -3.4851518e-02  -3.3750624e-02   1.4423975e-03  -1.3609092e-03   1.5663786e-03
   5.3161647e-02  -2.6552791e-02  -3.1356369e-02   1.7867234e-03  -1.6024118e-03   1.7409848e-03
   5.9694866e-02  -5.3628379e-02  -7.5264162e-02   1.4006483e-03  -1.6377109e-03   1.6603496e-03
   6.0475145e-02  -1.3943417e-02  -3.9621535e-02   1.3338594e-03  -1.6135064e-03   1.6712688e-03
   5.3367666e-02  -1.1728947e-02  -7.8227779e-02   1.5172647e-03  -1.3804259e-03   1.9694128e-03
   2.9492183e-02   4.9780933e-02   4.1156251e-02   1.6900396e-03  -1.1124554e-03   9.3607736e-04
   3.1225404e-03   3.8580431e-02  -8.4282229e-02   1.6669968e-04  -6.6440496e-04  -5.0982288e-04
  -5.7095279e-03   7.3550444e-02  -1.1642451e-01  -6.6824722e-04  -6.9671192e-04  -5.7629249e-04
   5.7587925e-03   6.1799540e-02  -1.6845361e-01  -6.8450465e-04  -8.7267217e-04  -3.2579488e-04
   1.8087129e-02   6.2775675e-02  -1.4189294e-01  -5.4653459e-04  -5.2555169e-04  -8.9921460e-05
  -1.1382370e-02   1.0619282e-02  -5.7395158e-02   5.5949680e-04  -4.8981174e-04   6.6464544e-04
  -1.1242074e-02   1.3350357e-02  -3.4412550e-02   6.5391781e-04  -1.0353522e-03   7.0041153e-04
   4.2839781e-03  -8.0909202e-03  -2.7981496e-02   6.5246763e-04  -1.1432537e-03   4.9415525e-04
  -7.3798201e-03   2.2859180e-02  -2.2981225e-03   6.1021705e-04  -9.7997089e-04   6.5520175e-04
  -2.2551196e-02  -5.2339532e-02  -3.4044564e-02   1.8966670e-04  -8.8930426e-04   1.1692396e-03
  -2.3933692e-02   8.9353928e-03  -7.2074458e-03   5.6991876e-04  -1.1873932e-03   8.6935527e-04
   1.1517656e-03  -1.5907385e-02  -7.0700833e-02   1.0480891e-03  -1.3442335e-03   1.1691646e-03
   7.1307438e-03  -2.4187178e-02   1.1001917e-02   1.0620933e-03  -9.2632580e-04   8.7712752e-04
  -9.7822376e-03  -3.5183362e-02  -5.5402526e-02   1.9204396e-03  -9.3522712e-04   1.4501268e-03
  -1.1948714e-02  -1.5393471e-02   1.5571145e-01   5.0947229e-04  -1.0119497e-03   5.9128125e-04
  -2.7604374e-02   1.0851183e-02  -2.1400616e-02   1.3661533e-03  -1.1574010e-03   4.7214519e-04
  -6.8509181e-03   2.3843014e-02  -1.6622614e-01   6.0111567e-04  -7.5216985e-04   7.9869663e-04
  -6.9001632e-04   3.4502671e-03   8.3793061e-03   1.0281421e-03  -9.0199965e-04   7.6600379e-04
   2.4475979e-03   3.9497888e-03  -5.3501958e-02   8.3355784e-04  -3.9621606e-04   4.1102619e-04
  -7.7452375e-04   3.2558945e-02   1.8047010e-02   1.1946777e-03  -3.3323968e-04   4.7870482e-04
   7.4240419e-03   7.5017983e-03  -3.5501567e-02   9.2254545e-04  -4.9902535e-04   3.4749636e-04
   1.1421529e-02   1.0019109e-02  -2.9803312e-02   8.5211792e-04  -6.4870871e-05   3.4737206e-04
   2.5783497e-03   7.2540841e-02  -4.6955329e-02   8.9598399e-04  -1.0784300e-04   1.0003678e-03
   9.6979363e-03   2.2548380e-02  -5.4004890e-03   1.1137344e-03  -8.8064635e-05   1.1450750e-03
   4.4958778e-03   1.5826691e-02  -5.2481391e-02   4.2907240e-04   1.6110927e-04   1.1580459e-03
   1.2062481e-02   3.5345116e-02  -3.4394308e-02   8.6455023e-04   3.8738313e-04   7.7725510e-04
   9.0030305e-03   5.1699299e-02  -1.3031748e-01   2.5223697e-04  -4.6143151e-05   4.9277974e-05
   1.9343531e-02  -3.0565006e-03  -1.1012108e-01   4.7326175e-04   2.2437931e-04  -1.5538595e-04
   2.0766707e-02   7.1356256e-02  -1.0198008e-01  -3.8670896e-04   2.6232394e-04   2.9733913e-04
   1.6131366e-02   8.9940470e-02  -5.7715642e-02   1.9274269e-03  -5.0278999e-05   1.2781574e-04
   9.8237532e-03  -1.3047651e-01  -8.6869571e-02   1.2659482e-03  -2.4984218e-04   3.9866672e-04
   7.8276419e-03   5.2437342e-02  -3.7738486e-02   1.0842464e-03  -2.1495923e-04   2.2244165e-04
   1.2454898e-02  -8.7804757e-03  -1.5450534e-02   1.8614388e-03  -4.5533933e-04  -4.5961175e-05
   1.6714407e-03   1.0019308e-02   2.7637669e-02   2.2106950e-03  -1.1094622e-04  -1.5949994e-05
   9.3140076e-03   1.9392889e-02  -1.2948997e-02   1.3653227e-03  -4.2941829e-04  -9.5501438e-05
   9.4372234e-03  -2.1911231e-02  -7.4902067e-03   1.5295592e-03   1.0411957e-04  -3.2719280e-04
   1.1429751e-02   2.4006677e-02  -4.0458648e-02   1.0672920e-03  -7.3733181e-05  -3.4173814e-04
   1.2336813e-02  -4.8735473e-02  -2.0556163e-02   1.3858786e-03   3.4114366e-05  -4.5952487e-04
   1.3736820e-02   6.9893167e-02  -9.0884276e-02   9.3161627e-04   3.5001241e-04  -2.1408438e-04
   1.3541119e-02   2.3221739e-02  -1.0159965e-01   1.2285257e-03  -1.5634579e-04   1.2805644e-04
   9.5919263e-03   2.0141363e-02  -7.4817583e-02   1.0902906e-03  -4.4959949e-04  -4.4203846e-04
  -3.6398576e-05   2.8293155e-02  -1.6037477e-03   2.2582890e-03  -5.9335142e-04  -5.2512268e-04
   7.0582894e-03   5.5495180e-03  -3.5084904e-02   2.3392091e-03  -2.3648207e-04  -2.4488465e-04
   2.5453627e-02  -7.3658250e-03  -9.3154940e-02   1.0557418e-03  -3.1630842e-04  -4.0046437e-04
   2.4424310e-02   5.5944013e-02  -1.4708096e-01   8.8223076e-04  -4.2943038e-04  -5.7027779e-04
   2.5673503e-02   6.9559550e-02  -9.1741013e-02   1.9111997e-03  -4.7811515e-04  -2.9337020e-04
   3.8820087e-02   4.9148248e-02  -7.6328821e-02   1.9551954e-03  -4.2305681e-04  -1.0402473e-04
   4.6679374e-02   1.9741833e-02  -6.5298187e-02   1.2131927e-03   2.9173979e-04  -5.1014627e-04
   4.4420986e-02   6.9546902e-02  -6.4736074e-02   1.0454042e-03   7.2486950e-04  -3.1636236e-04
   2.8342461e-02   9.6156341e-02  -8.1091298e-02   8.9894314e-04  -4.9844183e-04  -2.3896655e-05
   3.9913656e-02   8.4773428e-03  -1.0605558e-01   2.8119040e-03  -1.6786106e-04  -2.5392875e-04
   5.8123760e-02   3.6443769e-02  -3.7547744e-02   2.7257377e-03   5.4168106e-04  -5.4988222e-04
   6.9111314e-02   1.3729105e-01  -2.2748779e-02   2.6692154e-03   2.2792753e-04  -1.0828418e-03
   3.0229016e-02   3.3880667e-03  -7.2584835e-02   3.7115188e-04  -2.1620423e-04  -2.2743800e-03
   6.8394309e-03   1.3007711e-01  -1.9554081e-02   4.5090605e-04   6.3030620e-05  -2.0722724e-03
   7.6013580e-04   5.4966112e-02  -5.9553562e-02   1.5083050e-04  -5.8989829e-05  -1.3105085e-03
   1.7473671e-04   6.9387272e-02  -1.8504804e-02   4.2316706e-04  -1.4278862e-04  -1.4393737e-03
   1.5454749e-04   6.5771138e-02  -2.7068976e-03   1.1280098e-03  -1.9551592e-04  -1.2405835e-03
  -1.5853291e-03   6.4278049e-02  -2.5792444e-02   4.7181241e-04   1.1909720e-04  -1.1333429e-03
   1.1334665e-02   4.2980292e-02  -4.8925255e-02   6.6736629e-04   1.2640605e-04  -9.8505958e-04
   1.5210743e-02   7.9737354e-02  -3.3034153e-02   2.8381290e-04   2.6667198e-04  -1.3059739e-03
   1.0896790e-02   5.7436015e-02  -7.3197919e-02   1.0970146e-03  -1.9929772e-05  -9.6201917e-04
   2.5607978e-02   5.8392372e-02  -6.8830934e-02   8.9737501e-04   2.2574732e-04  -9.7143140e-04
   1.3793781e-02   7.8212554e-02  -5.3847974e-02   2.3509695e-04   1.1656170e-04  -1.4274501e-03
   1.6278366e-02   7.3585289e-02  -6.4990407e-02   7.9016266e-04  -3.3234573e-04  -1.6805920e-03
   3.5525490e-02   1.2244652e-01  -4.7835525e-02   6.8412466e-04  -5.0376172e-04  -1.1126307e-03
   5.6099376e-02   6.3883412e-02   2.4767188e-02   1.1407900e-03   2.1957777e-04  -1.6308327e-03
   6.2854114e-02   1.2624734e-01  -3.1634021e-02   3.8108041e-04   2.5017012e-04  -1.8261460e-03
   6.8222342e-02   1.8072163e-02  -3.8220006e-03   6.4313190e-04   7.3873772e-04  -1.6525891e-03
   7.0403838e-02   1.0709244e-01  -9.4543687e-02   8.8498826e-04   7.6131279e-04  -1.4168102e-03
   5.5364388e-02   7.0161230e-02  -1.0368919e-01   1.4101076e-03   4.8054884e-04  -1.6576205e-03
   5.2467134e-02   9.4302986e-02   3.8256847e-02   1.8645476e-03   7.9425676e-04  -1.6729039e-03
   6.3988732e-02   1.2022028e-01   4.3858654e-03   1.7624301e-03   6.9466891e-04  -1.8094255e-03
   7.1256564e-02   8.3539763e-02  -9.2190314e-02   2.5462687e-04   7.5232387e-05  -1.6641419e-03
   6.7408907e-02   2.0684438e-01   6.9858634e-02   4.1656577e-03  -2.1877511e-04  -2.5861471e-03
   7.8087321e-02  -8.8020507e-02   4.7488709e-02   4.9448268e-03  -6.0754526e-04  -4.1703488e-03
   5.9545783e-02   3.6911351e-02  -1.1772506e-01   1.5118155e-03  -9.5303117e-04  -3.4111034e-03
   1.0426604e-01   1.1793182e-01  -9.1772153e-02   1.1743449e-03  -9.4747144e-04  -4.0349591e-03
   1.1174170e-01   7.6658810e-02  -1.0284638e-01   5.1841753e-04  -6.1286967e-04  -3.8968422e-03
   8.6725676e-02   5.0094867e-02  -5.5159104e-02   1.2676303e-03  -1.1567866e-04  -4.0906704e-03
   8.6250818e-02   9.9452208e-02  -8.7644419e-02   7.2905670e-04   2.0899847e-04  -4.7099184e-03
   9.3293464e-02   4.4347084e-02  -5.8916307e-02   1.3546015e-03   5.9235433e-04  -5.2325351e-03
   1.0311269e-01   4.4797610e-02  -9.4080372e-02   1.0593157e-03   3.7997627e-04  -5.2840363e-03
   9.3272277e-02   7.1763993e-02  -1.0161872e-01   1.5129287e-03   1.4643134e-04  -5.2395470e-03
   9.8749982e-02   6.2455363e-02  -9.3556226e-02   1.4881207e-03  -3.1357888e-04  -4.9271651e-03
   1.2000042e-01   6.1953558e-02  -4.9963430e-02   2.4703088e-03  -7.5026447e-04  -5.4348792e-03
   1.1673100e-01  -1.9218139e-02  -1.6353879e-01   1.6929939e-03  -2.7037917e-04  -5.7346955e-03
   1.3851978e-01   1.4435734e-01  -1.5017000e-01   1.6984022e-03  -8.9962028e-05  -6.0418325e-03
   1.3844743e-01   8.2579078e-02  -1.3613182e-01   2.5944772e-03  -3.6513327e-04  -5.8466692e-03
   1.4294077e-01   7.0312296e-02  -9.8921033e-02   2.4013523e-03  -5.7924493e-04  -6.3678536e-03
   1.3672166e-01   6.8790971e-02  -9.8645330e-02   3.0210140e-03  -5.7751774e-04  -6.6937757e-03
   1.3676267e-01   8.0977935e-02  -1.6253831e-01   3.2895842e-03  -5.7382876e-04  -6.3681702e-03
   9.7762259e-02  -5.4676421e-02  -3.0856309e-01   2.1551618e-03   5.4134246e-04  -4.3124296e-03
   1.3241544e-01   2.0097254e-01  -1.4463858e-01   2.0164482e-03   1.0036548e-03  -4.2216564e-03
   1.2163165e-01   3.3535607e-02  -6.1406062e-01   2.3066382e-03   3.9016608e-04  -4.4294231e-03
   1.5423772e-01   4.5826190e-02  -6.9268862e-01   2.2319880e-03   1.1641926e-03  -4.4529357e-03
   1.8604802e-01   4.9586345e-02  -5.4574979e-01   5.0434939e-03   4.7041549e-04  -4.4974831e-03
   2.2209160e-01   6.4378060e-02  -5.4962562e-01   5.2109775e-03   3.8415797e-04  -5.1227782e-03
   2.2041368e-01   9.5314392e-02  -5.4152987e-01   6.2738125e-03   1.5139227e-04  -5.3946576e-03
   2.1772715e-01  -1.0851719e-01  -4.8744165e-01   7.3463983e-03   4.7242001e-04  -5.7868022e-03
   2.2632054e-01   8.3411893e-03  -3.9762632e-01   7.1942729e-03   9.9658136e-05  -5.8778741e-03
   2.0749439e-01   5.4915667e-02  -4.6074231e-01   6.8472049e-03  -3.0771897e-04  -5.3418209e-03
   2.2072761e-01   1.1771326e-02  -4.4907793e-01   7.0347832e-03  -9.0071072e-05  -5.8350696e-03
   2.1963718e-01  -3.8861219e-04  -3.6644689e-01   7.1862038e-03  -1.9806360e-04  -5.7036330e-03
