   0.0000000e+00   0.0000000e+00  -7.1054274e-15   6.9388939e-18   3.4694470e-18  -2.4074124e-35
   1.3452074e-02   7.0746247e-02   6.8040471e-02  -5.7065454e-04  -2.6045576e-04  -2.7964624e-04
   6.5251988e-03  -4.0311269e-03   7.5466472e-02  -1.7535482e-04  -1.7066847e-04  -2.5715317e-04
   6.7851500e-03   7.4620537e-03   4.3243329e-02  -4.7089637e-04  -4.2540229e-04  -1.9248984e-04
   2.6412748e-03   6.1606580e-02   4.1804170e-02  -6.9890754e-04  -5.9830125e-04  -1.6722316e-04
   1.4042149e-03   2.5548113e-02   3.5442526e-02  -4.6269788e-04  -4.9927714e-04  -5.6402493e-05
  -3.7833021e-03   5.2908522e-02   4.4702459e-02  -8.3642603e-04   4.4393690e-05  -7.5742312e-05
  -1.8446786e-02   4.0409845e-02   5.6220070e-02  -3.2225583e-04   4.6046113e-04   2.8117570e-05
  -4.0938479e-02   7.9313791e-02   6.9118039e-02  -7.0766561e-04   5.9141413e-04   2.5479374e-04
  -2.1176816e-02   5.6908514e-02   3.4962261e-02  -6.4078354e-04   6.8127705e-04   2.0683099e-04
  -4.3854816e-02   8.1717857e-02   7.6138256e-02  -8.7593338e-04   9.1448046e-04   2.4589152e-04
  -3.1179066e-02   8.1843612e-02   3.4505108e-02  -1.1977325e-03   5.5153739e-04   2.2365604e-04
  -3.2594453e-02   1.0530800e-01   7.3391335e-02  -1.3434139e-03   8.9804063e-04   5.0501498e-04
  -1.9090996e-02   8.9796332e-02   2.2220174e-02  -1.5284444e-03   9.0610031e-04   1.8651817e-04
  -3.5845762e-02   1.0685509e-01   7.7487613e-02  -1.6271315e-03   9.7558237e-04   3.4164068e-04
  -4.6708046e-02   9.6923604e-02  -1.8108487e-04  -1.8231153e-03   8.9967984e-04   2.1316218e-04
  -3.2761855e-02   9.5809254e-02   2.4012863e-03  -1.8752804e-03   7.3057809e-04   2.3824175e-04
  -4.6012083e-02   8.6759494e-02  -2.5760513e-02  -1.9032642e-03   7.4008252e-04   2.1618857e-04
  -4.9538481e-02   8.1741089e-02  -7.6819191e-03  -1.7428102e-03   4.8408528e-04   3.8965878e-04
  -3.6519565e-02   1.1930273e-01   1.5634595e-02  -1.5435388e-03   5.2874269e-04   3.4707932e-04
  -3.6211463e-02   1.0643265e-01   1.5265414e-02  -1.6769744e-03   7.2930203e-04   3.3659293e-04
  -3.8616749e-02   1.2889440e-01  -2.3977428e-02  -1.9174747e-03   9.2566130e-04   3.5577212e-04
  -3.4494473e-02   1.0374787e-01   8.7103316e-03  -1.7597485e-03   5.6887560e-04   3.1991254e-04
  -4.3877087e-02   1.2852193e-01  -2.6393400e-02  -1.9450018e-03   7.2487594e-04   3.4140927e-04
  -4.9908071e-02   1.0109910e-01   2.3889692e-03  -2.2744724e-03   7.6376415e-04   2.5093886e-04
  -3.7197258e-02   9.7922244e-02  -9.9621241e-02  -2.0621988e-03   3.6221307e-04   2.0175323e-04
  -3.2973524e-02   7.5202543e-02  -6.4356889e-02  -1.9545090e-03   1.8972458e-04   1.3666543e-04
  -3.1171078e-02   1.0796906e-01  -7.8955602e-02  -2.4590043e-03   1.9713915e-04   2.1109914e-04
  -2.7241099e-02   1.0634280e-01  -8.8505181e-02  -2.8613090e-03  -5.3348954e-05   2.3425969e-04
  -3.8218060e-02   1.2520882e-01  -3.3893504e-02  -2.8795354e-03   5.8557085e-05   6.5024565e-04
  -2.7362014e-02   1.0976425e-01  -7.9786863e-02  -3.1423098e-03   1.9524257e-04   6.5122590e-04
  -3.4427388e-02   1.2016656e-01  -4.8570834e-02  -3.0312701e-03   4.3274445e-04   8.4748986e-04
  -3.2328481e-02   1.4479522e-01  -7.7883052e-02  -3.0064411e-03   4.8444619e-04   6.9745932e-04
  -3.5241501e-02   1.5041715e-01  -2.8321151e-02  -2.6261075e-03   6.6156269e-04   8.2215247e-04
  -3.3622676e-02   1.6521291e-01  -4.9774346e-02  -2.9720769e-03   9.1207668e-04   6.6154453e-04
  -4.1213091e-02   1.5615510e-01  -3.1243400e-02  -2.9720342e-03   8.2435372e-04   7.6388505e-04
  -2.8914169e-02   1.6343784e-01  -5.0050832e-02  -2.9614638e-03   8.8785481e-04   7.4055594e-04
  -4.1008016e-02   1.5571599e-01  -3.7942301e-02  -2.9463212e-03   8.0895091e-04   7.7671169e-04
  -4.3429630e-02   1.7144184e-01  -7.9424671e-02  -3.2742131e-03   8.5015636e-04   8.6234898e-04
  -4.8709507e-02   1.6257382e-01  -3.8236709e-02  -3.1027906e-03   9.0598593e-04   9.1861870e-04
  -5.5820437e-02   1.7959185e-01  -7.0796899e-02  -3.1605636e-03   9.9580362e-04   8.6661047e-04
  -5.5683017e-02   1.9010767e-01  -1.3799754e-02  -2.8955309e-03   9.5253711e-04   8.0581772e-04
  -5.4156839e-02   1.7063738e-01  -6.0252265e-02  -2.6497881e-03   7.7504590e-04   5.8039854e-04
  -4.2422595e-02   1.9359740e-01  -1.3196561e-02  -3.3096595e-03   7.3195830e-04   6.7146200e-04
  -5.5207505e-02   1.6241129e-01  -6.7993109e-02  -3.1884010e-03   7.2643451e-04   5.5867199e-04
  -4.0439921e-02   1.8835874e-01  -2.4063349e-02  -3.4592629e-03   8.6434767e-04   6.2276445e-04
  -4.6985270e-02   1.7435179e-01  -4.5726934e-02  -3.3342289e-03   8.9436985e-04   5.3479296e-04
  -3.9870105e-02   1.8327533e-01  -4.6897691e-02  -3.1263249e-03   6.2801674e-04   3.4930248e-04
  -4.0193784e-02   1.6696323e-01  -2.8099917e-02  -3.1759181e-03   8.0811036e-04   5.6014059e-04
  -4.0466952e-02   1.9004158e-01  -1.1801872e-01  -3.3654418e-03   8.3182219e-04   7.1677895e-04
  -1.9703889e-02   1.7108734e-01  -1.2784919e-01  -3.6938648e-03   4.3855645e-04   8.7877930e-04
  -3.8960810e-02   1.8693486e-01  -2.5249755e-02  -3.4907955e-03   6.8385087e-04   9.0675432e-04
  -3.6815565e-02   1.8769600e-01  -1.4860586e-01  -4.0812036e-03   6.3710727e-04   7.4861351e-04
  -3.0846534e-02   1.9708815e-01  -5.0047641e-02  -3.8737044e-03   4.4537982e-04   8.6424724e-04
  -4.3637810e-02   2.0821588e-01  -1.0473417e-01  -4.3678677e-03   5.4865814e-04   1.0501265e-03
  -3.9467246e-02   1.8437336e-01  -4.0875580e-02  -4.2492873e-03   8.0970970e-04   7.8448530e-04
  -4.4091123e-02   1.9387024e-01  -7.7711296e-02  -4.1513309e-03   7.0959464e-04   8.6746096e-04
  -3.7960483e-02   1.9890736e-01  -2.7692932e-02  -3.7332570e-03   8.0717375e-04   4.8558668e-04
  -4.7520296e-02   2.2207049e-01  -6.9695046e-02  -3.6018555e-03   1.1153988e-03   4.2654668e-04
  -3.9415774e-02   2.1498260e-01  -3.2427300e-02  -3.8353186e-03   1.1272823e-03   2.1303047e-04
  -5.4762964e-02   1.9336798e-01  -9.3696284e-02  -3.7762457e-03   1.2910365e-03   1.0719732e-04
  -3.6877439e-02   2.0709433e-01  -7.6691541e-02  -4.1629413e-03   1.0316639e-03   1.0432859e-04
  -4.8708034e-02   1.8779692e-01  -1.1330860e-01  -3.7657184e-03   1.2378192e-03   1.3647229e-04
  -3.6098207e-02   2.1358483e-01  -9.4233608e-02  -3.9563779e-03   1.0456853e-03   1.5808145e-04
  -5.0627254e-02   2.1698564e-01  -7.7021108e-02  -3.7315239e-03   1.3519065e-03   2.5245499e-04
  -4.7444687e-02   2.3200990e-01  -6.6128710e-02  -4.0114409e-03   1.5285725e-03   1.3750147e-04
  -5.5160991e-02   2.2081507e-01  -7.9170624e-02  -3.7936879e-03   1.7018733e-03   5.4713073e-05
  -3.9485255e-02   2.2214108e-01  -4.9747805e-02  -3.3007511e-03   1.7807808e-03  -3.3330839e-04
  -4.9186837e-02   2.1092378e-01   2.3978797e-02  -2.8407717e-03   2.2581625e-03  -1.7030180e-04
  -3.1286232e-02   2.3814543e-01  -5.4817832e-03  -3.2044905e-03   2.4031116e-03  -4.0261711e-04
  -5.4177406e-02   2.0590664e-01  -2.8987978e-02  -3.1071823e-03   2.9155396e-03  -2.5285922e-04
  -4.1240606e-02   2.4356464e-01  -6.0038929e-03  -3.3210789e-03   3.3368407e-03  -2.9690763e-05
  -5.3631750e-02   2.2077920e-01   1.7309643e-02  -3.1129569e-03   3.7378030e-03   2.2167921e-04
  -3.6501122e-02   2.3249837e-01   1.2160689e-02  -2.7231386e-03   3.9989501e-03  -9.5733407e-05
  -2.3320635e-02   1.7582508e-01   7.9534509e-02  -1.5828133e-03   3.5795969e-03  -3.7950088e-04
  -4.7566151e-02   2.4005601e-01   3.2545098e-03  -3.1880942e-03   4.1049587e-03   2.5132517e-04
  -2.3891031e-02   2.3055475e-01   6.1001103e-02  -2.5465644e-03   3.5256135e-03   1.5549911e-04
  -4.0478426e-02   3.3297906e-01   1.8626367e-01  -3.2646916e-03   3.6822862e-03   6.7453378e-04
  -4.5337732e-02   1.9981848e-01   5.2584909e-02  -2.5790967e-03   3.8255362e-03   6.3484771e-04
  -4.1102266e-02   2.5899555e-01   8.4283263e-02  -3.4662078e-03   3.8740314e-03   7.5174557e-04
  -3.6125872e-02   1.8700138e-01   8.9600305e-02  -2.8726229e-03   4.2646813e-03   4.1243019e-04
  -3.6361462e-02   2.4675686e-01   1.1263787e-01  -3.0271583e-03   4.4871042e-03   3.2163297e-04
  -2.9702409e-02   2.6464331e-01   1.4286640e-01  -3.1982416e-03   4.7549483e-03   3.6366774e-04
  -4.4371544e-02   2.1582876e-01   1.2261720e-01  -2.6263971e-03   4.6312458e-03   1.0886778e-05
  -3.4793091e-02   2.4889114e-01   1.2795434e-01  -2.6698599e-03   4.5425988e-03   2.0825371e-04
  -4.9498130e-02   2.0261820e-01   9.0752206e-02  -2.2347265e-03   4.5948908e-03   2.3332675e-04
  -4.4484434e-02   2.6204766e-01   1.3156848e-01  -2.4700370e-03   4.9383747e-03   8.9873029e-05
  -5.5719643e-02   2.0905217e-01   1.3149358e-01  -2.0440103e-03   4.9957102e-03  -1.5170950e-04
  -4.6064758e-02   2.7358964e-01   1.4732660e-01  -2.6176665e-03   4.9933222e-03   3.2499840e-04
  -4.3717203e-02   2.2478482e-01   1.3171070e-01  -1.7904197e-03   4.8527111e-03   2.1736703e-04
  -5.3729841e-02   2.7635221e-01   1.1458713e-01  -2.3128253e-03   4.9303702e-03   1.2000793e-04
  -4.3692546e-02   2.2288452e-01   4.8271537e-02  -2.1788646e-03   4.8016388e-03  -5.2377737e-05
  -5.5130552e-02   2.7324071e-01   9.6415005e-02  -2.2472002e-03   4.7516531e-03   5.3044427e-04
  -3.2930114e-02   2.3023971e-01   7.3574756e-02  -2.2978100e-03   4.4138911e-03   2.0210598e-04
  -5.2057775e-02   2.8957249e-01   1.5573244e-01  -1.9754109e-03   4.8686274e-03   3.6248343e-04
  -4.3388124e-02   2.6175045e-01   7.8822713e-02  -2.3528587e-03   4.6886397e-03   2.8420208e-04
  -3.2508163e-02   2.6959223e-01   1.2197847e-01  -2.2200950e-03   4.4193178e-03   4.0996049e-04
  -4.7264739e-02   2.6417358e-01   4.9773328e-02  -2.4153708e-03   4.4534283e-03   2.9466987e-04
  -3.4601564e-02   2.6690371e-01   1.7434877e-01  -1.8872828e-03   4.5209581e-03   2.3405526e-04
  -2.8681599e-02   2.1350200e-01   6.7594057e-02  -1.1589328e-03   4.3854229e-03  -2.1200971e-04
  -2.6168069e-02   2.4057459e-01   1.2637574e-01  -1.5560555e-03   4.5549441e-03   1.0908762e-04
  -2.5634566e-02   2.3260874e-01   8.5278753e-02  -2.1828198e-03   3.7471807e-03   1.7286355e-04
  -1.1410653e-02   2.2800304e-01   9.8782765e-02  -2.7067923e-03   3.5026613e-03   1.1483537e-04
  -4.3226730e-02   2.5534030e-01   1.1636667e-01  -3.3927587e-03   4.1274105e-03   6.7022684e-04
  -2.0793402e-02   2.6920157e-01   1.0512503e-01  -3.3456553e-03   3.9005899e-03   9.0233968e-04
  -4.1101384e-02   2.7256679e-01   1.7717227e-01  -3.2995598e-03   4.2442754e-03   1.0821352e-03
  -3.4088802e-02   2.8187681e-01   1.0445954e-01  -3.1392937e-03   4.3276939e-03   1.0326944e-03
  -4.2063278e-02   3.0424939e-01   2.0618531e-01  -3.0330484e-03   4.3806600e-03   1.1429109e-03
  -2.8442802e-02   2.8337285e-01   1.3445438e-01  -2.8475222e-03   4.0165187e-03   9.3904466e-04
  -3.0916956e-02   3.1456059e-01   2.3809473e-01  -3.0963037e-03   4.1155363e-03   1.0711506e-03
  -5.3157588e-02   2.5599428e-01   1.0631125e-01  -1.4997367e-03   4.0697883e-03   6.9655737e-04
  -3.1089450e-02   3.1218519e-01   1.5759939e-01  -2.3764959e-03   4.0842481e-03   9.7065458e-04
  -3.1140739e-02   3.1721236e-01   1.6559602e-01  -2.7134808e-03   4.2979967e-03   5.7492606e-04
  -3.6771927e-02   3.3962964e-01   2.0065854e-01  -2.8904689e-03   4.3080767e-03   8.5169834e-04
  -5.1566372e-02   3.3637848e-01   1.7490491e-01  -2.9721074e-03   4.4338348e-03   9.4353882e-04
  -3.7310467e-02   3.3786925e-01   1.7422772e-01  -3.2716065e-03   4.1359220e-03   9.2617595e-04
  -4.3784904e-02   3.3265449e-01   1.7482455e-01  -3.0083626e-03   4.2116495e-03   1.0420367e-03
  -4.1504170e-02   3.7423576e-01   1.7604176e-01  -3.4410837e-03   4.4834403e-03   9.0750140e-04
  -3.8656431e-02   3.5774577e-01   1.9744870e-01  -3.4700709e-03   4.5274675e-03   1.1146417e-03
  -3.6276190e-02   3.6598719e-01   1.9461634e-01  -3.5502069e-03   4.3455291e-03   1.0721996e-03
  -5.0633933e-02   3.3036897e-01   1.8476841e-01  -3.5047057e-03   4.3699796e-03   1.2297247e-03
  -3.8746330e-02   3.7255968e-01   1.8348540e-01  -3.5995829e-03   4.2115105e-03   9.5254107e-04
  -2.6774395e-02   3.6752052e-01   1.9891428e-01  -2.9692160e-03   4.1884436e-03   8.2436590e-04
  -5.2027759e-03   3.2897700e-01   2.0944252e-01  -1.9924090e-03   3.8587726e-03   5.0467266e-04
  -3.3142524e-04   3.1523953e-01   1.4088776e-01  -2.4335250e-03   3.4863730e-03   6.2926301e-04
  -1.5889477e-02   3.4923066e-01   1.0824572e-01  -3.4325439e-03   3.4554808e-03   1.0452749e-03
   5.7501385e-03   3.2815884e-01   1.3482968e-01  -3.6216444e-03   3.3893625e-03   1.2398172e-03
   7.7602589e-03   3.8254280e-01   1.1618650e-01  -4.7787458e-03   3.4783921e-03   1.4065037e-03
   1.8062594e-02   3.6008101e-01   1.5544260e-01  -4.6460058e-03   3.3834760e-03   1.2981119e-03
