   0.0000000e+00   0.0000000e+00  -3.5527137e-15   1.3877788e-17   1.7347235e-18  -2.4074124e-35
   6.7830517e-04  -9.7802496e-03  -2.1874934e-02   1.0250795e-04  -3.2336587e-04  -1.3244863e-04
   1.8260664e-02   9.1185137e-02   2.3660565e-01   4.4179636e-04   8.7945585e-05  -2.5554592e-04
   2.7804467e-02   6.5136525e-02   3.5640121e-01   2.6752988e-03   1.2214415e-04  -2.3122439e-04
   4.4961178e-02   4.5302070e-03   2.0706084e-01   3.1172220e-03  -3.3452677e-04  -4.9684001e-04
   5.0051151e-02   7.7506888e-02   2.1750115e-01   1.9344648e-03  -5.4117135e-04  -3.7866480e-04
   3.9277031e-02   6.9218831e-02   1.7818223e-01   1.8965166e-03  -5.7352515e-04  -1.8570263e-04
   2.9471279e-02   7.6600024e-02   1.5444793e-01   2.0601805e-03  -4.1025174e-04  -1.4771917e-04
   4.1107284e-02   1.3878693e-01   2.1454149e-01   2.1286710e-03  -5.4994585e-04   2.2245435e-06
   2.2453407e-02   8.6578727e-02   2.2175652e-01   2.8066986e-03  -2.9021819e-04   1.0419168e-04
   3.3304266e-02   1.3203856e-01   2.1520858e-01   2.6235230e-03  -2.7315110e-04  -1.1485098e-04
   2.2262976e-02   9.4739986e-02   2.1025687e-01   2.8686624e-03  -1.3742181e-04  -4.9301455e-05
   3.1506504e-02   1.4052556e-01   2.0254062e-01   2.4177534e-03  -8.5901981e-05  -7.4721292e-05
   4.1148482e-02   8.2279527e-02   1.8537809e-01   2.8306834e-03  -3.4651996e-04  -1.9291538e-04
   2.9549565e-02   1.3945883e-01   2.0649376e-01   2.5078815e-03  -2.1522430e-04   3.2202866e-05
   2.1169663e-02   1.1645407e-01   2.1970891e-01   2.6436581e-03   9.8478725e-05   3.2496233e-05
   2.1814103e-02   1.3783677e-01   2.0260047e-01   2.1167796e-03   1.8069670e-04   3.6403115e-05
   2.6309022e-02   1.0510657e-01   2.1598599e-01   2.7500729e-03  -1.0424568e-05  -5.3605561e-05
   2.3370207e-02   1.1144792e-01   2.1410419e-01   3.1268188e-03  -8.3820042e-05  -6.3142139e-05
   2.4813977e-02   1.5733050e-01   2.8249014e-01   2.7580272e-03  -1.9432620e-05  -2.6739326e-05
   1.4125670e-02   1.0324462e-01   1.9662664e-01   2.9014040e-03   2.0437825e-04  -8.5229930e-05
   4.1457487e-04   1.4447812e-01   2.4394782e-01   2.5248797e-03   2.1193875e-04   2.6770544e-04
  -1.4907263e-02   6.0631511e-02   3.2581960e-02   1.6829606e-03   7.1788081e-05   4.1312683e-04
   2.0628470e-02   1.6767759e-01   2.8441535e-01   1.7726239e-03   6.4748349e-05   3.0254593e-04
   1.2411714e-02   7.3035014e-02   1.7267700e-01   2.0761844e-03   2.9428683e-04   7.3427838e-05
   2.5818913e-02   1.4031624e-01   2.3074737e-01   1.4473390e-03   2.2264891e-04   8.8680210e-05
   2.6157897e-02   6.6286661e-02   1.0932294e-01   1.4011032e-03   1.2519028e-04  -2.3002821e-04
   3.3474859e-02   1.4643966e-01   1.9084590e-01   1.1586180e-03  -1.6762079e-04  -1.4256286e-04
   3.6839422e-02   8.7626645e-02   7.0008042e-02   1.2185307e-03  -4.6228146e-04  -9.4559989e-05
   3.9407533e-02   1.4014809e-01   1.5230978e-01   1.1254978e-03  -4.9405428e-04  -3.0461435e-04
   2.4237959e-02   1.0400329e-01   1.1198871e-01   1.2488379e-03  -2.7918658e-04  -3.9279980e-04
   2.5911876e-02   1.7236389e-01   1.8363629e-01   9.7145760e-04  -3.1015473e-04  -1.6833908e-04
   3.7165913e-02   1.0842382e-01   1.4386573e-01   1.5091840e-03  -2.6324236e-04  -4.8637190e-04
   4.4505232e-02   1.6714736e-01   2.3256110e-01   1.5211406e-03  -8.9816354e-05  -5.1805603e-04
   5.2925535e-02   1.2645270e-01   1.8253993e-01   1.5898902e-03  -1.7584195e-04  -6.7964168e-04
   5.9902911e-02   1.5694882e-01   2.3945827e-01   1.5112603e-03  -2.7173360e-04  -6.1629703e-04
   7.2838200e-02   1.1756433e-01   2.1667690e-01   1.6981083e-03  -3.4580644e-04  -9.1236645e-04
   7.2535995e-02   1.5465153e-01   2.7644501e-01   1.7009525e-03  -3.7416539e-04  -9.5615453e-04
   6.4369896e-02   1.4784473e-01   2.0374801e-01   1.5588099e-03  -3.0800811e-04  -6.8703702e-04
   6.5879623e-02   1.4717632e-01   1.9422395e-01   1.5354539e-03  -4.6680297e-04  -6.0661452e-04
   6.6645104e-02   1.5536045e-01   1.9511597e-01   1.7749423e-03  -4.7225348e-04  -7.6547626e-04
   7.2619074e-02   1.3910454e-01   2.4775099e-01   2.2846165e-03  -5.4181861e-04  -8.6212690e-04
   7.5871839e-02   1.3234858e-01   2.6620679e-01   2.5536392e-03  -6.5278502e-04  -8.9696343e-04
   8.9979847e-02   1.4211539e-01   2.8953032e-01   2.4725962e-03  -6.9205230e-04  -1.1108044e-03
   9.4105613e-02   1.3802800e-01   3.0646876e-01   2.9340125e-03  -8.4662770e-04  -1.0209979e-03
   8.9902282e-02   1.7653133e-01   3.2006214e-01   2.6759930e-03  -8.1200998e-04  -9.4701339e-04
   8.6538976e-02   1.8623036e-01   3.5443484e-01   2.7067600e-03  -8.1680013e-04  -9.7921770e-04
   8.4823989e-02   1.9258226e-01   3.7405585e-01   2.7621139e-03  -6.7529792e-04  -1.0513091e-03
   8.5487741e-02   1.8964309e-01   4.1771903e-01   2.7622490e-03  -6.8987630e-04  -1.0153458e-03
   9.9776756e-02   1.6655368e-01   3.8106657e-01   3.5366746e-03  -7.3967764e-04  -1.2846232e-03
   7.7582981e-02   1.7623101e-01   4.9677870e-01   3.5922341e-03  -3.1414829e-04  -1.1813602e-03
   1.6558533e-02   4.4527542e-01   8.6337825e-01   9.0529894e-04  -2.2869326e-04   4.0394869e-04
   2.3640568e-02   4.1928298e-01   8.5796441e-01   9.4015724e-04  -2.3700073e-04   6.5766220e-04
   4.0652780e-02   2.4455600e-01   4.4726963e-01   8.1027640e-04  -2.9335095e-04  -3.6101085e-05
   5.1678244e-02   1.9755006e-01   3.5384071e-01   2.7180781e-04  -3.7922325e-04  -5.2262337e-04
   5.1448959e-02   1.9223822e-01   3.1390682e-01   5.7610333e-05  -1.1748870e-04  -7.9190379e-04
   6.1549369e-02   1.7988697e-01   3.2152160e-01   2.2148506e-04  -6.0117908e-05  -9.0604024e-04
   6.1000489e-02   1.6229053e-01   3.3466373e-01   6.5470061e-05   2.0151994e-04  -9.8277021e-04
   6.4238255e-02   1.2365985e-01   3.1971671e-01   1.4085516e-04   3.7347658e-04  -1.2155870e-03
   5.9499028e-02   1.3157274e-01   3.0095814e-01   7.3863538e-05   3.1437378e-04  -1.2363352e-03
   4.5534689e-02   1.3876775e-01   2.0158994e-01  -2.1133517e-04   5.2720247e-04  -9.9147095e-04
   3.5456906e-02   1.4230241e-01   2.1017607e-01  -1.2757716e-04   6.6991247e-04  -8.7293169e-04
   2.9095315e-02   1.2630356e-01   1.5207248e-01  -2.5745978e-04   6.5965473e-04  -9.2457964e-04
   3.4998945e-02   2.4253832e-01   3.3404714e-01  -2.2384491e-04   5.6216084e-04  -9.3231537e-04
   4.0245496e-02   2.7243355e-01   3.7537125e-01   3.3318845e-05   1.6177491e-04  -6.4967215e-04
   4.4596154e-02   1.8893218e-01   1.9512742e-01   2.5941725e-04   6.9228661e-05  -1.0391831e-03
   5.0585423e-02   1.9121636e-01   1.0940880e-01  -8.2898723e-06  -2.1040296e-05  -1.1208831e-03
   5.4362659e-02   2.5640261e-01   2.7205068e-01   2.5834915e-04  -1.6693087e-04  -1.0728314e-03
   5.0378597e-02   2.1072902e-01   1.6427757e-01   3.2621695e-04  -5.5607814e-05  -1.1938194e-03
   5.0188680e-02   2.2991342e-01   2.1325979e-01   2.4072446e-04  -7.8907997e-05  -1.1774781e-03
   6.7779902e-02   2.1061627e-01   2.3886330e-01   4.2156726e-04  -1.6446088e-04  -1.4375575e-03
   5.7160911e-02   2.2264972e-01   2.6077461e-01   2.4853828e-04  -3.3023781e-06  -1.2478228e-03
   6.2289773e-02   2.5960504e-01   3.9474984e-01   6.5283572e-04  -1.2697017e-04  -1.1966853e-03
   7.1174247e-02   1.7112831e-01   2.7108215e-01   1.2965182e-03   4.7782490e-05  -1.6762520e-03
   8.1179814e-02   2.5683910e-01   3.0613085e-01   1.3368231e-03  -1.9425636e-04  -1.8156621e-03
   6.7813358e-02   1.8435979e-01   1.8899939e-01   8.5597250e-04  -3.6427669e-04  -1.6375503e-03
   6.1642617e-02   3.1876922e-01   3.4352266e-01   3.7284467e-04  -5.8830973e-04  -1.1621836e-03
   5.3904686e-02   2.7842609e-01   2.3508859e-01  -1.8259739e-04  -6.3962326e-04  -8.7688466e-04
   7.5654522e-02   2.3597515e-01   2.2720628e-01  -1.1976332e-04  -6.2179819e-04  -1.2019242e-03
   6.8194039e-02   2.4784020e-01   2.0238875e-01  -9.6860581e-04  -3.8005043e-04  -1.3293411e-03
   5.7676945e-02   2.5538172e-01   2.9684336e-01  -3.7007808e-04  -2.5218023e-04  -1.0800352e-03
   5.6400023e-02   2.0413823e-01   1.8005206e-01  -3.5716945e-04  -4.5648672e-04  -8.6710362e-04
   5.7847927e-02   1.7524234e-01   1.1465726e-01   1.1144244e-05  -4.2485655e-04  -1.1050763e-03
   6.2883504e-02   1.7471088e-01   1.5209332e-01   1.0782282e-05  -3.1993518e-04  -1.0753762e-03
   6.3145405e-02   2.0684000e-01   2.1138334e-01   1.0228810e-04  -3.9241713e-04  -8.1242975e-04
   6.1451020e-02   2.1795806e-01   2.6460722e-01   3.8955284e-04  -4.4055830e-04  -7.4580902e-04
   8.6268367e-02   1.8025507e-01   1.7126174e-01   7.7587763e-04  -6.6100269e-04  -1.0216588e-03
   8.0364656e-02   2.4026395e-01   2.8127159e-01   5.4310326e-04  -7.2508726e-04  -9.1203630e-04
   9.3909947e-02   1.7234518e-01   1.7139184e-01   1.0074960e-03  -8.5887770e-04  -1.1216233e-03
   9.3128174e-02   2.4741454e-01   2.7448467e-01   1.1675522e-03  -1.3832919e-03  -9.1155852e-04
   1.0873311e-01   1.8040514e-01   2.2592527e-01   1.9338044e-03  -1.4118050e-03  -1.1584774e-03
   1.0317315e-01   2.7131204e-01   3.6783819e-01   1.6045951e-03  -1.3469228e-03  -9.9324328e-04
   1.1050005e-01   2.1093770e-01   2.9278710e-01   1.9723823e-03  -1.3189797e-03  -1.0967689e-03
   1.1686065e-01   2.5669922e-01   3.4244422e-01   1.7194198e-03  -1.6058647e-03  -1.0441484e-03
   1.0316024e-01   2.2207736e-01   3.2602423e-01   2.2913793e-03  -1.4673269e-03  -1.0474518e-03
   1.1245035e-01   2.4440695e-01   3.3742925e-01   1.8806660e-03  -1.6990501e-03  -1.1635903e-03
   1.1341005e-01   2.1112243e-01   3.5047214e-01   2.6307591e-03  -1.5143770e-03  -1.2780766e-03
   1.0677996e-01   2.7204660e-01   3.3507172e-01   1.6171589e-03  -1.5914160e-03  -1.0253696e-03
   1.2403360e-01   1.8652088e-01   3.2132969e-01   3.0647012e-03  -1.7570873e-03  -1.4535905e-03
   1.2401338e-01   2.3568149e-01   4.2473657e-01   3.0386462e-03  -1.7078382e-03  -1.2562599e-03
   1.0602811e-01   2.1500419e-01   3.7042515e-01   1.9196675e-03  -1.7004510e-03  -1.0590219e-03
   1.0411672e-01   2.3336693e-01   3.5679136e-01   2.1390043e-03  -1.8016294e-03  -8.5005716e-04
   9.4516624e-02   2.2343748e-01   4.0021424e-01   2.2517594e-03  -1.6497448e-03  -6.3536749e-04
   9.7495013e-02   2.1793692e-01   3.7058262e-01   2.4489802e-03  -1.6002498e-03  -7.3972887e-04
   9.8845878e-02   2.4061621e-01   3.9491634e-01   2.3712700e-03  -1.8013053e-03  -7.0470149e-04
   1.0547008e-01   2.2967360e-01   3.7552666e-01   2.4537892e-03  -1.7451283e-03  -8.6461302e-04
   1.0041699e-01   2.5074815e-01   4.0721485e-01   2.9402877e-03  -1.7471102e-03  -8.8889897e-04
   1.2003165e-01   2.3763590e-01   4.1810666e-01   3.2260635e-03  -1.8998783e-03  -9.9712863e-04
   1.1062086e-01   2.4469790e-01   4.1161413e-01   3.0222242e-03  -1.6453723e-03  -9.1818034e-04
   1.3137447e-01   2.3970351e-01   3.9599063e-01   2.8297054e-03  -1.8579647e-03  -1.0747283e-03
   1.1972211e-01   2.5246978e-01   4.3939178e-01   3.0951404e-03  -1.8524075e-03  -9.5185567e-04
   1.3692637e-01   2.7362555e-01   4.0890416e-01   2.5403167e-03  -2.0612454e-03  -1.2894164e-03
   1.2441174e-01   2.6143739e-01   4.5598210e-01   2.8501009e-03  -1.9244256e-03  -1.0423773e-03
   1.3612344e-01   2.7585526e-01   4.3121581e-01   2.6941592e-03  -2.1928047e-03  -1.1117890e-03
   1.3100790e-01   2.6005821e-01   4.5031967e-01   3.2387274e-03  -2.1965934e-03  -1.1232219e-03
   1.4063581e-01   2.7683887e-01   4.3456714e-01   2.8853933e-03  -2.2236213e-03  -1.3081344e-03
   1.3860265e-01   2.6743556e-01   4.5879007e-01   2.8355950e-03  -2.0819731e-03  -1.3481662e-03
   1.3171087e-01   2.5868169e-01   4.5268759e-01   2.7967803e-03  -2.1088441e-03  -1.2729098e-03
   1.1453216e-01   2.9281505e-01   4.5342497e-01   2.5345919e-03  -1.9665264e-03  -1.0514781e-03
   1.2849040e-01   2.4429045e-01   4.1899722e-01   2.8712830e-03  -2.0745103e-03  -1.3437348e-03
   1.2925811e-01   2.8142203e-01   4.5762143e-01   3.0716770e-03  -1.9449172e-03  -1.2028393e-03
   1.4974650e-01   2.7261350e-01   3.8997050e-01   2.6513405e-03  -2.2311776e-03  -1.5342626e-03
   1.4020880e-01   2.9154115e-01   4.9486310e-01   3.2852385e-03  -2.0969304e-03  -1.4295378e-03
   1.3729081e-01   2.6858789e-01   3.8233367e-01   3.1603153e-03  -2.2160458e-03  -1.2966201e-03
   1.3815045e-01   3.0142296e-01   4.1492621e-01   2.3433995e-03  -2.6070737e-03  -1.1599209e-03
   1.2273291e-01   2.6803600e-01   4.3921109e-01   3.3296134e-03  -2.2795558e-03  -1.2299809e-03
   1.3122669e-01   3.0165880e-01   4.3528941e-01   2.7649796e-03  -2.3025666e-03  -1.1012825e-03
   1.3993087e-01   2.6763137e-01   4.6932306e-01   3.0420504e-03  -2.3608013e-03  -1.2095241e-03
   1.4240315e-01   2.8736446e-01   2.8817579e-01   2.4826641e-03  -2.7483044e-03  -1.1148921e-03
