   0.0000000e+00   0.0000000e+00   7.1054274e-15   2.7755576e-17   3.4694470e-18  -9.6296497e-35
   1.2064651e-03   4.3431774e-02   3.9246666e-02   2.5988980e-04   1.2344937e-04  -2.3012356e-05
   1.2397306e-02  -3.3458056e-03   5.5284983e-02  -1.0366122e-04   2.4610880e-04   3.3967291e-04
   7.0836802e-03  -1.6848179e-02   2.1656704e-02  -2.8704654e-04   6.6879335e-04   3.7666537e-04
   5.9202272e-03  -2.7003696e-02   4.7011639e-02  -1.0604997e-03   7.3913880e-04   4.9899970e-04
   1.3515808e-03   3.7858399e-02   3.8204185e-02  -1.4025124e-03   6.4974425e-04   9.1719624e-04
   5.9813542e-03   6.5165942e-03   7.7680262e-03  -5.0985626e-04   1.2098339e-03   6.9708437e-04
   8.0731181e-03   6.0996424e-02   3.4197169e-02   3.1552254e-04   1.2648922e-03   5.9385003e-04
   6.3561864e-03   2.4308737e-02   5.0410403e-02   3.8412558e-06   1.1883001e-03   4.3260420e-04
   7.4269499e-03   1.1654354e-02   1.4066598e-02  -5.0204586e-04   1.2213772e-03   5.6978432e-04
   5.4565394e-03   1.7610189e-02   1.2230325e-02  -7.3713965e-04   1.3624097e-03   6.5421700e-04
  -6.5750633e-04   4.6786312e-02  -3.7064456e-03  -6.4757861e-04   1.5339537e-03   8.1718557e-04
  -7.9335476e-04   6.2677105e-02   2.3051721e-02  -3.6393939e-04   1.4593334e-03   7.5779424e-04
  -7.1346245e-03   4.0823537e-02   3.4050375e-03   1.7231307e-04   1.3010429e-03   1.0002822e-03
  -4.9532152e-03   4.8030908e-02   2.1990341e-03  -7.1979026e-04   1.4349434e-03   9.1907879e-04
   1.0218532e-02   8.0681722e-02  -2.8360215e-02  -9.9965551e-04   1.3587361e-03   9.1693917e-04
   2.2683141e-02   8.7649240e-02   1.9896017e-02  -1.3219328e-03   1.0875775e-03   7.8222697e-04
   3.0558512e-02   7.0382378e-02   2.8167332e-02   2.7170511e-04   1.3334938e-03   1.0337133e-03
   1.5603510e-02   8.6411584e-02   1.6755971e-01   9.4285711e-04   1.3745544e-03   1.4850673e-03
   1.8447333e-02   1.3154143e-01   2.0139277e-01  -1.2861457e-03   1.4424204e-03   1.3153056e-03
   5.0592919e-02   4.7993616e-02   1.1006955e-01   6.9101622e-05   1.2806374e-03   8.2300336e-04
   1.9599649e-02   1.0513630e-02  -5.8900117e-02  -2.3738150e-04   1.3789112e-03   9.8694197e-04
   2.0942748e-02   2.8623094e-02  -7.9250531e-02  -4.1415232e-04   1.6149108e-03   8.8872735e-04
   2.8394383e-02   7.2529175e-02  -3.0598866e-02  -7.0602141e-04   1.3428127e-03   8.7227908e-04
   5.7465942e-03  -3.1378465e-02  -5.9757890e-02  -8.9208583e-05   1.2387954e-03   1.6115820e-03
   1.4595485e-02   2.2761173e-01  -2.5122053e-02   1.4492057e-03   1.6946981e-03   3.3973783e-04
   5.2138731e-02  -2.1940067e-02   2.5648301e-02   2.6468992e-03   1.3302924e-03  -1.3591575e-03
   3.5808210e-02  -1.6221893e-01   2.1837069e-02   3.9454129e-04   7.7972937e-04  -2.0049432e-04
   2.1846427e-02   9.8461540e-02   9.1464147e-03  -1.1247179e-03   6.0871429e-04   8.4635044e-05
   1.3988063e-02   5.8762334e-02   2.1148817e-02  -1.9030442e-03   3.9300420e-04   3.5837296e-05
   2.6293567e-02   5.6836915e-02  -1.3632423e-02  -1.3887210e-03   5.1568075e-04   2.9384409e-04
   2.7005996e-02   9.2329284e-02   4.6998841e-02  -1.0973077e-03   3.9943286e-04   4.7210803e-04
   1.1718523e-02   1.0908462e-02  -1.6015480e-02  -2.5778780e-03   5.8199611e-04   2.2748070e-04
  -7.3972630e-03   6.4616535e-02  -1.4396267e-02  -1.4986848e-03   5.7057767e-04   6.0687330e-04
   8.6357651e-04  -3.0229453e-03  -3.2002976e-02  -8.6713562e-04   6.7966590e-04   1.0556868e-03
   4.6380157e-03   3.4762512e-02  -6.4904078e-02  -1.7637989e-03   8.6679211e-04   8.1263230e-04
   5.2197474e-03   1.5655131e-02  -2.5719757e-02   1.5479560e-05   4.4632630e-04   1.1728988e-03
   1.0250375e-02   3.7834751e-02  -1.0063528e-01  -1.5366940e-03   4.7820096e-04   1.2285069e-03
   2.6030518e-02   4.6359760e-02  -9.1912917e-02  -1.8588637e-03   6.0940751e-04   5.8333648e-04
   2.3006716e-02   1.9857910e-02  -8.5871617e-02  -1.0299149e-03   7.1735141e-04   3.6808244e-04
   5.6759771e-03   2.1622141e-02  -1.2298363e-01  -1.7604633e-03   4.0703395e-04   6.7476224e-04
   1.6408132e-02   5.8419908e-02  -1.3081267e-01  -1.8269833e-03   1.0127448e-03   6.9468621e-04
   3.0094236e-02   6.0232183e-02  -1.0344307e-01  -9.2482018e-04   8.1038492e-04   6.6586649e-04
   1.4896089e-02   4.0310181e-02  -8.2413396e-02  -2.2917286e-03   9.3171831e-04   9.5292966e-04
   5.2008277e-03   7.2531194e-02  -3.0492296e-02  -3.1621700e-04   1.0865813e-03   1.0452191e-03
   7.6265343e-03   9.3052778e-03  -1.4738766e-01  -1.9078299e-03   5.7165688e-04   5.2519763e-04
   1.2188241e-03   5.5721336e-02  -1.5447881e-01  -2.7265036e-03   9.5816691e-04   6.3660772e-04
  -5.3463546e-03   5.8823260e-02  -1.3859678e-01  -2.2825786e-03   8.6672928e-04   8.4369422e-04
  -3.3899554e-03   2.8524873e-02  -1.5012261e-01  -2.3629594e-03   1.0045894e-03   8.2086937e-04
  -8.1058934e-03   6.2609132e-02  -1.6799758e-01  -3.2394176e-03   1.1831410e-03   9.8436321e-04
  -1.7938919e-03   7.7341265e-02  -1.4022004e-01  -2.3742841e-03   1.0238307e-03   9.5488240e-04
   5.1180006e-03   2.8222575e-02  -1.6342693e-01  -3.3283219e-03   1.0317767e-03   7.5382876e-04
  -3.3662350e-03   4.3336016e-02  -1.8169637e-01  -3.5347204e-03   9.5677883e-04   6.3329548e-04
  -1.1704280e-02   1.9146864e-02  -1.4597581e-01  -2.1689203e-03   1.0205743e-03   8.2315475e-04
  -2.1345836e-02   1.4952064e-02  -1.8712059e-01  -3.6740087e-03   9.9649547e-04   1.0335264e-03
  -2.6421492e-02  -5.4161029e-03  -1.8366679e-01  -3.0875887e-03   8.4534365e-04   9.2163946e-04
  -3.3006955e-02   2.6279212e-02  -2.7523978e-01  -4.0957186e-03   1.1289731e-03   8.2964789e-04
  -2.5866128e-02   1.2633148e-02  -2.6548056e-01  -3.4173234e-03   8.6240358e-04   7.5343687e-04
  -1.7950884e-02   1.3798573e-02  -2.6793644e-01  -4.2253314e-03   6.1627803e-04   7.0634750e-04
  -3.7600221e-02   1.2995667e-03  -2.3957681e-01  -3.7676232e-03   7.6086801e-04   1.1071832e-03
  -4.2797932e-02  -1.0588778e-02  -2.5521211e-01  -3.9920875e-03   9.5559172e-04   9.0293741e-04
  -4.4045250e-02   1.1374369e-03  -2.6029259e-01  -3.7886638e-03   9.0343458e-04   9.6685245e-04
  -2.9070322e-02  -3.6402324e-02  -2.3500052e-01  -3.7670752e-03   6.5431080e-04   9.2474264e-04
  -3.8940167e-02  -6.2678120e-02  -2.9231643e-01  -4.0831290e-03   6.0263811e-04   9.6397936e-04
  -3.7636028e-02   1.1498023e-02  -3.0138698e-01  -4.3832399e-03   4.7358170e-04   8.5248659e-04
  -3.6795883e-02  -3.1502202e-02  -2.8129876e-01  -3.9408583e-03   6.0029166e-04   8.9959274e-04
  -5.0223851e-02  -1.7711473e-02  -3.0588877e-01  -4.1147322e-03   9.8072977e-04   8.1230651e-04
  -6.4348357e-02  -3.4623639e-02  -2.7073012e-01  -3.3539997e-03   1.0255807e-03   1.1670142e-03
  -3.6887515e-02  -4.3715067e-02  -3.0522182e-01  -5.2826788e-03   7.3400264e-04   8.9519741e-04
  -4.0878300e-02  -2.2537969e-02  -3.1387058e-01  -4.8847154e-03   8.2068568e-04   1.3781860e-03
  -5.2375579e-02  -2.9199363e-03  -3.5300759e-01  -4.9737323e-03   7.3506426e-04   1.1405439e-03
  -5.8403417e-02  -3.0442321e-02  -3.2297741e-01  -4.4158844e-03   8.6519876e-04   1.2526566e-03
  -7.4882077e-02   5.1286502e-03  -2.5511419e-01  -4.2557675e-03   2.2740216e-04   1.3660344e-03
  -6.0660037e-02   1.8674939e-02  -2.9693083e-01  -5.0482493e-03   3.5510330e-04   8.0093753e-04
  -5.8074728e-02   3.9390224e-02  -2.7968350e-01  -3.8786568e-03   6.5940127e-04   1.3023984e-03
  -4.5824042e-02  -1.3615562e-02  -2.9282877e-01  -5.2777257e-03   5.4487871e-04   9.4290750e-04
  -4.4855615e-02  -6.6077250e-03  -2.9544646e-01  -5.5132073e-03   8.2165771e-04   8.7995262e-04
  -8.8517185e-03   3.2563335e-02  -2.5313371e-01  -6.4477442e-03   2.3227808e-04   7.2716750e-04
   1.2564707e-02   6.0668804e-03  -1.9279753e-01  -5.5089893e-03   1.4374467e-04   5.5965020e-04
  -3.9360069e-03  -7.0717339e-03  -2.4016731e-01  -6.0287173e-03   1.7034832e-04   6.8679809e-04
  -1.0762278e-02  -5.1841287e-03  -2.6342322e-01  -5.9801798e-03  -6.9665858e-05   9.1261120e-04
  -2.7224821e-02   6.6085506e-03  -3.0141480e-01  -6.2288578e-03   2.9769228e-04   7.1258605e-04
  -1.7885742e-02   3.7527540e-02  -2.6848002e-01  -5.8507880e-03   4.9645696e-04   7.0889470e-04
  -2.6779237e-02   2.0392955e-02  -2.8285240e-01  -6.2761235e-03   4.3396334e-04   8.7870769e-04
  -2.2386476e-02   4.8663260e-03  -2.1854953e-01  -4.9007914e-03   4.0222185e-04   1.0699682e-03
  -2.6230611e-02   1.6766045e-02  -2.3447060e-01  -5.7988731e-03   2.5924366e-04   1.0115097e-03
  -4.1089149e-02   2.3772628e-02  -2.2680043e-01  -5.9219106e-03   3.0852514e-04   1.1915024e-03
  -3.3139118e-02  -6.9759476e-03  -2.5076905e-01  -5.9219323e-03   1.7471168e-04   9.8853489e-04
  -3.5759719e-02   1.2472223e-02  -2.6860324e-01  -6.4577618e-03   2.3573036e-04   9.5069252e-04
  -4.2331234e-02   6.1018932e-02  -2.7837840e-01  -5.9043601e-03   3.4409405e-04   9.8503574e-04
  -2.1442179e-02   8.6834130e-02  -2.7178410e-01  -5.8468145e-03   3.7357961e-04   6.7917916e-04
  -2.4241882e-02   6.5940759e-03  -2.4027254e-01  -4.8625282e-03   3.1362688e-04   8.4419662e-04
  -1.3653608e-02   5.0131787e-02  -2.7202704e-01  -6.3466891e-03   7.7405081e-04   3.7838376e-04
  -2.8942708e-02   1.0346471e-01  -2.5006745e-01  -5.3358819e-03   5.4425938e-04   8.2895803e-04
  -2.6916229e-02   1.4742578e-03  -1.9404623e-01  -3.8214168e-03   6.7821140e-04   1.3031669e-03
  -2.7219725e-02   8.2282790e-02  -2.5793337e-01  -5.0415659e-03   9.8830994e-04   4.2582418e-04
  -2.1428057e-02   3.1803742e-02  -1.2373885e-01  -4.3902209e-03   6.8973121e-04   7.9795355e-04
  -4.4634102e-02   1.0533421e-01  -1.3157476e-01  -5.5486177e-03   8.9834456e-04   1.1232160e-03
  -8.2848499e-02   2.4640784e-02  -4.0782029e-01  -3.8008938e-03   1.3791481e-03   1.2726744e-03
  -7.4807686e-02   7.9020900e-03  -3.8457069e-01  -3.1512418e-03   1.2703284e-03   1.3762203e-03
  -6.3035875e-02   1.7927138e-02  -3.9722075e-01  -2.4205070e-03   1.2116532e-03   1.0421082e-03
  -5.2490703e-02   3.8635549e-02  -4.0340734e-01  -2.8176037e-03   1.0209590e-03   1.1250312e-03
  -5.4060800e-02   9.0774404e-02  -4.4507370e-01  -3.7802712e-03   1.3469575e-03   7.9277032e-04
  -5.6013105e-02   8.9856351e-02  -3.9567085e-01  -2.9554621e-03   1.2374822e-03   9.5923545e-04
  -5.6946103e-02   2.8996595e-02  -3.8420006e-01  -3.0284588e-03   1.3336553e-03   1.1944197e-03
  -7.7806759e-02   3.4740118e-02  -4.2855461e-01  -3.4929030e-03   1.8501242e-03   1.0132081e-03
  -7.7232235e-02   6.0218975e-02  -3.7586202e-01  -2.5822386e-03   2.0629616e-03   1.1402049e-03
  -5.5876749e-02   2.3864987e-02  -3.9459980e-01  -2.7150048e-03   1.6982758e-03   1.2856313e-03
  -6.2352072e-02   2.3125643e-02  -4.0937765e-01  -2.8442102e-03   1.7961247e-03   1.2593509e-03
  -5.0289665e-02   6.3097932e-02  -4.0059673e-01  -2.8836845e-03   1.5183410e-03   1.1351312e-03
  -5.7767274e-02   5.2293187e-02  -3.8990375e-01  -2.7475643e-03   1.3858029e-03   9.6085757e-04
  -7.4299523e-02   4.9168680e-03  -4.1508141e-01  -2.0588162e-03   2.0645003e-03   7.7594124e-04
  -8.1365721e-02   5.7996875e-02  -4.7753024e-01  -3.1808052e-03   2.0559347e-03   8.3134175e-04
  -8.0804167e-02   8.1637033e-02  -4.4152561e-01  -2.9894234e-03   1.6172349e-03   6.5734069e-04
  -8.8954956e-02   5.1733392e-02  -4.1427101e-01  -2.6725953e-03   1.9732567e-03   1.0160312e-03
  -8.3431861e-02   2.4097935e-02  -3.9625507e-01  -2.1812837e-03   1.9333487e-03   8.7987566e-04
  -9.0828721e-02   3.1784528e-02  -4.4272235e-01  -2.7926460e-03   1.7811274e-03   1.0868319e-03
  -1.0485273e-01   4.2025790e-02  -4.3267040e-01  -1.9461698e-03   2.2089721e-03   9.9209480e-04
  -1.1875501e-01   5.7254443e-02  -4.7556343e-01  -2.8333064e-03   2.1095216e-03   9.2203890e-04
  -1.2608731e-01   4.3302648e-02  -4.8769170e-01  -2.5238372e-03   2.4290510e-03   6.1035815e-04
  -1.4315735e-01   4.7651205e-02  -4.8442396e-01  -2.8902625e-03   2.5406379e-03   8.4142685e-04
  -1.3571954e-01   5.9087855e-02  -4.8203566e-01  -2.5852128e-03   2.4995393e-03   5.1247168e-04
  -1.4441113e-01   5.6487203e-02  -5.2171994e-01  -2.9429569e-03   2.4038566e-03   5.6590860e-04
  -1.5312355e-01   5.9411079e-02  -5.0550320e-01  -2.6034696e-03   1.8240966e-03   7.4993400e-04
  -1.5259733e-01   4.3349214e-02  -5.1245899e-01  -2.1353974e-03   2.1599620e-03   3.8337356e-04
  -1.3974062e-01   5.5379523e-02  -5.3182688e-01  -2.4346689e-03   1.6632313e-03   4.1257754e-04
  -1.6946419e-01   9.7739627e-03  -5.2722451e-01  -2.1156366e-03   1.5716349e-03   8.4259562e-04
  -1.4406343e-01   2.2368431e-01  -5.3141108e-01  -3.6084784e-03   1.5813387e-03  -5.5950655e-04
  -1.1054942e-01   8.7518666e-02  -3.2641618e-01  -6.3517349e-04   2.1072979e-03  -1.5367588e-03
