   0.0000000e+00  -7.1054274e-15  -3.5527137e-15  -1.3877788e-17   8.6736174e-19   8.6736174e-19
  -1.5697034e-02   7.5343119e-02   2.4477096e-02  -1.4440235e-03  -6.0998367e-04  -2.5110800e-04
  -1.4247728e-02   9.3214807e-02   5.2480395e-02  -8.5016455e-04  -5.7853011e-04  -3.1308135e-04
  -7.8775314e-03   1.1538900e-01   5.7284198e-02  -1.2616775e-03  -2.3246481e-04  -2.1617888e-04
  -2.5226663e-02   1.0656185e-01   6.9551364e-02  -1.2194268e-03   4.9765934e-04  -4.2672481e-04
  -2.4301995e-02   1.3245003e-01   1.8156891e-02  -1.5590062e-03   2.4850208e-05  -3.1953298e-04
  -1.1381856e-02   1.3061570e-01   6.3119554e-02  -1.5697868e-03   8.1721598e-05  -2.7996610e-04
  -2.0777739e-02   1.4605689e-01   4.5070100e-02  -1.1499858e-03   1.7243355e-04   2.7129389e-05
  -1.7864640e-02   9.8146341e-02   1.1799852e-01  -9.9298843e-04   5.3913437e-04   6.6830774e-05
  -2.2288334e-02   1.7177513e-01   1.1322870e-01  -1.1770512e-03   6.3466039e-04  -3.7287469e-04
  -2.9961462e-02   1.1290285e-01   1.2398342e-01  -1.2944107e-03   8.6488775e-04  -2.8030759e-04
  -2.3255732e-02   1.5166419e-01   1.0064024e-01  -8.4955337e-04   5.2773602e-04  -3.6495641e-04
  -2.4808029e-02   1.1357703e-01   9.6176812e-02  -1.6071400e-03   3.5185153e-04  -1.4742864e-04
  -1.2754019e-02   1.3250597e-01   6.5544265e-02  -1.1469601e-03  -4.8240120e-06  -2.4427935e-04
  -4.2847883e-04   1.0774900e-01   2.6391066e-02  -2.0970170e-03  -9.5667802e-04  -7.9979973e-05
   1.3467486e-04   1.0491719e-01   1.2376626e-02  -1.4356841e-03  -9.4436371e-04  -4.7043982e-05
   2.7790526e-03   1.5692679e-01  -4.7366128e-02  -2.5668363e-03  -1.3556303e-03  -1.1846448e-04
   3.6351840e-03   1.0471521e-01   1.2905607e-02  -1.7276969e-03  -8.9788675e-04  -1.7823158e-04
   2.9569786e-02   1.9465657e-01  -4.1950206e-02  -2.7420960e-03  -8.6737570e-04   7.6903284e-06
   3.5048637e-02   7.4384873e-02   2.8520277e-02  -1.4552604e-03  -1.5753029e-03   2.4136028e-04
   4.4615315e-02   1.4872203e-01  -4.9098335e-02  -2.0410833e-03  -2.5353051e-03   1.4138505e-04
   4.5817162e-02   1.1353321e-01  -1.8629267e-03  -1.8766836e-03  -2.2167359e-03   8.8764176e-05
   6.4511225e-02   1.5650461e-01  -9.2295736e-02  -2.0128483e-03  -2.9362805e-03   4.3745268e-05
   3.5034248e-02   9.3199561e-02   1.2130151e-02  -2.3512772e-03  -1.3592945e-03  -1.4681498e-05
   9.3684854e-02   1.9956674e-01  -1.6315513e-01  -1.4822159e-03  -3.2600934e-03  -1.5148825e-04
   2.2983331e-01   2.4839328e-01   3.0009421e-01  -1.1287018e-03  -4.1124633e-03  -4.7048808e-04
   1.2973917e-01   3.1898864e-01   6.1740082e-01  -5.0542821e-03  -2.1181346e-03  -2.2456269e-04
   1.3379988e-01   2.0213961e-01   3.2096331e-01  -3.7816918e-03  -2.6454296e-03  -1.0189436e-03
   1.1201641e-01   2.2169964e-01   2.7081379e-01  -4.2013402e-03  -2.2881862e-03  -1.5962719e-03
   1.1020451e-01   1.9583741e-01   2.1634025e-01  -4.3304194e-03  -2.5061507e-03  -1.4224421e-03
   9.4788686e-02   2.0291507e-01   2.1497813e-01  -3.7128819e-03  -1.8428327e-03  -1.2337841e-03
   9.6994478e-02   1.8650933e-01   1.3309224e-01  -4.4029429e-03  -2.1331051e-03  -1.1577374e-03
   7.6316734e-02   2.2078960e-01   1.2597983e-01  -4.2107565e-03  -1.3226498e-03  -1.1555542e-03
   6.6393856e-02   2.5255385e-01   6.7527348e-02  -4.2965359e-03  -1.4451952e-03  -1.1982997e-03
   6.6710202e-02   2.3407737e-01   1.4825933e-01  -4.4825518e-03  -1.3620526e-03  -1.2233490e-03
   6.9649582e-02   2.6922620e-01   4.2559944e-02  -4.8075928e-03  -1.4937161e-03  -1.3905195e-03
   6.2706051e-02   1.9411659e-01   1.0109706e-01  -5.1135980e-03  -1.5295856e-03  -1.2967712e-03
   6.2818454e-02   2.4549122e-01   2.7250466e-02  -4.8125586e-03  -1.7328320e-03  -1.3200553e-03
   5.7916118e-02   2.1941665e-01   5.3766803e-02  -5.5500909e-03  -1.0783861e-03  -1.0367695e-03
   5.8807552e-02   2.3270998e-01  -3.9442901e-02  -5.1794551e-03  -1.4805466e-03  -1.4643297e-03
   4.4813387e-02   2.6493602e-01   1.6759150e-01  -6.4645152e-03  -7.7063964e-04  -8.2637900e-04
   2.2713895e-02   4.0207914e-01   2.1128260e-01  -5.3089931e-03   1.4863168e-04  -1.1329351e-03
   2.1911371e-02   3.2814696e-02   1.8072054e-01  -8.6304161e-04  -4.8322828e-04  -1.2911237e-03
   2.2514488e-02   1.8929673e-01   2.6568390e-01  -2.6531166e-03  -3.4717942e-04  -1.5278564e-03
   2.1748903e-02   2.7265714e-01   1.8579994e-01  -4.0943312e-03  -2.6741051e-04  -1.7868104e-03
   2.9446239e-02   2.2583030e-01   1.6365829e-01  -3.8460292e-03  -1.5724875e-03  -1.8263861e-03
   2.4853182e-02   2.8881334e-01   1.2140749e-01  -5.2093185e-03  -1.5394458e-03  -1.7581792e-03
   3.2843740e-02   1.7327054e-01   1.4411332e-01  -4.4803194e-03  -2.2395737e-03  -1.5867731e-03
   3.8851621e-02   1.4299888e-01   1.3598772e-01  -2.9843273e-03  -1.9824754e-03  -1.2625768e-03
   1.6502888e-02   3.1431063e-01   1.6664462e-01  -4.5283547e-03  -7.0103713e-04  -1.5277357e-03
   5.9483904e-03   2.5919245e-01   1.2960728e-01  -5.4088768e-03  -1.1034050e-03  -1.7806206e-03
   2.1959985e-02   2.6489286e-01   1.1499140e-01  -4.9671353e-03  -1.0107276e-03  -1.7937053e-03
   3.5419609e-02   2.8355363e-01   3.2760066e-02  -6.0223814e-03  -2.0926034e-03  -1.5821172e-03
   4.1721968e-02   2.3552005e-01   7.7911094e-02  -5.6859552e-03  -2.0908830e-03  -1.5599747e-03
   3.5561630e-02   2.9106195e-01   2.2002682e-02  -5.6601796e-03  -2.0657947e-03  -1.4638682e-03
   4.5034083e-02   2.1661144e-01   5.1348995e-02  -5.5677861e-03  -2.3254943e-03  -1.4097157e-03
   4.6160232e-02   2.8540679e-01   2.2891498e-02  -4.9621768e-03  -2.4356824e-03  -1.3758391e-03
   4.1713341e-02   2.2092282e-01   7.3064895e-02  -4.3491067e-03  -2.4485813e-03  -1.1067214e-03
   4.5278966e-02   2.8744902e-01   3.6760503e-02  -5.0141343e-03  -2.0779228e-03  -1.4970276e-03
   5.0687451e-02   2.7474611e-01   9.0603645e-03  -4.4837083e-03  -2.2132418e-03  -1.1688992e-03
   5.0339444e-02   2.4655252e-01   6.8606473e-02  -4.6467984e-03  -2.0616971e-03  -1.2387169e-03
   6.7008309e-02   2.9394582e-01   4.3332882e-03  -4.8962073e-03  -2.5875117e-03  -1.0459766e-03
   6.5530516e-02   2.1162491e-01   5.0195003e-02  -4.9020164e-03  -2.5258989e-03  -8.2986363e-04
   6.0927343e-02   2.6079795e-01   3.6192501e-02  -4.6437223e-03  -2.1152597e-03  -9.7119012e-04
   6.3359154e-02   2.6362619e-01  -1.4303292e-03  -5.0297660e-03  -2.3813209e-03  -7.0972595e-04
   7.3548897e-02   2.2493685e-01   1.7127746e-02  -4.5022928e-03  -2.2862437e-03  -7.7990089e-04
   6.4811006e-02   2.8128270e-01  -2.8049220e-02  -4.8514423e-03  -2.4130109e-03  -7.4524060e-04
   6.1646337e-02   2.0186122e-01   3.9431681e-02  -4.6497974e-03  -2.2847556e-03  -8.1948674e-04
   7.2409196e-02   2.6488363e-01  -4.7331231e-02  -4.5543322e-03  -2.9082085e-03  -7.3780845e-04
   7.2882990e-02   1.9060497e-01   4.0713287e-03  -4.5055292e-03  -2.6313380e-03  -7.3005244e-04
   7.1276868e-02   2.6063146e-01  -6.9342193e-02  -4.6248468e-03  -2.8378477e-03  -9.3122676e-04
   6.8256813e-02   1.9428079e-01  -6.3583692e-02  -4.3059281e-03  -3.2505051e-03  -6.5511102e-04
   6.4384095e-02   2.3212074e-01  -5.2971197e-02  -4.6773014e-03  -3.2561084e-03  -7.6730944e-04
   7.2816669e-02   2.4569239e-01  -9.9086607e-02  -4.0929666e-03  -3.6184651e-03  -6.7415387e-04
   6.2572795e-02   2.2229479e-01  -7.9796374e-02  -4.1959077e-03  -3.2122136e-03  -5.0563041e-04
   5.1698124e-02   2.6352897e-01  -8.0317242e-02  -3.4085541e-03  -2.8018280e-03  -7.0592368e-04
   6.7147486e-02   2.3200838e-01  -1.4675953e-01  -4.7638004e-03  -3.1047278e-03  -6.0873510e-04
   7.3987762e-02   2.2317768e-01  -1.2335117e-01  -3.9165712e-03  -2.8057094e-03  -7.9024991e-04
   7.1727749e-02   2.5757270e-01  -1.5972355e-01  -4.7116266e-03  -3.0743682e-03  -7.0816787e-04
   8.7280479e-02   2.1022842e-01  -9.0925196e-02  -4.3453364e-03  -3.4749325e-03  -6.8251066e-04
   7.7872269e-02   2.8785251e-01  -1.1776529e-01  -4.8668570e-03  -3.1260280e-03  -8.1847177e-04
   6.6288261e-02   2.0276339e-01  -8.2930960e-02  -4.3447814e-03  -3.0373289e-03  -7.7057022e-04
   7.4671823e-02   2.7209788e-01  -1.1889205e-01  -4.2212272e-03  -3.4086348e-03  -7.7438247e-04
   6.6095138e-02   2.4410443e-01  -1.2837367e-01  -4.1529008e-03  -3.5938030e-03  -6.7137138e-04
   5.3545481e-02   2.5636495e-01  -1.0027790e-01  -4.4682400e-03  -3.5956564e-03  -6.5728061e-04
   7.3678851e-02   2.7832177e-01  -1.2669910e-01  -3.9831825e-03  -4.1910123e-03  -6.2063946e-04
   7.4306706e-02   2.3236979e-01  -1.2048481e-01  -4.6578490e-03  -4.5302892e-03  -4.0441315e-04
   8.9272249e-02   2.5353721e-01  -8.9744564e-02  -3.5500613e-03  -5.1952828e-03  -3.5448553e-04
   9.0349678e-02   2.7059468e-01  -1.5106900e-01  -4.8618215e-03  -5.9912753e-03  -3.4851384e-04
   1.0002492e-01   2.2561210e-01  -1.0018347e-01  -3.6956792e-03  -5.8305462e-03  -3.0612242e-04
   9.8900346e-02   2.8681532e-01  -1.7391078e-01  -5.0849487e-03  -6.7566924e-03  -1.9780698e-04
   1.2072431e-01   2.3255990e-01  -1.5572278e-01  -4.4903388e-03  -7.2808942e-03  -3.0364685e-04
   1.1405245e-01   3.1422120e-01  -2.7324212e-01  -6.4973773e-03  -6.7867965e-03  -4.4025772e-04
   1.0372665e-01   2.1699839e-01  -1.1351598e-01  -4.3276632e-03  -6.4786428e-03  -3.5105673e-04
   9.0778441e-02   1.9709829e-01  -2.5197305e-01  -3.5963624e-03  -6.1425316e-03   1.7843129e-05
   1.0637321e-01   3.7282175e-01   3.1086084e-01  -5.1494585e-03  -4.9314507e-03  -9.2061298e-06
   1.0536534e-01   2.9402654e-01   6.1460911e-01  -3.1522716e-03  -5.6148059e-03  -3.9629540e-04
   1.0347906e-01   3.3011865e-01   2.9060952e-01  -4.2982444e-03  -5.0461388e-03  -5.7772020e-04
   1.0244236e-01   2.2371229e-01   3.2207723e-01  -3.4592414e-03  -5.2996643e-03  -3.9656771e-04
   7.4356528e-02   2.8817856e-01   1.4695567e-01  -4.0664048e-03  -3.9802838e-03  -1.1625583e-03
   6.9710191e-02   2.6064329e-01   8.1279519e-02  -4.8600956e-03  -3.8288971e-03  -1.1901659e-03
   7.1727673e-02   2.5892058e-01  -2.1141950e-03  -4.6873314e-03  -3.5128334e-03  -1.3947133e-03
   7.3357084e-02   3.1891825e-01  -2.0492894e-02  -4.9231841e-03  -4.0642269e-03  -1.2516788e-03
   9.1281495e-02   2.4250224e-01  -4.3396210e-03  -4.8087511e-03  -3.7584064e-03  -1.2095480e-03
   9.4393816e-02   3.1352115e-01   1.4949817e-02  -5.5142457e-03  -4.5984905e-03  -9.2573748e-04
   1.1083328e-01   2.5567433e-01   8.2966517e-02  -4.3407607e-03  -3.1435002e-03  -1.0175740e-03
   2.9096361e-01   5.0709904e-01   2.6333683e-01  -7.4023306e-03   9.5128591e-04  -1.0863803e-03
   2.1273341e-01   2.9187354e-01   8.1525490e-02  -7.0632135e-03  -3.5373759e-03   1.3974357e-05
   1.3845707e-01   2.4062741e-01  -2.7878790e-02  -3.4248309e-03  -3.4828786e-03  -5.7577289e-04
   1.0721425e-01   2.5834679e-01  -5.8865346e-02  -5.0899092e-03  -2.8718364e-03  -4.0262179e-04
   1.1827706e-01   3.0886425e-01  -4.3042952e-02  -4.3585105e-03  -3.5066633e-03  -2.3649909e-04
   1.1771085e-01   2.8459749e-01  -1.0527167e-01  -5.5675364e-03  -4.0816329e-03   3.6296870e-05
   1.2821006e-01   2.7580492e-01  -9.6546007e-02  -5.0129803e-03  -3.9429785e-03  -6.2302443e-05
   1.3045699e-01   2.8319659e-01  -1.5171348e-01  -5.4490154e-03  -3.8974269e-03   9.3217985e-05
   1.1960760e-01   2.6145534e-01  -1.1456239e-01  -5.0289130e-03  -3.3201593e-03  -1.2472807e-04
   1.1206682e-01   3.0332452e-01  -1.8063543e-01  -5.2058677e-03  -4.0938249e-03   1.8444383e-04
   1.1429700e-01   2.5374031e-01  -1.1170553e-01  -5.3397259e-03  -4.8092413e-03   3.9472946e-04
   1.1518958e-01   2.9822539e-01  -1.9050117e-01  -5.1396858e-03  -4.8330501e-03   2.8483243e-04
   1.0076619e-01   2.3596644e-01  -1.7299672e-01  -5.2849013e-03  -5.1340467e-03   6.3521603e-04
   1.2085877e-01   2.8203964e-01  -2.1810798e-01  -5.3612946e-03  -5.4409251e-03   5.1011492e-04
   1.0907946e-01   3.1354681e-01  -2.4520628e-01  -5.8785026e-03  -5.5312941e-03   4.8051311e-04
   1.1258424e-01   2.6172961e-01  -2.0461018e-01  -5.4634248e-03  -5.3744922e-03   2.3514921e-04
   1.0581663e-01   3.0671250e-01  -2.3098128e-01  -5.1480970e-03  -5.1745389e-03   2.5058238e-04
   9.3406524e-02   2.6293269e-01  -1.9802669e-01  -5.3908248e-03  -4.9540260e-03   1.6793354e-04
   8.6910102e-02   3.1908527e-01  -2.6021684e-01  -5.7087480e-03  -4.6702635e-03  -4.7433761e-05
   9.1057250e-02   2.7510408e-01  -2.4144570e-01  -5.7020177e-03  -5.2662963e-03   1.6380861e-04
   8.7364036e-02   3.1093678e-01  -2.6097954e-01  -5.7406418e-03  -4.9714503e-03  -4.1855790e-05
   8.1446184e-02   3.0988655e-01  -2.7689986e-01  -6.8963824e-03  -4.9596920e-03   1.1778003e-04
   9.8923252e-02   2.5576712e-01  -2.6425180e-01  -5.8394399e-03  -4.8226080e-03   4.0086509e-05
