   1.4210855e-14   0.0000000e+00   0.0000000e+00   0.0000000e+00   0.0000000e+00   0.0000000e+00
   8.3451888e-03  -3.8909256e-02   4.8096953e-02  -2.2445999e-05   2.8292787e-04   2.2686364e-04
   4.4955163e-03  -1.4372037e-02   1.1201551e-01   5.0862194e-04   2.8575203e-04   1.8178797e-05
   4.2099398e-03  -3.3182428e-02   1.1975309e-01   1.2634694e-04   4.0652445e-04   1.4548046e-04
   1.0851891e-02  -1.4918773e-02   1.2367223e-01   1.3436179e-04   4.2385533e-04   2.7141262e-04
   2.2044954e-02  -4.8923620e-02   6.4982604e-02   1.8594983e-04   1.0647211e-03   8.3056045e-04
   1.2778678e-03  -4.9654253e-02  -1.2448293e-02   6.1799966e-04   2.7831635e-04   6.1606073e-04
  -2.8800997e-02   5.0940581e-03   3.3190453e-02   1.5955328e-04   6.4552044e-04   1.8238582e-04
   7.8398708e-03   4.9008129e-03   5.1001009e-02   1.1719716e-04   9.6971204e-04   2.2523848e-04
   2.9472416e-02   6.3864966e-03   8.1281041e-02  -1.6691508e-04   3.3369347e-04   3.5917021e-04
   2.0448464e-02   7.8154041e-03   9.7766314e-02   4.3842083e-05   7.3386666e-04   2.4289645e-04
   1.9314815e-02   1.7642725e-02   9.1395885e-02   2.3088207e-04   7.3680577e-04  -4.9203058e-05
   1.5954619e-02   1.2434446e-02   8.0393197e-02   2.3065004e-04   1.2581041e-03   1.9075773e-04
   6.2393694e-03   2.3479691e-02   5.6105402e-02   1.0187610e-04   1.0930342e-03   6.0168516e-05
   5.3958138e-03   1.1331921e-02   6.9462634e-02   2.1403431e-04   1.1710287e-03  -2.6940705e-05
   5.4961510e-03   8.7276056e-03   9.3743221e-02   1.9607931e-04   1.1026996e-03  -8.8273116e-05
   1.4717682e-02   1.1606983e-02   1.1414911e-01   3.5130037e-04   1.1712658e-03  -1.7065673e-04
   7.5091219e-03   1.3302127e-02   1.1274532e-01   4.4259595e-04   1.0358842e-03  -2.0600809e-04
   3.6831727e-03   2.1004310e-02   7.9703340e-02   5.3108042e-04   1.2765806e-03   2.7295445e-05
  -7.1906887e-03   3.6657435e-02   7.0293572e-02   6.3972235e-04   1.6710538e-03   3.7687511e-04
   1.1195371e-02   7.1690166e-03   8.7888811e-02   8.6461720e-04   1.6401467e-03   1.7220386e-04
   9.7382761e-03   6.3362974e-04   1.3306104e-01   5.9988158e-04   1.4938596e-03   1.8346398e-04
   1.4831562e-02  -3.5115626e-03   8.9902335e-02   8.4439381e-04   1.0948381e-03  -2.8441287e-04
   2.0023834e-02   3.4505887e-02   8.5784840e-02   6.4859585e-04   1.5819445e-03   3.8204564e-04
   3.4507263e-02   2.6182237e-02   8.3377845e-02   5.0809165e-04   1.7564117e-03   4.8442901e-04
   1.9560872e-02   2.3548528e-02   7.1607946e-02   1.2745487e-03   2.2504317e-03   7.9769132e-04
   4.4399780e-02   4.5914278e-02   5.5835364e-02   1.2859796e-03   2.2483004e-03   9.9761110e-04
   3.3516866e-02   3.4629225e-02  -2.0043430e-03   3.4310930e-04   2.3983696e-03   9.6477970e-04
   1.3267180e-02   4.6876151e-02  -4.5312711e-02   1.0054890e-03   3.0669343e-03   1.2855683e-03
   5.7811840e-02   7.0207391e-02  -6.4915566e-03   1.3719054e-04   2.1858489e-03   5.6153315e-04
   5.3488818e-02   3.9054129e-02   3.6485084e-02   6.6641991e-04   3.0256652e-03   1.1891858e-03
   8.4723284e-02   2.3539609e-02  -5.7069379e-03   2.4413318e-04   3.3679758e-03   2.8370394e-03
   6.6780433e-02   3.6712026e-02  -1.3690545e-02   4.9663357e-04   3.8055171e-03   3.1944586e-03
   7.6842813e-02   1.7266590e-02   1.7306500e-02   3.9321011e-04   3.6621761e-03   3.0050797e-03
   7.5278557e-02   7.0309553e-03   7.2953766e-02   3.4234275e-04   3.8282211e-03   3.0277748e-03
   8.0066946e-02   2.7512063e-02   2.9678089e-02   1.1791778e-04   4.2943345e-03   3.4421958e-03
   8.6739828e-02   7.5429185e-02   2.0909007e-02   4.4614779e-04   3.9761308e-03   3.1613153e-03
   7.4633016e-03   4.7620061e-02   3.6243669e-02   1.8428858e-03   1.9482368e-03  -1.4222577e-04
   4.3090907e-02   3.9594867e-02   7.0558437e-02   1.3149244e-03   3.0016070e-03   2.0259862e-03
   5.8479872e-02   2.6130227e-02   4.9484607e-02   1.1628576e-03   2.8488995e-03   1.5621647e-03
   5.8157371e-02   3.3222832e-02   6.0381776e-02   1.0507558e-03   3.3214491e-03   2.2780815e-03
   6.2420245e-02   4.9708579e-02   3.2397289e-02   1.2991421e-03   3.0313410e-03   1.7209695e-03
   5.5252344e-02   5.9827368e-02   2.5882386e-02   1.1302684e-03   3.4400625e-03   2.2572878e-03
   5.0263469e-02   4.8099023e-02  -1.7521543e-02   1.1181892e-03   3.5495740e-03   2.0612183e-03
   8.1978182e-02   5.5431235e-02   1.3873773e-02   9.2101624e-04   3.7335330e-03   2.7454243e-03
   5.6864264e-02   3.5059073e-02   1.3906711e-02   1.4124201e-03   3.3065422e-03   1.7666062e-03
   4.9711405e-02   5.6998330e-02   4.9432704e-02   1.1663415e-03   3.7825602e-03   2.0859568e-03
   6.6695043e-02   8.1337011e-02  -2.2062122e-02   1.2624542e-03   3.8448691e-03   2.0580333e-03
   4.8250637e-02   6.4907492e-02  -1.5932008e-02   1.3358197e-03   3.6358979e-03   2.1032025e-03
   5.6344946e-02   6.6706127e-02   1.1523367e-02   1.4744572e-03   3.0858492e-03   1.4841399e-03
   6.9462004e-02   8.2016040e-02   1.0761526e-01   1.8627612e-03   3.2444778e-03   2.0598984e-03
   8.3116054e-02   6.3946811e-02  -2.5923588e-02   1.2068502e-03   3.4817229e-03   1.9511062e-03
   6.4537001e-02   1.0625173e-01   4.5012431e-02   1.3491475e-03   3.2985799e-03   2.4393480e-03
  -1.0646488e-01  -2.4915269e-01   7.7245796e-01   3.1440724e-02   2.3949203e-03   1.4717666e-04
  -1.4376670e-01  -4.2547520e-01   1.2993138e+00   4.7577002e-02   2.6071621e-03   8.1653619e-04
  -1.3707726e-02  -6.4524289e-02   6.8468001e-01   2.4445468e-02   1.6206695e-03   1.5639030e-03
   1.2891045e-02  -7.1934083e-04   5.5831360e-01   2.3015850e-02   9.8890868e-04   1.2605951e-03
   1.4404545e-02   2.7066157e-02   5.3232218e-01   2.1370202e-02   1.3620760e-03   1.9376668e-03
   4.0336943e-02   1.7438033e-02   5.3663111e-01   2.2122954e-02   1.6421545e-03   1.9472558e-03
   3.9902884e-02  -4.0945742e-03   5.8054956e-01   2.1561380e-02   2.0017114e-03   2.0037072e-03
   5.8430421e-02   1.2047807e-03   5.6560186e-01   2.1390366e-02   1.9465078e-03   2.0251516e-03
   5.0097828e-02   5.6704234e-02   4.9693126e-01   1.9293083e-02   1.9759726e-03   1.4823311e-03
   3.0807699e-02   7.1504604e-02   4.5135572e-01   1.8566211e-02   2.7830873e-03   1.8191474e-03
   5.1886174e-02   6.5247807e-02   4.6721015e-01   1.8827189e-02   2.6853809e-03   2.2259154e-03
   4.8832611e-02   4.1251834e-02   4.7819365e-01   1.8889661e-02   3.0825765e-03   2.5131476e-03
   7.9356384e-02   5.4825992e-02   4.7504689e-01   1.7573672e-02   2.9999181e-03   2.3802786e-03
   8.6816128e-02   8.8900964e-02   4.0555751e-01   1.6622112e-02   1.6206639e-03   1.7896004e-03
   7.3449578e-02   1.0135655e-01   3.7668706e-01   1.6419506e-02   2.4507728e-03   2.0231469e-03
   7.3200552e-02   1.0171150e-01   4.1226100e-01   1.6753798e-02   2.5505673e-03   2.2308701e-03
   9.6669042e-02   8.2626905e-02   4.5484309e-01   1.6478773e-02   2.9095231e-03   2.4135499e-03
   9.7752997e-02   6.5833301e-02   4.7838603e-01   1.6613522e-02   3.0483420e-03   2.5794472e-03
   1.1606625e-01   7.4467860e-02   4.2682990e-01   1.6060534e-02   3.1622091e-03   2.7276185e-03
   1.2188382e-01   9.9437029e-02   4.1499805e-01   1.6452048e-02   3.2500652e-03   2.8481915e-03
   1.1323088e-01   1.0223432e-01   4.1111580e-01   1.6216923e-02   3.2327150e-03   2.6655260e-03
   8.9768607e-02   1.0057331e-01   4.3855129e-01   1.6748891e-02   3.2184157e-03   2.3835703e-03
   9.7836993e-02   1.0001495e-01   4.3143324e-01   1.5583691e-02   3.0160557e-03   2.3341740e-03
   8.8775081e-02   1.1923207e-01   4.1448865e-01   1.5789046e-02   3.0948577e-03   2.5032909e-03
   9.1718868e-02   9.0400634e-02   3.6720130e-01   1.5266137e-02   2.9126157e-03   2.2865699e-03
   9.9692831e-02   5.8671425e-02   4.3168267e-01   1.5627822e-02   3.0901522e-03   2.5893080e-03
   9.0605716e-02   6.4266371e-02   3.9974966e-01   1.4501995e-02   2.9710346e-03   2.5007783e-03
   9.1840980e-02   7.9240288e-02   3.6535235e-01   1.5053296e-02   3.2150287e-03   2.4194986e-03
   8.5044106e-02   9.5417551e-02   3.1056949e-01   1.4474779e-02   3.3308276e-03   2.4925288e-03
   1.0012752e-01   1.0084224e-01   3.4522580e-01   1.5380735e-02   3.3348988e-03   2.3111264e-03
   1.0403236e-01   1.2671225e-01   3.4111241e-01   1.4583296e-02   3.2580806e-03   2.4827215e-03
   1.0625289e-01   1.2184582e-01   4.1135620e-01   1.5453942e-02   3.1544261e-03   2.4355720e-03
   1.0566299e-01   1.0724047e-01   3.7917208e-01   1.5049649e-02   2.8357752e-03   1.9353994e-03
   1.0381876e-01   1.4749894e-01   4.0597114e-01   1.5818546e-02   3.2325047e-03   2.2943861e-03
   2.3469409e-02   1.2988079e-01   3.7390739e-01   1.5911835e-02   5.9679314e-04  -1.7988116e-03
   9.5332428e-02   1.2051435e-01   3.8371174e-01   1.6497499e-02   1.4505979e-03  -3.1393175e-04
   9.7187055e-02   1.0434781e-01   3.4755537e-01   1.4885070e-02   2.2854039e-03   6.9340833e-04
   1.0541863e-01   1.4288526e-01   3.6698642e-01   1.5776182e-02   2.0253323e-03   7.8649396e-04
   1.0771989e-01   1.3423023e-01   3.4259991e-01   1.5107222e-02   2.5494085e-03   8.7746729e-04
   1.1642454e-01   1.4874318e-01   3.5988316e-01   1.6606849e-02   2.3717005e-03   8.8786252e-04
   1.0642705e-01   1.0553316e-01   1.9294309e-01   1.5929754e-02   2.6732311e-03   1.3914378e-03
   1.1011074e-01   1.1735135e-01   2.0460179e-01   1.5757479e-02   2.9859539e-03   1.3994180e-03
   1.0200002e-01   1.2278659e-01   2.1801051e-01   1.5174507e-02   2.4157971e-03   9.3134900e-04
   9.7381761e-02   1.1272202e-01   2.6879119e-01   1.6674086e-02   1.7405582e-03   2.1326319e-04
   1.1460888e-01   1.1008007e-01   2.4987823e-01   1.5503167e-02   2.4646381e-03   7.0635055e-04
   1.1409178e-01   1.4079858e-01   3.2020061e-01   1.7005041e-02   2.3478890e-03   8.8225129e-04
   1.1904859e-01   1.6159611e-01   3.1672111e-01   1.5614351e-02   2.6663219e-03   8.3490337e-04
   5.1716596e-02   1.5861413e-01   3.0701959e-01   1.6490701e-02   1.1568453e-03  -1.4915340e-04
   7.8037037e-02   1.3781042e-01   2.6914617e-01   1.4943726e-02  -3.9022531e-04  -9.6502036e-04
   7.8963448e-02   1.2839362e-01   3.6880104e-01   1.5902239e-02  -1.8759572e-03  -2.0760718e-03
   7.9707379e-02   1.1707505e-01   2.8276746e-01   1.3767735e-02  -6.2656372e-04  -1.3430451e-03
   6.8281390e-02   1.3807645e-01   3.3573878e-01   1.6097424e-02   1.6947501e-04  -1.6549854e-03
   7.7459977e-02   1.4233390e-01   2.4106802e-01   1.3929712e-02   4.4058528e-04  -1.8745354e-03
   7.2251125e-02   1.7544769e-01   3.2303158e-01   1.6227538e-02   7.1050268e-04  -1.5561030e-03
   9.0428760e-02   1.5174035e-01   2.3076149e-01   1.2968574e-02   6.7979742e-04  -1.2830027e-03
   9.3384863e-02   1.8298357e-01   4.3874533e-01   1.8053534e-02   4.3531337e-04  -1.4323643e-03
   1.1468517e-01   1.2118571e-01   2.1936268e-01   1.1811838e-02   9.9536207e-04  -1.4070597e-03
   8.0981176e-02   2.5500115e-01   7.0265563e-01   2.6689548e-02   3.0565141e-04  -1.2391134e-03
  -2.6373155e-02   4.0706821e-02   1.3969059e+00   5.0685875e-02   1.8632907e-03  -6.3405633e-04
  -7.7000157e-02  -8.3900034e-02   1.4272715e+00   5.2615293e-02   1.1827624e-03  -4.1099784e-04
  -1.8099993e-01   6.4991004e-02   2.6062468e+00   8.2015190e-02   5.3767298e-06   1.7882580e-03
  -4.3729556e-02   9.1464292e-02   1.5581576e+00   5.3147043e-02  -1.8429213e-04  -2.0471589e-03
  -5.3771097e-02   1.6090186e-01   1.6640993e+00   5.6246759e-02  -2.4744688e-04  -9.2392160e-04
  -4.6949647e-03   1.3312317e-01   1.4234017e+00   5.1467843e-02   2.9530195e-04  -1.2886096e-03
  -2.2876373e-02   1.7864911e-01   1.5037822e+00   5.3991636e-02  -2.0535006e-04  -9.9804726e-04
  -7.7580433e-03   1.6724865e-01   1.4079753e+00   5.0711016e-02   6.2631746e-05  -1.1776882e-03
  -1.0508461e-02   2.1497812e-01   1.5090636e+00   5.2260365e-02  -1.9068112e-06  -1.2919095e-03
   1.7808578e-02   1.9431075e-01   1.4198912e+00   5.0443520e-02   5.6587413e-04  -1.0553989e-03
   1.2742500e-04   2.2806620e-01   1.3945325e+00   5.0462156e-02  -2.9617418e-04  -1.3032576e-03
  -2.4511980e-02   2.0018364e-01   1.3402658e+00   4.9714506e-02  -4.1025148e-05  -2.3888994e-03
   2.0003094e-02   3.1251893e-01   9.9384547e-01   3.9130349e-02  -1.3816297e-03  -2.5200199e-03
   6.4829910e-02   2.9296324e-01   6.4618028e-01   2.6269683e-02  -4.4244629e-03  -4.1573870e-03
   5.3355435e-02   3.0441841e-01   7.5270208e-01   3.0920393e-02  -4.2377691e-03  -4.0852601e-03
   3.5338646e-02   2.7167814e-01   6.1311619e-01   2.7581990e-02  -3.9115115e-03  -4.1509831e-03
   3.6490250e-02   2.6958929e-01   7.6542654e-01   2.9759554e-02  -4.4565458e-03  -4.3049959e-03
   3.1015514e-02   2.5676774e-01   6.7811874e-01   2.7004210e-02  -3.5572986e-03  -3.9762902e-03
   1.6000311e-02   2.9575514e-01   7.3376834e-01   3.2202867e-02  -3.7954993e-03  -4.0931106e-03
