   0.0000000e+00   0.0000000e+00   0.0000000e+00   0.0000000e+00   0.0000000e+00   0.0000000e+00
  -1.8344826e-02   4.9970403e-02  -1.1375716e-02  -1.5064227e-04   1.5201123e-04  -3.1713020e-04
  -3.1041861e-02  -3.7545734e-02  -5.2694854e-02  -5.4068875e-04   6.4635430e-04   3.1518771e-04
  -4.9203617e-02   1.8362389e-02  -5.6972046e-02  -1.2614230e-03   1.6354052e-03  -1.9908833e-04
  -3.1709325e-02   5.7384804e-02  -7.9922773e-02  -1.7355249e-03   7.8577358e-04  -5.6260927e-04
  -1.7838287e-02   1.2426045e-03  -8.3507389e-02  -2.1792603e-03   6.7189279e-04  -5.8863148e-04
  -2.1568584e-02   8.5574525e-02  -7.4687798e-02  -2.2668684e-03   8.5294591e-04  -3.9030534e-04
  -2.9264190e-02   4.4093690e-03  -6.3200010e-02  -2.4677655e-03   7.1434433e-04  -5.6695063e-05
  -2.9936138e-02   4.4857227e-02  -3.9498000e-02  -2.2493635e-03   1.0304725e-03  -7.4195017e-05
  -3.2434053e-02   5.8579550e-02  -8.9641477e-02  -2.7909397e-03   8.9472564e-04  -2.1494765e-05
  -4.4006081e-02  -2.1507217e-03  -7.0316179e-02  -2.3410637e-03   1.4200367e-03  -6.3699975e-05
  -4.4863611e-02   6.5086075e-02  -1.2343861e-01  -2.7963796e-03   1.9961093e-03   1.9174762e-04
  -5.1603106e-02   4.0996720e-04  -1.1415757e-01  -3.0682104e-03   2.5260235e-03   6.3080349e-04
  -4.8145705e-02   5.2191474e-02  -1.5059502e-01  -3.4573274e-03   3.0498942e-03   8.3007001e-04
  -6.0659685e-02   4.6396741e-02  -1.6783072e-01  -4.0151120e-03   2.9939649e-03   1.1755722e-03
  -6.1409366e-02   2.3212831e-02  -1.5402114e-01  -4.1062448e-03   3.6669018e-03   1.4234096e-03
  -6.4413939e-02   6.0054795e-02  -2.0647361e-01  -4.2804850e-03   3.9488679e-03   1.7143485e-03
  -7.3987692e-02  -2.3755598e-03  -1.5713254e-01  -4.7741263e-03   3.9806427e-03   2.0217076e-03
  -6.2231460e-02   7.3326147e-02  -1.3072722e-01  -5.4422389e-03   4.1033203e-03   2.1538804e-03
  -6.8196491e-02   5.6432597e-02  -2.2110282e-01  -5.8795571e-03   3.8178595e-03   2.4573085e-03
  -5.7062768e-02   2.4822779e-02  -1.6513613e-01  -6.1809360e-03   4.0195371e-03   2.8369357e-03
  -4.7835307e-02   5.0082279e-02  -2.1588060e-01  -5.7064828e-03   3.6620513e-03   2.9945765e-03
  -5.2661583e-02   3.2045906e-02  -2.0330080e-01  -6.6175835e-03   3.5755749e-03   3.3151111e-03
  -4.1631195e-02   2.0384839e-02  -2.1516149e-01  -5.6983356e-03   3.8813569e-03   3.1302753e-03
  -3.1480009e-02   8.8582169e-02  -2.1768473e-01  -6.6448053e-03   3.7082229e-03   3.3935669e-03
  -4.8602351e-02  -1.1099095e-02  -1.5639400e-01  -5.5126872e-03   3.7811175e-03   3.1817992e-03
  -5.3923875e-02   1.6427140e-01   3.5344967e-02  -6.8738216e-03   4.3229503e-03   1.6281016e-03
  -4.0588497e-02  -3.0018837e-02   1.6347106e-02  -4.4277953e-03   3.8368049e-03   1.6269876e-03
  -5.2443747e-02   9.3939426e-02   1.6385459e-02  -5.8575815e-03   4.5911100e-03   1.8749086e-03
  -5.7136624e-02   1.5816525e-01   1.5976221e-02  -5.7311101e-03   4.6848155e-03   2.2455290e-03
  -5.0852019e-02   2.7687126e-02  -1.6843311e-02  -6.1762426e-03   4.6843513e-03   2.4588386e-03
  -5.1871414e-02   1.3617824e-01  -3.9195715e-02  -6.7546562e-03   4.4645945e-03   2.8181946e-03
  -6.1776957e-02   3.7302558e-02  -5.4401313e-02  -7.1781017e-03   4.3218873e-03   3.4531247e-03
  -5.2062945e-02   1.1382026e-01  -7.8660683e-02  -7.5560115e-03   4.1077253e-03   3.6747940e-03
  -5.3610880e-02   9.8014770e-02  -1.2530768e-01  -7.7320317e-03   4.0258124e-03   4.0806481e-03
  -4.8198183e-02   1.0542778e-01  -1.1828172e-01  -7.7236942e-03   3.8371462e-03   4.5658874e-03
  -1.9001435e-02   1.4135817e-01  -1.4359802e-01  -7.8792343e-03   3.2851906e-03   4.9258228e-03
  -2.3789840e-02   7.4783068e-02  -1.1355990e-01  -8.1817529e-03   3.5460225e-03   5.3215393e-03
  -3.1241440e-02   9.7520278e-02  -1.3592643e-01  -7.6412045e-03   3.6957934e-03   5.4122507e-03
  -3.7182527e-02   9.3868893e-02  -1.5481195e-01  -8.4709196e-03   3.6634386e-03   5.6965338e-03
  -4.0236233e-02   8.6767498e-02  -1.2464538e-01  -8.1384611e-03   3.5792688e-03   5.6338056e-03
  -5.1098314e-02   1.5293301e-01  -1.6584978e-01  -8.5613507e-03   3.7771712e-03   5.7642252e-03
  -5.5615071e-02   7.4618845e-02  -1.3853873e-01  -8.5744001e-03   3.7493611e-03   6.1368115e-03
  -5.4857474e-02   1.4038111e-01  -1.4357532e-01  -8.2041367e-03   3.9653384e-03   6.1801132e-03
  -6.0177808e-02   1.2016861e-01  -1.6217602e-01  -8.7763546e-03   3.4312247e-03   6.6491026e-03
  -6.0882483e-02   1.1399983e-01  -1.2631246e-01  -8.6111564e-03   3.5426509e-03   6.7974593e-03
  -7.1599302e-02   1.4643049e-01  -1.6003765e-01  -8.9350834e-03   3.5174092e-03   6.7358975e-03
  -8.5089890e-02   9.7846020e-02  -1.1491210e-01  -8.8773711e-03   3.5804880e-03   6.9028817e-03
  -8.4490869e-02   1.3737000e-01  -1.5674074e-01  -8.5911972e-03   3.1345878e-03   7.0202263e-03
  -9.0778842e-02   9.3394257e-02  -1.1934435e-01  -8.2744670e-03   3.2669865e-03   7.2496175e-03
  -7.9493858e-02   1.3301345e-01  -8.1796846e-02  -7.5806816e-03   3.2844344e-03   6.5025106e-03
  -8.7505309e-02   9.7528410e-02  -1.5062056e-01  -8.7116069e-03   3.5701764e-03   6.2687988e-03
  -1.0990431e-01   1.0820339e-01  -1.5606717e-01  -8.5377388e-03   3.5947399e-03   6.4305309e-03
  -1.0209633e-01   1.5143751e-02  -2.2018437e-01  -6.5895040e-03   3.6773321e-03   6.1889787e-03
  -1.2518091e-01   1.2253007e-01  -1.8806298e-01  -6.2808630e-03   5.2419576e-03   5.5416871e-03
  -1.4435754e-01   4.4654167e-02  -1.5311737e-01  -6.9309988e-03   5.9303439e-03   6.0366096e-03
  -1.5974256e-01   1.4550059e-01  -1.7117298e-01  -6.3648245e-03   6.3819651e-03   6.3516587e-03
  -1.5221232e-01   8.7079016e-02  -1.7009514e-01  -7.4009259e-03   6.1227168e-03   6.8192592e-03
  -1.5141773e-01   1.3777764e-01  -1.4058391e-01  -7.3470154e-03   6.5246910e-03   6.6998885e-03
  -1.5102190e-01   1.5448765e-01  -1.7998159e-01  -7.7807799e-03   6.4779712e-03   6.8561382e-03
  -1.5636459e-01   1.0348840e-01  -1.3853056e-01  -7.7319233e-03   6.6206486e-03   7.0175114e-03
  -1.5877123e-01   1.7968933e-01  -1.6612091e-01  -7.6055885e-03   6.8789791e-03   7.1645194e-03
  -1.6392519e-01   8.3521505e-02  -1.3845028e-01  -7.4553324e-03   7.1822549e-03   7.4124727e-03
  -1.6446314e-01   1.7310768e-01  -1.7120701e-01  -7.4534956e-03   7.2666762e-03   7.5363900e-03
  -1.7307550e-01   7.8666558e-02  -1.7617861e-01  -7.4175544e-03   7.4595397e-03   7.9410771e-03
  -1.7311086e-01   1.2546589e-01  -1.7321582e-01  -7.1179317e-03   7.9037327e-03   7.9472930e-03
  -1.5582852e-01   1.2819266e-01  -2.0499532e-01  -7.1172546e-03   7.6928550e-03   8.1407004e-03
  -1.4817824e-01   8.5075292e-02  -1.5248943e-01  -7.4973184e-03   7.8061076e-03   8.2090677e-03
  -1.4769728e-01   1.3242216e-01  -1.7894583e-01  -7.0165213e-03   7.7413981e-03   8.3283993e-03
  -1.4213324e-01   7.1636557e-02  -1.4359449e-01  -7.7221666e-03   7.7649583e-03   8.7130956e-03
  -1.5027699e-01   1.1443043e-01  -1.5295052e-01  -6.9322862e-03   8.2240114e-03   8.8716646e-03
  -1.6954735e-01   8.9821779e-02  -1.4729982e-01  -7.7496185e-03   8.3349836e-03   9.2661415e-03
  -1.7750384e-01   1.0764694e-01  -1.6058756e-01  -6.9861982e-03   8.1586391e-03   9.2251049e-03
  -1.8586144e-01   1.2435316e-01  -1.7858599e-01  -7.6307460e-03   7.8758754e-03   9.4622292e-03
  -2.0091464e-01   1.2784908e-01  -1.5352572e-01  -7.2761062e-03   8.1656911e-03   9.0041359e-03
  -1.9249604e-01   1.6082534e-01  -1.9571433e-01  -7.6475489e-03   7.6055672e-03   8.4479902e-03
  -1.7919443e-01   1.1712605e-01  -1.6254271e-01  -7.6326022e-03   7.6345423e-03   8.4624105e-03
  -1.8207298e-01   2.1615752e-01  -2.2926572e-01  -8.4294230e-03   7.8741189e-03   8.4426691e-03
  -1.7221167e-01   6.0916212e-02  -1.9038625e-01  -7.1220357e-03   7.3426021e-03   8.3749835e-03
  -1.6438920e-01   1.7940195e-01  -2.0616846e-01  -8.1472105e-03   7.3374539e-03   8.2224244e-03
  -1.6345829e-01   1.5566204e-01  -2.2622925e-01  -8.9878433e-03   7.2193768e-03   8.6293267e-03
  -1.6571840e-01   1.9635497e-01  -2.2903945e-01  -8.7099286e-03   7.2341659e-03   8.5464867e-03
  -1.8057006e-01   1.1313130e-01  -2.2322644e-01  -8.6873066e-03   7.4272249e-03   8.7792341e-03
  -1.7690193e-01   1.7825863e-01  -2.3503632e-01  -7.8761811e-03   7.4735186e-03   8.6396056e-03
  -1.8907752e-01   1.0451051e-01  -2.5319209e-01  -8.1949384e-03   7.3758324e-03   8.8342233e-03
  -1.8201841e-01   1.8413434e-01  -2.4179607e-01  -8.0370436e-03   7.2834020e-03   8.7179975e-03
  -1.8199622e-01   1.2923030e-01  -2.4001960e-01  -8.4849994e-03   7.1427111e-03   8.8217037e-03
  -1.7434436e-01   1.7411308e-01  -2.1102589e-01  -8.2507501e-03   6.7881839e-03   8.7887928e-03
  -1.6710861e-01   1.5839365e-01  -2.4312383e-01  -9.0052824e-03   5.8850937e-03   9.0369593e-03
  -1.6666014e-01   1.8038626e-01  -2.1808364e-01  -9.0931911e-03   6.0863772e-03   9.0271496e-03
  -1.7166505e-01   1.6945360e-01  -2.6345242e-01  -8.9503931e-03   5.7334678e-03   9.3156753e-03
  -1.7094770e-01   1.6526912e-01  -2.0925147e-01  -9.1284736e-03   5.7776781e-03   9.3290803e-03
  -1.6973216e-01   1.8445122e-01  -2.4625637e-01  -8.6093404e-03   5.2565477e-03   9.4536961e-03
  -1.6892828e-01   1.5379880e-01  -1.9907270e-01  -9.1462383e-03   5.5535604e-03   9.3852279e-03
  -1.7418152e-01   2.0361101e-01  -2.4589335e-01  -8.8252210e-03   5.5181425e-03   9.4516021e-03
  -1.7932349e-01   1.5005295e-01  -2.2016878e-01  -9.5194453e-03   5.7686720e-03   9.5491352e-03
  -1.8330904e-01   1.7732349e-01  -2.5848103e-01  -8.5204064e-03   5.7173518e-03   9.4327393e-03
  -1.8966645e-01   1.8174288e-01  -2.5227212e-01  -9.5637732e-03   6.1253138e-03   9.4706518e-03
  -1.8652091e-01   2.1423210e-01  -2.2953314e-01  -8.7273194e-03   6.1095703e-03   9.3174484e-03
  -1.9409003e-01   1.2007062e-01  -2.2203374e-01  -8.9833440e-03   6.2313494e-03   8.9153764e-03
  -2.0051642e-01   2.0620379e-01  -2.4148804e-01  -8.4686521e-03   6.5097835e-03   8.7507430e-03
  -1.9422331e-01   1.7203895e-01  -2.4192910e-01  -9.3313404e-03   6.6391408e-03   8.7850241e-03
  -1.8340181e-01   2.1785308e-01  -2.5236056e-01  -8.3772632e-03   6.4386106e-03   8.7326970e-03
  -1.8803383e-01   1.5666897e-01  -2.4791675e-01  -8.6869962e-03   6.1959490e-03   8.6862106e-03
  -1.8143659e-01   1.9378943e-01  -2.8286806e-01  -9.1659748e-03   5.8073119e-03   8.4960945e-03
  -1.9107585e-01   7.8939968e-02  -2.6148957e-01  -8.1292301e-03   5.9820147e-03   8.7805391e-03
  -2.0002484e-01   2.8125839e-01  -3.0259584e-01  -1.0032455e-02   7.0461038e-03   8.5504167e-03
  -2.0390345e-01   1.2783327e-01  -2.5398297e-01  -8.1619243e-03   6.9151691e-03   8.8810721e-03
  -1.9916350e-01   2.6029306e-01  -2.9887320e-01  -9.4596164e-03   6.8655257e-03   8.6949063e-03
  -2.0679350e-01   8.0974544e-02  -2.7162521e-01  -8.1668881e-03   6.8071051e-03   8.9192870e-03
  -2.1384974e-01   2.4130813e-01  -2.9610682e-01  -9.2648862e-03   7.0349642e-03   8.8803683e-03
  -2.2241201e-01   1.3415639e-01  -2.6559138e-01  -8.4986735e-03   6.8934392e-03   8.9860535e-03
  -2.1128538e-01   2.4227720e-01  -2.8971396e-01  -8.6232137e-03   6.9157377e-03   8.9631058e-03
  -2.0902405e-01   1.4655612e-01  -2.8749274e-01  -8.4117529e-03   6.2127473e-03   9.1887831e-03
  -1.9171117e-01   2.1743241e-01  -2.7827129e-01  -8.3941682e-03   6.3564074e-03   9.1388219e-03
  -2.0042273e-01   1.5896775e-01  -2.6917635e-01  -8.5092510e-03   6.4407073e-03   9.4219917e-03
  -2.0198527e-01   2.0564627e-01  -2.5761704e-01  -8.7376205e-03   6.7166347e-03   9.2262114e-03
  -2.1251776e-01   1.6876507e-01  -2.7512482e-01  -8.8444363e-03   6.6899181e-03   9.4656932e-03
  -2.0178456e-01   1.9708978e-01  -2.5902578e-01  -8.7682700e-03   6.6215689e-03   9.3248635e-03
  -2.0345881e-01   1.9330291e-01  -2.9434050e-01  -8.7293939e-03   6.1466206e-03   9.4171332e-03
  -1.9820361e-01   1.7986169e-01  -2.4654257e-01  -8.7881862e-03   6.4376973e-03   9.3714254e-03
  -1.8499002e-01   2.3720182e-01  -2.8814679e-01  -8.8851427e-03   6.1310839e-03   9.5847216e-03
  -1.9120134e-01   1.5320201e-01  -2.4278468e-01  -8.4237078e-03   6.0199429e-03   9.6274340e-03
  -1.9364064e-01   1.9173831e-01  -2.4976112e-01  -7.7815410e-03   6.1561474e-03   9.4178985e-03
  -2.0560662e-01   2.1733124e-01  -2.8298743e-01  -9.4819861e-03   6.6976833e-03   9.1255375e-03
  -1.9756649e-01   1.6146890e-01  -2.9199037e-01  -8.2037509e-03   5.9422484e-03   9.7269213e-03
  -2.0138637e-01   2.2817620e-01  -2.7941837e-01  -8.6652430e-03   6.3390178e-03   9.5167903e-03
  -1.9514317e-01   1.9897584e-01  -2.6494856e-01  -8.4334580e-03   6.2785581e-03   9.3844743e-03
  -1.8744559e-01   2.3637320e-01  -3.1983976e-01  -9.8204755e-03   5.6081454e-03   9.4050636e-03
