   0.0000000e+00   0.0000000e+00  -3.5527137e-15   2.7755576e-17   3.4694470e-18  -9.6296497e-35
  -9.6739317e-04  -3.7711657e-04  -7.1384624e-02  -1.0014292e-03   3.0824014e-04  -2.1070350e-05
   2.3943795e-03  -1.9459415e-02  -2.9163756e-02  -6.7560459e-04   1.6515623e-04  -1.6796712e-04
   2.7437207e-03  -2.5897706e-02  -4.6451572e-02  -7.4200207e-04  -1.1118147e-05  -1.9546737e-04
   2.2678738e-03  -1.8507819e-02  -6.8625072e-02  -6.8285927e-04  -4.3947345e-05  -3.4568656e-05
   1.5476568e-02  -4.8111897e-02  -6.1206414e-02  -1.0271445e-03   4.5737918e-05  -4.3305128e-04
   1.9407869e-02   4.2396149e-02  -5.3590232e-02  -9.8443152e-04   7.0018005e-04  -9.9505300e-04
   4.4303487e-03   2.0931947e-02  -4.4680854e-02  -1.2695788e-03   8.3389479e-04  -8.8107190e-04
  -5.0865649e-03   1.7790532e-02  -5.7501471e-02  -1.7204112e-03   1.1699942e-03  -9.2016425e-04
  -1.8423293e-03   4.9742833e-02  -5.5378612e-02  -1.7096710e-03   1.1256667e-03  -8.1412930e-04
  -1.1716969e-02   1.4989154e-02  -4.8869824e-02  -1.5544344e-03   1.1530899e-03  -6.5961214e-04
   2.5522802e-03   3.6378776e-02  -5.1387056e-02  -1.8591695e-03   1.1037207e-03  -8.3589625e-04
  -1.4695309e-03   5.9303357e-02  -4.1322239e-02  -1.8400127e-03   1.1827744e-03  -8.6318757e-04
  -1.0553740e-02   2.8080194e-02  -3.9955524e-02  -1.9188621e-03   1.1949185e-03  -6.2634809e-04
  -9.5273127e-03   5.9762040e-02  -6.4086517e-02  -1.9980314e-03   1.2490840e-03  -8.8587705e-04
  -1.1059030e-02   3.8887446e-02  -7.7026425e-02  -1.7327883e-03   9.7106581e-04  -5.8699952e-04
  -1.2490397e-02   2.5819821e-02  -8.4039372e-02  -2.0796208e-03   9.6467651e-04  -6.1522844e-04
   4.2893830e-03   8.7240703e-02  -8.7215016e-02  -1.9938446e-03   7.2463893e-04  -8.5232758e-04
  -8.6018988e-03   2.1801144e-02  -4.3469133e-02  -1.8208496e-03   8.2161943e-04  -7.5150056e-04
  -6.4930580e-03   7.8926755e-02  -6.3996647e-02  -2.5290294e-03   6.5694479e-04  -9.3309208e-04
   5.7946905e-03   8.8704544e-02  -8.2500757e-02  -2.3224136e-03   6.0034278e-04  -1.0844933e-03
  -4.0359398e-03   2.3331704e-02  -6.0680501e-02  -1.9627490e-03   5.3465225e-04  -7.0512255e-04
   1.2908277e-03   5.7476934e-02  -7.0842485e-02  -2.2058948e-03   5.9259112e-04  -9.4751259e-04
   2.1819700e-03   8.0981466e-02  -7.7143082e-02  -2.0308931e-03   5.4755882e-04  -9.4502966e-04
   8.9427510e-03   1.4649674e-02  -3.9504958e-02  -1.4340686e-03   2.4023884e-04  -7.2078922e-04
   3.2017682e-02   3.3514225e-02  -3.5212113e-02  -1.3046929e-03   1.4411758e-05  -6.8068599e-04
   2.7100830e-02   5.3551142e-02  -5.4697497e-02  -1.7091174e-03   1.3842805e-04  -7.8201654e-04
   3.6633882e-02   5.9089931e-02  -1.2590087e-01  -2.3660316e-03  -1.6904223e-04  -7.8450313e-04
   2.2942155e-02  -1.9794206e-02  -8.6074372e-02  -1.6531312e-03   2.5283594e-04  -3.0787758e-04
   6.3622673e-03   1.5873637e-02  -1.2586015e-01  -1.2292285e-03   1.0471489e-03   5.1579177e-04
   2.4886941e-02   4.4041573e-02  -1.4178673e-01  -1.9624277e-03   4.0262085e-04  -3.1045204e-04
   3.0180159e-02   7.1571983e-02  -6.9724880e-02  -2.4881044e-03   4.3859324e-04  -9.5214511e-04
   3.0945134e-02   8.9208653e-02  -7.1316884e-02  -2.4924683e-03   5.3490791e-04  -9.7721821e-04
   1.8999138e-02   3.8624463e-02  -5.5019958e-02  -2.2409972e-03   7.1024505e-04  -9.4008610e-04
   2.8422004e-02   3.7695508e-02  -5.9018118e-02  -2.5400993e-03   6.9005228e-04  -1.1368422e-03
   2.3940930e-02   6.6679252e-02  -8.0077852e-02  -2.3740593e-03   6.6451110e-04  -9.3671964e-04
   2.0537646e-02   1.3255933e-02  -5.0510835e-02  -2.3358433e-03   7.2332967e-04  -7.8937947e-04
   1.3171682e-02   7.2761682e-02  -6.8357703e-02  -2.4668542e-03   8.0847932e-04  -8.5335609e-04
   2.5895755e-02   3.2454230e-02  -4.5799510e-02  -2.2688020e-03   6.5708972e-04  -8.8186164e-04
   2.9237480e-02   5.4565949e-02  -4.0419341e-02  -2.3910916e-03   6.2191921e-04  -9.0218497e-04
   3.1534059e-02   7.7986496e-02  -6.3123010e-02  -2.3784557e-03   4.8351160e-04  -9.4106530e-04
   1.4719068e-02   4.3419773e-02  -4.2247123e-02  -2.5177195e-03   5.9498415e-04  -8.0416254e-04
   2.2121320e-02   1.0649578e-01  -6.0411529e-02  -2.7868103e-03   5.5507754e-04  -1.1294667e-03
   8.4859846e-03   4.0161291e-02  -1.8179086e-02  -2.3030297e-03   6.3790704e-04  -9.1477671e-04
   1.1105605e-02   9.9735857e-02  -5.7947826e-02  -3.1539236e-03   6.3944045e-04  -1.2704809e-03
   7.7003096e-03   7.1454106e-02  -5.2448772e-02  -2.3731010e-03   4.7402216e-04  -9.5165416e-04
   1.6345474e-02   4.3566684e-02  -4.1890819e-02  -2.8762694e-03   3.9599983e-04  -1.2548805e-03
   1.2342897e-03   1.0586887e-01  -6.0091688e-02  -2.6971728e-03   6.1015218e-04  -1.0122850e-03
   4.3576902e-03   6.1918260e-02  -8.8990190e-02  -2.9021650e-03   4.1014005e-04  -1.1997812e-03
  -6.3280373e-05   4.9362379e-02  -1.3441629e-02  -1.6037811e-03   6.6369707e-04  -6.8909748e-04
   5.5303347e-02  -3.4414674e-02   6.1635656e-02   2.1028079e-03  -6.8167038e-04  -2.4146781e-03
  -9.7194520e-03  -1.2843908e-02  -1.0956398e-01  -3.9287824e-03  -1.0797919e-04  -4.5134738e-04
  -2.9781210e-02   6.8357086e-02  -1.7921233e-01  -4.3874959e-03   7.9824835e-04   3.1043887e-05
  -2.6205361e-02   5.9488995e-02  -1.0018558e-01  -2.8928790e-03  -3.1591167e-04   1.0611499e-04
  -2.6053169e-02   6.9470195e-02  -7.3097834e-02  -4.5144873e-03   2.9075042e-04  -1.2019733e-04
  -3.3030191e-02   4.9518523e-02   1.5998835e-01   6.1164098e-04  -2.0724302e-03  -2.1392609e-04
  -3.0921926e-02  -2.4531899e-02   3.3158804e-01   2.9569332e-03  -3.0985009e-03  -2.1378801e-04
  -4.0094547e-02   5.9806104e-02   1.6214343e-01  -1.6891040e-04  -1.8733273e-03  -7.6874271e-04
  -3.0924537e-02   2.7069329e-02   2.1795224e-01   9.8625439e-04  -2.3611666e-03  -6.3768504e-04
  -4.7813440e-02   5.4086706e-02   1.5473063e-01  -2.4706131e-04  -1.6698555e-03  -7.4655022e-04
  -2.0889619e-02   5.0909275e-02   1.6330804e-01   3.5378722e-04  -2.3038283e-03  -8.8448778e-04
  -2.2541734e-02   4.0044868e-02   1.9439260e-01   2.2701269e-05  -1.9888798e-03  -9.0786400e-04
  -2.1446694e-02   7.1793387e-02   1.8242647e-01   2.4514597e-04  -2.1325796e-03  -1.1200638e-03
  -3.3395496e-02   6.3638150e-02   1.4854035e-01  -2.1293105e-04  -2.0132845e-03  -1.1109463e-03
  -1.6806095e-02   5.4569385e-02   2.1348875e-01   4.3037526e-04  -2.1324605e-03  -1.3032480e-03
  -3.4541630e-02   9.3093274e-02   1.6295481e-01  -1.0112567e-04  -1.7314916e-03  -1.1854579e-03
  -3.1942717e-02   4.3828536e-02   1.7203923e-01   1.9641158e-04  -2.1401431e-03  -1.1199656e-03
  -3.7012573e-02   6.1198719e-02   1.7963722e-01   4.0948453e-05  -1.7104189e-03  -1.1516831e-03
  -3.2728442e-02   8.3521743e-02   1.7160025e-01   1.8771420e-04  -2.1514217e-03  -1.2018068e-03
  -4.6447687e-02   4.8217799e-02   1.6324694e-01   1.4169710e-04  -1.6531460e-03  -1.1110886e-03
  -3.1486425e-02   6.4875700e-02   2.1134122e-01   2.0417956e-04  -1.5290451e-03  -1.4021163e-03
  -5.3153883e-02   8.1503398e-02   1.6580022e-01   1.4653183e-04  -1.2223827e-03  -1.2727273e-03
  -3.3023431e-02   4.9073530e-02   2.2336633e-01   4.5390642e-04  -1.5858469e-03  -1.2825542e-03
  -6.2072032e-02   8.0349152e-02   2.1956780e-01   7.3186119e-04  -1.1328405e-03  -1.0459854e-03
  -5.9117663e-03   5.3399118e-03   1.5018008e-01   1.1180836e-03  -1.9962587e-03  -9.3008212e-04
   6.4526287e-03  -6.7084793e-02  -4.4990602e-01  -6.2160450e-04  -5.9682802e-04  -8.3788075e-04
  -5.1126559e-02   7.5480775e-02  -4.5987990e-01  -2.3994891e-03  -3.4438810e-03  -2.5604313e-03
  -3.0049020e-02   1.9470969e-01  -2.8537074e-01  -7.4391331e-03  -4.2828608e-03  -2.7355413e-03
  -5.5496419e-02   2.0881739e-01  -3.7901712e-01  -7.8437925e-03  -2.9823126e-03  -2.5660385e-03
  -3.5516242e-02   1.9062857e-01  -2.2111958e-01  -7.4649157e-03  -4.6015338e-03  -3.6453604e-03
  -5.7132018e-02   1.4738375e-01  -1.3081704e-01  -6.3640939e-03  -3.7910068e-03  -3.8537480e-03
  -4.6438997e-02   1.8025474e-01  -1.2966062e-01  -7.1617353e-03  -3.9616320e-03  -4.1009738e-03
  -6.2076936e-02   1.3457595e-01  -1.1779393e-01  -6.4797220e-03  -3.6045690e-03  -4.2967968e-03
  -5.3938793e-02   1.8986799e-01  -1.1316391e-01  -6.9267752e-03  -3.8065124e-03  -4.4374262e-03
  -6.0324864e-02   1.3680634e-01  -7.9299890e-02  -6.1268388e-03  -3.7355107e-03  -4.4451486e-03
  -5.8439960e-02   1.8820675e-01  -1.0903853e-01  -6.8789237e-03  -3.7181691e-03  -4.6327996e-03
  -6.7643085e-02   1.3861108e-01  -9.6076624e-02  -5.9669108e-03  -3.5764452e-03  -4.4966079e-03
  -5.7031794e-02   1.7514379e-01  -1.4498722e-01  -6.7372778e-03  -3.5225101e-03  -4.7222450e-03
  -4.9586171e-02   1.3331450e-01  -1.3412406e-01  -5.4065323e-03  -3.7562622e-03  -4.8590859e-03
  -3.9276472e-02   1.7185137e-01  -1.3280519e-01  -6.4966037e-03  -3.7629840e-03  -5.1407903e-03
  -5.7096723e-02   1.4610873e-01  -1.3010743e-01  -5.2740233e-03  -3.9063925e-03  -4.9882007e-03
  -5.9152697e-02   1.5899250e-01  -1.2586928e-01  -6.2063570e-03  -3.7388147e-03  -5.0548968e-03
  -5.2832481e-02   1.4916359e-01  -1.4496245e-01  -5.1450355e-03  -3.7038705e-03  -5.1484127e-03
  -8.4121753e-02   1.1800643e-01  -9.8094709e-02  -4.8387244e-03  -3.2585612e-03  -4.5502098e-03
  -1.0392412e-01   8.2524678e-02  -1.0740891e-01  -3.4788902e-03  -3.0337932e-03  -4.4684183e-03
  -9.1632575e-02   2.1382958e-01  -1.6716018e-01  -5.5811669e-03  -3.2242205e-03  -4.6623680e-03
  -8.1329989e-02   1.0809246e-01  -1.0067021e-01  -3.5463791e-03  -3.2865835e-03  -4.6365210e-03
  -8.5393849e-02   2.0939596e-01  -1.3158375e-01  -6.3373503e-03  -3.3150189e-03  -4.7741418e-03
  -7.2703125e-02   6.1168257e-02  -1.4977800e-01  -2.4004913e-03  -3.4396511e-03  -4.5815360e-03
  -1.2591022e-02   1.2481950e-01  -7.9389199e-02  -5.3576197e-03  -3.3262719e-03  -3.6709894e-03
   4.2281615e-02  -2.4301588e-02   2.3354853e-02   1.1625114e-03  -2.6618804e-03  -3.6407269e-03
   5.2038924e-02  -1.1874637e-01   1.1945981e-01   6.2844306e-03  -2.2898499e-03  -3.8016887e-03
  -1.1274668e-03   2.2669979e-01  -1.9242037e-01  -4.6778265e-03  -2.6702117e-03  -3.7885484e-03
   6.2061029e-03   8.4574507e-02  -1.8568119e-01  -2.5408964e-03  -2.8023019e-03  -4.1894748e-03
  -1.5035827e-02   1.8476414e-01  -1.6011615e-01  -4.9778488e-03  -2.1748071e-03  -3.9325444e-03
   1.4222465e-02   1.3086782e-01  -4.8841850e-02  -2.7875925e-03  -2.2469823e-03  -4.6705919e-03
  -1.3806243e-02   9.4883962e-02  -3.8155524e-02  -3.5217995e-03  -2.0551413e-03  -4.1573121e-03
   1.1481510e-02   9.1132279e-02  -1.7397201e-02  -2.4703868e-03  -2.4574966e-03  -4.7441453e-03
  -1.2987681e-02   1.2935406e-01  -5.6055912e-02  -3.0579934e-03  -2.4324538e-03  -4.3265527e-03
  -1.1166642e-02   7.6782580e-02  -3.1539455e-02  -2.1070108e-03  -2.5873605e-03  -4.6753409e-03
  -2.4935126e-02   1.6460645e-01  -6.6553686e-02  -3.0116625e-03  -2.2089221e-03  -4.4370719e-03
  -2.3620872e-02   8.3098994e-02  -1.6794304e-02  -1.9013743e-03  -2.3103339e-03  -4.4020751e-03
  -2.0399653e-02   1.3441726e-01  -4.5673511e-02  -2.8252255e-03  -2.0578487e-03  -4.4717206e-03
  -2.3844849e-02   1.0884798e-01  -4.6690022e-02  -2.2182645e-03  -2.0391172e-03  -4.4239734e-03
  -3.1855748e-02   1.1257642e-01  -3.5806816e-02  -2.6186794e-03  -2.1363582e-03  -4.2363928e-03
  -2.6175308e-02   9.9304437e-02  -3.6515235e-02  -2.2282573e-03  -2.3249706e-03  -4.4167956e-03
  -3.0661692e-02   1.4100037e-01  -6.0003849e-02  -2.4973285e-03  -2.3384427e-03  -4.2950887e-03
  -2.6099000e-02   1.2053062e-01  -4.5669076e-02  -2.2323659e-03  -2.4162755e-03  -4.3056170e-03
  -4.2421208e-02   1.3842246e-01  -6.8419026e-02  -2.3873595e-03  -2.1318539e-03  -4.1016860e-03
  -4.8432862e-02   1.0379073e-01  -7.8654700e-02  -2.1210520e-03  -1.7450589e-03  -4.0679042e-03
  -5.9268233e-02   1.0032116e-01  -4.5506671e-02  -2.0628992e-03  -1.5830548e-03  -3.9173324e-03
  -5.9490115e-02   1.4065213e-01  -8.0108323e-02  -2.2104905e-03  -1.5362070e-03  -4.0558594e-03
  -5.5484455e-02   1.2934630e-01  -4.2555729e-02  -1.4167750e-03  -1.8919883e-03  -3.8651538e-03
  -7.3090061e-02   7.1732857e-02  -3.1848827e-02  -9.7736375e-04  -9.0797329e-04  -3.3065661e-03
  -1.1073352e-01   2.7558057e-01  -3.0683831e-01  -8.3936093e-03  -1.0691142e-03  -2.1914426e-03
  -7.6230668e-02   9.4845781e-02  -2.4978191e-01  -6.2650032e-03  -1.5293516e-03  -2.6807938e-03
  -5.6887581e-02   1.7781308e-01  -2.1933688e-01  -5.6390902e-03  -1.5814391e-03  -3.1864420e-03
  -4.1438130e-02   1.3471925e-01  -2.3175249e-01  -6.1695619e-03  -2.0806227e-03  -3.1419899e-03
  -4.6900324e-02   2.2398031e-01  -2.1762899e-01  -6.9725195e-03  -1.6928112e-03  -3.0777830e-03
