   1.4210855e-14  -7.1054274e-15   0.0000000e+00   0.0000000e+00   1.5897440e-35   8.6736174e-19
  -3.1454078e-02  -4.1728369e-02   1.9661046e-01  -1.7370590e-03   1.1244621e-05   6.8496372e-04
  -4.7492217e-02   2.6899873e-02   3.7268473e-01  -3.6910130e-03   7.2230616e-06   1.0204171e-03
  -1.0964350e-01  -1.5611687e-01   2.1651501e-01  -4.3086513e-03  -1.6631233e-05   9.6807591e-04
  -1.2533983e-01  -8.2871351e-02   4.1406400e-01  -2.7008410e-03  -2.8860203e-04   8.9453717e-04
  -1.7118812e-01  -1.4747755e-01   3.8533131e-01  -1.3415397e-03  -5.8156452e-04   9.4936745e-04
  -1.4389943e-01  -2.5776678e-01   4.4005659e-01  -2.4069239e-03  -5.7780433e-04   1.9898640e-03
  -1.5179149e-01  -3.1026271e-01   5.9476674e-01  -2.4133034e-03  -1.7920914e-03   1.3782349e-03
  -1.0778813e-01  -4.3649742e-01   6.5529565e-01  -4.3838456e-03  -2.8237561e-03   1.8959977e-03
  -3.7058945e-03  -4.9918977e-01   6.9455130e-01  -5.8123016e-03  -3.3258599e-03   1.5034511e-03
  -1.0021190e-02  -7.1918136e-01   6.8404307e-01  -6.5000045e-03  -3.5689818e-03   1.1733873e-03
  -6.4795958e-02  -8.7422136e-01   7.4845570e-01  -1.0085447e-02  -5.8455228e-03   2.9473565e-04
  -7.8210138e-02  -8.8824761e-01   7.1675535e-01  -1.0465152e-02  -8.1832122e-03   9.5816451e-05
  -6.1355219e-02  -9.3455054e-01   1.0777976e+00  -8.8719816e-03  -7.6543941e-03  -9.5944943e-04
  -1.0371570e-01  -1.0513044e+00   1.2195240e+00  -9.2130487e-03  -9.1936181e-03  -1.9085986e-03
  -6.5494139e-02  -1.2044647e+00   1.1856561e+00  -8.5805731e-03  -8.9730904e-03  -9.4527469e-04
  -1.1223151e-01  -1.3070527e+00   1.0669710e+00  -1.2157207e-02  -9.9211729e-03  -2.0240198e-03
  -2.2129367e-01  -1.3958511e+00   1.0174555e+00  -1.2051020e-02  -1.1513656e-02  -2.1991924e-03
  -2.1586827e-01  -1.4975358e+00   9.5110785e-01  -1.2387139e-02  -1.1665490e-02  -1.0871838e-03
  -1.8102285e-01  -1.5301186e+00   9.6092710e-01  -1.2686845e-02  -1.1180358e-02  -9.0451235e-05
  -2.3757941e-01  -1.7052833e+00   9.9099735e-01  -1.2733170e-02  -1.2621796e-02  -4.4603638e-04
  -3.2942442e-01  -1.8060290e+00   8.6474261e-01  -1.6677721e-02  -1.4653691e-02  -1.2861784e-03
  -3.9461998e-01  -1.8217474e+00   8.6071678e-01  -1.6562838e-02  -1.4581751e-02  -4.6334614e-04
  -3.5229238e-01  -1.8308519e+00   1.0836975e+00  -1.4952090e-02  -1.5672684e-02  -9.1584486e-04
  -3.1667514e-01  -1.7760861e+00   1.2530762e+00  -8.6236279e-03  -1.5677746e-02   2.6144423e-04
  -2.1753099e-01  -1.7651517e+00   1.1355544e+00  -1.0313483e-02  -1.3238344e-02   5.1885622e-04
  -2.4821846e-01  -1.2212269e+00   8.1579272e-01  -9.4508024e-03  -1.3912662e-02  -1.0819102e-03
  -1.9353071e-01  -8.8416228e-01   7.7239267e-01  -7.3913734e-03  -1.3773223e-02  -8.0104086e-04
  -1.6794933e-01  -9.2199641e-01   1.0010878e+00  -8.7144031e-03  -1.1946602e-02  -1.7596160e-03
  -1.7459039e-01  -1.0983371e+00   1.0186158e+00  -5.0261824e-03  -1.2403901e-02  -1.5782223e-03
  -1.8527486e-01  -1.1225167e+00   1.0679035e+00  -3.2899613e-03  -1.1936107e-02  -1.2952714e-03
  -1.7102836e-01  -1.1571064e+00   1.1629452e+00  -5.1785527e-03  -1.0961645e-02  -1.5236346e-03
  -1.0942036e-01  -1.3003433e+00   1.1784780e+00  -6.5035851e-03  -1.0433574e-02  -3.5335589e-04
  -8.7057046e-02  -1.5260814e+00   1.2494016e+00  -8.1094166e-03  -1.0294841e-02   2.5396006e-04
  -1.5817494e-01  -1.6106511e+00   1.2171063e+00  -9.7256861e-03  -1.2128702e-02   2.8323087e-04
  -2.2395689e-01  -1.7659408e+00   1.3008971e+00  -1.0118652e-02  -1.3161307e-02   6.8499942e-04
  -8.4871496e-02  -1.7722547e+00   1.3281830e+00  -8.3992950e-03  -1.1881925e-02   1.2291602e-03
   1.0308502e-01  -1.7135113e+00   1.3209214e+00  -7.1593211e-03  -1.0322435e-02   3.2837023e-03
   9.5740622e-02  -1.8448317e+00   1.2863131e+00  -1.0446453e-02  -1.0813455e-02   3.3273069e-03
   1.3965334e-01  -1.9509799e+00   1.3994081e+00  -1.1138610e-02  -1.1461295e-02   2.5551560e-03
   1.0851256e-01  -2.1036181e+00   1.2915636e+00  -1.3062413e-02  -1.1728861e-02   2.3493031e-03
   1.8079072e-01  -2.1726097e+00   1.3756782e+00  -1.1956644e-02  -1.1751922e-02   2.4492106e-03
   3.3037234e-01  -2.0660464e+00   1.6680687e+00  -9.3718849e-03  -1.1524156e-02   4.1140912e-03
   3.1639353e-01  -2.1792480e+00   1.8240925e+00  -1.3889638e-02  -1.1278261e-02   5.6037586e-03
   3.0708266e-01  -2.4451280e+00   1.7561762e+00  -1.3019699e-02  -1.1479153e-02   4.1239327e-03
   2.6609407e-01  -2.6514786e+00   1.7489301e+00  -1.4534200e-02  -1.1995586e-02   4.0634750e-03
   3.6075421e-01  -2.6517162e+00   1.6768039e+00  -1.4819079e-02  -1.1887777e-02   4.9098092e-03
   4.0314053e-01  -2.7013409e+00   1.7181509e+00  -1.4229934e-02  -1.1836872e-02   5.8312735e-03
   4.9926041e-01  -2.5077109e+00   1.8670604e+00  -1.2604217e-02  -1.1898552e-02   7.1514786e-03
   4.6488335e-01  -2.6945310e+00   1.8787638e+00  -1.1476608e-02  -1.1873928e-02   7.8547730e-03
   2.7430998e-01  -2.4308223e+00   1.4077572e+00  -7.3310270e-03  -1.0408470e-02   7.6629194e-03
   2.5300656e-01  -1.6988242e+00   1.1736285e+00  -1.0365086e-02  -1.0021717e-02   6.7859539e-03
   2.7271085e-01  -1.4210295e+00   1.2051906e+00  -1.3094380e-02  -9.1592946e-03   8.0474324e-03
   2.9505641e-01  -1.4436924e+00   1.4184856e+00  -1.4009646e-02  -8.5037198e-03   9.3391829e-03
   2.9349916e-01  -1.5793003e+00   1.5067714e+00  -1.6596562e-02  -8.7835819e-03   9.5166841e-03
   3.0697923e-01  -1.6821189e+00   1.6387783e+00  -1.7302985e-02  -9.3684743e-03   9.4002478e-03
   3.7050800e-01  -1.8462479e+00   1.6193076e+00  -1.8925612e-02  -8.5066701e-03   9.9712939e-03
   4.4198993e-01  -1.9607443e+00   1.7582744e+00  -1.9099955e-02  -8.7847251e-03   9.6589738e-03
   4.7505975e-01  -2.2571231e+00   1.7792511e+00  -2.0371591e-02  -9.7445020e-03   8.9693676e-03
   5.4249219e-01  -2.2919806e+00   1.8934989e+00  -1.8964792e-02  -1.0152113e-02   9.1721357e-03
   5.9661466e-01  -2.4603661e+00   1.8204590e+00  -2.0661948e-02  -1.1196615e-02   9.4181751e-03
   6.5867821e-01  -2.5062511e+00   1.8724261e+00  -2.1704593e-02  -1.1337692e-02   9.0340489e-03
   6.3017618e-01  -2.5710576e+00   2.1057291e+00  -2.3925883e-02  -1.1660644e-02   9.0163492e-03
   6.7160179e-01  -2.8968023e+00   1.9977880e+00  -2.4787933e-02  -1.1494102e-02   9.3849403e-03
   6.3819882e-01  -2.8994406e+00   1.8960331e+00  -2.5136318e-02  -1.1819457e-02   9.3143309e-03
   6.3996770e-01  -3.0752343e+00   1.9048809e+00  -2.6027346e-02  -1.1704580e-02   9.1865838e-03
   6.4602079e-01  -3.1235703e+00   1.8125305e+00  -2.6948874e-02  -1.2231824e-02   1.0343864e-02
   7.2979869e-01  -3.2871982e+00   1.8868286e+00  -2.6714755e-02  -1.2780557e-02   1.0912280e-02
   6.8961082e-01  -3.3672742e+00   1.8381169e+00  -2.7494687e-02  -1.3469782e-02   1.0004473e-02
   7.2331498e-01  -3.4089831e+00   1.9433092e+00  -2.8238722e-02  -1.3922909e-02   1.0615604e-02
   7.8508558e-01  -3.4775618e+00   1.7567664e+00  -2.8081928e-02  -1.2967193e-02   1.1796752e-02
   7.9134731e-01  -3.5371342e+00   1.8873769e+00  -2.7857445e-02  -1.2930090e-02   1.1162099e-02
   8.2953233e-01  -3.4579757e+00   1.8336402e+00  -2.8291245e-02  -1.2411484e-02   1.2386557e-02
   8.2127779e-01  -3.6183751e+00   1.9955981e+00  -2.8151484e-02  -1.2970620e-02   1.1004339e-02
   6.5093335e-01  -3.1476044e+00   1.6554296e+00  -2.1121427e-02  -1.4046753e-02   1.0461026e-02
   4.4838348e-01  -2.4804836e+00   1.4323651e+00  -1.6576400e-02  -1.0462634e-02   8.2782545e-03
   3.6930932e-01  -2.0804845e+00   8.0793894e-01  -1.4194206e-02  -7.3491201e-03   6.4818815e-03
   2.7456369e-01  -1.3371476e+00   2.1721920e-01  -1.4767627e-02  -5.9455940e-03   6.7597232e-03
   2.9913460e-01  -1.2070597e+00   8.1641354e-01  -1.4617458e-02  -7.7589512e-03   5.8280855e-03
   3.5393028e-01  -1.4270070e+00   7.3759451e-01  -1.3571999e-02  -6.5716114e-03   6.1247792e-03
   5.1132946e-01  -2.0275177e+00   9.9553660e-01  -1.9958149e-02  -7.3661976e-03   5.8501635e-03
   5.8816591e-01  -2.5396841e+00   9.6955914e-01  -1.9875160e-02  -7.8180366e-03   6.0438332e-03
   6.6781773e-01  -2.7875368e+00   1.0828297e+00  -1.9754124e-02  -9.3291091e-03   6.1902972e-03
   6.8190157e-01  -3.0849187e+00   1.1697861e+00  -2.1587746e-02  -1.1361321e-02   6.2462986e-03
   7.2442465e-01  -3.2709646e+00   1.3190347e+00  -2.3269671e-02  -1.2964599e-02   3.9150505e-03
   6.6465053e-01  -3.3515005e+00   1.3447232e+00  -2.2548452e-02  -1.4431990e-02   5.8008078e-03
   6.8193718e-01  -3.2363424e+00   1.4453182e+00  -2.2102495e-02  -1.5171732e-02   5.8581118e-03
   6.1042226e-01  -3.5339384e+00   1.3641163e+00  -2.6529646e-02  -1.5767323e-02   5.6217267e-03
   5.0618304e-01  -3.8361562e+00   1.1647893e+00  -3.3364795e-02  -1.7860195e-02   4.1742982e-03
   6.6326703e-01  -3.8186777e+00   1.2807504e+00  -3.3295602e-02  -1.7057234e-02   6.4525245e-03
   6.1574617e-01  -3.9387956e+00   1.3088672e+00  -3.0515338e-02  -1.6087792e-02   7.7905752e-03
   7.7758554e-01  -3.9700628e+00   1.4353212e+00  -3.0403006e-02  -1.4910574e-02   7.6888466e-03
   9.0221767e-01  -4.0002500e+00   1.5039734e+00  -2.9467512e-02  -1.3932184e-02   9.7395709e-03
   7.8649364e-01  -4.1433841e+00   1.5572756e+00  -2.9360386e-02  -1.6605968e-02   8.0069401e-03
   7.3136865e-01  -4.2983265e+00   1.5156277e+00  -3.1672213e-02  -1.7546138e-02   6.9767291e-03
   7.9441089e-01  -4.3641954e+00   1.5149170e+00  -3.1698232e-02  -1.9248314e-02   5.6798179e-03
   7.8644106e-01  -4.2523921e+00   1.5605230e+00  -3.2134588e-02  -2.0161094e-02   7.2719293e-03
   7.3999106e-01  -4.4940884e+00   1.7165139e+00  -3.3638801e-02  -2.0709494e-02   8.3004003e-03
   7.1525398e-01  -4.2531063e+00   1.7892719e+00  -2.8142060e-02  -1.9599378e-02   6.2499377e-03
   2.7664876e-01  -2.8050879e+00   1.6613687e+00  -1.4975052e-02  -1.8413737e-02   5.4509979e-03
   7.5974368e-02  -2.1072336e+00   1.0709213e+00  -1.0753004e-02  -1.5464076e-02   3.8096984e-03
   2.0967290e-02  -1.8339330e+00   8.2675636e-01  -8.9481503e-03  -1.4941844e-02   5.2934231e-03
  -2.8359655e-02  -1.7350382e+00   8.2838070e-01  -8.1289787e-03  -1.4033098e-02   7.3961262e-03
   7.5412152e-03  -1.6791626e+00   9.6048036e-01  -8.8531776e-03  -1.3657834e-02   8.6354518e-03
   1.0980115e-01  -2.1626116e+00   1.3622174e+00  -1.3686970e-02  -1.3218423e-02   6.9815454e-03
   1.6395543e-01  -2.8119876e+00   1.2987750e+00  -1.7002591e-02  -1.3467671e-02   6.5285420e-03
   3.9271359e-01  -3.4252210e+00   1.3387077e+00  -1.9815476e-02  -1.2904588e-02   7.6545693e-03
   3.9825628e-01  -3.5604611e+00   1.4672042e+00  -1.8922466e-02  -1.4519542e-02   7.5761806e-03
   6.5917831e-01  -3.6968094e+00   1.5372297e+00  -1.9542830e-02  -1.1994899e-02   9.9626041e-03
   7.0257296e-01  -3.9648180e+00   1.4432856e+00  -2.2326881e-02  -1.0978281e-02   1.0782667e-02
   7.9872344e-01  -4.2625095e+00   1.4971013e+00  -2.4057930e-02  -1.1134861e-02   1.1120274e-02
   7.7724458e-01  -4.3552753e+00   1.5341918e+00  -2.2934022e-02  -1.1836927e-02   1.1620931e-02
   8.4037794e-01  -4.2219781e+00   1.5767182e+00  -2.3682473e-02  -1.1256947e-02   1.1062118e-02
   8.1493449e-01  -4.5042001e+00   1.4814889e+00  -2.5745885e-02  -1.3222903e-02   1.1716426e-02
   8.1400515e-01  -4.5116303e+00   1.5262076e+00  -2.5716241e-02  -1.3798133e-02   1.2565844e-02
   8.4464714e-01  -4.7023384e+00   1.4155592e+00  -2.8042332e-02  -1.4368477e-02   1.1757920e-02
   9.1563660e-01  -4.8421341e+00   1.6810105e+00  -2.6698400e-02  -1.2643422e-02   1.3464975e-02
   9.1011741e-01  -4.7587215e+00   1.5699724e+00  -2.9527707e-02  -1.3384589e-02   1.4090157e-02
   7.6515352e-01  -4.8840744e+00   1.6961897e+00  -2.9301945e-02  -1.4812798e-02   1.1213195e-02
   8.3802290e-01  -4.1420259e+00   1.5861275e+00  -2.5987604e-02  -1.3317123e-02   1.2113974e-02
   9.2454115e-01  -4.3432674e+00   1.7395037e+00  -2.7414544e-02  -1.2773937e-02   1.2787876e-02
   9.5437460e-01  -4.5918069e+00   1.7952327e+00  -2.9233170e-02  -1.2669019e-02   1.3722022e-02
   9.9273376e-01  -4.6147388e+00   1.9075830e+00  -2.8898360e-02  -1.2792105e-02   1.3535818e-02
   8.3831869e-01  -4.0733527e+00   1.7494852e+00  -2.4434487e-02  -1.2602818e-02   1.3263673e-02
   7.0729532e-01  -3.4816375e+00   1.8647401e+00  -2.3394018e-02  -1.1862632e-02   1.1953574e-02
   6.1617903e-01  -3.4069634e+00   1.9945638e+00  -2.0782239e-02  -1.0884833e-02   1.2834875e-02
   5.5451767e-01  -3.1244343e+00   1.7591941e+00  -1.9729787e-02  -1.0866927e-02   1.3974886e-02
   6.1375724e-01  -2.6424544e+00   1.9080765e+00  -1.9898639e-02  -1.0365495e-02   1.3806720e-02
