   1.4210855e-14   0.0000000e+00   0.0000000e+00   0.0000000e+00   0.0000000e+00   0.0000000e+00
   1.1733996e-02   4.4446917e-02   5.7456622e-02   3.2765309e-04   1.3684273e-04  -2.3600998e-04
   1.3792146e-02   4.9708695e-02   7.6027926e-02   2.5443481e-04  -1.2857301e-04  -1.7420984e-04
   9.2260296e-03   4.8521375e-02   1.0137536e-01   5.6455086e-04  -4.8970688e-05  -5.6330422e-05
   2.5561257e-02   7.5610646e-02   1.6882124e-01   1.1696306e-03  -2.5393186e-05  -1.9259869e-04
   1.9046866e-02   2.6700008e-02   8.5653549e-02  -4.6056912e-04  -3.1247465e-04  -2.0829551e-04
   6.2427863e-02   3.8303178e-02   1.6333430e-01   6.4495972e-04   6.6041182e-04  -5.6672152e-04
   6.0479868e-02   2.5707112e-02   1.5766562e-01   9.0085261e-04   7.2047482e-04  -6.7418189e-04
   7.0999488e-02   6.6972231e-02   1.5838197e-01   1.1806432e-03   5.7838492e-04  -1.0672191e-03
   7.0215196e-02   8.0629579e-02   1.4443093e-01   9.3052002e-04   4.9162086e-04  -1.2007591e-03
   7.6754668e-02   8.8410632e-02   1.0795334e-01   1.3150277e-03   4.7509279e-04  -1.3573941e-03
   7.6546619e-02   1.1239477e-01   1.6797557e-01   2.1150441e-03   4.0084222e-04  -1.3648067e-03
   9.6217367e-02   9.7450108e-02   1.5661961e-01   1.6535664e-03   3.0045576e-04  -1.6870692e-03
   9.1636114e-02   1.1446812e-01   1.7678355e-01   2.0272337e-03   4.6739815e-04  -1.5001547e-03
   8.5899555e-02   9.7301542e-02   1.4685377e-01   1.5187210e-03   2.7225548e-04  -1.4800093e-03
   1.0203342e-01   9.6368947e-02   1.4973671e-01   1.8455009e-03   2.8606042e-04  -1.6797673e-03
   1.0496939e-01   1.2686415e-01   1.6159684e-01   2.0213202e-03   2.8155634e-04  -1.8026924e-03
   8.9598303e-02   1.2621936e-01   1.6081143e-01   2.2884305e-03   5.5124061e-04  -1.4945749e-03
   9.0213889e-02   1.2853029e-01   1.6117840e-01   2.0262221e-03   6.0260443e-04  -1.6221179e-03
   1.1526091e-01   1.4690891e-01   2.0615433e-01   3.0676111e-03   7.7610721e-04  -1.9345033e-03
   8.7820591e-02   1.2286636e-01   1.6210410e-01   2.3549517e-03   1.8833425e-04  -1.6009394e-03
   1.0524503e-01   1.4103284e-01   1.9830537e-01   2.9501369e-03   5.0133868e-04  -1.7621984e-03
   1.0580408e-01   1.4418719e-01   1.9886569e-01   3.1462997e-03   3.4510804e-04  -1.9528140e-03
   7.9451202e-02   1.2793644e-01   1.2921960e-01   1.8762860e-03   3.5330531e-04  -1.4789949e-03
   8.3305846e-02   1.4220026e-01   1.4677785e-01   2.4500456e-03   3.7516570e-04  -1.5959917e-03
   6.4309027e-02   1.3738059e-01   1.7246951e-01   2.2648989e-03   9.6024910e-05  -1.1631008e-03
   8.6745214e-02   1.2400785e-01   1.6127095e-01   2.6490274e-03   4.7236333e-04  -1.3338427e-03
   8.5333366e-02   1.0815285e-01   1.6577777e-01   2.7465804e-03   5.0502566e-04  -1.2421301e-03
   8.1506225e-02   8.8590426e-02   1.0115461e-01   1.7015248e-03   3.1747730e-04  -1.1532742e-03
   6.2423457e-02   7.7941178e-02   1.0044862e-01   1.5548542e-03  -2.2386534e-05  -1.0063836e-03
   8.1781533e-02   6.9250263e-02   1.5785430e-01   1.8077047e-03   4.2888521e-04  -1.1706383e-03
   1.0707014e-01   6.6625814e-02   1.7526781e-01   2.2006765e-03   7.5712974e-04  -1.5788069e-03
   1.1939254e-01   7.4666374e-02   1.6595831e-01   2.2936490e-03   7.8334361e-04  -1.8778850e-03
   1.2661744e-01   7.4245968e-02   1.4103692e-01   2.2932714e-03   8.5760010e-04  -2.0738545e-03
   1.1391570e-01   1.0901378e-01   1.1086621e-01   2.0067845e-03   9.2793227e-04  -1.8629188e-03
   1.2667173e-01   1.2225377e-01   9.8941882e-02   2.2458650e-03   9.7941920e-04  -2.0085143e-03
   1.1515373e-01   1.2837619e-01   1.4420144e-01   2.7684651e-03   4.7647389e-04  -2.0165436e-03
   1.2271857e-01   1.3651133e-01   1.6780000e-01   3.0991984e-03   3.5424336e-04  -2.2298755e-03
   1.2999890e-01   1.1865336e-01   1.4047240e-01   2.5693837e-03   5.0464630e-04  -2.2538410e-03
   1.3304405e-01   1.0396814e-01   1.3311453e-01   2.9115089e-03   4.4950042e-04  -2.2951389e-03
   1.3094903e-01   1.2936136e-01   1.2679257e-01   2.6929825e-03   5.1488199e-04  -2.2834302e-03
   1.2470287e-01   1.4428253e-01   1.1685280e-01   3.1654005e-03   5.2936836e-04  -2.2106124e-03
   1.2244832e-01   1.5799046e-01   1.3124210e-01   3.4680162e-03   4.8793909e-04  -2.2124572e-03
   1.2549607e-01   1.6362112e-01   1.6169057e-01   3.6708811e-03   2.6205060e-04  -2.3500155e-03
   1.2012268e-01   1.5740208e-01   1.4118527e-01   3.2361371e-03   2.3686433e-04  -2.2643240e-03
   1.2933461e-01   1.5334522e-01   1.6911999e-01   3.5836362e-03   3.0039852e-04  -2.3723830e-03
   1.2733822e-01   1.7325576e-01   1.7221161e-01   3.7267184e-03   5.4882111e-04  -2.3433940e-03
   1.4261393e-01   1.5593607e-01   1.8609803e-01   3.8356730e-03   9.4517909e-04  -2.3578815e-03
   1.5305385e-01   1.6588970e-01   1.9445908e-01   3.9220350e-03   8.4228629e-04  -2.6694467e-03
   1.4928497e-01   1.7768654e-01   2.0429179e-01   4.3407632e-03   1.0333073e-03  -2.5946521e-03
   1.3510202e-01   1.7193825e-01   1.9382143e-01   4.1826017e-03   9.7123588e-04  -2.3230689e-03
   1.2722121e-01   1.6598148e-01   1.5419616e-01   3.8251396e-03   7.3584857e-04  -2.3728392e-03
   1.3217721e-01   1.7955856e-01   1.4065022e-01   3.9613445e-03   1.0278456e-03  -2.2754752e-03
   1.1409264e-01   1.2391647e-01   1.1618027e-01   2.7038968e-03   6.1581846e-04  -2.1176698e-03
   1.1717933e-01   1.1981589e-01   1.7912497e-01   3.4617654e-03   5.7271461e-04  -2.3639705e-03
   1.6726593e-01   1.0802855e-01   1.8915418e-01   3.4108440e-03   1.1786636e-03  -2.8232169e-03
   1.8885189e-01   1.1634325e-01   2.5614745e-01   4.3514437e-03   1.2791122e-03  -3.2944377e-03
   1.9375644e-01   1.1773305e-01   1.6024128e-01   3.5865577e-03   9.9992391e-04  -3.4866642e-03
   2.1379663e-01   1.5257426e-01   1.9357170e-01   4.5593023e-03   1.1362696e-03  -3.8438803e-03
   2.4625075e-01   1.8529776e-01   3.1878221e-01   6.9052606e-03   1.2861660e-03  -4.5025092e-03
   2.4880187e-01   1.9558945e-01   2.6448558e-01   6.1679981e-03   1.2017349e-03  -4.6142965e-03
   2.5679823e-01   1.8639134e-01   2.7596973e-01   6.2907861e-03   1.3556436e-03  -4.5618834e-03
   2.4010572e-01   1.8868773e-01   2.7866662e-01   6.2912874e-03   1.1310627e-03  -4.5314836e-03
   2.4555145e-01   1.9277253e-01   2.3674355e-01   6.1927257e-03   1.2134620e-03  -4.6549055e-03
   2.2978990e-01   2.0182028e-01   2.4654042e-01   6.0698723e-03   1.1677600e-03  -4.4958622e-03
   2.3211611e-01   1.9740722e-01   2.6030546e-01   6.4903396e-03   1.0914373e-03  -4.6535927e-03
   2.2980508e-01   2.0124460e-01   2.5458491e-01   6.3148981e-03   1.0592251e-03  -4.5299244e-03
   2.2838937e-01   2.0733760e-01   2.8170181e-01   6.3588434e-03   8.7367911e-04  -4.5568357e-03
   2.1476531e-01   2.0289082e-01   2.3444374e-01   5.8511853e-03   8.6691618e-04  -4.3628467e-03
   2.1233282e-01   2.1409800e-01   2.5328190e-01   6.3252888e-03   1.0287149e-03  -4.3336409e-03
   2.1801520e-01   2.3466045e-01   2.5412201e-01   6.5746268e-03   1.0961930e-03  -4.4755155e-03
   2.1162861e-01   2.2161590e-01   2.9723987e-01   6.5738413e-03   1.0245433e-03  -4.3321550e-03
   2.3604461e-01   1.8061022e-01   1.7404696e-01   5.7594756e-03   7.5879748e-04  -4.7304192e-03
   2.5197615e-01   1.9895011e-01   1.4612342e-01   5.7468220e-03   6.3360209e-04  -5.0471793e-03
   2.4022108e-01   2.2776969e-01   2.4515699e-01   7.6589954e-03   1.0233294e-03  -4.6593698e-03
   2.4230118e-01   2.3296291e-01   2.4874091e-01   7.4556340e-03   8.7275874e-04  -5.0042113e-03
   2.4920052e-01   2.1518366e-01   2.6102027e-01   6.8899228e-03   6.7085364e-04  -5.1668746e-03
   2.4618462e-01   2.2564270e-01   2.6271629e-01   7.4892021e-03   7.5423728e-04  -5.0805016e-03
   2.1523951e-01   1.5422048e-01   2.2305353e-01   5.9586383e-03   2.1653197e-04  -4.9469859e-03
   2.4807021e-01   1.7301141e-01   2.1816341e-01   6.0427599e-03   6.1778151e-04  -5.3020435e-03
   2.7273298e-01   1.5050521e-01   2.1528528e-01   6.3136475e-03   9.5108743e-04  -5.7135089e-03
   2.5977469e-01   1.6406298e-01   2.0210171e-01   6.0555276e-03   8.3506420e-04  -5.6273523e-03
   2.6749500e-01   1.9051818e-01   1.9261657e-01   6.4177239e-03   5.1011197e-04  -5.9566598e-03
   2.8039270e-01   2.2089425e-01   2.3221055e-01   7.0731795e-03   2.8426781e-04  -6.3572473e-03
   2.8008789e-01   2.0246240e-01   2.3301298e-01   6.8069059e-03   1.1147888e-06  -6.4224750e-03
   2.7625708e-01   2.1043326e-01   1.8855763e-01   6.3464932e-03   4.6682779e-05  -6.3384271e-03
   2.9841586e-01   1.9844134e-01   2.4509230e-01   6.7593869e-03   5.9912440e-04  -6.4233722e-03
   3.0343845e-01   2.0930410e-01   2.7346633e-01   7.1303883e-03   5.6296782e-04  -6.4787287e-03
   2.9823960e-01   2.0358872e-01   2.6469911e-01   6.9445962e-03   4.7337515e-04  -6.5417861e-03
   2.8828208e-01   2.0942046e-01   2.6969862e-01   7.2976587e-03   3.2606653e-04  -6.6669351e-03
   2.8395957e-01   2.2039791e-01   2.5043711e-01   7.1182646e-03   2.0160096e-04  -6.6137864e-03
   2.9213814e-01   2.1860011e-01   2.3002632e-01   6.9075891e-03   2.4124231e-04  -6.8859222e-03
   2.8511748e-01   2.3479818e-01   2.6270617e-01   7.2075355e-03   6.0146275e-04  -6.6226830e-03
   2.9047706e-01   2.3392034e-01   2.7019412e-01   7.0508012e-03   8.1722096e-04  -6.6624091e-03
   2.9825688e-01   2.2383872e-01   2.4523801e-01   7.1572334e-03   7.8969691e-04  -6.7842715e-03
   2.9979033e-01   2.2708273e-01   2.1568200e-01   7.0703601e-03   6.7109732e-04  -6.8455139e-03
   2.8247968e-01   2.6021165e-01   3.1813228e-01   8.1815498e-03   6.3856276e-04  -6.5329922e-03
   2.9300287e-01   2.5633790e-01   2.4641678e-01   7.8737211e-03   3.1892113e-04  -6.9053528e-03
   2.7005490e-01   2.5900401e-01   2.4868125e-01   6.9418385e-03   3.8162178e-04  -6.4078001e-03
   2.7281000e-01   2.9634534e-01   2.7494605e-01   8.3937939e-03   8.1435283e-06  -6.3816482e-03
   2.2890091e-01   2.9265945e-01   2.2919771e-01   7.8810288e-03  -2.1194952e-04  -6.1490169e-03
   2.3435032e-01   2.7752996e-01   2.5589486e-01   7.3624777e-03  -4.6186362e-04  -6.2160906e-03
   2.6373348e-01   2.8341135e-01   2.6832853e-01   7.6970061e-03  -6.6427016e-05  -6.5975562e-03
   2.3456601e-01   1.9934865e-01   2.1862600e-01   6.5016812e-03  -4.3649148e-04  -6.1564277e-03
   2.1066161e-01   2.0823406e-01   2.0065759e-01   6.5069512e-03  -1.2761490e-04  -5.9411538e-03
   2.6847605e-01   2.0391574e-01   2.3905139e-01   7.0894819e-03   4.9441496e-04  -6.6206085e-03
   2.6709068e-01   1.8304767e-01   2.2911018e-01   7.2510440e-03   2.8105767e-04  -6.8524787e-03
   2.8182617e-01   2.1850143e-01   2.1309221e-01   6.9870928e-03   3.3636971e-04  -7.0754504e-03
   2.8689115e-01   2.3769599e-01   1.9691745e-01   7.2502377e-03   5.9990858e-04  -7.0371728e-03
   3.1125143e-01   2.4040597e-01   1.7960121e-01   6.8661117e-03   5.6886592e-04  -7.3316756e-03
   3.1675441e-01   2.4739033e-01   2.5157362e-01   7.5990890e-03   5.8013002e-04  -7.3156705e-03
   3.2813668e-01   2.5626402e-01   2.9635446e-01   7.9537120e-03   9.3500619e-04  -7.3871562e-03
   3.1940783e-01   2.5490219e-01   3.0006489e-01   8.4008561e-03   8.1828757e-04  -7.3779937e-03
   3.1008421e-01   2.5566816e-01   2.9363975e-01   8.1495723e-03   8.8144276e-04  -7.3038341e-03
   3.1971773e-01   2.6707634e-01   2.4713744e-01   7.7560832e-03   1.1933098e-03  -7.2282617e-03
   3.1997842e-01   2.9641747e-01   2.6415552e-01   8.4191754e-03   8.5844451e-04  -7.4157878e-03
   3.0764053e-01   2.8800546e-01   2.8087393e-01   8.1597840e-03   8.8201341e-04  -7.2392653e-03
   3.2492462e-01   2.7421571e-01   2.8942623e-01   8.4601021e-03   8.0264700e-04  -7.4272144e-03
   3.2598344e-01   2.7085602e-01   3.0165981e-01   8.5108604e-03   1.0137459e-03  -7.3710104e-03
   3.1572661e-01   2.8877425e-01   2.5521863e-01   8.2977418e-03   8.5436028e-04  -7.3106814e-03
   3.0517943e-01   2.9399891e-01   2.6199359e-01   8.5751190e-03   6.1122092e-04  -7.4605052e-03
   3.1982482e-01   2.9161701e-01   2.8126326e-01   8.4003138e-03   1.0204042e-03  -7.4966378e-03
   3.3133212e-01   2.8994473e-01   3.3705857e-01   9.1603877e-03   9.7864900e-04  -7.7169207e-03
   3.2631259e-01   2.8771506e-01   3.3190252e-01   9.2913577e-03   9.4269701e-04  -7.2542371e-03
   3.0076029e-01   3.4152912e-01   3.0833804e-01   8.2072657e-03   7.7995764e-04  -6.9935476e-03
   3.0690332e-01   2.7434674e-01   3.4779804e-01   9.5340071e-03   9.1043832e-04  -7.2814362e-03
   2.8327107e-01   2.5519414e-01   2.9335855e-01   8.0760596e-03   7.1529428e-04  -6.9799255e-03
   2.7291442e-01   2.4553552e-01   2.4509130e-01   7.8798966e-03   8.4502621e-04  -6.6303453e-03
   2.6271632e-01   2.5243736e-01   2.6141003e-01   7.9187765e-03   6.3650653e-04  -6.5258211e-03
