   0.0000000e+00  -7.1054274e-15   0.0000000e+00   0.0000000e+00   0.0000000e+00   0.0000000e+00
  -1.2480259e-01  -5.6155634e-03  -1.3221122e-01  -4.6733738e-03   5.7308857e-04   3.1792324e-03
  -1.9335295e-01  -3.5829591e-02  -2.9831741e-01  -7.8896171e-03   2.2211888e-03   5.8951728e-03
  -2.0175428e-01  -1.5637231e-02  -8.6548848e-02  -5.8803352e-04   7.5337869e-03   3.3607242e-03
  -1.8588643e-01  -7.0447625e-03  -8.1122281e-03  -2.7265103e-04   7.7340815e-03   4.8159992e-03
  -1.6323902e-01  -5.0260300e-02   6.1469798e-02   1.8205756e-03   9.1309071e-03   4.5379285e-03
  -4.4391671e-02  -3.9406817e-02   7.4751329e-02   7.0760771e-04   1.4293279e-02   4.0506376e-03
   8.0740722e-02  -2.3919724e-02   1.6579341e-01   2.5128366e-03   1.5593241e-02   2.5266178e-03
   1.2572939e-01  -5.1079820e-02   1.6438506e-01   1.3650786e-03   1.6232972e-02   2.1154690e-03
   1.4539316e-01  -8.1725492e-02   2.5264652e-01   1.4058762e-03   1.6377026e-02   1.7423640e-03
   1.7487994e-01  -6.3874422e-02   3.1050250e-01   6.5841477e-04   1.6491472e-02   1.3306267e-03
   1.8015567e-01  -7.7638065e-02   3.3133209e-01   1.4780753e-03   1.6409480e-02   1.0023677e-03
   1.8831701e-01  -8.6138123e-02   3.8193691e-01   1.0819239e-03   1.6555643e-02  -1.4305881e-04
   1.9528813e-01  -8.6758243e-02   4.0234650e-01   1.9321571e-03   1.6519573e-02  -5.4396873e-04
   1.9407889e-01  -7.8527037e-02   4.5527718e-01   2.2132903e-03   1.6446848e-02  -1.3973109e-03
   2.0047663e-01  -4.2488262e-02   5.0263827e-01   3.0061860e-03   1.6367852e-02  -1.3077695e-03
   2.0384959e-01  -5.7125033e-02   5.1851288e-01   2.5667883e-03   1.6425178e-02  -1.6683429e-03
   1.7194493e-01  -6.2705849e-02   5.2695169e-01   3.2362251e-03   1.6290483e-02  -1.7589851e-03
   1.5165553e-01  -5.3263463e-02   5.6597233e-01   2.8678937e-03   1.5887305e-02  -1.8329794e-03
   1.2647056e-01  -3.7705980e-02   6.1048184e-01   3.8161065e-03   1.5010724e-02  -1.8561641e-03
   1.2087551e-01  -6.6167226e-02   6.7508355e-01   4.2922731e-03   1.4798158e-02  -2.5283976e-03
   1.1224197e-01  -4.3773450e-02   6.3661294e-01   4.3214476e-03   1.5481748e-02  -3.2802981e-03
   1.4133780e-01  -3.2246750e-02   7.1883490e-01   3.9977259e-03   1.5834830e-02  -3.7952226e-03
   1.3754429e-01  -1.7856549e-02   6.7414221e-01   5.8580684e-03   1.5823598e-02  -4.4274023e-03
   1.3203092e-01  -3.1210638e-02   8.9328441e-01   6.4936122e-03   1.5281441e-02  -4.4197152e-03
   1.0638190e-01   2.7501844e-02   1.6452505e-01   8.6448634e-03   1.4838664e-02  -4.0114569e-03
  -7.1338628e-03   8.0204909e-02   2.0781941e-01   9.5025456e-03   1.5258702e-02  -2.5553358e-03
   1.3991938e-02   9.3525327e-03   7.1679193e-01   1.0400458e-02   1.3570526e-02  -2.1837124e-03
   6.3741392e-02   4.7009833e-02   6.0103051e-01   9.7937893e-03   1.5888813e-02  -2.0164090e-03
   2.6689749e-02   4.3249624e-02   6.5939297e-01   9.5413996e-03   1.5979924e-02  -1.6671552e-03
   2.7662511e-02  -8.0932133e-03   5.7679070e-01   1.0484988e-02   1.6620657e-02  -3.0225371e-03
   3.7603603e-02  -5.3143237e-03   6.8452432e-01   1.1329065e-02   1.7696175e-02  -3.2637400e-03
   3.6617907e-02  -2.4121720e-03   7.2668931e-01   1.1403513e-02   1.8089323e-02  -3.6604990e-03
   2.5460942e-02  -1.0986896e-02   8.3955734e-01   1.2600563e-02   1.8138219e-02  -3.3462639e-03
   1.5641542e-02  -7.1934994e-03   8.4353753e-01   1.2944568e-02   1.8088887e-02  -3.7527521e-03
   2.7801015e-02   3.2702026e-03   8.7432342e-01   1.2621339e-02   1.8504164e-02  -4.1315111e-03
   2.8360454e-02  -2.2523094e-02   8.8307084e-01   1.3152949e-02   1.8548381e-02  -4.5209657e-03
   3.6530883e-02  -3.1665492e-02   8.3291376e-01   1.4992241e-02   1.8484603e-02  -3.9150438e-03
   6.5871868e-03   2.9448281e-02   9.4831600e-01   1.8294279e-02   1.8376803e-02  -4.4186797e-03
   7.1877933e-03   5.6072268e-02   1.0585779e+00   1.8569884e-02   1.9562967e-02  -4.6487178e-03
  -1.9476997e-02   9.6697984e-03   1.0258379e+00   1.8672534e-02   1.9100146e-02  -5.0454398e-03
  -1.4252452e-02  -3.6035674e-03   1.1287671e+00   1.9000996e-02   1.9014258e-02  -5.4533553e-03
  -1.5602743e-02   2.3570666e-02   1.0749067e+00   1.9298166e-02   1.8865104e-02  -5.3780093e-03
   1.9965712e-03   1.4978080e-02   1.1298373e+00   1.9128762e-02   1.7991398e-02  -5.7944059e-03
   7.0617766e-04   4.0741519e-02   1.0861126e+00   1.9165014e-02   1.7263122e-02  -5.3986630e-03
   1.7314231e-03   3.0816624e-02   1.1317255e+00   2.0434698e-02   1.8544852e-02  -5.5309070e-03
  -1.0603659e-02   2.4629227e-02   1.1315308e+00   2.1566636e-02   1.8634450e-02  -5.8834577e-03
  -9.5100769e-04   3.3465703e-02   1.2072371e+00   2.1896795e-02   1.8554040e-02  -5.8793082e-03
   6.4069256e-03   5.8641144e-02   1.1610864e+00   2.1470563e-02   1.8804972e-02  -5.7994134e-03
  -2.5356684e-03   2.5337680e-02   1.1868488e+00   2.0395367e-02   1.8833383e-02  -5.4382595e-03
  -4.6169142e-02   4.4740573e-02   1.1258567e+00   2.0776906e-02   1.8358902e-02  -4.9358856e-03
  -1.8548877e-02   4.1017771e-02   1.1976925e+00   1.7383075e-02   1.6726317e-02  -4.6907519e-03
   3.1513564e-02   7.9638962e-02   7.4527431e-01   1.9304896e-02   1.4778228e-02  -5.2539971e-03
   8.6580356e-03   6.6738449e-02   1.4067764e+00   2.1987552e-02   1.4952218e-02  -6.3426858e-03
  -1.1496562e-02   1.9189409e-02   1.7272848e+00   1.7173549e-02   1.4538775e-02  -5.8194000e-03
   5.0918224e-02  -1.9173789e-02   1.5941248e+00   2.0199700e-02   1.5191648e-02  -6.1493999e-03
   6.2307501e-02  -2.9499662e-02   1.7438479e+00   2.0367639e-02   1.6194471e-02  -6.6088702e-03
   7.8658951e-02  -3.7138456e-03   1.7756771e+00   2.1862356e-02   1.6606360e-02  -7.1902653e-03
   6.1572583e-02  -4.5278898e-02   1.8376954e+00   2.1371354e-02   1.7142342e-02  -7.7006339e-03
   5.9903226e-02  -4.5693799e-02   1.8340251e+00   2.2727259e-02   1.7341572e-02  -8.3645015e-03
   5.9491984e-02  -3.8632221e-02   1.8686195e+00   2.2111515e-02   1.7280668e-02  -7.9325307e-03
   7.8302598e-02  -4.0687013e-02   1.7976784e+00   2.2985497e-02   1.7673360e-02  -8.5190704e-03
   8.0727624e-02  -4.7274297e-02   1.8619536e+00   2.2952035e-02   1.7532831e-02  -8.8342693e-03
   1.0051839e-01  -4.9754792e-02   1.8082815e+00   2.3857624e-02   1.7804104e-02  -9.1963698e-03
   9.7274455e-02  -3.1092863e-02   1.8856191e+00   2.3493267e-02   1.7496109e-02  -9.1675201e-03
   1.0163272e-01  -1.4259399e-02   1.7960157e+00   2.3913770e-02   1.7330815e-02  -9.0099209e-03
   1.0410821e-01  -4.9984328e-02   1.8659952e+00   2.2248159e-02   1.7721037e-02  -8.3302019e-03
   1.0269539e-01  -3.6709215e-02   1.7169586e+00   2.2639370e-02   1.8194800e-02  -8.3318237e-03
   1.0721815e-01   6.4910420e-03   1.8132145e+00   2.3093679e-02   1.8628138e-02  -8.8241310e-03
   1.2557234e-01   8.1596841e-03   1.8687160e+00   2.3476843e-02   1.9361830e-02  -9.1092527e-03
   1.2656790e-01   6.4289616e-03   1.9075483e+00   2.4291612e-02   1.9262865e-02  -9.1993417e-03
   1.3967586e-01   1.1123116e-02   1.9474930e+00   2.5081197e-02   1.9207181e-02  -9.5238318e-03
   1.2370777e-01   8.4824721e-03   1.9422240e+00   2.5020307e-02   1.9477834e-02  -1.0080024e-02
   1.3845348e-01  -2.2079192e-02   1.9432029e+00   2.5325801e-02   1.9134467e-02  -1.0202773e-02
   6.8988671e-02   3.1890958e-02   1.9593407e+00   2.4500362e-02   2.0087046e-02  -8.2747838e-03
   2.0783929e-02   1.2794139e-02   1.7739127e+00   2.4117539e-02   2.0907394e-02  -7.6902684e-03
   9.1243198e-02  -9.4641149e-02   1.7238266e+00   2.2447444e-02   2.0332080e-02  -7.7057906e-03
   1.2019316e-01  -1.2871681e-02   1.7390192e+00   2.4028148e-02   1.9314854e-02  -8.3524388e-03
   5.4651197e-02  -2.9804000e-02   2.0342121e+00   3.1578050e-02   1.5570389e-02  -7.7462220e-03
   1.9298597e-02   9.1017648e-02   1.9575872e+00   3.2078531e-02   1.4507664e-02  -7.7586352e-03
   8.2523049e-02   7.1306530e-02   1.8489007e+00   3.3530169e-02   1.5844574e-02  -9.1123677e-03
   1.3859271e-01   7.1825168e-02   1.9063263e+00   3.3559192e-02   1.6071425e-02  -9.3223013e-03
   1.6885027e-01   5.8743015e-02   1.9846964e+00   3.4727255e-02   1.6459775e-02  -1.0171520e-02
   1.2980223e-01   3.9581705e-02   1.9602531e+00   3.2570520e-02   1.6520260e-02  -1.0257655e-02
   1.2154632e-01   4.3222312e-02   1.9687425e+00   3.1047643e-02   1.6172839e-02  -1.0309869e-02
   1.1025188e-01   1.5747593e-03   1.9535313e+00   3.2397926e-02   1.6553192e-02  -1.0730415e-02
   1.2279922e-01   4.0219190e-02   1.9281041e+00   3.2658868e-02   1.7316801e-02  -1.0609873e-02
   1.5195939e-01   4.9457598e-02   1.9518875e+00   3.3172569e-02   1.7709852e-02  -1.0532891e-02
   1.6225089e-01   2.4195434e-02   1.9338969e+00   3.1613473e-02   1.7263906e-02  -1.1026796e-02
   8.4789839e-02   5.9951458e-02   1.8587945e+00   3.1036059e-02   1.6919668e-02  -1.1321582e-02
   3.9702995e-02   2.1346246e-02   1.8630759e+00   3.2115019e-02   1.6408571e-02  -1.2732868e-02
   4.8989943e-02   6.1860428e-02   1.8677501e+00   3.2340971e-02   1.5839699e-02  -1.3130034e-02
   2.5847385e-02   9.0328224e-02   1.9085509e+00   3.3314506e-02   1.6291866e-02  -1.3571842e-02
   6.8801653e-02   1.0102204e-01   1.9004301e+00   3.3393435e-02   1.6670949e-02  -1.3713097e-02
   7.1735184e-02   7.5621324e-02   2.0063199e+00   3.3905110e-02   1.7556286e-02  -1.3623136e-02
   8.1595049e-02   9.4630016e-02   1.9548521e+00   3.3120383e-02   1.7486659e-02  -1.3686460e-02
   5.0544150e-02   6.9131982e-02   1.9610512e+00   3.0656821e-02   1.5988150e-02  -1.3847299e-02
   4.5155696e-02   4.7584569e-02   2.0612336e+00   3.0852715e-02   1.6040676e-02  -1.3858789e-02
   4.2214261e-02   1.0014380e-01   2.0657375e+00   3.0846867e-02   1.6512877e-02  -1.4277237e-02
   4.5205622e-02   8.1810145e-02   2.0284067e+00   3.1056973e-02   1.5996399e-02  -1.4288586e-02
   5.7571628e-02   4.6683887e-02   1.9898124e+00   2.9457561e-02   1.6036729e-02  -1.4342843e-02
   3.2407537e-03   6.6358559e-02   1.8190860e+00   2.8911474e-02   1.5171822e-02  -1.4014115e-02
  -9.9492354e-04   1.6376768e-02   1.8268497e+00   3.0839051e-02   1.6114965e-02  -1.4588136e-02
  -2.6276151e-02   7.0762074e-02   1.7546359e+00   2.9908396e-02   1.6581522e-02  -1.4244278e-02
   1.2613554e-02   7.4979135e-02   1.7493893e+00   2.9806879e-02   1.6662554e-02  -1.2808570e-02
   4.0297718e-02   8.0616463e-02   1.8342145e+00   3.1183866e-02   1.7070410e-02  -1.3378395e-02
   5.7414682e-02   7.0932507e-02   1.9847608e+00   3.2684316e-02   1.7268597e-02  -1.4021155e-02
   9.0002596e-02   6.9366933e-02   1.8880607e+00   3.1148850e-02   1.7008035e-02  -1.4724539e-02
   6.1572905e-02   7.4237787e-02   1.8950941e+00   2.9234167e-02   1.5506242e-02  -1.4550686e-02
   5.4279596e-02   5.9433744e-02   1.9281653e+00   2.9943504e-02   1.5834103e-02  -1.5331779e-02
   8.6383605e-02   5.9233726e-02   1.9836514e+00   3.0393231e-02   1.6231815e-02  -1.5035879e-02
   8.7338208e-02   1.1320622e-01   2.0978669e+00   2.9754710e-02   1.6124869e-02  -1.4606371e-02
   7.1232245e-02   6.6552719e-02   2.0775403e+00   2.9937927e-02   1.6225035e-02  -1.5009814e-02
   6.3169248e-02   7.7061561e-02   2.1415699e+00   3.1014113e-02   1.6552490e-02  -1.4894219e-02
   3.8214128e-03   1.0745338e-01   2.1571804e+00   3.0579229e-02   1.7317865e-02  -1.4791517e-02
  -4.7820177e-03   8.0673678e-02   2.1125383e+00   3.0886827e-02   1.7337780e-02  -1.4666784e-02
  -5.2406587e-03   8.1597973e-02   2.0359361e+00   3.2506557e-02   1.7908261e-02  -1.4185002e-02
   1.5371902e-02   1.2607208e-01   2.0014671e+00   3.1240913e-02   1.8359526e-02  -1.4496948e-02
   1.1061023e-02   5.2798703e-02   1.8504635e+00   2.6816820e-02   1.7370656e-02  -1.4933442e-02
  -2.4278087e-02   9.5004691e-02   1.8529156e+00   2.5253312e-02   1.6652605e-02  -1.4899183e-02
   1.5636498e-02   1.0665845e-01   1.9381440e+00   2.9803209e-02   1.8104393e-02  -1.4686172e-02
   1.9285060e-02   1.5807123e-01   2.0279506e+00   2.9976096e-02   1.8198276e-02  -1.4897640e-02
   3.7765695e-02   1.4994660e-01   1.9748566e+00   2.9622374e-02   1.7868138e-02  -1.5081969e-02
   4.0669958e-02   9.0521824e-02   1.8712782e+00   2.7896537e-02   1.7617863e-02  -1.4855569e-02
   3.6168258e-02   7.5629235e-02   1.9450312e+00   2.6808234e-02   1.6886984e-02  -1.4212458e-02
   3.6982402e-02   1.7392648e-01   1.6540886e+00   3.4674072e-02   1.6611791e-02  -1.4631353e-02
   1.9427805e-02   1.9500136e-01   2.0287009e+00   3.2514452e-02   1.5912027e-02  -1.3668970e-02
  -3.5837060e-03   2.1946207e-01   2.3475259e+00   3.1043750e-02   1.6996573e-02  -1.2525238e-02
  -3.0761392e-02   6.9265452e-02   2.1261539e+00   3.2628324e-02   1.4896929e-02  -1.2731261e-02
