   0.0000000e+00   0.0000000e+00   7.1054274e-15   0.0000000e+00   0.0000000e+00   0.0000000e+00
  -5.2588131e-03  -1.8521681e-03   6.1918126e-02   4.0884723e-04  -1.6776310e-05   3.7291486e-04
   5.5110035e-04   4.6183494e-03   1.5908398e-01   1.8516163e-03   5.7047146e-04   2.9237111e-04
  -1.3425213e-02   2.7214039e-02   1.4236296e-01   1.3269782e-03   1.9037586e-04   8.2078941e-04
  -1.6545514e-02  -7.6670817e-03   1.1941978e-01   1.0313230e-03  -1.0529989e-04   1.0794100e-03
  -1.6570699e-02   1.1906046e-02   1.2904576e-01   7.1486328e-04   2.8682636e-04   1.1496813e-03
  -4.0122524e-02   1.4299149e-03   1.4398140e-01   1.6746712e-03  -1.5965699e-04   1.6126605e-03
  -3.9919545e-02   3.1507753e-02   7.9540533e-02   8.9032138e-04   1.7200361e-04   1.6484173e-03
  -4.7274059e-02   3.3119845e-02   8.4679161e-02   1.1249435e-03  -9.7505408e-05   2.1793041e-03
  -6.0657422e-02   3.9164435e-02   6.3523059e-02   1.0558453e-03   1.0667327e-04   2.6850991e-03
  -6.4769368e-02   3.8558772e-02   7.0086798e-02   6.8625493e-04   4.8200135e-04   3.3621057e-03
  -7.2464281e-02   3.5167845e-02   1.2050632e-01   1.6469438e-03   9.4752975e-04   3.8763057e-03
  -7.7435246e-02   2.6329354e-02   1.2844684e-01   2.4998234e-03   8.3948394e-04   4.0814546e-03
  -9.5797435e-02   4.2700832e-02  -1.1610471e-02  -2.5649000e-04   1.1480688e-03   4.5022036e-03
  -1.0358427e-01   4.6124487e-02   7.9273190e-02   1.6700391e-03   8.8368743e-04   4.7287281e-03
  -1.1642127e-01   4.7451421e-02   1.2742943e-02   4.6378754e-04   9.5719821e-04   5.0468633e-03
  -1.0332271e-01   2.5949502e-02   8.6415229e-02   2.3956680e-03   9.4266787e-04   4.8529498e-03
  -1.0647259e-01   4.6263427e-02   6.9596928e-02   2.0208983e-03   1.3165163e-03   4.8508565e-03
  -1.1709496e-01   4.4684749e-02   3.5317482e-02   1.1699545e-03   1.1938108e-03   5.1488787e-03
  -1.1964691e-01   3.3871506e-02   5.7006633e-02   1.6686901e-03   1.1450458e-03   5.1559501e-03
  -1.1406532e-01   4.6422392e-02   6.3189425e-02   1.2826764e-03   1.2172450e-03   5.0683822e-03
  -1.1941598e-01   3.0066390e-02   1.1164188e-01   2.6151386e-03   1.3747481e-03   4.8927524e-03
  -1.2394686e-01   2.7104122e-02   1.3520667e-02   2.1872566e-05   1.3890799e-03   5.0605567e-03
  -1.1838253e-01   4.6592632e-02   4.4840663e-02   1.3338267e-03   1.7294541e-03   4.9996193e-03
  -1.3285742e-01   4.3454873e-02   1.0673254e-01   3.0868432e-03   1.3618225e-03   5.5418234e-03
  -1.1596967e-01   3.1514570e-02   4.8677167e-02   1.3353434e-03   1.5749586e-03   5.0710251e-03
  -1.2105342e-01   3.1520618e-02   6.9387396e-02   1.6545287e-03   1.3349139e-03   4.7402869e-03
  -1.2701604e-01   1.5601168e-02   3.5633925e-02   1.4264967e-03   8.8626038e-04   5.0575413e-03
  -1.2537782e-01   6.4264707e-03   3.7428304e-02   5.7984569e-04   1.1706815e-03   4.9893442e-03
  -1.2706692e-01   3.0327970e-02   8.7320452e-02   1.2036969e-03   1.3364798e-03   4.9398767e-03
  -1.2372152e-01  -5.8866789e-03   6.1866401e-02   9.9862696e-04   1.2452442e-03   5.3518266e-03
  -1.1441166e-01   9.6050482e-03   8.6848342e-02   1.1720376e-03   1.2758045e-03   5.3222396e-03
  -1.1689890e-01   2.7753195e-02   9.5127480e-02   1.3692735e-03   1.4555517e-03   5.3263274e-03
  -1.1041447e-01   2.3379029e-02   1.2678436e-01   3.0666386e-03   1.2688362e-03   5.2691172e-03
  -1.1469918e-01   2.1096508e-02   1.3180528e-01   2.3821134e-03   1.6837172e-03   5.3614088e-03
  -1.0840255e-01   2.8855430e-02   1.0029583e-01   1.3965163e-03   1.5583635e-03   5.3913369e-03
  -1.2240493e-01   2.6590879e-02   5.4878166e-02   1.1609318e-03   1.7374567e-03   5.6202224e-03
  -1.1422059e-01   4.6818064e-02   2.8814260e-02   6.5334915e-04   2.1289143e-03   5.7720941e-03
  -1.0442393e-01   4.1325263e-02   6.7014617e-02   1.3543807e-03   2.0230620e-03   5.5578701e-03
  -1.0961457e-01   3.4266285e-02   6.5358505e-02   1.5296786e-03   1.8779875e-03   5.4707653e-03
  -1.0747162e-01   2.8441256e-02   4.3478879e-02   1.0319376e-03   1.9084732e-03   5.3848985e-03
  -1.2351805e-01   5.8965469e-02   2.7384996e-02   9.6707869e-04   2.5409241e-03   5.9892130e-03
  -1.2160984e-01   5.0781178e-02   9.8445494e-02   1.7426861e-03   2.4583916e-03   5.8633123e-03
  -1.1006142e-01   3.9098269e-02   8.7454923e-02   2.1437519e-03   2.7375911e-03   5.7235930e-03
  -8.9600807e-02   1.7922494e-02   1.3669148e-01   2.5851851e-03   2.7851972e-03   5.4699174e-03
  -1.1763437e-01   3.9076505e-02   1.5950502e-01   3.0854624e-03   2.9812457e-03   5.9970238e-03
  -1.1958526e-01   1.3142727e-02   1.0776985e-01   2.3726918e-03   3.1948624e-03   6.0093016e-03
  -1.1564057e-01   1.3139378e-02   1.0720792e-01   2.7665140e-03   2.6738643e-03   6.1448821e-03
  -9.5414519e-02   4.4523742e-02   2.1103171e-02   8.1203056e-04   3.0895803e-03   5.9553760e-03
  -1.0308143e-01   5.1822302e-02   8.9492826e-02   2.3357726e-03   3.0209209e-03   6.2992859e-03
  -1.0161747e-01   2.4862439e-03   1.5322684e-01   2.7195218e-03   2.7178083e-03   5.5137972e-03
  -9.4939475e-02   1.6583927e-02   1.2488421e-01   2.3812903e-03   2.4900914e-03   5.5822618e-03
  -9.1472639e-02   1.2417389e-02   4.4607768e-02   1.1756467e-03   2.7289508e-03   5.5776888e-03
  -1.0296052e-01   1.1761434e-02   6.0053633e-03   1.9134735e-04   2.6953750e-03   5.6159016e-03
  -9.8471340e-02   1.7397541e-03   6.4290385e-02   5.9454346e-04   2.5645440e-03   5.4054810e-03
  -1.1194435e-01   1.5445703e-02   1.0377204e-01   1.5588618e-03   2.4412489e-03   5.9106285e-03
  -1.0406139e-01  -2.7136633e-03   1.2800732e-01   2.4719265e-03   2.3614258e-03   5.4653419e-03
  -1.0924504e-01   3.2222229e-02   5.1342147e-02   1.1051025e-03   2.3843549e-03   5.2372095e-03
  -1.0856826e-01   3.9478546e-02   6.6215830e-02   9.1195096e-04   2.4802692e-03   5.0657108e-03
  -9.3605649e-02   1.6663195e-02   1.0459790e-01   1.6086951e-03   2.3813952e-03   5.1694910e-03
  -8.9691381e-02   3.7309929e-02   8.7657341e-02   8.2337247e-04   3.0765822e-03   5.2121943e-03
  -9.7475335e-02   1.7547817e-02   1.1730416e-01   1.8396803e-03   2.9156749e-03   5.4756513e-03
  -9.3379509e-02   2.2053292e-02   1.4206459e-01   2.8526611e-03   3.2300595e-03   5.1210930e-03
  -1.0292074e-01   5.7150258e-03   7.3483273e-02   1.4555077e-03   3.3109138e-03   5.2361866e-03
  -9.0714574e-02   2.3425639e-02   1.1651070e-01   1.9768805e-03   3.4546936e-03   5.1246134e-03
  -9.2218853e-02   1.7318649e-02   1.6696192e-01   2.6867332e-03   3.4050795e-03   5.1486088e-03
  -1.0237353e-01   5.7730756e-03   9.2558723e-02   1.5211233e-03   3.1743771e-03   5.0548289e-03
  -9.6138675e-02   1.7307910e-02   1.2853126e-01   2.3261687e-03   3.3371097e-03   5.0341312e-03
  -1.0350650e-01   3.3998668e-02   2.4690489e-02   3.2317293e-05   3.2987076e-03   5.1066565e-03
  -1.0822593e-01   3.0350513e-02   5.6902169e-02   8.7321641e-04   3.2003172e-03   4.8930597e-03
  -1.1291116e-01  -2.0068234e-02   7.3106004e-02   9.9781196e-04   3.4374716e-03   4.7452728e-03
  -1.2055113e-01   5.4440608e-03   1.3103926e-01   2.5500505e-03   3.5538820e-03   4.8275610e-03
  -1.3087411e-01   1.0767641e-02   2.7598142e-02   3.4814112e-04   2.9133031e-03   4.9989787e-03
  -1.1015705e-01   3.5198132e-03   8.1615691e-02   1.5720651e-03   3.3042612e-03   4.5133688e-03
  -1.1546907e-01   1.8265364e-02   1.4121164e-01   2.5714743e-03   3.2265473e-03   4.6285272e-03
  -1.2040676e-01   4.2019961e-03   8.5053782e-02   1.0130539e-03   3.1506534e-03   4.7472011e-03
  -1.0294988e-01  -3.8291260e-02   1.4363675e-01   2.6435686e-03   3.2356139e-03   4.2055899e-03
  -1.0555616e-01  -2.2386127e-02   1.2704072e-01   1.4754319e-03   3.6013120e-03   4.4668609e-03
  -9.1624931e-02  -1.0583844e-01   1.5312715e-01   3.5132969e-03   4.9578831e-03   5.4042649e-03
  -1.0952210e-01   1.7424508e-02   1.5641876e-01   4.2310879e-03   4.4474822e-03   5.5192366e-03
  -1.2677177e-01  -4.1431100e-02   1.4392307e-01   3.4670542e-03   4.0263531e-03   4.9938531e-03
  -1.3619388e-01  -1.9125459e-03   1.3853980e-01   3.1012975e-03   3.4455246e-03   4.9190763e-03
  -1.2672687e-01   1.3584960e-02   2.1228721e-01   4.0254893e-03   3.3988620e-03   4.6543630e-03
  -1.3005286e-01   1.0386005e-02   2.3262753e-01   5.0884218e-03   3.3369298e-03   4.6635875e-03
  -1.3686449e-01   2.4546574e-02   1.6666890e-01   2.7385687e-03   3.4623946e-03   4.6052094e-03
  -1.3293106e-01   2.0772520e-02   1.5856300e-01   3.0589565e-03   3.6710788e-03   4.7169382e-03
  -1.3642452e-01  -4.5802242e-03   1.3751423e-01   2.6534102e-03   3.2447960e-03   4.4290804e-03
  -1.2760917e-01   9.6861453e-03   1.4985335e-01   2.8310032e-03   3.7081037e-03   4.2760102e-03
  -1.2311561e-01   3.3601626e-02   1.5350615e-01   2.4078240e-03   3.5829636e-03   4.4540943e-03
  -1.2349508e-01  -4.4384958e-03   2.0593337e-01   3.9724130e-03   3.4395372e-03   4.4056173e-03
  -1.1242512e-01  -1.8483389e-02   2.3027757e-01   3.8781717e-03   3.7130584e-03   4.0300326e-03
  -1.2431453e-01  -1.5552628e-02   1.7743363e-01   3.4118201e-03   3.6187665e-03   3.9858626e-03
  -1.2978364e-01  -3.4899512e-03   1.2341342e-01   1.9993863e-03   3.4629020e-03   4.1826858e-03
  -1.2024762e-01  -1.9387188e-02   1.1244114e-01   2.7181180e-03   3.6583486e-03   4.0628650e-03
  -1.1687992e-01  -2.7118359e-02   1.7287228e-01   3.6448157e-03   3.7057879e-03   4.0721161e-03
  -1.0507185e-01  -1.6624305e-02   1.3975749e-01   2.8106901e-03   3.8794167e-03   4.0144441e-03
  -1.0564311e-01  -1.8116078e-02   1.8139183e-01   3.4361296e-03   4.1046257e-03   4.2542555e-03
  -1.0594035e-01  -2.0716725e-02   1.2091777e-01   2.8778981e-03   3.6311535e-03   4.3472530e-03
  -1.0111960e-01  -3.4078186e-02   1.3534501e-01   2.2423062e-03   3.4865612e-03   4.1637579e-03
  -9.9669538e-02  -4.8435484e-02   1.7269813e-01   3.7051691e-03   3.4008952e-03   3.7046708e-03
  -1.1067026e-01  -3.6475617e-02   1.3642430e-01   2.2151497e-03   3.4779014e-03   3.6409660e-03
  -1.1754816e-01   9.2018297e-03   8.6747674e-02   2.0235061e-03   3.2999555e-03   3.7750876e-03
  -9.5049248e-02  -7.5488136e-02   1.5949889e-01   2.8624513e-03   3.6852923e-03   3.0349737e-03
  -1.1310844e-01  -1.6397458e-02   1.0315170e-01   1.8324923e-03   3.1690836e-03   3.5792741e-03
  -1.1412207e-01  -6.4125392e-02   1.0531960e-01   1.4359337e-03   3.4507342e-03   3.6957457e-03
  -1.2134425e-01  -1.2638231e-02   7.7140164e-02   9.1736385e-04   3.6905862e-03   3.9761901e-03
  -9.7612040e-02  -1.7082706e-02   1.7782603e-01   2.6340146e-03   4.0359176e-03   3.7571636e-03
  -1.0611299e-01   1.4474663e-02   6.4117257e-02   1.1914648e-03   3.4470692e-03   4.2785080e-03
  -4.5495688e-02   1.1277786e-02   1.1317400e-01   6.5038187e-04   4.6670559e-03   2.3423630e-03
   2.6289714e-01   1.0161863e-01  -4.7908758e-01  -3.0270541e-03   5.9584997e-03  -4.5094030e-03
   2.7354215e-01   1.7005605e-01  -5.2435731e-01  -2.7149002e-03   3.3144068e-03  -3.7305306e-03
   2.3998395e-01   7.8036110e-02  -3.9874840e-01  -2.3247473e-03   3.2736336e-03  -4.1643272e-03
   1.8791616e-01   1.5155615e-01  -4.1088328e-01  -2.9616707e-03   2.9134836e-03  -3.3726109e-03
   1.6601594e-01   1.3343081e-01  -3.8937620e-01  -2.9429422e-03   2.3716712e-03  -2.7469506e-03
   1.4453573e-01   1.6030486e-01  -3.7439539e-01  -3.2833679e-03   2.4670791e-03  -2.1413229e-03
   1.1597016e-01   1.5821690e-01  -3.0700221e-01  -2.0916821e-03   1.6496059e-03  -1.4295796e-03
   1.2976295e-01   1.4617638e-01  -2.9774263e-01  -3.0038481e-03   1.9715183e-03  -9.5040802e-04
   9.8352649e-02   1.5201514e-01  -3.1996755e-01  -2.5878353e-03   1.7455304e-03  -1.9309298e-04
   1.0562073e-01   1.2106223e-01  -2.5800266e-01  -2.5348795e-03   1.6730146e-03  -2.4950788e-04
   8.1739784e-02   1.3850651e-01  -3.0631533e-01  -1.5516280e-03   1.8807110e-03   1.9960099e-04
   3.7111677e-02   1.4004774e-01   7.0728329e-02  -1.6393657e-03   2.3355227e-03   1.1149218e-03
  -1.3716861e-03   1.6484622e-01   2.7633811e-01  -4.8233052e-03   1.3114082e-03   6.8904104e-04
  -1.5478604e-02   8.0926173e-02   7.9651409e-02  -4.7010813e-03   1.4341120e-03   9.8261484e-04
  -1.8483088e-02   1.0760576e-01   2.0047352e-01  -4.2089382e-03   1.6639310e-03   1.2252364e-03
  -2.4394278e-02   1.0021431e-01   1.4625051e-01  -4.7255543e-03   8.2414159e-04   6.2195714e-04
  -5.4189002e-02   8.9381401e-02   2.5270829e-01  -3.7348936e-03   1.1833248e-03   1.4291085e-03
  -3.2376777e-02   1.0333420e-01   3.4947520e-01   3.6476221e-04   2.0935120e-03   1.1624987e-03
  -3.5037253e-02   1.3325266e-01   2.6772853e-01  -6.9018948e-04   1.4141366e-03  -9.7635049e-05
  -5.5421750e-02   7.4907817e-02   3.0251822e-01  -3.4932124e-05   7.7307739e-04   3.9899887e-04
