   0.0000000e+00   0.0000000e+00  -7.1054274e-15  -1.3877788e-17   1.7347235e-18   2.4074124e-35
  -3.0177477e-03  -5.0363851e-02   6.8788680e-02   4.9269183e-04   1.1304634e-04   8.4374721e-05
   2.0475057e-02   4.5372807e-03   1.1505112e-01   7.7149266e-04  -4.0458822e-05  -3.1889676e-04
   2.6038205e-02  -1.2324339e-02   7.5381871e-02  -1.4633567e-04  -3.3583210e-04  -3.6655856e-04
   2.8292673e-02  -1.2818019e-02   1.0058308e-01   6.8748960e-05  -3.4937913e-04  -5.2831594e-04
   2.5526503e-02  -1.2741582e-02   1.1514828e-01   9.8310736e-05  -3.2600369e-04  -3.4989368e-04
   3.3283433e-02  -1.8834226e-02   7.1258042e-02   2.6158241e-07   6.5662876e-05  -4.8781130e-04
   4.6429070e-02  -2.2182228e-02   1.0260739e-01   1.8809871e-04   2.4240108e-05  -6.4234832e-04
   3.6036439e-02   3.1076581e-03   8.3298733e-02   2.3484237e-04   3.3477132e-04  -5.7825176e-04
   3.7505303e-02  -5.0620282e-02   4.6106511e-02  -2.0819239e-05   4.3300552e-04  -7.1919975e-04
   4.8179477e-02   4.9493778e-03   9.8764742e-02   4.4160594e-04   2.6368197e-04  -7.8714097e-04
   4.7857415e-02   1.1363251e-02   6.4612401e-02   2.7024312e-04   3.8871285e-04  -7.6842941e-04
   4.9192376e-02  -1.9465724e-03   6.1499356e-02   3.9519013e-04   1.4685360e-04  -6.4256178e-04
   5.2013903e-02   9.0475287e-03   5.8802206e-02   1.2903771e-04   1.6878554e-04  -5.9426422e-04
   6.0926240e-02   5.1131982e-02   1.0528186e-01   2.4468919e-04   1.6930026e-04  -6.2384048e-04
   5.8376760e-02   3.4823645e-02   7.3645191e-02   8.2805730e-05   6.1593773e-05  -4.9971229e-04
   6.1778981e-02   6.5772646e-03   7.6199431e-02   5.9117574e-05  -8.7692077e-05  -5.2658729e-04
   7.1646626e-02   1.9059302e-02   1.0185501e-01   2.3200990e-04  -6.5114454e-05  -7.0101927e-04
   7.9604460e-02   6.3224875e-02   7.1126327e-02  -1.2481404e-04  -1.3315256e-05  -8.0827826e-04
   7.2232328e-02   4.8740390e-02   5.9267451e-02  -2.3729435e-04  -1.1327856e-04  -8.2236959e-04
   7.7117636e-02   1.3262147e-02   6.7916681e-02  -5.6861741e-04   1.2120741e-04  -9.3906930e-04
   1.0191595e-01   6.1942671e-02   1.1981723e-01  -3.5104911e-04  -5.1624579e-05  -1.2972275e-03
   9.5009251e-02   3.0777035e-02   1.0337508e-01  -4.5885336e-04   6.8539919e-05  -1.1201749e-03
   1.0789438e-01   1.2105360e-02   1.1879753e-01  -4.2023448e-04   2.1428646e-06  -1.1760697e-03
   1.0711973e-01   4.8039443e-02   1.3369378e-01  -2.7448971e-04   3.9944290e-04  -1.1458649e-03
   7.1820011e-02   2.4070623e-02   9.6772808e-02  -5.4980608e-04   3.0683951e-04  -6.3512037e-04
   5.3695413e-02  -2.0131583e-02   9.0861053e-02  -9.5468699e-04   5.1025195e-04  -4.8212504e-04
   5.4014084e-02   4.9949666e-02   1.3124874e-01  -6.5418170e-04   3.5109529e-04  -5.4531914e-04
   4.1002942e-02  -1.2030250e-02   6.6318095e-02  -1.0020553e-03   2.6579606e-04  -5.2766335e-04
   6.0930677e-02  -2.9478233e-02   1.3170125e-01  -6.0410604e-04  -7.8854384e-06  -6.7084136e-04
   7.1458180e-02   2.4912362e-02   7.8460512e-02  -4.9290128e-04   9.5228841e-04  -1.1622767e-03
   6.7296951e-02  -7.0097383e-02   5.6185110e-02  -6.4863745e-04   1.5126244e-03  -1.1931638e-03
   7.1195449e-02  -1.1362739e-02   1.2880253e-01  -4.0568670e-04   1.1029726e-03  -1.1054479e-03
   8.5867798e-02   2.2834661e-02   1.3073723e-01  -4.6011785e-04   1.2544057e-03  -1.3008488e-03
   7.8729112e-02  -1.1543085e-02   1.1052282e-01  -4.9357833e-04   1.0623973e-03  -1.1184603e-03
   8.9394714e-02  -1.2204595e-02   1.4508007e-01  -4.8287412e-04   1.0843697e-03  -1.1822592e-03
   8.8897768e-02   2.0317666e-02   1.6148287e-01  -3.5599032e-04   8.0546116e-04  -1.1967499e-03
   1.0305403e-01   1.8246585e-02   1.4905657e-01  -3.9880694e-04   1.0135723e-03  -1.1017273e-03
   9.5835265e-02   1.1242679e-02   1.2066037e-01  -4.7933261e-04   8.1355920e-04  -1.1507146e-03
   1.0478192e-01   5.4578464e-03   1.4297346e-01  -3.7948630e-04   9.0238100e-04  -1.1147415e-03
   1.1212308e-01   5.5756507e-02   1.4019119e-01  -4.3995529e-04   8.1993944e-04  -1.2669456e-03
   1.1178666e-01   4.5130546e-02   1.0504896e-01  -4.6887967e-04   8.2457270e-04  -1.3539830e-03
   1.1699070e-01   4.4864166e-03   1.0119425e-01  -5.7096377e-04   7.5164747e-04  -1.3917425e-03
   1.2858906e-01   4.3573500e-02   1.2215213e-01  -3.2095558e-04   8.9361972e-04  -1.6285340e-03
   1.1261976e-01   3.2398859e-02   6.1059461e-02  -5.7748573e-04   1.0386567e-03  -1.3497237e-03
   1.2051092e-01   3.0288641e-02   8.2808340e-02  -4.6532774e-04   7.6815786e-04  -1.4840028e-03
   1.2205977e-01   3.2152563e-02   8.9664502e-02  -3.1138726e-04   7.1331971e-04  -1.3140979e-03
   1.3234079e-01   7.9111063e-02   8.6416890e-02  -4.4539597e-04   8.3582009e-04  -1.5438148e-03
   1.1279235e-01   7.3207177e-03   6.2062401e-02  -2.7940315e-04   7.2105145e-04  -1.1796689e-03
   1.0450759e-01   6.2915140e-02   1.3557585e-01  -2.6683802e-04   5.1628045e-04  -1.3105158e-03
   4.5160064e-02   7.8113950e-02   6.3472214e-02   4.3768659e-05  -1.0255735e-04   1.6014915e-04
   3.5599442e-02  -5.8944974e-03   1.3539547e-01   1.2162502e-04   5.3896797e-04  -1.7660633e-04
   6.1138460e-02   6.3597501e-02   1.2262422e-02   1.0091419e-04  -5.1542499e-04  -7.2852175e-04
  -2.1931487e-02  -6.1267066e-02  -4.2663643e-02  -1.2106665e-03  -2.0846749e-04   6.7801396e-04
   1.6863206e-02   7.8889311e-02   1.9911810e-02  -2.3603987e-03   4.4142889e-04  -2.7040979e-04
   1.5785680e-02  -3.8320507e-02   9.6929693e-02  -1.3564894e-04   9.9716997e-05  -1.9228361e-04
  -7.0181597e-04   1.3547689e-03   1.3588194e-01  -4.6125516e-04  -2.0391436e-04   8.0190147e-04
   1.0405253e-02   7.0681777e-02  -9.3183471e-04  -2.4264291e-03   7.9591456e-04   1.1462582e-03
   1.9075772e-02   1.5994055e-02   2.9738367e-02  -2.0530266e-03   1.0020428e-03   1.1140408e-03
   1.5488583e-02   1.4376350e-02  -1.2750557e-03  -2.3355938e-03   1.0327681e-03   1.2851159e-03
   1.7663199e-02  -1.2397838e-03   8.5535470e-02  -1.8334706e-03   9.7095259e-04   1.2584900e-03
   1.9379116e-02   2.7176079e-02   8.1345509e-02  -1.8884312e-03   1.0300102e-03   1.1578972e-03
   1.9921833e-02   2.9348262e-02   7.6757416e-02  -2.1072641e-03   9.4639755e-04   1.3196445e-03
   3.3945009e-02   2.8690206e-02   5.6969561e-02  -2.1528052e-03   1.1085018e-03   1.0002279e-03
   4.3748362e-02   2.0686346e-02   1.1182861e-01  -2.2046265e-03   1.3693543e-03   7.3010700e-04
   5.9958473e-02   2.6247144e-02   1.3977354e-01  -2.1150534e-03   1.4493608e-03   4.0354676e-04
   6.2255195e-02   3.1524939e-02   1.4417671e-01  -2.1258272e-03   1.2393454e-03   3.0477905e-04
   6.5522445e-02   1.5013813e-02   1.1957626e-01  -2.1933704e-03   1.4825021e-03   2.7644747e-04
   6.5562432e-02  -1.1030884e-02   1.2009355e-01  -2.3266535e-03   1.5397407e-03   4.1735257e-04
   7.8884100e-02   8.4865307e-03   1.7375187e-01  -1.9216772e-03   1.4523309e-03   1.2347276e-04
   9.1143540e-02   3.7779389e-02   1.8795187e-01  -1.9727431e-03   1.3849816e-03   1.4309381e-04
   9.3371371e-02   2.3589055e-02   1.5805339e-01  -1.9952570e-03   1.6575014e-03   2.1106145e-04
   9.4207552e-02  -1.3657339e-02   1.8318968e-01  -2.3266091e-03   1.7662168e-03   3.8599087e-04
   1.0894841e-01   6.2247735e-02   1.9036126e-01  -2.0720048e-03   1.9860670e-03  -1.8934912e-04
   7.9126172e-02  -2.4470059e-03   1.2818198e-01  -1.7080098e-03   9.3104858e-04   4.8880566e-04
   5.2427222e-02  -1.3417029e-03   7.0168818e-02   7.2101583e-04   9.1715298e-04   4.3100630e-04
   7.0644663e-02   4.8035483e-02   3.9927281e-02  -8.2138440e-05   1.0799455e-03  -9.3388762e-05
   3.3297055e-02  -2.5452173e-02   6.6494441e-02  -1.6804789e-03   4.2943196e-04   1.2366543e-03
   6.8513184e-02   5.9296428e-02   8.1410689e-02  -1.2909946e-03   3.6406778e-04   4.5707318e-04
   4.5723331e-02  -1.0998110e-02   3.0165144e-02  -1.4106059e-03   7.8881737e-04   1.3503541e-03
   7.5200084e-02   4.6153706e-02   3.1544012e-02  -2.2290549e-03   1.1871615e-03   9.6735311e-04
   7.6971807e-02   7.0313337e-02  -1.2722787e-02  -3.8809061e-03   1.2093062e-03   1.1009480e-03
   9.0581814e-02   4.6270216e-02   3.2159404e-02  -3.3756765e-03   1.5651572e-03   9.0576428e-04
   9.7620525e-02   6.6331936e-03   9.4689451e-02  -3.0652430e-03   1.4730345e-03   1.0492144e-03
   9.8602817e-02   2.4766649e-02   1.4290129e-01  -2.9630426e-03   1.5649312e-03   9.4268173e-04
   1.1231383e-01   3.7238261e-02   1.7382168e-01  -2.6623808e-03   1.3105337e-03   9.4066421e-04
   1.1126493e-01   6.1126187e-03   1.5262242e-01  -2.7946515e-03   1.2421676e-03   8.3204103e-04
   1.2146184e-01   1.6465089e-02   1.6785027e-01  -2.7042368e-03   1.1476492e-03   5.3368857e-04
   1.2046640e-01   4.5340904e-02   2.1702530e-01  -2.4109722e-03   8.9289919e-04   3.3016624e-04
   1.2762292e-01   5.3672729e-02   1.8152102e-01  -2.6620523e-03   9.8663496e-04   3.7215230e-04
   1.2460443e-01   1.3656561e-02   1.8901512e-01  -2.4535836e-03   8.8331898e-04   1.9385179e-04
   1.2264318e-01   1.7426873e-02   1.7449353e-01  -2.6717044e-03   9.0541361e-04   4.4523466e-04
   1.3755356e-01   4.5865059e-02   2.1156208e-01  -2.4077890e-03   9.6667613e-04   2.4507123e-04
   1.2596283e-01   5.8827226e-02   1.7438792e-01  -2.4788314e-03   1.0180778e-03   3.0010470e-04
   1.2642272e-01   3.5359172e-02   1.6803642e-01  -2.5216342e-03   8.3081360e-04  -1.3504621e-04
   1.2011764e-01   5.1897061e-02   1.8689558e-01  -2.3400650e-03   5.9367888e-04  -5.4516047e-04
   1.2164621e-01   6.4577219e-02   1.9464593e-01  -2.3572932e-03   8.4385282e-04  -4.5956846e-04
   1.3180846e-01   7.7718279e-02   2.5855653e-01  -1.8125064e-03   6.5234283e-04  -7.0907993e-04
   1.2651405e-01   8.9706743e-02   2.3007520e-01  -1.9752888e-03   7.7376778e-04  -7.4576382e-04
   1.1010255e-01   4.4096098e-02   2.0099610e-01  -2.2182793e-03   5.0929595e-04  -1.5389454e-04
   1.1097849e-01   7.1508305e-02   2.3170300e-01  -2.4837901e-03   4.6774292e-04  -1.2200098e-04
   8.7166129e-02   9.7832712e-02   2.1979721e-01  -2.2660814e-03   5.5872753e-04  -5.7944860e-05
   7.8164150e-02  -1.2732033e-03   2.0115983e-01  -2.3745945e-03   7.9054375e-04  -1.0628052e-04
   8.1565327e-02   6.6860304e-02   1.7263232e-01  -3.2839750e-03   4.2064257e-04  -3.8466203e-04
   6.7309171e-02   8.1109837e-02   1.8981036e-01  -2.8106628e-03   1.0089755e-03   3.6666342e-04
   9.2362204e-02  -2.5921579e-02   2.0861052e-01  -2.8806271e-03   1.5877272e-03   1.1232860e-04
   9.7698507e-02   4.6902748e-02   2.8765370e-01  -2.2025070e-03   1.3731746e-03  -1.7903006e-04
   9.9235827e-02   4.0936875e-02   2.8584710e-01  -2.0639854e-03   1.4019003e-03  -2.2679667e-04
   9.4477723e-02   2.2631538e-02   3.2702868e-01  -1.8890101e-03   1.4979572e-03  -7.7982338e-05
   8.8452160e-02   1.8782784e-02   4.0462001e-01  -1.7205524e-03   1.3833324e-03  -2.4107727e-04
   1.0232992e-01   3.1008330e-02   4.4611856e-01  -1.3899158e-03   1.2715822e-03  -3.7191240e-04
   1.0587289e-01   3.6415969e-02   4.2713764e-01  -1.6535262e-03   1.0748839e-03  -4.4426483e-04
   1.0907668e-01   2.7772564e-02   4.3452917e-01  -1.3112916e-03   1.1825069e-03  -4.4564109e-04
   1.0414812e-01   6.3753247e-03   3.9644645e-01  -1.6506609e-03   1.1094625e-03  -2.4587845e-04
   1.0470899e-01   3.1051821e-02   4.1354218e-01  -1.3296394e-03   1.3474622e-03  -1.9504630e-04
   1.0661046e-01   6.0585561e-02   4.3337139e-01  -1.2493200e-03   1.1842336e-03  -4.1776687e-04
   1.0378848e-01   5.0538440e-02   3.7117974e-01  -1.4970831e-03   1.0406485e-03  -4.0984022e-04
   9.2758222e-02  -8.3251977e-03   2.6370433e-01  -8.2491978e-04   1.4070548e-03   1.4200051e-04
   8.3042314e-02   8.6616385e-02   2.8306427e-01  -1.6263379e-03   1.3827788e-03   3.2295902e-04
   8.3356081e-02   4.2430298e-02   3.1266437e-01  -2.0277015e-03   1.2168083e-03   2.6541353e-04
   1.0233424e-01   9.5025318e-02   3.6135307e-01  -1.4234307e-03   1.3593290e-03  -3.0468220e-04
   8.5844323e-02   9.7647327e-02   3.4370885e-01  -1.6718237e-03   1.4935657e-03  -4.7520025e-05
   9.3809933e-02   1.5795959e-02   3.1812780e-01  -1.4192435e-03   1.5873652e-03   2.3547852e-05
   9.1437025e-02   9.1193174e-02   3.4144367e-01  -7.4625743e-04   1.2152697e-03  -2.4628796e-04
   7.0995589e-02   9.8683866e-02   2.3022616e-01  -1.5855663e-03   1.5265388e-03  -5.1184805e-05
   6.7091423e-02   2.4482649e-02   2.1530097e-01  -1.5462264e-03   1.1204560e-03   3.8750063e-04
   7.6804974e-02   6.6089694e-02   2.8720895e-01  -7.7211454e-04   1.1457083e-03   1.8778372e-04
   7.9526329e-02   7.7450936e-02   2.7610434e-01  -7.7967380e-04   1.4494398e-03  -2.0779379e-07
   8.1219942e-02   1.4310785e-02   2.6896084e-01  -1.0928328e-03   9.5653714e-04  -1.1996067e-04
