   0.0000000e+00   0.0000000e+00   0.0000000e+00   0.0000000e+00   0.0000000e+00   0.0000000e+00
  -9.5809470e-02   8.4157390e-02   7.8819299e-02   3.3496488e-03   2.6093353e-05  -1.3812680e-03
  -1.9784118e-01   1.9878220e-01   1.4380138e-01   7.5687145e-03   1.0093383e-03  -3.3548554e-04
  -2.1665245e-01   2.7300190e-01   2.1132715e-01   8.4139158e-03   6.9420957e-04   7.6347916e-04
  -2.1040406e-01   1.7487251e-01   2.8781049e-01   9.4575612e-03   4.1023617e-04   9.9968548e-04
  -1.8509438e-01   2.4704233e-01   2.0760873e-01   7.8230906e-03   1.5840347e-03   2.7831282e-03
  -2.0813473e-01   2.5512129e-01   6.1433297e-02   7.2415129e-03   1.3242346e-03   2.8076200e-03
  -2.0066435e-01   2.8940210e-01   7.0129002e-02   7.5886418e-03   8.1379577e-04   3.1549490e-03
  -1.9222720e-01   3.0097033e-01   4.6896275e-02   7.8559820e-03   6.8992852e-04   2.9386518e-03
  -1.8786645e-01   3.0026469e-01   5.9311154e-02   8.0743607e-03   4.6132942e-04   2.9270152e-03
  -1.7399462e-01   3.0275905e-01   4.3833826e-02   8.0493134e-03   4.3449565e-04   2.8555753e-03
  -1.7643181e-01   2.9870179e-01   7.1827565e-02   8.3875429e-03   2.7174091e-04   3.2261140e-03
  -1.7226104e-01   3.1245080e-01   5.0063081e-02   8.1296265e-03   2.5727450e-04   2.9605771e-03
  -1.8606302e-01   3.2935396e-01   6.1637479e-02   8.5320556e-03   1.7614573e-04   3.4827266e-03
  -1.8141221e-01   2.9602131e-01   8.3093738e-02   9.4611896e-03  -6.0199708e-05   3.7202458e-03
  -1.7080740e-01   3.2943767e-01   5.9666411e-02   8.3951726e-03   3.6122149e-04   3.6986312e-03
  -1.6222340e-01   3.0542801e-01   6.0687414e-02   9.3702318e-03   3.2587815e-05   3.8160155e-03
  -1.5976100e-01   3.1915392e-01   2.2955994e-02   8.2421965e-03   4.4577551e-04   4.0130747e-03
  -1.4843622e-01   3.4613139e-01  -1.7996715e-02   7.8494118e-03   3.2728568e-04   3.9540342e-03
  -1.4404533e-01   3.3431328e-01  -1.5380370e-02   7.8843712e-03   5.4713330e-04   4.2012545e-03
  -1.2888119e-01   3.5414487e-01  -4.1659660e-02   8.0670383e-03   7.3223759e-04   4.2740916e-03
  -1.4885684e-01   3.7281100e-01  -4.9728472e-02   8.1681218e-03   8.6805513e-04   4.7251846e-03
  -1.3705061e-01   3.4479815e-01  -1.0714835e-02   9.2225253e-03   4.5391341e-04   4.5658944e-03
  -1.5985125e-01   3.6067130e-01  -1.0625776e-01   7.4861069e-03   9.3555880e-04   5.0753216e-03
  -1.2179782e-01   3.6649243e-01   8.9438250e-02   9.7753642e-03   8.3926261e-04   5.0152664e-03
  -2.8230510e-01   3.3879644e-01  -3.5162392e-01   1.2897040e-02  -9.6557031e-05   6.6691931e-03
  -5.4919434e-01   4.0863083e-01  -6.2685565e-01   1.6082506e-02  -6.5960681e-04   7.7251954e-03
  -5.0176714e-01   5.7331945e-01  -2.9362836e-01   1.7988268e-02  -4.4545887e-04   8.4035400e-03
  -5.1254554e-01   5.2938125e-01  -5.6581583e-01   1.6633160e-02  -1.4420303e-03   7.5638950e-03
  -4.6891924e-01   4.5549937e-01  -3.1039549e-02   1.2651505e-02   3.7444076e-03   1.0167106e-02
  -6.3218383e-01   4.1521921e-01  -1.7119279e-01   8.6865409e-03   7.5898484e-03   1.4698865e-02
  -5.9737047e-01   4.7428621e-01  -1.8667595e-01   1.0662781e-02   5.3410911e-03   1.3230847e-02
  -6.2710149e-01   4.5728248e-01  -2.5475061e-01   1.0616916e-02   5.3544207e-03   1.4569073e-02
  -5.7393025e-01   4.7848677e-01  -2.3258725e-01   9.9316624e-03   5.0539062e-03   1.3499487e-02
  -5.6397274e-01   4.6576252e-01  -3.5737244e-01   8.2785091e-03   9.4932311e-03   1.8082900e-02
  -5.8994828e-01   5.1110494e-01  -2.8405109e-01   9.6606393e-03   9.6193007e-03   1.8978871e-02
  -6.1345458e-01   4.9563710e-01  -3.9700879e-01   9.2444176e-03   8.6733215e-03   1.8849434e-02
  -5.8501965e-01   5.0121406e-01  -2.9708918e-01   9.9754420e-03   9.3264363e-03   1.9401941e-02
  -5.8192927e-01   4.8840991e-01  -4.5272643e-01   8.4826558e-03   9.2725072e-03   1.9563206e-02
  -5.6534610e-01   5.4203252e-01  -2.8986257e-01   1.0740042e-02   9.6134569e-03   1.9610069e-02
  -5.6026600e-01   5.0847141e-01  -4.4687894e-01   9.7159946e-03   9.5822023e-03   1.9810850e-02
  -5.4516103e-01   5.2448749e-01  -3.6631609e-01   9.6786275e-03   1.0150426e-02   1.9902421e-02
  -5.6617072e-01   4.8792813e-01  -5.4976669e-01   8.6183496e-03   1.0197985e-02   2.0263749e-02
  -5.7169742e-01   5.6145640e-01  -4.5350814e-01   7.8873492e-03   9.9422839e-03   2.0080070e-02
  -5.7195316e-01   5.1654697e-01  -6.3852998e-01   7.8699626e-03   9.7735019e-03   2.0365241e-02
  -5.6777440e-01   5.5570104e-01  -4.0613372e-01   9.4237119e-03   9.9061236e-03   2.0307113e-02
  -5.8479121e-01   5.2624747e-01  -5.5435587e-01   1.0773792e-02   9.9594215e-03   2.0370814e-02
  -5.7084219e-01   5.9626683e-01  -2.8891628e-01   1.0886221e-02   1.0019175e-02   1.9899661e-02
  -5.8624882e-01   4.9148102e-01  -7.1647622e-01   9.7452905e-03   9.6027716e-03   2.0634952e-02
  -5.5504508e-01   6.5915463e-01  -8.8242125e-02   1.1149458e-02   1.0325732e-02   1.9440471e-02
  -1.2829905e+00  -1.9002258e+00  -4.3429987e+00  -1.6661473e-02   1.6565138e-02   3.0470078e-02
  -1.6801800e+00  -3.3884943e-01  -4.4190917e+00  -4.6902690e-06   1.2778050e-02   3.6696349e-02
  -1.7777286e+00   3.4671914e-01  -2.4701849e+00   1.5514649e-02   1.4577411e-02   3.9075012e-02
  -1.7303810e+00   2.1912868e-01  -3.0825399e+00   1.0911288e-02   1.5526200e-02   3.8704088e-02
  -1.7189500e+00   3.3502044e-01  -2.6280994e+00   1.2488865e-02   1.5399203e-02   3.8343090e-02
  -1.6598982e+00   2.0586245e-01  -2.9025306e+00   9.9797149e-03   1.5345502e-02   3.8383083e-02
  -1.6219115e+00   2.8038840e-01  -2.6068369e+00   1.1367773e-02   1.5189318e-02   3.7628923e-02
  -1.6255648e+00   2.7093872e-01  -2.9146180e+00   7.7326447e-03   1.5259425e-02   3.7885710e-02
  -1.6190999e+00   2.9529528e-01  -2.7327298e+00   8.7744334e-03   1.5568958e-02   3.7580411e-02
  -1.6317283e+00   2.5460712e-01  -2.9149403e+00   7.6680048e-03   1.5329919e-02   3.7914381e-02
  -1.6214217e+00   2.9052821e-01  -2.7295479e+00   8.9963627e-03   1.5567379e-02   3.7915933e-02
  -1.6120905e+00   2.5782161e-01  -2.8681405e+00   8.1683873e-03   1.5097550e-02   3.7990693e-02
  -1.6130396e+00   2.6207062e-01  -2.7115317e+00   9.5110811e-03   1.5760507e-02   3.8319256e-02
  -1.6076920e+00   2.4356595e-01  -2.7984237e+00   9.1332112e-03   1.5601671e-02   3.8049859e-02
  -1.5981822e+00   2.3868055e-01  -2.7234873e+00   9.6002219e-03   1.5747297e-02   3.7938432e-02
  -1.5982179e+00   2.3443336e-01  -2.8660374e+00   7.9385046e-03   1.5621460e-02   3.8094820e-02
  -1.6110562e+00   2.7969097e-01  -2.8015389e+00   8.4357377e-03   1.5918907e-02   3.8361214e-02
  -1.6150431e+00   2.4554027e-01  -2.8982923e+00   7.8708721e-03   1.5822309e-02   3.8409642e-02
  -1.6187199e+00   2.8156497e-01  -2.9235223e+00   6.7717535e-03   1.6421016e-02   3.8801280e-02
  -1.6106686e+00   2.7192698e-01  -2.8718389e+00   8.9314891e-03   1.6221491e-02   3.8815738e-02
  -1.6347628e+00   2.9310785e-01  -2.9095882e+00   7.4497912e-03   1.6943949e-02   3.9378910e-02
  -1.6183159e+00   2.6948526e-01  -2.8868721e+00   8.8867809e-03   1.6733618e-02   3.9659478e-02
  -1.6245857e+00   2.8148867e-01  -2.9131418e+00   7.6958055e-03   1.7343351e-02   3.9391493e-02
  -1.5827878e+00   2.4457565e-01  -2.8275757e+00   1.0188766e-02   1.6772821e-02   3.9298788e-02
  -1.6496670e+00   3.1319337e-01  -2.7517315e+00   7.4409656e-03   1.7653827e-02   3.8025211e-02
  -1.7183086e+00   4.3188508e-01  -1.2763026e+00  -3.4014985e-03   6.8273798e-03   2.3084934e-02
  -1.6639779e+00   1.0334355e-01  -1.1816334e+00   7.3568815e-03   7.2149142e-03   2.3498355e-02
  -1.7309564e+00   3.1108035e-01  -1.6685573e+00   5.6540773e-03   8.8917864e-03   2.6597684e-02
  -1.7174027e+00   2.9968694e-01  -1.4182264e+00   7.6862850e-03   8.4366751e-03   2.7762469e-02
  -1.7354102e+00   3.2227093e-01  -1.5850904e+00   7.4313905e-03   1.0219063e-02   2.8756209e-02
  -1.7200324e+00   3.2068569e-01  -1.4458181e+00   8.1750134e-03   1.0032623e-02   2.9260957e-02
  -1.7175210e+00   3.4450221e-01  -1.6479581e+00   7.0748405e-03   1.1458436e-02   2.9989509e-02
  -1.7098695e+00   3.8910139e-01  -1.5892731e+00   6.0859940e-03   1.1792650e-02   3.0402973e-02
  -1.7156512e+00   4.0034030e-01  -1.6333924e+00   7.0523784e-03   1.2248949e-02   3.1237911e-02
  -1.6791181e+00   4.1332754e-01  -1.5660061e+00   8.0772731e-03   1.2801130e-02   3.1571659e-02
  -1.6948490e+00   4.2269686e-01  -1.5799881e+00   8.8763663e-03   1.2948609e-02   3.1833835e-02
  -1.7036410e+00   4.1879202e-01  -1.5899810e+00   8.3958016e-03   1.2880064e-02   3.2198785e-02
  -1.6987035e+00   4.0543964e-01  -1.7258870e+00   6.8281181e-03   1.3187233e-02   3.2283798e-02
  -1.6931466e+00   4.5182613e-01  -1.6265370e+00   8.0674736e-03   1.3251382e-02   3.2760052e-02
  -1.6972655e+00   4.2273076e-01  -1.6586135e+00   8.8320775e-03   1.3638209e-02   3.3304362e-02
  -1.6835707e+00   4.2905022e-01  -1.6773292e+00   7.5518750e-03   1.3821586e-02   3.3493618e-02
  -1.6913273e+00   4.4524207e-01  -1.7459661e+00   6.9841978e-03   1.4403660e-02   3.4111009e-02
  -1.6803174e+00   4.5916643e-01  -1.6803892e+00   7.7967369e-03   1.4557735e-02   3.4730650e-02
  -1.6788612e+00   4.7516290e-01  -1.7559046e+00   7.6548352e-03   1.5300212e-02   3.5711413e-02
  -1.6517372e+00   4.8477518e-01  -1.7097073e+00   8.2757699e-03   1.5301752e-02   3.5994160e-02
  -1.6469580e+00   4.7348476e-01  -1.7428120e+00   8.0653531e-03   1.5764709e-02   3.6341480e-02
  -1.6270047e+00   4.7704879e-01  -1.7122671e+00   8.1804113e-03   1.5486717e-02   3.6604108e-02
  -1.6292350e+00   4.7187850e-01  -1.7965221e+00   7.1161008e-03   1.6022953e-02   3.6857191e-02
  -1.6132528e+00   4.8319673e-01  -1.7436848e+00   8.3051944e-03   1.6368657e-02   3.6696271e-02
  -1.6257514e+00   4.6824509e-01  -1.8029295e+00   7.6004557e-03   1.5995499e-02   3.6541480e-02
  -1.6345288e+00   4.8769099e-01  -1.7865230e+00   7.9365036e-03   1.5834919e-02   3.6982268e-02
  -1.6192982e+00   4.7939338e-01  -1.8669061e+00   7.1879490e-03   1.6125290e-02   3.6713093e-02
  -1.5777599e+00   4.8721510e-01  -1.8207306e+00   8.1012936e-03   1.6460009e-02   3.6481456e-02
  -1.5279168e+00   4.6662036e-01  -1.9426522e+00   7.4677262e-03   1.6215931e-02   3.5131777e-02
  -1.5653802e+00   4.9030374e-01  -1.9229298e+00   6.7099797e-03   1.6417094e-02   3.5912466e-02
  -1.6016138e+00   4.9612890e-01  -1.9273390e+00   6.2759099e-03   1.7010314e-02   3.6615926e-02
  -1.6103186e+00   4.8910997e-01  -1.9693536e+00   5.5184901e-03   1.7060024e-02   3.6796012e-02
  -1.6185575e+00   5.0640835e-01  -1.9271679e+00   6.9137048e-03   1.7002811e-02   3.7355764e-02
  -1.6005067e+00   5.1342234e-01  -1.8252110e+00   7.8402274e-03   1.7075591e-02   3.7346573e-02
  -1.5927932e+00   4.8291601e-01  -1.8546465e+00   7.7080754e-03   1.7277289e-02   3.7140734e-02
  -1.5853238e+00   4.9732193e-01  -1.8005677e+00   8.0968461e-03   1.7310391e-02   3.7328756e-02
  -1.5866153e+00   5.1808021e-01  -1.8114408e+00   8.2351631e-03   1.7323841e-02   3.7395431e-02
  -1.5788491e+00   5.2604103e-01  -1.8596771e+00   6.7654339e-03   1.7577899e-02   3.7720226e-02
  -1.5767066e+00   5.1212665e-01  -1.9243363e+00   6.1099556e-03   1.8509218e-02   3.8980395e-02
  -1.5557180e+00   5.4208821e-01  -1.7919337e+00   8.5895842e-03   1.8942185e-02   3.9046531e-02
  -1.5636824e+00   5.4797924e-01  -1.8611965e+00   8.1013010e-03   1.9172474e-02   3.9493505e-02
  -1.5511957e+00   5.2386773e-01  -1.8506519e+00   7.8863174e-03   1.9163239e-02   3.9568159e-02
  -1.5569545e+00   5.2522312e-01  -1.8541509e+00   8.5814521e-03   1.9282818e-02   3.9584327e-02
  -1.5462971e+00   5.2248361e-01  -1.8895908e+00   8.1066806e-03   1.9154179e-02   3.9709452e-02
  -1.5537360e+00   5.3851420e-01  -1.9500929e+00   6.4558862e-03   1.9395168e-02   3.9945323e-02
  -1.5392297e+00   5.4057553e-01  -1.8360451e+00   8.7677476e-03   1.9293418e-02   4.0188881e-02
  -1.5401454e+00   5.1407423e-01  -1.9068259e+00   8.0656239e-03   1.9315149e-02   4.0242988e-02
  -1.5308919e+00   5.1278235e-01  -1.8737408e+00   8.5626761e-03   1.9360181e-02   4.0834884e-02
  -1.6559994e+00   5.1502171e-01  -1.8511066e+00   8.7722648e-03   1.8516229e-02   3.9221430e-02
  -1.6560104e+00   5.2945146e-01  -1.6897006e+00   8.3149896e-03   1.9326152e-02   3.7926785e-02
  -1.6418568e+00   5.1355904e-01  -1.8202382e+00   7.2367080e-03   1.9760297e-02   3.8768154e-02
  -1.6501155e+00   4.8710229e-01  -1.8243195e+00   7.3063857e-03   1.9231979e-02   3.8119351e-02
  -1.6465490e+00   5.1043981e-01  -1.8503602e+00   6.6808937e-03   1.9619119e-02   3.8934186e-02
  -1.6468437e+00   4.9638551e-01  -1.8374532e+00   6.9746372e-03   1.9462294e-02   3.9035032e-02
