   0.0000000e+00   0.0000000e+00   0.0000000e+00   0.0000000e+00   0.0000000e+00   0.0000000e+00
  -1.3850646e-02   1.0027252e-02   1.4896343e-02   4.7604564e-05  -5.0835225e-04   2.8851824e-04
  -1.3912196e-02  -4.5955863e-02   7.2528536e-03  -2.7622838e-05  -8.5466186e-04   2.4706104e-04
  -7.6244057e-03  -1.9330186e-02   1.7815685e-02  -2.6884903e-04  -1.1891461e-03   4.2706553e-04
  -3.6509807e-02  -1.9201857e-02   4.3373115e-03  -1.9797526e-04  -1.8124655e-03  -3.2189863e-04
  -3.7854299e-02  -4.4064866e-02  -5.8009682e-03  -3.1897410e-04  -2.0031325e-03  -2.3891824e-04
  -4.3858972e-02  -4.3738806e-02   7.7480428e-03   1.2868420e-04  -2.1524650e-03  -2.4800808e-04
  -4.0397690e-02  -3.3140245e-03   4.1295570e-03   2.8539984e-04  -2.4186001e-03  -4.7108465e-04
  -3.7583726e-02  -2.2612626e-02  -4.0460849e-03   2.9753909e-04  -2.6320012e-03  -5.9055313e-04
  -3.9196462e-02  -2.1648627e-02   3.1458191e-03   2.7943240e-04  -3.0419024e-03  -7.7575255e-04
  -4.7450129e-02   2.5198376e-02  -1.9193577e-03   4.9600908e-04  -3.2766740e-03  -8.4264545e-04
  -4.4804333e-02  -1.7231647e-02  -9.4054116e-03  -1.8839585e-04  -3.2571130e-03  -7.5365637e-04
  -5.8730850e-02  -5.5255004e-04   1.6992021e-02   3.0115276e-05  -3.5160652e-03  -7.8952963e-04
  -7.4360526e-02  -7.2300113e-04   1.4271636e-02  -6.3155547e-04  -3.7656350e-03  -9.1245507e-04
  -6.9239222e-02  -1.8142094e-02   4.9350435e-02  -7.6998796e-05  -3.9262823e-03  -9.3249811e-04
  -6.8066073e-02  -1.6050341e-02   8.4568470e-02   3.3941932e-04  -3.9856000e-03  -8.2600444e-04
  -7.6601196e-02   6.0158143e-03   3.1630470e-02  -7.4034326e-04  -3.7430476e-03  -1.0379088e-03
  -7.2294779e-02  -4.4354092e-02   5.2553059e-02  -4.6773998e-04  -3.8177306e-03  -1.1106655e-03
  -6.3345423e-02  -2.1855018e-02   5.3692762e-02  -4.4691226e-04  -3.7496515e-03  -1.0391347e-03
  -7.3098604e-02  -7.1073922e-03   4.0786363e-02  -2.6635107e-04  -3.8258068e-03  -1.1445887e-03
  -7.1294890e-02  -4.2446072e-02   6.5159819e-02  -3.6913081e-04  -3.7838904e-03  -1.0044265e-03
  -6.9812210e-02  -1.4705698e-02   7.5158012e-02  -2.9243315e-04  -3.7740553e-03  -9.3659975e-04
  -7.2449614e-02  -2.2056251e-02   5.3179830e-02  -1.7632778e-04  -3.7990689e-03  -9.4830095e-04
  -7.6196760e-02  -5.0707191e-02   1.0043743e-01  -1.1953851e-04  -3.8051681e-03  -9.8163915e-04
  -7.4391871e-02  -8.3431778e-03   5.7980674e-02  -5.1610303e-05  -4.4518993e-03  -8.7513761e-04
  -6.9645932e-02  -1.6246796e-02   6.6967897e-02  -4.6585512e-04  -4.4441994e-03  -8.5020307e-04
  -5.4508303e-02  -7.5472140e-03  -2.3499252e-02  -3.4542837e-04  -4.3599890e-03  -5.4522334e-04
  -4.2427476e-02   2.3954024e-02  -4.6765963e-02  -1.7520447e-04  -4.3840906e-03  -3.6774860e-04
  -3.7814221e-02  -1.0482265e-02  -1.0143785e-02  -3.0871236e-04  -4.4393853e-03  -1.6544727e-04
  -6.1047029e-02   2.6049780e-02   2.2414929e-02  -2.3533330e-05  -4.3434494e-03  -3.2609780e-04
  -4.9418837e-02  -5.0791454e-02   5.4375432e-02  -6.5722964e-04  -4.3495444e-03  -2.8169163e-04
  -5.1103726e-02  -2.1132242e-02   7.6977692e-02   5.8073748e-04  -4.4294029e-03  -2.2147932e-04
  -5.9863824e-02  -1.6710137e-02   6.5106933e-02   2.5233158e-04  -4.5438982e-03  -4.8055735e-04
  -5.9521864e-02  -2.6462989e-02   5.1761815e-02  -4.0586523e-04  -4.4743550e-03  -3.2976739e-04
  -4.9995879e-02  -2.5900052e-03   5.2262021e-02  -1.8901460e-04  -4.6835229e-03  -5.6617051e-04
  -3.9439033e-02  -4.0562582e-02   2.8300647e-02  -5.3274585e-04  -4.6166741e-03  -4.6241028e-04
  -4.0663445e-02  -1.6349237e-02   3.7104290e-02  -6.3564766e-05  -4.7259170e-03  -4.6676858e-04
  -5.5627369e-02   8.2993317e-03  -8.6378183e-03  -5.7544996e-04  -4.8651397e-03  -3.7293910e-04
  -5.3853300e-02  -3.1699896e-02   1.3024321e-02  -7.5488741e-04  -5.1381415e-03  -5.5325843e-04
  -4.8603461e-02  -1.6182741e-02   2.3035531e-02  -2.2032274e-04  -4.8773965e-03  -4.2199692e-04
  -4.6892662e-02  -5.0939079e-03   3.3000952e-02   4.9979768e-05  -4.7242295e-03  -6.7214387e-04
  -4.1476528e-02  -4.6299424e-02   6.2150393e-02   3.4494470e-05  -4.7652231e-03  -5.0492931e-04
  -4.3296144e-02  -2.6420996e-03   8.0022308e-02   5.7692794e-05  -4.7772219e-03  -3.8526582e-04
  -4.1747696e-02  -1.3866580e-02   3.5981432e-02  -4.3523062e-04  -4.6222358e-03  -3.6893518e-04
  -4.3764423e-02  -3.2098277e-02   7.5373372e-02   8.9847498e-05  -4.8148511e-03  -3.2096916e-04
  -5.5838171e-02   1.1604430e-02   4.3034840e-02   5.6373388e-05  -4.7855037e-03  -2.2148993e-04
  -5.0051274e-02  -2.4079681e-02   4.6094855e-02  -5.8006122e-05  -4.9213100e-03  -3.6730810e-04
  -4.8161740e-02  -4.4070049e-02   3.2186207e-02  -4.1076468e-04  -4.9879718e-03  -3.4164260e-04
  -5.4636732e-02   1.5323570e-03   3.0582481e-02   2.1423652e-04  -5.2303376e-03  -3.4895444e-04
  -6.2126637e-02  -5.4416368e-03  -2.5056093e-02  -5.1432926e-04  -5.3220288e-03  -2.5974191e-04
  -4.6682805e-02   1.0335955e-02   8.1803782e-02   6.4147446e-04  -5.2078016e-03  -5.9657910e-04
  -6.6075060e-02   6.6117050e-02   8.2529299e-02   1.0161471e-03  -4.9033277e-03  -6.9926392e-04
  -3.6076768e-02  -4.6302577e-02  -9.6913381e-02  -1.1278144e-03  -4.9417138e-03   2.8713835e-04
  -1.6323427e-02   7.3304743e-02   3.6567995e-02  -1.2421253e-03  -4.0679518e-03   1.4592917e-03
  -5.0684553e-02  -1.8563777e-02  -3.2873832e-02  -1.5209403e-03  -4.4716990e-03   9.7165317e-04
  -5.2028259e-02   9.6109836e-03   3.7923953e-02  -2.0212825e-03  -4.6172441e-03   8.7336867e-04
  -3.5528460e-02  -4.8291128e-02   1.0481088e-01  -1.8265187e-03  -4.9274262e-03   8.3863902e-04
  -2.8823503e-02  -3.2403453e-03   9.1975834e-02  -1.6205417e-03  -4.5431802e-03   6.7278398e-04
  -4.8637232e-02  -2.5652765e-02   6.5542214e-02  -1.8610034e-03  -4.8204408e-03   5.0649455e-04
  -4.5837651e-02  -2.3815045e-03   1.0565945e-01  -6.8421055e-04  -4.6979790e-03   6.0585952e-04
  -6.1785564e-02   2.4268240e-02   6.0033269e-02  -1.5113053e-03  -4.8207588e-03   5.4650575e-04
  -5.6585604e-02  -2.2974412e-02   7.7306752e-02  -2.1381628e-03  -4.5892186e-03   5.5057660e-04
  -6.3056667e-02   1.0078705e-02   5.7502073e-02  -1.4864260e-03  -4.8293897e-03   6.1357314e-04
  -5.9378870e-02   1.4666193e-02   4.4560795e-02  -1.6032183e-03  -4.7359770e-03   5.1742646e-04
  -5.8143986e-02  -2.5480164e-02   7.0072655e-02  -1.4818273e-03  -5.1229654e-03   4.6166332e-04
  -4.4519011e-02   8.6120216e-03   5.5298178e-02  -1.5029637e-03  -5.0049903e-03   6.6651501e-04
  -6.3305562e-02   2.5601889e-02   5.1040112e-02  -9.3554996e-04  -5.3369133e-03   4.1532383e-04
  -4.4248214e-02  -9.0821708e-03   7.5984963e-02  -8.4572697e-04  -5.0072458e-03   5.9395274e-04
  -6.5248188e-02   2.3330785e-02   5.5713219e-02  -1.7553509e-03  -5.4130307e-03   4.4549203e-04
  -6.4428896e-02  -1.3015786e-02   3.4810788e-02  -1.3449921e-03  -5.3482912e-03   4.6229729e-04
  -7.4876567e-02  -8.9892765e-03   5.3358519e-02  -1.3934978e-03  -5.8199780e-03   5.4534175e-04
  -7.2217232e-02   2.7427697e-02   5.6417025e-02  -1.0624833e-03  -5.3994155e-03   7.1127924e-04
  -7.5025279e-02  -1.0476252e-02   6.7820262e-02  -1.2604960e-03  -5.7251046e-03   2.6844013e-04
  -5.3045252e-02  -1.1240255e-02   1.1307613e-01  -1.0949592e-03  -5.2145434e-03   4.8937180e-04
  -5.2741593e-02   6.4841821e-03   7.5837863e-02  -9.4438567e-04  -6.0745265e-03   5.9021643e-04
  -3.3637156e-02  -7.5412600e-03   8.3447214e-02  -9.1305676e-04  -5.4033275e-03   8.5959952e-04
  -5.4622269e-02  -4.9302077e-03   7.6713835e-02  -1.1752746e-03  -6.3463676e-03   3.6754306e-04
  -2.4999648e-02   1.4537115e-02   3.8212638e-02  -1.0751348e-03  -4.3604602e-03   1.1788560e-03
  -2.8447948e-01  -6.3960410e-03   1.4042669e-02  -3.2545002e-03  -1.2184708e-02  -4.0174138e-03
  -3.1477932e-01  -1.4091448e-02  -8.0120104e-02  -4.0067492e-03  -1.4375007e-02  -5.4171249e-03
  -2.2075925e-01  -2.5384857e-02  -7.6283935e-02  -3.8919992e-03  -1.0461267e-02  -3.6349721e-03
  -2.2519350e-01  -2.4858121e-02  -4.8041704e-03  -3.1140231e-03  -1.1635699e-02  -3.7667556e-03
  -1.9615686e-01   1.2191361e-02  -2.2739789e-02  -3.7657502e-03  -1.0478943e-02  -3.2409518e-03
  -2.1499691e-01   4.4894070e-03  -5.2310072e-02  -4.0218107e-03  -1.1251104e-02  -3.5418326e-03
  -1.9765346e-01  -4.5729523e-02  -3.6974796e-02  -3.8787573e-03  -1.0818950e-02  -3.1014885e-03
  -1.9928670e-01   7.5676912e-03  -5.2210144e-02  -3.6338501e-03  -1.1112071e-02  -3.3287054e-03
  -1.9895545e-01  -2.5615375e-02  -6.8351830e-02  -3.8013506e-03  -1.0648343e-02  -3.2574834e-03
  -1.9539878e-01  -4.6230496e-02  -4.4782646e-02  -4.1136461e-03  -1.1085392e-02  -3.3523016e-03
  -1.7688186e-01  -2.0204154e-02  -4.8641184e-02  -3.5287964e-03  -1.0737802e-02  -3.2391570e-03
  -1.9008812e-01   3.6140605e-03  -7.3768052e-02  -3.9784520e-03  -1.1069811e-02  -3.2499727e-03
  -1.8074535e-01  -3.0418882e-02  -5.7511893e-02  -3.6966299e-03  -1.0899990e-02  -3.1391646e-03
  -1.8743777e-01   6.1828454e-03  -4.5608750e-02  -3.4915929e-03  -1.1016505e-02  -3.2011894e-03
  -1.8039052e-01  -1.4042953e-03  -9.2261375e-02  -4.0148175e-03  -1.0662128e-02  -2.9458009e-03
  -1.7245361e-01  -3.9752316e-02  -5.2699272e-02  -3.7902007e-03  -1.0955303e-02  -3.0845564e-03
  -1.7279862e-01   7.6687323e-03  -6.1040725e-02  -3.5447589e-03  -1.0800533e-02  -2.9916099e-03
  -1.8625025e-01  -1.2590077e-02  -4.7564370e-02  -3.3674157e-03  -1.0987101e-02  -3.1089740e-03
  -1.8096506e-01  -2.6055882e-02  -4.4266818e-02  -3.4408259e-03  -1.0748721e-02  -2.8985560e-03
  -1.7942577e-01   1.0478624e-02  -5.8543793e-02  -3.6641218e-03  -1.0840308e-02  -3.0460118e-03
  -1.7808341e-01  -2.9543382e-02  -7.3549266e-02  -3.6316131e-03  -1.0750862e-02  -2.9870286e-03
  -2.0530844e-01   2.0052250e-02  -8.8692229e-02  -4.2293025e-03  -1.0834259e-02  -3.0768356e-03
  -2.2415018e-01   6.3358296e-02  -1.2562869e-01  -4.0229660e-03  -1.0961592e-02  -3.2609503e-03
  -2.2496153e-01  -7.0192730e-03  -1.0212468e-01  -4.2996072e-03  -1.0967168e-02  -3.3929656e-03
  -2.2088981e-01   2.2724632e-02  -5.0877103e-02  -2.9901611e-03  -1.0877955e-02  -3.4930557e-03
  -2.2271288e-01   1.6730931e-02  -5.8363460e-02  -3.4641541e-03  -1.1020540e-02  -3.7316841e-03
  -2.1382542e-01  -1.9187464e-02  -1.0320558e-02  -4.1847141e-03  -1.0573740e-02  -3.2360992e-03
  -2.1661320e-01   2.1778585e-02  -3.8924319e-02  -4.0354864e-03  -1.0845508e-02  -3.3888496e-03
  -2.3107941e-01   1.0438295e-04  -5.2897907e-02  -4.0701549e-03  -1.0923367e-02  -3.5706606e-03
  -2.4673598e-01   1.4564186e-02  -1.5679047e-02  -3.6092072e-03  -1.1171993e-02  -3.6148553e-03
  -2.5685485e-01   4.7666303e-02  -2.5234315e-02  -3.7337057e-03  -1.1024686e-02  -3.7119326e-03
  -2.6132254e-01   1.7472912e-02  -3.4106267e-02  -3.9496364e-03  -1.1240891e-02  -3.9650900e-03
  -2.5773507e-01   1.4905728e-02  -1.5661953e-02  -3.8763205e-03  -1.1075822e-02  -3.9023326e-03
  -2.6251569e-01   5.3593677e-02  -4.4895709e-02  -3.9793808e-03  -1.0870281e-02  -3.8440485e-03
  -2.6381629e-01   2.2140282e-02  -3.1459037e-02  -3.8345740e-03  -1.0926886e-02  -3.8563543e-03
  -2.5964880e-01   3.0874626e-02   4.9607890e-03  -4.2666111e-03  -1.0923269e-02  -3.8598278e-03
  -2.4450613e-01   1.0742785e-02  -2.4207442e-02  -4.2188996e-03  -1.0952583e-02  -3.6364362e-03
  -2.5958283e-01   4.4657014e-02  -3.7648224e-02  -3.6729116e-03  -1.1353042e-02  -3.5768226e-03
  -2.6667630e-01   3.5505799e-03  -1.9670491e-02  -3.7046546e-03  -1.1204556e-02  -3.6513260e-03
  -2.6074662e-01   1.9398425e-02  -1.9112758e-02  -3.7495958e-03  -1.1290873e-02  -3.4955361e-03
  -2.5701130e-01   3.2340689e-02  -2.5843118e-02  -3.6210167e-03  -1.1134461e-02  -3.7118128e-03
  -2.4749084e-01   3.1439822e-03   6.2095820e-03  -3.6421500e-03  -1.1062929e-02  -3.7945523e-03
  -2.4764019e-01   4.9084369e-02   1.5716367e-02  -2.9095067e-03  -1.0923701e-02  -3.5333195e-03
  -2.4993096e-01   4.7368330e-02  -3.5486568e-03  -3.5666955e-03  -1.0634184e-02  -3.6420587e-03
  -2.3998529e-01  -3.5284338e-03   2.1801466e-02  -3.3856993e-03  -1.0924930e-02  -3.4440514e-03
  -2.3531328e-01   3.1192871e-02   2.9044809e-03  -2.3334280e-03  -1.1034382e-02  -3.2461309e-03
  -2.5425573e-01   3.6281897e-02  -1.5623558e-02  -2.9847508e-03  -1.1054016e-02  -3.3165791e-03
  -2.3551659e-01   4.9873421e-02   6.9607984e-02  -1.1746257e-03  -1.0609620e-02  -3.1241835e-03
  -2.2966446e-01   5.4094163e-02  -3.8947687e-02  -3.1872041e-03  -1.0448393e-02  -2.7431320e-03
  -2.3345273e-01  -6.3073959e-03  -3.5541181e-02  -4.0167476e-03  -1.1030911e-02  -2.4885856e-03
  -2.2494342e-01   3.0470095e-02  -2.8542196e-02  -3.4524654e-03  -1.0757761e-02  -2.5070574e-03
