   0.0000000e+00   0.0000000e+00   0.0000000e+00   0.0000000e+00   0.0000000e+00   0.0000000e+00
   1.1106933e-02  -2.2176056e-02   5.5553543e-02   4.8503781e-04   1.3875763e-04  -4.4806698e-05
   2.3550967e-03   6.5517163e-03   8.3292199e-02  -1.9147991e-04   1.4448956e-05   1.5190598e-04
   1.6103648e-02  -5.6951023e-02   8.6233309e-02   3.2118239e-04   6.3929247e-05  -1.0522615e-05
   4.3438751e-03  -2.0444480e-02   7.4499187e-02   3.1790208e-04   3.3707457e-04   3.0529428e-05
   1.3146572e-02  -5.7971243e-03   3.9483653e-02   1.2213966e-04   2.0691343e-04   6.0372667e-04
   2.2035774e-02  -1.5457828e-02   4.3850626e-02  -1.3983295e-04   3.3399417e-04   5.2259367e-04
   9.0241359e-03   1.5593953e-02   3.9341641e-02  -1.0392601e-04   1.9173068e-04   6.4310698e-04
  -5.2565629e-04   1.8746272e-02   1.3683774e-02  -4.2574001e-04   3.6775455e-04   7.7361004e-04
  -3.3001385e-03  -1.3859908e-02  -9.7812339e-03  -5.0186172e-04   2.8995275e-04   5.0742716e-04
  -7.2977432e-03   4.1386018e-03  -1.6916431e-02  -5.1394483e-04   3.3641726e-04   5.2136464e-04
  -1.6592614e-02   1.8426628e-02  -3.5151360e-02  -7.5445112e-04   3.6811495e-05   3.7490242e-04
  -1.6420761e-02   9.5302099e-03  -3.6321460e-02  -7.4992943e-04  -1.3381063e-04   3.2188787e-04
  -2.6957940e-02   3.2473128e-02  -5.8027579e-02  -8.7124818e-04  -5.1525549e-04   9.5773111e-05
  -4.1933033e-02   3.0079701e-02  -8.7283220e-02  -1.6292476e-03  -7.7659120e-04  -9.1822077e-05
  -3.9943965e-02   2.2534579e-02  -9.5873972e-02  -1.5141222e-03  -1.1020263e-03  -2.8302404e-04
  -5.3447305e-02   1.2844329e-02  -9.5908346e-02  -1.5663963e-03  -1.4049185e-03  -6.2097371e-04
  -7.1892907e-02   3.9487362e-02  -9.6976663e-02  -1.8281566e-03  -1.7047906e-03  -8.8806533e-04
  -9.0175878e-02   1.2965204e-03  -1.1909834e-01  -2.3875390e-03  -2.1689511e-03  -1.6329175e-03
  -1.0174400e-01   1.6131421e-02  -1.2566989e-01  -2.8046266e-03  -2.1645111e-03  -2.2745448e-03
  -1.0051053e-01   3.1845129e-02  -1.4542031e-01  -2.6543810e-03  -2.6329444e-03  -2.3772679e-03
  -1.0571796e-01   1.3625063e-02  -1.5883409e-01  -2.4964891e-03  -3.0047060e-03  -2.7635429e-03
  -1.0624793e-01   2.0613613e-02  -1.5621785e-01  -3.2180632e-03  -3.2492923e-03  -2.6991140e-03
  -1.0161401e-01  -9.9900800e-04  -4.9428411e-02  -1.2793913e-03  -2.7781385e-03  -2.9461414e-03
  -1.0470751e-01   3.2653195e-02  -5.0542597e-02  -6.2996699e-04  -2.4333529e-03  -2.5918082e-03
  -1.0578121e-01   2.9371981e-03  -4.6364977e-02  -1.2588719e-03  -2.4565441e-03  -2.7328040e-03
  -1.2047350e-01   9.7319722e-03  -3.1164987e-02  -1.2192625e-03  -2.4035856e-03  -2.8426093e-03
  -1.0469211e-01  -1.0683935e-02  -5.2673503e-02  -1.3962613e-03  -2.6526646e-03  -3.0565052e-03
  -1.1092290e-01  -4.0481438e-03  -6.3335362e-02  -1.2002995e-03  -2.4104364e-03  -3.1735329e-03
  -1.0355081e-01  -4.1939243e-03  -8.6914206e-02  -1.0171956e-03  -2.5656670e-03  -3.1047736e-03
  -9.3357599e-02   1.1110712e-02  -5.8352748e-02  -6.1643025e-04  -2.7457056e-03  -3.0913893e-03
  -1.0065121e-01   2.3350502e-02  -7.3145232e-02  -7.6611131e-04  -2.6931509e-03  -3.2907548e-03
  -1.0110106e-01   2.9061407e-02  -8.3591798e-02  -7.0714402e-04  -2.8724928e-03  -3.3009228e-03
  -1.0140989e-01   3.7961313e-02  -8.1534535e-02  -5.2061001e-04  -2.8738816e-03  -3.5739858e-03
  -1.0647166e-01   6.1624183e-02  -6.5799701e-02  -6.6361548e-04  -2.9721031e-03  -3.7060341e-03
  -1.0614507e-01   2.4800565e-02  -9.0421777e-02  -9.7171248e-04  -3.2505987e-03  -3.7717500e-03
  -1.1806714e-01   4.0951093e-02  -1.0267746e-01  -1.1098151e-03  -3.0313154e-03  -3.7544119e-03
  -1.2656746e-01   4.2516327e-02  -1.0767768e-01  -1.0616380e-03  -3.1819819e-03  -3.9407710e-03
  -1.1910791e-01   2.3455946e-02  -1.0567152e-01  -1.3322548e-03  -3.2197931e-03  -4.0808692e-03
  -1.2774552e-01   4.2206088e-02  -1.0307333e-01  -1.4653940e-03  -3.2019493e-03  -4.1970394e-03
  -1.3133494e-01   4.3927892e-02  -1.2184242e-01  -1.1985778e-03  -3.3974455e-03  -4.3395358e-03
  -1.2396848e-01   5.5687312e-02  -1.2092484e-01  -1.0174576e-03  -3.6209612e-03  -4.4412965e-03
  -1.3591889e-01   4.9186870e-02  -9.4467343e-02  -1.1452579e-03  -3.4727392e-03  -4.5741901e-03
  -1.3806470e-01   3.9099330e-02  -8.9872515e-02  -1.2461746e-03  -3.7041117e-03  -5.2092926e-03
  -1.3783840e-01   2.4009779e-02  -7.5873542e-02  -9.6813804e-04  -3.9852505e-03  -5.8159431e-03
  -1.4898690e-01   5.8660161e-02  -1.0103188e-01  -1.2165595e-03  -3.9283054e-03  -6.0514856e-03
  -1.5952209e-01   4.9538200e-02  -1.0257616e-01  -1.0162169e-03  -4.2083373e-03  -5.9270584e-03
  -1.5522783e-01   4.7017729e-02  -7.0443361e-02  -1.1016841e-03  -4.5716071e-03  -5.8113467e-03
  -1.3355179e-01   4.6494980e-02   1.1585785e-02  -8.6246549e-04  -4.2071027e-03  -5.8198066e-03
  -1.2598702e-01   2.6953623e-02  -4.3509901e-02  -4.9374464e-04  -3.9078638e-03  -5.5761961e-03
  -1.4359231e-01   2.9206366e-02  -9.4461280e-02  -6.1799043e-04  -4.3040667e-03  -5.9943284e-03
  -1.5145449e-01   2.1459749e-02  -7.2205398e-02  -1.2460995e-03  -4.1027426e-03  -5.9373477e-03
  -1.5498216e-01   9.7682550e-03  -8.3201360e-02  -1.0507392e-03  -4.0273579e-03  -5.9259932e-03
  -1.6026249e-01   2.4416675e-02  -1.0002806e-01  -9.6973583e-04  -4.2640068e-03  -5.6986818e-03
  -1.7074049e-01   4.4791068e-02  -8.3176034e-02  -1.2229083e-03  -4.0348148e-03  -6.0050601e-03
  -1.6138309e-01   4.1200476e-02  -9.4204598e-02  -1.0125686e-03  -4.1293181e-03  -5.8842308e-03
  -1.5167918e-01   5.8414233e-02  -9.4757521e-02  -1.0622446e-03  -4.2148520e-03  -5.9917536e-03
  -1.5370551e-01   5.6693794e-02  -1.0854214e-01  -1.0289486e-03  -4.1157095e-03  -6.1093546e-03
  -1.6629494e-01   5.4097588e-02  -1.1685535e-01  -8.8959592e-04  -4.4543641e-03  -6.1035075e-03
  -1.7520863e-01   4.7272923e-02  -1.1757018e-01  -6.5083838e-04  -4.9598821e-03  -6.2217849e-03
  -2.0325295e-01   5.0770222e-02  -1.1815635e-01  -5.1666897e-04  -4.7791162e-03  -6.3193939e-03
  -2.1527312e-01   5.2710663e-02  -1.1956694e-01  -7.6636268e-04  -4.7404401e-03  -6.2904769e-03
  -2.0707458e-01   5.1032892e-02  -8.3397811e-02  -4.6108734e-04  -4.5147800e-03  -6.3460382e-03
  -2.0404425e-01   6.7201719e-02  -6.8945192e-02  -5.1357235e-04  -4.6698939e-03  -6.1922053e-03
  -2.0686286e-01   3.9864886e-02  -8.5272100e-02  -4.7553073e-04  -4.9371838e-03  -6.6705187e-03
  -2.1806925e-01   4.7529683e-02  -8.3889843e-02  -5.2818265e-04  -4.8023316e-03  -7.2331424e-03
  -2.2663975e-01   6.6490348e-02  -6.9843917e-02  -2.0011742e-04  -4.7075886e-03  -7.3144487e-03
  -2.2902487e-01   5.4217875e-02  -7.1984096e-02   7.3365933e-05  -5.1388784e-03  -7.6521485e-03
  -2.2177055e-01   7.0316754e-02  -3.2107825e-02   1.6616217e-04  -4.8037583e-03  -7.8764409e-03
  -2.1327565e-01   5.5383098e-02  -6.5852954e-02  -1.5167113e-04  -4.8009281e-03  -7.8539675e-03
  -2.0023883e-01   3.6789474e-02  -5.7151449e-02   3.9120316e-04  -5.0974496e-03  -7.9313020e-03
  -1.9468730e-01   4.5082820e-02  -7.8392043e-02  -1.2918008e-04  -5.3383965e-03  -7.8458174e-03
  -1.6748765e-01   4.2634978e-02   2.1905296e-02   1.4947698e-04  -3.9112827e-03  -6.9231232e-03
  -1.9287903e-01   1.1683550e-01   1.2611819e-02   6.2000752e-04  -3.4577923e-03  -6.8638707e-03
  -1.9044459e-01   3.4589670e-02  -5.2939931e-02   1.0744330e-03  -3.7856392e-03  -7.2671366e-03
  -2.0101794e-01   8.2039623e-02  -4.9668045e-02   7.6398053e-04  -3.7259065e-03  -7.5465701e-03
  -2.0587673e-01   3.1937441e-02   8.7785310e-03   6.9043089e-04  -3.3028389e-03  -7.3189046e-03
  -2.0581547e-01   8.6235102e-03  -2.3387199e-03   8.1025826e-04  -3.2064079e-03  -7.4298946e-03
  -2.0693853e-01   4.1130451e-02  -2.2918610e-02   1.1913822e-03  -3.4968797e-03  -7.4678268e-03
  -2.0839043e-01   7.1198496e-02  -2.1400247e-02   1.0847414e-03  -3.7340171e-03  -7.3986772e-03
  -2.0950984e-01   5.5482262e-02  -2.2866526e-02   1.0166498e-03  -3.8987262e-03  -7.7760046e-03
  -2.3157411e-01   6.1712811e-02  -2.2772372e-02   5.7867900e-04  -4.2041588e-03  -8.0091743e-03
  -2.3189485e-01   4.5961961e-02  -6.4939487e-02   2.1853492e-04  -4.5475084e-03  -8.0758590e-03
  -2.4059190e-01   7.5364367e-02  -4.0983640e-02   1.4370897e-04  -4.5691105e-03  -8.2445036e-03
  -2.4866380e-01   7.2382699e-02  -3.5046956e-02   6.9400157e-05  -4.4937482e-03  -8.4346350e-03
  -2.5124654e-01   5.2525618e-02  -5.8502525e-02   1.1747083e-04  -4.8603995e-03  -8.7000032e-03
  -2.5505915e-01   6.0673607e-02  -7.0631509e-02  -2.8140630e-04  -4.9816956e-03  -9.2445547e-03
  -2.6916278e-01   4.8879182e-02  -9.2885102e-02  -9.8402093e-05  -5.2589909e-03  -9.3931039e-03
  -2.7339137e-01   5.6572032e-02  -1.3442099e-01   3.0050852e-05  -6.1022260e-03  -9.1656484e-03
  -2.7097242e-01   8.2171715e-02  -1.2685865e-01  -2.9870247e-04  -6.0006284e-03  -9.2999237e-03
  -2.8735153e-01   7.1350625e-02  -1.0750123e-01  -3.3548493e-04  -6.2287959e-03  -9.4099044e-03
  -2.9811639e-01   5.3814697e-02  -1.1142151e-01  -9.1454415e-05  -6.3736638e-03  -9.5634024e-03
  -2.9154069e-01   4.5428145e-02  -1.2078151e-01  -2.9769282e-04  -6.4388955e-03  -9.6446660e-03
  -3.0810424e-01   4.8853961e-02  -1.1374497e-01  -3.6874206e-04  -6.6409411e-03  -9.7662214e-03
  -3.1048346e-01   6.5106280e-02  -1.3755015e-01  -3.5837474e-04  -6.5977658e-03  -9.6061202e-03
  -3.1214532e-01   4.0461432e-02  -1.3188513e-01  -7.0873176e-05  -7.1443650e-03  -9.6955798e-03
  -3.0267554e-01   4.8703878e-02  -1.2899065e-01  -3.6336138e-04  -7.2040500e-03  -9.4700155e-03
  -3.1562275e-01   5.3644329e-02  -1.3544017e-01  -5.1823431e-04  -7.1045912e-03  -9.5691280e-03
  -2.9669542e-01   4.5784046e-02  -8.3668402e-02  -4.7541150e-04  -6.8641340e-03  -8.3621227e-03
  -2.9176268e-01   4.0400632e-02  -6.6214221e-02  -3.0367009e-04  -6.6625072e-03  -8.3741121e-03
  -3.0608363e-01   5.0467605e-02  -1.2334126e-01  -9.4559272e-05  -7.0500880e-03  -8.9933729e-03
  -3.0852545e-01   1.4591751e-02  -1.3328996e-01   1.2782606e-04  -7.3072601e-03  -8.7174159e-03
  -3.4060557e-01   5.3658969e-02  -1.4883313e-01  -4.0781851e-04  -7.4476049e-03  -9.0881533e-03
  -3.3621905e-01   4.2269011e-02  -1.6244705e-01   1.0706617e-04  -7.6774117e-03  -8.9373280e-03
  -3.3990263e-01   7.2534024e-02  -1.6851122e-01  -4.9140928e-05  -7.5176527e-03  -9.4288736e-03
  -3.4703782e-01   6.8216639e-02  -1.6932833e-01  -1.1661495e-04  -7.7713818e-03  -9.2165873e-03
  -3.4805727e-01   6.7258789e-02  -1.6443725e-01  -1.2886205e-05  -8.1967273e-03  -9.2244927e-03
  -3.4001816e-01   4.4604884e-02  -1.1949244e-01   1.8210099e-04  -8.2798326e-03  -9.3631393e-03
  -3.5849435e-01   6.0713608e-02  -1.5141898e-01   2.5087193e-04  -8.3285299e-03  -9.5401586e-03
  -3.6905383e-01   5.5594551e-02  -1.4340147e-01   3.2956228e-04  -8.1288038e-03  -9.4920387e-03
  -3.6090527e-01   5.5821302e-02  -1.6164776e-01   8.1398506e-05  -8.2693151e-03  -9.7079093e-03
  -3.5618854e-01   4.2554607e-02  -1.4609518e-01   2.9481429e-04  -8.3379815e-03  -9.7975803e-03
  -3.6131142e-01   6.0081403e-02  -1.3431052e-01   4.6337490e-04  -8.3186037e-03  -9.7505655e-03
  -3.6109416e-01   7.0247793e-02  -1.6605770e-01   4.3341015e-04  -8.2735806e-03  -9.5899864e-03
  -3.5388499e-01   5.4956470e-02  -1.5900074e-01   5.9662228e-04  -8.4712172e-03  -9.7001215e-03
  -3.6509291e-01   4.2431764e-02  -1.6047663e-01   3.6303453e-04  -8.4684193e-03  -9.8406179e-03
  -3.7489327e-01   3.7868699e-02  -1.6182026e-01   6.3944831e-04  -8.3734482e-03  -9.5763725e-03
  -3.7896799e-01   2.1173230e-02  -1.7803460e-01   8.2977475e-04  -8.9268298e-03  -9.6769198e-03
  -3.7966911e-01   5.3662312e-02  -1.7993986e-01   4.2909236e-04  -8.7343084e-03  -9.8151598e-03
  -3.9350078e-01   4.4444887e-02  -1.7284976e-01   3.7262702e-04  -8.6532124e-03  -9.7726534e-03
  -4.0149470e-01   2.0291164e-02  -1.8028430e-01   1.4015571e-04  -9.1343199e-03  -9.4672509e-03
  -3.9195027e-01   2.5883625e-02  -1.3276568e-01   2.7338279e-04  -9.2494158e-03  -9.3451730e-03
  -3.9725122e-01   5.6145442e-02  -1.6383845e-01   2.2541245e-04  -9.0503779e-03  -9.4888347e-03
  -3.8302338e-01   6.7295694e-02  -5.0158733e-02   5.5550170e-05  -8.6794435e-03  -9.1899579e-03
  -3.8832969e-01   2.0871628e-02  -9.7440814e-02   4.7393285e-04  -8.9290491e-03  -9.9419393e-03
  -4.0682588e-01   4.9153163e-02  -1.5869927e-01   6.4005836e-04  -9.1754816e-03  -9.5375938e-03
  -4.1094399e-01   3.8120481e-02  -1.6327523e-01   1.1391873e-03  -9.3900720e-03  -9.8388050e-03
  -4.0019652e-01   7.1667064e-02  -1.4283203e-01   7.0744948e-04  -8.7866815e-03  -9.4675800e-03
  -3.7348156e-01   9.2453083e-02  -5.5576996e-02   3.4406518e-05  -8.0364344e-03  -8.1889564e-03
