   0.0000000e+00   0.0000000e+00   0.0000000e+00   0.0000000e+00   0.0000000e+00   0.0000000e+00
   1.3550285e-02  -3.5484128e-03   9.2658797e-02   2.0073757e-04  -3.9565669e-04   5.9206615e-05
   4.6616111e-02   6.8383214e-03   1.2405387e-01   5.5248663e-04  -8.7150798e-04  -2.4223402e-04
   4.1398179e-02  -2.9538561e-03   2.7177467e-02   5.2390577e-05  -8.0572029e-04  -1.4765047e-04
   5.6617476e-02  -2.4453764e-02   1.2996608e-01   1.0913476e-03  -8.2939718e-04  -2.2182636e-05
   9.1830090e-02  -7.7383321e-03   1.3863033e-01   1.6651028e-03  -1.1588282e-03  -3.1420791e-04
   9.3249816e-02  -1.5234645e-02   8.7951059e-02   1.1889575e-03  -1.5498616e-03  -3.0657636e-04
   9.3374382e-02  -8.1314976e-03   1.3372586e-01   1.5099742e-03  -1.3973215e-03  -3.9570487e-04
   9.7759757e-02   6.3073398e-03   1.5578227e-01   1.9283427e-03  -1.5827510e-03  -3.0431419e-04
   1.0878134e-01   6.3635497e-03   1.1504543e-01   1.4500003e-03  -1.8327354e-03  -5.0593660e-04
   9.1206282e-02  -3.0023771e-02   1.0599301e-01   1.6122348e-03  -1.7360659e-03  -2.7822138e-04
   8.7193363e-02  -3.0799426e-02   6.2154867e-02   1.6020491e-03  -1.7951893e-03  -1.7956581e-04
   8.7350233e-02  -4.2627619e-03   9.2217540e-02   1.7006673e-03  -1.6917412e-03  -3.4847732e-04
   7.0609878e-02  -1.1465185e-02   9.2090787e-02   1.4052635e-03  -1.9990988e-03   3.8947648e-05
   8.7924153e-02   1.4858149e-02   9.5642191e-02   1.3956936e-03  -1.8802728e-03  -2.6261945e-04
   8.5453028e-02   2.2103932e-02   1.3780996e-02   4.5325953e-04  -2.0407402e-03  -2.8640775e-04
   9.3727260e-02   3.2702275e-02   5.0506592e-02   7.2525667e-04  -2.1025089e-03  -1.3984718e-04
   1.0162438e-01   3.2343951e-02   2.7145555e-02   1.0927139e-03  -1.9613772e-03  -2.6250150e-04
   9.0370743e-02   1.3442440e-02   8.4464999e-02   1.4447819e-03  -1.9764824e-03  -2.6863438e-04
   9.5973259e-02   2.3235540e-02   6.0085073e-02   1.7971519e-03  -1.9496462e-03  -4.0423564e-04
   8.5843235e-02   3.3248844e-02   3.3777054e-02   1.2872250e-03  -1.6999721e-03  -3.4355660e-04
   6.7070933e-02   2.6500061e-02   6.9861120e-02   1.7884249e-03  -1.7257972e-03  -6.6658795e-05
   8.1709940e-02   5.9225718e-02   9.2150827e-02   1.5777295e-03  -1.7685171e-03  -3.0105110e-04
   7.4113279e-02   2.6635031e-02   2.8315919e-02   1.3062213e-03  -1.7965595e-03  -2.1282688e-04
   6.5267380e-02   2.9499326e-02   7.2398148e-02   1.5713349e-03  -1.5884031e-03  -1.0593028e-04
   7.5375691e-02   2.7971883e-02  -4.5050594e-02   1.3470689e-03  -2.4959787e-03   2.2072481e-05
   1.1372910e-01   3.1814732e-02  -7.8395355e-02   7.9242770e-04  -3.1406559e-03  -2.9189480e-04
   1.0359450e-01   2.2649169e-03   3.8676185e-03   1.4988612e-03  -3.0147068e-03  -2.8926125e-04
   1.3114031e-01   1.3542959e-02  -3.3139889e-02   8.8496974e-04  -2.9812915e-03  -5.8392112e-04
   1.2791475e-01  -1.9212766e-02  -2.0438826e-02   1.7987761e-03  -3.2669490e-03  -6.1683032e-04
   1.0845255e-01  -1.0136881e-01   6.3730653e-02   3.3915778e-03  -3.1321653e-03  -2.4219619e-04
   6.6257286e-02  -1.6297394e-01  -3.7961996e-01   2.7283968e-03  -2.8306663e-03  -7.0143019e-05
   5.0036273e-02  -1.4074579e-01  -4.1028934e-01   1.9660422e-03  -2.9211258e-03   1.0803446e-04
   6.1743491e-02  -2.4369917e-02  -2.6366512e-01   1.8198284e-03  -2.5652486e-03  -1.1478281e-04
   6.1192999e-02  -8.4585963e-02  -3.1759805e-01   1.9598215e-03  -2.5749198e-03  -1.2964004e-04
   6.7418911e-02  -7.4564524e-02  -2.1192960e-01   2.7979384e-03  -2.4634260e-03  -1.1770277e-04
   7.6590690e-02  -7.9942647e-02  -2.6097613e-01   3.1192519e-03  -2.6883834e-03  -1.2240588e-04
   6.3774721e-02  -1.0647695e-01  -2.0971287e-01   3.1579451e-03  -2.6597953e-03  -7.5291789e-05
   8.2221713e-02  -1.0308908e-01  -2.3807922e-01   3.5519029e-03  -2.8547896e-03  -2.2786088e-04
   8.7057982e-02  -8.1329172e-02  -2.2062133e-01   2.8472452e-03  -3.0996634e-03  -1.9657250e-04
   7.8789245e-02  -9.6068534e-02  -2.2674324e-01   3.2748716e-03  -2.9922801e-03   4.4168167e-05
   7.7087921e-02  -7.2400299e-02  -2.9755441e-01   2.6025901e-03  -3.1135111e-03   1.3750464e-04
   7.8963832e-02  -9.2862850e-02  -2.3835482e-01   3.3305705e-03  -3.0979119e-03   1.4752951e-04
   8.1059686e-02  -8.5794937e-02  -2.9631217e-01   3.1834013e-03  -2.9435847e-03   1.0865823e-04
   9.4455804e-02  -9.9876720e-02  -2.2723926e-01   3.4392447e-03  -3.1396554e-03  -1.8416386e-05
   1.0017316e-01  -9.2593161e-02  -2.1133366e-01   3.6762889e-03  -3.0781333e-03  -7.9262124e-06
   8.8940927e-02  -9.8942206e-02  -3.1661980e-01   3.1621244e-03  -3.0926086e-03   3.8576834e-05
   7.8065906e-02  -9.1789604e-02  -2.7256579e-01   3.3597267e-03  -3.1925084e-03   8.1431821e-05
   1.0485099e-01  -8.6219751e-02  -2.7702759e-01   3.6371437e-03  -3.3642814e-03  -7.8276341e-05
   9.8214921e-02  -1.2360851e-01  -3.5772292e-01   3.2894228e-03  -3.2037040e-03  -1.1363443e-04
   9.5072395e-02  -2.6060489e-01  -4.6305921e-01   5.0451464e-03  -3.5264992e-03   2.2352435e-04
   1.0340697e-01  -1.9409601e-01  -4.7026795e-01   4.4627201e-03  -3.5883450e-03   1.2017117e-04
   9.6804160e-02  -1.5202012e-01  -5.0670810e-01   4.2681558e-03  -3.5838880e-03   1.1914147e-04
   9.4829600e-02  -2.0325300e-01  -4.7319113e-01   4.6035129e-03  -3.7253629e-03   2.8356598e-04
   9.3172414e-02  -1.8508103e-01  -5.2813617e-01   4.2471428e-03  -3.6827430e-03   3.8372224e-04
   1.0140805e-01  -1.7083241e-01  -5.2982302e-01   4.0587984e-03  -3.7338538e-03   2.0495619e-04
   1.0303451e-01  -1.7098853e-01  -5.0534751e-01   3.8116333e-03  -3.8297500e-03   3.1882094e-04
   9.9034285e-02  -1.6016890e-01  -5.3511107e-01   3.7434503e-03  -3.8544823e-03   4.4853214e-04
   9.2077177e-02  -2.1057317e-01  -6.5781787e-01   4.0492625e-03  -3.7400845e-03   5.0576184e-04
   9.7977535e-02  -2.5678117e-01  -6.7656495e-01   4.2137310e-03  -3.8881900e-03   5.7735695e-04
   9.0625138e-02  -2.4064743e-01  -6.9267909e-01   4.4860706e-03  -3.7392756e-03   6.9148698e-04
   1.0223888e-01  -2.2520119e-01  -7.5475100e-01   4.0378361e-03  -3.8248861e-03   5.4809136e-04
   1.0750461e-01  -2.3352576e-01  -7.1117084e-01   3.9886725e-03  -3.9827845e-03   6.8762419e-04
   9.8978828e-02  -2.1488905e-01  -7.4819539e-01   3.9647459e-03  -3.7893197e-03   7.2704422e-04
   9.2441868e-02  -2.1884394e-01  -7.9438364e-01   3.6033233e-03  -3.9421155e-03   7.1131318e-04
   8.2833958e-02  -2.2325123e-01  -7.4265056e-01   3.8984786e-03  -4.0273036e-03   6.8649614e-04
   9.0550365e-02  -2.1065179e-01  -7.8235896e-01   3.9714934e-03  -3.9541563e-03   6.8270990e-04
   1.0016688e-01  -2.3996037e-01  -8.0134086e-01   4.2738480e-03  -4.1219261e-03   5.4263676e-04
   1.1223595e-01  -2.3526746e-01  -7.9262548e-01   3.9955958e-03  -3.9848344e-03   6.1158134e-04
   1.0852362e-01  -1.9244693e-01  -8.4094885e-01   3.8183091e-03  -3.7444715e-03   5.7832468e-04
   1.0390703e-01  -2.1136920e-01  -8.6273034e-01   3.3715020e-03  -3.8336402e-03   6.5657427e-04
   1.0873246e-01  -1.9604696e-01  -8.5759863e-01   3.8766852e-03  -3.8167065e-03   7.8327634e-04
   1.1601334e-01  -1.8740700e-01  -9.3999634e-01   3.3064918e-03  -3.8057893e-03   6.9471742e-04
   1.1381451e-01  -2.2032180e-01  -8.7526773e-01   3.0896754e-03  -3.4514148e-03   5.3343492e-04
   9.9615002e-02  -1.9675446e-01  -8.6664913e-01   3.1165595e-03  -3.4987418e-03   6.0216743e-04
   8.7759199e-02  -1.6776415e-01  -1.0024263e+00   1.7455087e-03  -3.2503778e-03   6.6837218e-04
   9.0548299e-02  -1.9107070e-01  -9.2103465e-01   2.6093808e-03  -3.2774147e-03   5.9878355e-04
   8.7640888e-02  -2.1122462e-01  -8.9916457e-01   3.2091630e-03  -2.9523051e-03   6.2648646e-04
   1.0832354e-01  -2.0604491e-01  -9.0667785e-01   3.5736540e-03  -2.9779504e-03   4.9974844e-04
   1.0794983e-01  -2.2832632e-01  -8.6122398e-01   3.4397935e-03  -3.1075564e-03   6.3632180e-04
   1.1019945e-01  -2.2217491e-01  -8.4308516e-01   4.1983160e-03  -2.8799497e-03   6.0424020e-04
   1.0821389e-01  -1.8918269e-01  -8.7765780e-01   3.5279440e-03  -2.7638942e-03   6.6907828e-04
   1.0081046e-01  -2.2811285e-01  -8.1488828e-01   4.2031386e-03  -2.7582151e-03   9.0100505e-04
   8.1361942e-02  -1.8837196e-01  -8.4677032e-01   4.1170190e-03  -2.1776419e-03   1.3515211e-03
   5.5106819e-02  -2.0983496e-01  -8.4613392e-01   4.3517564e-03  -1.7374749e-03   1.6156074e-03
   5.4504705e-02  -2.2195566e-01  -8.3902254e-01   4.8188345e-03  -1.3810557e-03   1.8327025e-03
   5.2407976e-02  -2.0432526e-01  -8.8076900e-01   4.5531017e-03  -1.2423101e-03   1.8504892e-03
   4.7222830e-02  -2.3494149e-01  -8.3949914e-01   4.5466526e-03  -1.2798890e-03   1.8876860e-03
   6.0109641e-02  -2.2415454e-01  -8.5162985e-01   4.8381753e-03  -1.2388666e-03   1.8263061e-03
   5.6124393e-02  -2.0267818e-01  -8.6424346e-01   4.6169601e-03  -1.0783252e-03   1.8096200e-03
   6.1545683e-02  -2.0226641e-01  -8.3426479e-01   4.9166058e-03  -1.1362862e-03   1.8482302e-03
   4.9421120e-02  -1.9530089e-01  -8.3690014e-01   5.0411567e-03  -1.0117582e-03   2.0184016e-03
   3.9594860e-02  -2.1131793e-01  -8.1999426e-01   5.5794177e-03  -6.9234633e-04   2.0027176e-03
   4.2382387e-02  -2.3211036e-01  -7.7406785e-01   5.8933835e-03  -6.3898160e-04   2.1949616e-03
   4.7368376e-02  -2.0761153e-01  -7.7423047e-01   6.5961615e-03  -4.9228250e-04   2.1123555e-03
   4.0908794e-02  -2.1120580e-01  -7.9655102e-01   6.2676607e-03  -4.1094000e-04   2.1475253e-03
   4.3345877e-02  -2.3248371e-01  -7.7046640e-01   6.9004699e-03  -3.7609404e-04   2.2256945e-03
   4.3745587e-02  -2.2926132e-01  -8.0449379e-01   6.8276405e-03   3.3240446e-06   2.1814673e-03
   4.3488316e-02  -2.3425466e-01  -7.8501558e-01   6.5627542e-03   2.2636037e-05   2.1214400e-03
   5.4854810e-02  -2.2399140e-01  -7.7263560e-01   6.6779521e-03   1.6969030e-05   2.2058261e-03
   5.4731888e-02  -2.2276326e-01  -8.3007679e-01   6.6024132e-03   1.7604345e-04   2.2337755e-03
   5.4712618e-02  -2.2288367e-01  -8.0534789e-01   6.2768815e-03   1.0428566e-04   2.1358465e-03
   5.8751377e-02  -2.3006717e-01  -7.7803274e-01   7.4193361e-03   3.1878343e-04   2.1439059e-03
   7.0770576e-02  -2.3728368e-01  -8.2399953e-01   7.1944088e-03   4.8586412e-04   2.0189252e-03
   3.5902256e-02  -2.3017525e-01  -8.1529095e-01   6.4646926e-03   8.6568205e-04   2.3357005e-03
   3.3307930e-02  -2.2686296e-01  -8.2457105e-01   7.0120600e-03   1.2029537e-03   2.3976408e-03
   3.5292186e-02  -2.2386199e-01  -8.1317238e-01   6.8650035e-03   1.1301020e-03   2.3509640e-03
   2.2443996e-02  -2.3641911e-01  -7.6262719e-01   7.4993083e-03   1.2608273e-03   2.5215884e-03
   1.2289095e-02  -2.0644479e-01  -8.3845227e-01   6.8495361e-03   1.4445627e-03   2.5227169e-03
   1.1077234e-02  -2.1034711e-01  -8.2752697e-01   6.9891215e-03   1.3063189e-03   2.3992430e-03
   2.0799052e-02  -2.1172665e-01  -7.9827183e-01   7.4365924e-03   1.3910095e-03   2.4970746e-03
   2.3932783e-02  -1.9372890e-01  -8.3929020e-01   6.9028605e-03   1.4042536e-03   2.4640559e-03
   3.2303061e-02  -2.1222681e-01  -7.7528444e-01   7.4066498e-03   1.3747834e-03   2.3461876e-03
   3.0474126e-02  -2.1743766e-01  -7.8008324e-01   7.7063015e-03   1.5870820e-03   2.5299375e-03
   1.9215123e-02  -2.2365981e-01  -8.1560720e-01   7.2362858e-03   1.7426695e-03   2.5142461e-03
   1.6559992e-02  -2.2997366e-01  -7.6868628e-01   7.4404250e-03   1.8099082e-03   2.6220687e-03
   2.1357105e-02  -2.4746085e-01  -7.9588713e-01   7.8744763e-03   1.8690323e-03   2.5405228e-03
   1.5961453e-02  -2.3964132e-01  -8.1267195e-01   7.2636336e-03   1.8645093e-03   2.5180265e-03
   1.8287563e-02  -2.3261284e-01  -7.7358548e-01   7.9658890e-03   1.8391953e-03   2.5314719e-03
   1.0455399e-02  -2.0745115e-01  -8.2562282e-01   7.4473215e-03   2.0051299e-03   2.6346755e-03
   1.1299068e-02  -2.2646038e-01  -7.4992347e-01   8.1137369e-03   2.0031783e-03   2.6485159e-03
   8.3412263e-03  -2.2205703e-01  -7.8633751e-01   8.1261700e-03   2.1726762e-03   2.6557049e-03
   2.0956099e-02  -2.3396764e-01  -7.5705212e-01   8.4743636e-03   1.9285082e-03   2.4917261e-03
   1.9190226e-02  -2.3902134e-01  -7.4737364e-01   8.5204202e-03   1.8559502e-03   2.6190334e-03
   1.6244017e-02  -2.1195708e-01  -8.3515060e-01   7.3717562e-03   1.9356289e-03   2.4924335e-03
   2.0378011e-02  -2.3856229e-01  -7.7791025e-01   7.9512814e-03   1.9002929e-03   2.5513891e-03
   2.4634428e-02  -2.3328372e-01  -7.9429261e-01   8.0797745e-03   2.2080247e-03   2.4896760e-03
   3.6194593e-02  -2.3417618e-01  -8.0204215e-01   7.8367884e-03   1.8745084e-03   2.2531245e-03
   3.5251817e-02  -2.5606781e-01  -8.2851322e-01   7.3733863e-03   1.8892044e-03   2.3948287e-03
