   0.0000000e+00   0.0000000e+00   0.0000000e+00   0.0000000e+00   0.0000000e+00   0.0000000e+00
  -8.8845712e-04  -7.2802582e-03   3.2333764e-02   4.0078458e-04  -2.9414462e-04   2.7087103e-04
   1.4579216e-02   4.1665823e-02   9.0608394e-02   1.1625958e-03   2.0013193e-04  -4.3236580e-04
   2.0305034e-02  -2.9502788e-02   3.7776598e-02   5.5515928e-04   3.7426666e-04  -3.0807537e-04
   3.4864186e-02   4.7878368e-02   5.5007752e-02   7.4478123e-04   7.6931253e-04  -2.0800169e-04
   3.7932330e-02  -4.2335762e-02   3.5879442e-02   6.4580520e-04   7.9282912e-04  -4.4632473e-05
   3.3765711e-02   4.8800601e-02   4.5535520e-02   4.4542672e-04   1.0000572e-03  -1.0234030e-04
   2.8551320e-02  -5.2455164e-02   3.8595282e-02   5.9991374e-04   9.0554956e-04   6.0790605e-05
   2.5139323e-02   1.0323888e-02   5.1284818e-02   4.6814204e-04   1.1352249e-03  -1.5281675e-05
   1.4176816e-02   1.5562314e-02   2.2286031e-02   6.6496217e-04   1.1239576e-03   1.6290998e-04
   1.5176784e-02  -1.1141085e-02   4.0322522e-02   6.8833684e-04   1.0200783e-03   1.3117424e-04
   1.5225953e-02   5.3165841e-02   2.3514546e-02   6.6401117e-04   1.1926524e-03   3.2916834e-04
   1.7544447e-02   6.8597155e-03   2.9661776e-02   1.1258523e-03   1.5718898e-03   2.6737448e-04
   1.7858179e-02   3.7516099e-02   3.4805296e-02   6.3167969e-04   1.3636297e-03   3.7150780e-04
   1.1811333e-02   3.3682960e-02   1.6908740e-02   7.9918090e-04   1.3579470e-03   4.4486419e-04
   1.8602590e-02   1.1033054e-02   4.4797647e-02   1.0534536e-03   1.6315497e-03   3.6372958e-04
   1.5766053e-02   2.3322070e-03   6.4909835e-02   1.0903048e-03   1.5791907e-03   3.7257939e-04
   1.4597410e-02   4.2465732e-02   5.7737556e-02   7.8507657e-04   1.3923959e-03   4.8720269e-04
   1.1731670e-02   3.3789726e-02   7.5364031e-02   1.2160190e-03   1.5007006e-03   5.4093333e-04
   2.2381010e-02   2.1479557e-02   1.7231867e-01   1.0264144e-03   1.8130554e-03   6.0785010e-04
   2.6279164e-02   8.7313807e-02   1.5157971e-01   3.3573656e-04   1.6092225e-03   6.7345806e-04
   2.3174724e-02   2.4080425e-02   1.1932235e-01   5.1962580e-04   1.8364498e-03   7.7632734e-04
   2.6171369e-02  -7.2689049e-03   9.4157905e-02  -4.5479252e-05   1.7859973e-03   8.0151138e-04
   1.8821470e-02   8.6724180e-02   9.8841805e-02   1.3894125e-04   1.5536106e-03   8.2637341e-04
   1.8486724e-02   5.7851257e-03   7.1531066e-02   2.3778666e-04   1.6242162e-03   8.7419774e-04
   2.3157939e-02   2.5601074e-02   8.4489324e-02   1.4891512e-04   1.6757998e-03   8.4351503e-04
   2.0384097e-02   5.6052479e-02   7.8077040e-02   3.9924785e-05   1.6163186e-03   9.2634612e-04
   2.2227450e-02   1.6738512e-02   7.1145636e-02   5.3590838e-04   1.7738528e-03   9.2299880e-04
   2.7823858e-02   4.0963326e-02   1.2115849e-01   4.7075533e-04   2.0562160e-03   5.0968351e-04
   2.1149344e-02   4.6160090e-02   7.8777262e-02   4.3892424e-04   1.8157708e-03   7.2811358e-04
   2.5771802e-02   6.2330775e-03   6.9750276e-02   6.2405444e-04   1.8152828e-03   8.0414592e-04
   3.3990538e-02   6.0194663e-02   7.2893277e-02   3.5305191e-04   2.0216145e-03   8.4946752e-04
   3.4755093e-02   3.7050202e-03   5.6155908e-02   3.0030846e-04   2.0456116e-03   1.0991465e-03
   3.2350069e-02  -2.0333627e-02   3.7171227e-02  -3.9296769e-04   1.7646802e-03   1.0232503e-03
   3.7359108e-02   6.6440088e-02   4.3147667e-02   7.9910896e-06   2.0448294e-03   1.0426515e-03
   2.6961748e-02  -3.5844728e-02   4.3240620e-02   1.0036843e-04   2.0471544e-03   1.0321101e-03
   2.1066385e-02   3.7072257e-02   6.1202943e-02  -8.0362250e-06   2.1017176e-03   1.0070206e-03
   2.1689761e-02   5.0512379e-02   8.7229426e-02   3.5318527e-04   2.1157794e-03   1.0151362e-03
   2.0411207e-02  -1.5293264e-02   6.8133109e-02   2.1721098e-04   2.0420051e-03   1.0442101e-03
   2.5434049e-02   4.2623518e-02   7.6008149e-02  -7.8318740e-05   2.0357949e-03   9.1978468e-04
   3.2130955e-02   1.1414555e-02   7.7109336e-02   2.0535582e-04   2.0754906e-03   8.5492232e-04
   2.6632118e-02  -1.3589621e-02   6.6548032e-02  -5.9200442e-05   2.0391488e-03   9.3502453e-04
   1.9324313e-02   1.1516931e-02   6.1380401e-02   6.4625864e-05   1.9900988e-03   1.0677838e-03
   2.3214640e-02  -5.6594417e-02   5.4878322e-02  -9.0225882e-05   2.1238948e-03   9.1232322e-04
   2.4307983e-02   4.0741935e-02   7.2248609e-02  -5.1394880e-04   2.1204742e-03   8.9351203e-04
   3.0248786e-02  -3.1850266e-02   5.6379765e-02  -5.1901710e-04   2.2813804e-03   7.5582627e-04
   3.1714659e-02  -1.4414587e-02   6.1664062e-02  -6.5637860e-04   2.3284176e-03   6.1986413e-04
   2.8934876e-02   1.5541890e-02   3.9777793e-02  -5.4673245e-04   2.2467056e-03   5.9163496e-04
   3.1240196e-02  -3.3543353e-02   6.3168857e-02  -4.9792014e-04   2.3540546e-03   5.8278515e-04
   2.6298429e-02   1.7042133e-02   3.4172705e-02  -8.3533500e-04   2.1287598e-03   6.0599861e-04
   2.2374520e-02  -9.5951274e-03   4.0142241e-02  -7.1627815e-04   2.1165271e-03   6.9210389e-04
   2.5660670e-02  -4.2974313e-02   1.4195230e-02  -9.2371264e-04   2.1182663e-03   6.0534652e-04
   2.7179062e-02   2.2770362e-02   3.0551680e-02  -8.5554878e-04   2.2247958e-03   7.3730907e-04
   2.8972499e-02  -3.8851616e-02   4.9175527e-02  -1.0646876e-03   2.1269095e-03   8.3621577e-04
   2.3273124e-02   3.6060208e-02   5.4974662e-02  -1.3350805e-03   2.0041077e-03   8.9219470e-04
   2.4663221e-02  -4.6296388e-02   5.1981559e-02  -1.0859210e-03   1.9776830e-03   9.1197060e-04
   2.8379464e-02  -1.3147285e-02   5.2588787e-02  -1.1503426e-03   2.0928678e-03   8.4840136e-04
   3.1002853e-02   5.0919660e-03   2.4579045e-02  -8.6064179e-04   2.1327100e-03   1.0865456e-03
   2.5446552e-02  -6.6674924e-02   2.1300479e-02  -9.7514267e-04   2.0771128e-03   1.0709448e-03
   2.9067714e-02   3.6495547e-02   3.5327876e-02  -1.1140570e-03   1.9824565e-03   1.0287484e-03
   3.4851896e-02  -5.7545700e-02   3.0477877e-02  -8.9205854e-04   2.1369283e-03   1.0192309e-03
   3.2545570e-02   1.0355452e-02   4.7302559e-02  -1.1618405e-03   1.9686044e-03   1.0068940e-03
   3.1950716e-02   8.5519615e-03   3.4511158e-02  -9.8516614e-04   2.1544908e-03   9.7123722e-04
   3.6607100e-02  -5.2264455e-02   1.7435774e-02  -9.9509717e-04   2.7133694e-03   4.8472144e-04
   4.1137337e-02  -3.4240122e-02   2.0166242e-02  -8.3394922e-04   2.8831306e-03   6.9377268e-04
   4.5078300e-02  -2.6400610e-02   5.9407135e-02  -1.1266421e-03   2.9228915e-03   6.3470294e-04
   4.0655571e-02  -3.3069442e-03   5.6534604e-02  -6.9032005e-04   2.7635498e-03   6.2674635e-04
   4.3957735e-02  -5.9296692e-02   7.5329133e-02  -8.7598151e-04   2.7982274e-03   5.3293084e-04
   4.3924286e-02  -9.9972448e-03   6.7685669e-02  -9.7548320e-04   2.7588769e-03   4.8819201e-04
   4.1878359e-02   1.1286158e-03   4.1614846e-02  -1.0061818e-03   2.7888459e-03   5.8867718e-04
   4.5442338e-02  -4.5545092e-02   4.1515387e-02  -1.0093646e-03   2.7537117e-03   5.8324308e-04
   4.2475849e-02   3.4502720e-02   3.9742034e-02  -1.0975458e-03   2.7173315e-03   5.9192260e-04
   4.4191325e-02  -3.2171481e-02   4.2292803e-02  -6.3171621e-04   2.8480733e-03   6.7586984e-04
   4.1801652e-02  -5.6019426e-03   4.3552555e-02  -1.0269598e-03   2.8298422e-03   7.1297561e-04
   4.4252567e-02   1.8849615e-02   4.2411180e-02  -8.0579396e-04   2.7339279e-03   7.2684449e-04
   4.8499469e-02  -3.4052442e-02   5.7309448e-02  -7.9352830e-04   2.9865811e-03   6.1150472e-04
   4.9941761e-02   2.8895493e-02   5.8641746e-02  -7.5403010e-04   3.0339391e-03   6.0913088e-04
   4.8173452e-02  -2.8188387e-02   5.5743990e-02  -6.2118997e-04   3.0507291e-03   5.9584876e-04
   4.6760017e-02   1.5282328e-03   4.8452514e-02  -8.5759285e-04   2.8770589e-03   5.1672119e-04
   5.1981777e-02   2.1128607e-02   4.6538459e-02  -8.3841332e-04   2.9947358e-03   3.5807976e-04
   5.0986853e-02  -4.1692850e-02   6.0690732e-02  -6.8320558e-04   2.9233677e-03   3.7164209e-04
   5.4005909e-02  -1.6653539e-04   4.8051249e-02  -1.2870482e-03   2.9469603e-03   3.2121649e-04
   5.1911834e-02   1.3530680e-02   3.3018935e-02  -6.0330009e-04   2.8284764e-03   2.8969858e-04
   4.8372304e-02  -5.1054020e-02   2.6895775e-02  -4.5151336e-04   2.7022882e-03   2.3124108e-04
   5.0198636e-02   1.7912277e-02   2.7927412e-02  -1.4383018e-03   2.6747565e-03   3.4495595e-04
   5.5561705e-02  -5.0541317e-02   2.6987847e-02  -6.9439232e-04   2.6794238e-03   3.3853603e-04
   5.1959505e-02   4.3742111e-02   2.0600114e-02  -1.0105997e-03   2.4975549e-03   2.7043138e-04
   4.9407453e-02  -3.7952082e-02   1.2504923e-02  -8.2554499e-04   2.4334030e-03   2.6404749e-04
   5.0818565e-02  -1.6354311e-02  -1.5737665e-02  -1.6592057e-03   2.3836714e-03   2.5226616e-04
   5.6011319e-02  -2.6513418e-02  -3.7051790e-02  -9.6391785e-04   2.6038380e-03   3.7442555e-04
   5.5970072e-02  -4.7146739e-03   7.9874526e-03  -1.4538063e-03   2.6939506e-03   3.2454513e-04
   5.2772177e-02   3.6405775e-02   1.5088664e-03  -1.2065456e-03   2.6583344e-03   3.4346351e-04
   5.0686441e-02  -6.6203762e-02  -5.4986108e-03  -1.1983269e-03   2.6869255e-03   2.0322701e-04
   5.0325271e-02   2.2465177e-02   1.3046391e-02  -1.2209230e-03   2.4407930e-03   1.9046417e-04
   5.2910210e-02  -3.2669072e-03   5.7059979e-04  -8.2869802e-04   2.5001338e-03   3.4815522e-04
   5.2868283e-02  -2.0175279e-02   2.6051157e-02  -9.0745147e-04   2.5613465e-03   3.3811947e-04
   4.7738556e-02   1.5338706e-02  -6.1486981e-04  -1.0732274e-03   2.4095590e-03   4.3456253e-04
   4.9386845e-02  -2.6454645e-02  -5.8666988e-03  -6.5297144e-04   2.4990065e-03   4.1902009e-04
   5.1549479e-02  -2.9703435e-03   4.5068424e-03  -1.2587560e-03   2.4643905e-03   3.5120794e-04
   4.4127524e-02   1.0195924e-02  -3.5422687e-02  -7.8087894e-04   2.3190466e-03   4.8424893e-04
   4.8702535e-02  -2.8657828e-02  -1.7681589e-02  -9.4286420e-04   2.2920795e-03   3.3596099e-04
   4.2513321e-02   3.5978301e-03  -4.2991520e-02  -9.3931264e-04   2.2942824e-03   2.7060903e-04
   4.4036742e-02  -4.3600057e-02  -4.0084152e-02  -1.0958299e-03   2.3381276e-03   9.1277429e-05
   3.5823649e-02  -3.5853352e-02  -3.9597557e-02  -1.5062845e-03   2.0982233e-03   6.7411128e-05
   4.2698352e-02   4.7716815e-02  -2.0672216e-02  -1.6046441e-03   2.1984310e-03   1.5947480e-04
   4.9531764e-02  -5.8849305e-02  -3.2776274e-02  -1.4733054e-03   2.4671992e-03  -5.9207364e-06
   4.8673718e-02   1.7426812e-02  -1.3870383e-02  -1.5446512e-03   2.5235688e-03   9.6287577e-05
   5.2228670e-02   1.3613135e-02  -1.8025647e-03  -9.2695971e-04   2.6800819e-03   1.4632492e-04
   5.3867726e-02  -4.7505697e-02  -3.7304859e-03  -7.8271492e-04   2.3962675e-03   1.9464445e-05
   4.8532215e-02  -3.3272659e-03  -2.6842836e-02  -1.2771681e-03   1.8853983e-03   1.1147041e-04
   5.3199741e-02  -6.1188092e-02  -2.0523919e-02  -1.5916392e-03   2.2630204e-03   1.8586165e-05
   5.3182385e-02   2.8489490e-02  -2.4997833e-02  -1.9744678e-03   2.2972949e-03   1.6703091e-04
   5.9285857e-02  -8.5497962e-02  -2.9681056e-02  -1.7604519e-03   2.5752366e-03   2.5230617e-04
   6.3224310e-02   2.7457465e-02  -2.2893670e-02  -1.9489952e-03   2.3208931e-03   4.7039600e-04
   6.8452747e-02  -7.9594721e-02  -3.6791419e-02  -1.3294273e-03   2.6458996e-03   3.3484395e-04
   6.7755465e-02  -2.0134170e-02  -4.5931605e-03  -1.9929767e-03   2.6272358e-03   2.0723877e-04
   6.3513217e-02  -4.8464881e-02  -2.6473899e-02  -1.3243552e-03   2.8052428e-03   3.8999517e-04
   6.6807826e-02  -4.5072688e-02   3.1457821e-02  -1.8009981e-03   2.7347461e-03   2.1885140e-04
   6.6127487e-02   2.5422862e-02   2.7522435e-02  -1.6094396e-03   2.7523404e-03   3.3136190e-04
   6.1819099e-02  -5.7594590e-02   2.6588941e-02  -1.3226644e-03   2.8263000e-03   4.0542207e-04
   6.0947878e-02  -5.1478377e-05   2.3861815e-02  -1.6558063e-03   2.7126367e-03   3.8681340e-04
   6.3352011e-02   1.8024666e-02   1.8004726e-02  -1.2590764e-03   2.8682499e-03   3.4330049e-04
   6.9218606e-02  -1.8392498e-02   4.2228647e-02  -1.3176555e-03   2.9341508e-03   3.5398803e-04
   6.5357248e-02   9.4024441e-03   2.4769409e-02  -1.6540528e-03   2.8185379e-03   4.4767689e-04
   6.6140926e-02  -3.1843610e-03  -6.9551235e-04  -1.4476695e-03   2.9874086e-03   5.2283891e-04
   7.1959500e-02  -3.3166302e-02   2.0899041e-02  -1.6837413e-03   3.1875879e-03   3.4628951e-04
   7.4825226e-02   1.4141302e-02   3.0057954e-02  -1.5234809e-03   3.1534526e-03   3.1329458e-04
   7.5033760e-02  -1.4802234e-02   1.9632664e-02  -1.3434001e-03   3.1886348e-03   3.3668055e-04
   6.7108505e-02  -4.2778070e-02  -7.8370153e-03  -1.4406883e-03   3.0761344e-03   4.0493460e-04
   6.5323874e-02   3.3777833e-02  -1.2247929e-02  -1.6358032e-03   2.9938896e-03   4.1752535e-04
   7.2938401e-02  -1.6891448e-03  -1.6434310e-02  -1.3890192e-03   3.2545510e-03   4.7348267e-04
   7.3373232e-02  -9.6677979e-03  -6.0829588e-03  -1.5959859e-03   3.2340925e-03   3.9303381e-04
   6.7855158e-02   2.6826976e-02   2.2901801e-04  -1.4333417e-03   3.1107307e-03   4.7307752e-04
   7.2775063e-02  -9.6380351e-03  -2.5674710e-02  -1.6269354e-03   3.1333851e-03   5.1868667e-04
   6.9388843e-02  -4.8195693e-02  -1.8814570e-02  -1.4621681e-03   3.1485275e-03   5.1341024e-04
   6.6080917e-02   4.4429174e-03  -7.7575457e-02  -1.7287798e-03   2.8012842e-03   6.7117279e-04
   7.4012475e-02  -2.3739431e-02  -7.2650685e-02  -4.8150874e-04   2.8069809e-03   5.3813917e-04
   7.7675864e-02   4.5012396e-02  -5.0557421e-02  -2.4164477e-04   2.8379872e-03   3.7546947e-04
   6.4473144e-02   5.4533448e-03  -1.1580608e-01  -1.8556999e-03   2.5239058e-03   5.0217748e-04
   6.3569192e-02  -4.6994726e-02  -7.2915434e-02  -1.4744738e-03   2.5392479e-03   5.6189462e-04
   5.8647301e-02   2.0494636e-02  -6.3112367e-02  -1.7958647e-03   2.3891844e-03   6.9506462e-04
