   1.4210855e-14   0.0000000e+00   0.0000000e+00   0.0000000e+00   0.0000000e+00   0.0000000e+00
  -1.0566341e-01   6.5462628e-02   1.1239151e+00   2.0015002e-02   6.9776995e-04   7.0480888e-04
  -1.7833530e-01   9.2134732e-02   1.3363845e+00   2.8669685e-02   2.1934405e-03   1.1844559e-04
  -9.0109684e-02   5.2259388e-02   9.2396514e-01   2.5984678e-02   3.3248735e-03  -4.5125724e-05
  -7.9589539e-02   1.4953490e-01   1.0953965e+00   2.9329206e-02   1.7524096e-03   5.7680489e-05
  -4.6124207e-02   1.3051991e-01   9.4901513e-01   2.7293613e-02   1.1088219e-03  -1.5698794e-03
   1.4031800e-02   1.5473299e-01   1.0596150e+00   2.9458857e-02   3.2725396e-03  -2.4269965e-03
   3.8200374e-02   1.3296358e-01   1.0237770e+00   2.9423558e-02   4.0095174e-03  -2.5134301e-03
   5.9071584e-02   1.7352931e-01   1.0008575e+00   2.9807844e-02   4.2737258e-03  -2.4364910e-03
   9.1428995e-02   1.3237846e-01   9.4491942e-01   2.9354818e-02   4.2249484e-03  -2.5314152e-03
   8.6678916e-02   1.3493363e-01   9.1874043e-01   3.1077565e-02   4.0505088e-03  -2.4331030e-03
   1.3231063e-01   1.6448065e-01   8.9337121e-01   3.0725051e-02   3.8437958e-03  -2.4575673e-03
   1.3625570e-01   1.4880820e-01   9.4348247e-01   3.1831561e-02   3.6003250e-03  -2.0070119e-03
   1.2217709e-01   1.6022594e-01   9.9509842e-01   3.1568903e-02   3.6569349e-03  -1.9393246e-03
   1.4906986e-01   2.2313610e-01   1.0437492e+00   3.3251358e-02   3.6772241e-03  -2.3924662e-03
   1.2056386e-01   1.6913469e-01   1.0813023e+00   3.3317549e-02   3.6554797e-03  -2.5412727e-03
   1.3725903e-01   2.0744030e-01   1.1188306e+00   3.3965687e-02   3.7233450e-03  -3.2746025e-03
   1.6427196e-01   2.3835790e-01   1.1411296e+00   3.3908961e-02   3.4328960e-03  -3.7488083e-03
   1.6245101e-01   2.1943504e-01   1.1399266e+00   3.4865798e-02   4.2982172e-03  -4.2788696e-03
   1.7579739e-01   2.2562235e-01   1.1912875e+00   3.4450689e-02   4.4015756e-03  -4.2357477e-03
   2.0889825e-01   2.8088983e-01   1.1822065e+00   3.5319822e-02   4.0721449e-03  -5.0857902e-03
   1.9484324e-01   1.9143180e-01   1.1750458e+00   3.4388565e-02   4.4339711e-03  -4.6781775e-03
   2.3025131e-01   2.1477201e-01   1.2087687e+00   3.5867143e-02   5.0920725e-03  -3.9947768e-03
   2.5584941e-01   1.9666866e-01   1.2229491e+00   3.4097121e-02   4.3905351e-03  -3.8065796e-03
   2.2604950e-01   1.9539241e-01   1.2070442e+00   3.6744531e-02   4.5779047e-03  -3.5245523e-03
   2.2572240e-01   9.5078394e-02   1.2857766e+00   3.3278095e-02   4.0849715e-03  -3.2749931e-03
   2.0241892e-01   4.2517301e-01   9.8285063e-01   4.9488646e-02   4.0189041e-03  -5.7501199e-03
   9.8556848e-02   8.0993895e-01   9.2814858e-01   7.5799134e-02   8.2739668e-03  -9.1695444e-03
   1.2837278e-01   3.5898807e-01   1.1029600e+00   7.0977631e-02   8.8195546e-03  -9.0211122e-03
   1.4031839e-01   6.0127068e-01   1.3172329e+00   7.1754967e-02   5.0773195e-03  -7.4915303e-03
   1.3368703e-01   5.1742776e-01   1.3534342e+00   7.2986539e-02   5.8071405e-03  -7.1398815e-03
   1.4705973e-01   5.5829719e-01   1.4171815e+00   7.2925150e-02   5.4209057e-03  -7.4233844e-03
   1.5272626e-01   5.4172119e-01   1.3894793e+00   7.2771437e-02   5.4000653e-03  -7.6615985e-03
   1.5846481e-01   5.4111257e-01   1.4539217e+00   7.3150990e-02   5.0440696e-03  -7.9563283e-03
   1.6533436e-01   5.2220183e-01   1.4183444e+00   7.3639365e-02   5.7589344e-03  -8.0031749e-03
   1.7205264e-01   5.4772942e-01   1.5316569e+00   7.2950388e-02   3.9905771e-03  -8.3070879e-03
   1.3712144e-01   5.0749998e-01   1.5087581e+00   6.8673519e-02   1.7060428e-03  -9.3820234e-03
   1.4091703e-01   5.4145227e-01   1.6846111e+00   7.1827737e-02   2.2354624e-03  -8.8797052e-03
   2.4196299e-01   6.7580610e-01   1.6768834e+00   7.0702709e-02   4.0895750e-03  -1.0879108e-02
   2.8840181e-01   6.8655028e-01   2.2655223e+00   6.9801208e-02   2.7913410e-03  -1.1145368e-02
   2.3448160e-01   4.9966579e-01   2.4573669e+00   7.0464856e-02   1.2907303e-03  -9.6396306e-03
   2.4346652e-01   4.6338677e-01   2.1896606e+00   7.1956292e-02   2.0546250e-03  -9.7380158e-03
   2.2454105e-01   5.6441241e-01   2.2836100e+00   7.2093566e-02   2.2909636e-03  -1.0592592e-02
   2.4310397e-01   5.3206656e-01   2.2641756e+00   7.3294450e-02   2.5409855e-03  -1.0055797e-02
   2.6694318e-01   5.1302101e-01   2.3661316e+00   7.3220739e-02   2.4174139e-03  -1.0677755e-02
   2.5351773e-01   5.1005223e-01   2.2783763e+00   7.1447976e-02   2.1939745e-03  -1.0553549e-02
   2.5443216e-01   5.1006086e-01   2.3659316e+00   7.4059443e-02   1.7387759e-03  -1.1124904e-02
   3.0639844e-01   4.8594859e-01   2.4684513e+00   8.0425438e-02   9.0319282e-04  -1.1780703e-02
   3.3233986e-01   5.0699651e-01   2.3375182e+00   7.6589562e-02   7.7418649e-04  -1.2284460e-02
   3.1259375e-01   5.8644293e-01   2.3770112e+00   7.6035474e-02   5.4540215e-04  -1.2259756e-02
   3.0910913e-01   4.9834239e-01   2.2527412e+00   7.5574150e-02   5.3082482e-04  -1.1857940e-02
   2.9761121e-01   5.9874460e-01   2.3343342e+00   7.4397563e-02   4.9693041e-04  -1.2067000e-02
   3.2941314e-01   5.4303916e-01   2.1707990e+00   7.3331299e-02  -1.8155486e-05  -1.3061966e-02
   4.2311749e-01   4.6259863e-01   2.7209258e+00   6.5792083e-02  -2.3373480e-03  -1.5655362e-02
   2.4380267e-01   6.8739789e-01   3.0608198e+00   6.2001715e-02  -1.5819285e-03  -1.6330316e-02
   2.3536243e-01   5.6794388e-01   2.9432896e+00   6.4395600e-02  -9.3205689e-04  -1.6136663e-02
   2.3283062e-01   4.8004831e-01   3.1364608e+00   6.4400142e-02  -7.7725779e-04  -1.5199099e-02
   2.5087475e-01   4.6562654e-01   3.0333658e+00   6.5901561e-02  -3.9905155e-04  -1.5178447e-02
   2.7452963e-01   4.9619090e-01   3.1322104e+00   6.5373131e-02  -9.2997740e-04  -1.4733385e-02
   2.6445883e-01   4.4778365e-01   3.0454571e+00   6.6465483e-02  -1.2263849e-03  -1.4663783e-02
   2.6432345e-01   4.4875215e-01   3.1871442e+00   6.5699591e-02  -5.5606451e-04  -1.4998467e-02
   2.9194620e-01   4.7873086e-01   3.0782887e+00   6.6059335e-02  -9.6414219e-04  -1.5463763e-02
   2.7390867e-01   4.2274926e-01   3.1656003e+00   6.5189876e-02  -9.1561646e-04  -1.4800388e-02
   2.9214519e-01   4.7061003e-01   2.9640549e+00   6.4921037e-02  -1.0567850e-03  -1.4837493e-02
   3.4838527e-01   4.7373109e-01   3.0697255e+00   6.6726304e-02  -1.0797658e-03  -1.5545001e-02
   3.1543241e-01   4.9542889e-01   3.0794778e+00   6.7022169e-02  -8.2383657e-04  -1.4993388e-02
   3.1760203e-01   5.0307770e-01   3.0437360e+00   6.7034298e-02  -5.7536177e-04  -1.4441326e-02
   3.3061210e-01   4.8380752e-01   3.0509418e+00   6.7778418e-02  -1.2041181e-03  -1.4071230e-02
   3.4095674e-01   4.7400305e-01   3.0864823e+00   6.6895042e-02  -8.0270815e-04  -1.4530786e-02
   3.1634947e-01   4.7782168e-01   3.0545271e+00   6.4901855e-02  -1.8163272e-03  -1.4276610e-02
   3.0536489e-01   5.3944078e-01   3.0207007e+00   6.3283212e-02  -1.4054873e-03  -1.4502712e-02
   2.8620078e-01   4.6879075e-01   2.9902002e+00   6.5492987e-02  -7.1808253e-04  -1.4915751e-02
   2.6726740e-01   5.4102237e-01   2.9872199e+00   6.5050706e-02  -3.5654700e-04  -1.4476476e-02
   2.8235751e-01   4.8426933e-01   2.9503773e+00   6.6651656e-02  -8.0372558e-04  -1.4136321e-02
   2.8595159e-01   4.8819520e-01   2.9363438e+00   6.4140777e-02   2.7081815e-04  -1.3646522e-02
   3.2299229e-01   5.9860295e-01   2.9766712e+00   5.9180736e-02  -7.8829260e-04  -1.2371398e-02
   3.0310642e-01   4.3556107e-01   3.2013935e+00   5.6970961e-02  -1.8564365e-03  -1.2032294e-02
   2.4096896e-01   3.1819043e-01   2.6474391e+00   5.5858650e-02  -3.4062704e-03  -1.1169735e-02
   2.4512983e-01   3.4073292e-01   2.4313746e+00   6.0421215e-02  -3.1311021e-03  -1.3281835e-02
   2.6691864e-01   4.4572459e-01   2.4439361e+00   6.4082106e-02  -1.7105159e-03  -1.2871907e-02
   2.8049726e-01   4.1202880e-01   2.4797709e+00   6.4079454e-02  -1.8254089e-03  -1.2532278e-02
   3.4533669e-01   4.0615782e-01   2.4624807e+00   6.5678638e-02   8.0393310e-04  -1.2123964e-02
   3.8645454e-01   3.8753723e-01   2.5662799e+00   6.6672529e-02   7.3300528e-04  -1.2602896e-02
   4.3067827e-01   4.1348754e-01   2.5145549e+00   6.7392120e-02   2.5710002e-05  -1.2662502e-02
   4.3760765e-01   3.9254179e-01   2.5448462e+00   6.8249923e-02   4.1998504e-04  -1.2500286e-02
   4.9094116e-01   4.1359080e-01   2.5892823e+00   6.9020152e-02   7.7652307e-04  -1.2757331e-02
   5.1151258e-01   4.1208889e-01   2.5811458e+00   6.8665939e-02   6.5725291e-04  -1.2819119e-02
   4.8028475e-01   4.3323060e-01   2.4982241e+00   6.8730730e-02   6.6312256e-04  -1.2837893e-02
   4.9638075e-01   5.0495245e-01   2.8194400e+00   6.7649572e-02   1.3881176e-03  -1.3314099e-02
   5.3320243e-01   4.3146634e-01   2.7367069e+00   6.7224436e-02   1.0654971e-03  -1.3376384e-02
   6.2796812e-01   4.9874983e-01   2.9878676e+00   6.6643515e-02  -5.8926776e-06  -1.4335602e-02
   7.1630844e-01   7.3538499e-01   2.3038986e+00   7.3914358e-02  -3.5533828e-03  -1.7794532e-02
   6.4089797e-01   5.2086160e-01   2.3624426e+00   7.3392391e-02  -3.9881390e-03  -1.8688170e-02
   6.1476898e-01   6.2205932e-01   2.7051361e+00   7.0729895e-02  -4.4670880e-03  -1.7554519e-02
   5.6999959e-01   5.1603583e-01   2.5401758e+00   6.8860434e-02  -5.9020724e-03  -1.6322053e-02
   5.9969924e-01   4.7889285e-01   2.7482377e+00   6.9641154e-02  -4.7798047e-03  -1.6391079e-02
   6.0969206e-01   5.0279612e-01   2.6336548e+00   6.8370166e-02  -5.4519231e-03  -1.6160454e-02
   6.4388868e-01   4.6155753e-01   2.7276191e+00   6.9226295e-02  -5.3059536e-03  -1.6537564e-02
   6.1918239e-01   4.7538527e-01   2.6089377e+00   6.8429330e-02  -5.5389292e-03  -1.6859827e-02
   6.3941702e-01   5.0966717e-01   2.5778730e+00   6.7536496e-02  -5.4227850e-03  -1.7050633e-02
   5.7849115e-01   4.6789908e-01   2.4580390e+00   6.3170470e-02  -5.5193976e-03  -1.5953308e-02
   5.8360002e-01   5.2597147e-01   2.5306374e+00   6.3667880e-02  -5.8580314e-03  -1.5843443e-02
   5.6997360e-01   3.0106352e-01   2.5082769e+00   6.8868586e-02  -7.0138538e-03  -1.7499379e-02
   4.9041187e-01   5.4091139e-01   2.3916398e+00   6.4987214e-02  -5.4102246e-03  -1.6360909e-02
   5.4116837e-01   4.8030051e-01   2.3217753e+00   6.7316756e-02  -5.0733910e-03  -1.6805211e-02
   5.6432293e-01   4.7085260e-01   2.4062179e+00   6.6780143e-02  -4.5657633e-03  -1.6299251e-02
   5.9303493e-01   4.9062056e-01   2.4575356e+00   6.8674171e-02  -4.5305497e-03  -1.6961281e-02
   6.2388692e-01   5.1040550e-01   2.5535999e+00   6.8738541e-02  -4.4611099e-03  -1.7027495e-02
   5.7858766e-01   4.5341966e-01   2.5760250e+00   7.2128949e-02  -4.8244720e-03  -1.7620107e-02
   5.2637698e-01   3.7571804e-01   2.7362217e+00   7.6040647e-02  -4.1417566e-03  -1.7736068e-02
   5.8474191e-01   4.7392850e-01   2.6754005e+00   7.4832689e-02  -3.3474269e-03  -1.7441518e-02
   5.9407803e-01   4.3707388e-01   2.5817696e+00   7.1944803e-02  -2.9946830e-03  -1.7250463e-02
   6.0538083e-01   4.9504730e-01   2.5732099e+00   7.0930548e-02  -3.0484397e-03  -1.7725408e-02
   6.1214039e-01   4.7971227e-01   2.4159877e+00   7.2435771e-02  -3.0692023e-03  -1.7956229e-02
   6.4387102e-01   2.8174779e-01   1.9198998e+00   8.3357245e-02  -5.1316385e-03  -1.8157761e-02
   4.6689615e-01   8.2275868e-01   2.6461577e+00   7.1385273e-02  -4.7711906e-03  -1.8631393e-02
   4.6576631e-01   6.8369735e-01   2.9956105e+00   6.9227956e-02  -4.3767213e-03  -1.8038160e-02
   4.5011438e-01   6.3682578e-01   2.9348540e+00   6.9465487e-02  -5.1207778e-03  -1.7003597e-02
   4.4540844e-01   6.1805143e-01   2.9452478e+00   6.8017548e-02  -5.6296505e-03  -1.7059171e-02
   4.8515040e-01   5.7220710e-01   2.9354383e+00   6.8344894e-02  -5.2087166e-03  -1.7269456e-02
   4.9134729e-01   5.8712373e-01   2.9828455e+00   6.7988010e-02  -5.1208044e-03  -1.7212240e-02
   4.9469162e-01   5.9684975e-01   2.9594489e+00   6.7384314e-02  -5.4056676e-03  -1.7531918e-02
   5.0770713e-01   5.6208185e-01   3.0177889e+00   6.7464209e-02  -5.3645992e-03  -1.7916449e-02
   4.7483121e-01   5.5518112e-01   3.0118461e+00   6.7233403e-02  -4.7346942e-03  -1.7777987e-02
   4.7953773e-01   5.8716377e-01   2.9724553e+00   6.6250243e-02  -4.6015616e-03  -1.6685072e-02
   4.8724748e-01   5.2588784e-01   2.9333311e+00   6.5980821e-02  -5.2579674e-03  -1.7512759e-02
   4.9481065e-01   6.1413378e-01   2.9439230e+00   6.4666830e-02  -4.5449861e-03  -1.6780049e-02
   4.9341765e-01   5.0700009e-01   2.9030506e+00   6.5310362e-02  -4.3013924e-03  -1.6933633e-02
   4.8237151e-01   5.3296065e-01   2.8720150e+00   6.4094717e-02  -4.6105148e-03  -1.6940958e-02
