   0.0000000e+00   0.0000000e+00   7.1054274e-15   1.3877788e-17  -3.4694470e-18   4.8148249e-35
  -1.9367120e-02   4.8938633e-03   1.0078577e-01  -1.3815742e-04   9.8700462e-04  -4.9172343e-04
  -4.0363754e-02   5.6755205e-03   2.7702012e-02   4.7029588e-03  -3.6117159e-04  -2.0592436e-04
  -5.9510505e-02   8.1577709e-02   1.0966607e-01   6.0808983e-03   2.0880363e-04  -1.0119005e-03
  -4.9745608e-02   3.3995210e-02   8.9416951e-02   3.6095499e-03   2.0104002e-04  -7.9358478e-04
  -5.0958942e-02   4.4213599e-02   1.0365388e-01   3.3005569e-03   1.6720400e-04  -1.1883712e-03
  -6.5310741e-02   4.0755520e-02   1.0841971e-01   4.2730088e-03   8.1741286e-04  -2.5547949e-03
  -5.4092079e-02   3.0749064e-04   3.5437796e-02   2.7279121e-03   3.8874304e-04  -1.6582011e-03
  -6.6110445e-02   4.9656354e-02   6.7630705e-02   1.6024626e-03   8.5289027e-04  -1.4989820e-03
  -4.0929833e-02   2.7978542e-02   3.9243176e-02   1.1045451e-03   1.0159423e-03  -8.7486641e-04
  -4.6740445e-02   3.0344815e-02   9.7648495e-02   9.1327177e-04   1.2770123e-03  -6.7752542e-04
  -7.0406881e-02   2.5184058e-02   1.4404966e-01   9.5372710e-04   9.7318797e-04  -3.3191656e-04
  -6.0619785e-02   2.2511465e-02   1.2769990e-01   2.1597021e-04   8.8491908e-04   3.6584898e-05
  -1.1195631e-01   2.1797626e-02   1.8645247e-01  -3.4041934e-05   8.6643270e-04  -3.7346908e-04
  -1.4940505e-01   1.9591250e-02   1.9325976e-01   3.3520786e-04   3.3609438e-04   1.1006136e-04
  -1.3054050e-01   1.0666047e-02   2.4385315e-01   6.0039156e-04  -9.3640437e-05   6.2383969e-04
  -1.5214010e-01   1.9903872e-02   2.1015078e-01   5.6419934e-04   4.2401279e-05   5.6196085e-04
  -1.3459449e-01  -8.6913159e-03   2.2040187e-01   7.3969430e-04  -3.1025484e-04   7.1678280e-04
  -1.4713934e-01   4.7103552e-02   2.3464990e-01   8.0736460e-04  -3.6310563e-04   9.6180641e-04
  -1.7432818e-01   4.3381723e-02   3.6941336e-01   1.5805710e-03  -1.0963009e-03   7.8603292e-04
  -1.4208577e-01   1.0289614e-02   3.2141022e-01   1.3039210e-03  -9.7594114e-04   4.3230439e-04
  -1.4278865e-01  -3.5980124e-03   2.7743807e-01   4.3893777e-04  -1.7515379e-03   9.2766568e-04
  -1.6376068e-01   3.6167209e-02   2.9263352e-01   1.8692566e-04  -1.5282901e-03   9.7693029e-04
  -2.0197922e-01   3.4838995e-02   3.1727095e-01   2.7022688e-04  -2.3296354e-03   1.4561184e-03
  -1.8618644e-01   8.8388469e-02   4.5710877e-01   2.3163902e-03  -1.7479413e-03   1.3207488e-03
  -1.3095506e-02   2.4997838e-02   6.9838239e-01   3.9731287e-03  -1.8288658e-03   2.5954378e-04
  -6.4277597e-03  -3.8110033e-02   5.5873617e-01   1.9061385e-03  -1.7683005e-03  -7.4084501e-04
  -6.2961176e-02   1.1449945e-02   3.7733358e-01   1.6231180e-03  -8.3698285e-04  -9.0462517e-04
  -4.3785978e-02   7.5721253e-03   4.7220624e-01  -6.9329754e-05  -1.3575761e-03  -3.7675532e-04
  -7.5513058e-02   1.7686890e-02   4.5704953e-01  -2.3729955e-04  -1.8215755e-03  -2.0129415e-04
  -7.9217349e-02  -2.0184331e-02   5.6165679e-01   6.6181789e-04  -1.8845482e-03   3.3568577e-05
  -8.2256878e-02   3.5916054e-02   6.5853672e-01   3.1016198e-03  -1.8945667e-03  -1.6778750e-04
  -4.9676635e-02  -2.8818107e-02   5.8565052e-01   6.0585496e-04  -2.3032836e-03   2.2610280e-04
  -4.9741248e-02   1.6685764e-02   5.6361875e-01  -3.4775195e-05  -2.2445877e-03  -1.2048062e-04
  -6.6520404e-02   4.4016943e-02   5.8294179e-01  -3.7843068e-04  -1.6340127e-03   4.4395653e-04
  -8.5174448e-02   1.7418875e-02   6.2862756e-01   1.7864157e-04  -2.5495485e-03   1.3414191e-03
  -1.2166960e-01   2.7230943e-02   7.0393625e-01   1.7460024e-04  -2.9471294e-03   1.2682687e-03
  -8.3452727e-02  -2.2810488e-03   6.9605997e-01   1.4169003e-03  -3.1872973e-03   1.3193735e-03
  -6.2058733e-02   4.0424960e-02   8.0452993e-01   2.3665691e-03  -2.8917549e-03   2.1846884e-03
  -9.2652685e-02   3.4409071e-02   7.8829035e-01   2.7731496e-03  -2.6908928e-03   3.1360243e-03
  -9.3906568e-02   1.6576611e-02   7.8458871e-01   2.4559927e-03  -3.9644218e-03   2.4718510e-03
  -1.1677428e-01   3.4163917e-02   8.3617955e-01   3.4035411e-03  -3.1475051e-03   2.2016893e-03
  -1.4712098e-01   4.6332315e-02   8.8235797e-01   4.0648698e-03  -3.5021328e-03   1.4783023e-03
  -1.1258153e-01  -1.9245249e-02   9.2040158e-01   3.7582964e-03  -3.6288463e-03   1.3322343e-03
  -1.4079494e-01   4.2776366e-02   9.2358840e-01   2.3530308e-03  -3.1066735e-03   1.6418884e-03
  -1.4856571e-01   2.6765790e-02   9.0414003e-01   2.6713393e-03  -3.6533393e-03   2.2022898e-03
  -1.2691582e-01   3.0207831e-02   9.0552466e-01   2.0878213e-03  -3.8605646e-03   2.5483150e-03
  -1.3943911e-01   3.4696855e-02   9.6886191e-01   1.8232820e-03  -4.4004531e-03   2.5559994e-03
  -1.7463409e-01   2.9804551e-02   1.0998377e+00   2.7554066e-03  -5.3311121e-03   2.3063761e-03
  -1.8470433e-01   2.9963776e-03   1.0327873e+00   2.4079588e-03  -5.0653707e-03   2.4188617e-03
  -1.1700083e-01  -6.6539542e-02   9.2838086e-01   9.9927173e-04  -5.1619645e-03   1.0339647e-03
  -5.2914895e-02  -3.2798349e-02   8.1276321e-01   4.3709123e-03  -4.5249865e-03   2.5233691e-03
  -5.5055141e-02  -2.9128077e-02   7.5480367e-01   1.2254553e-03  -3.6473114e-03   2.3822270e-03
  -1.3813014e-01   1.0306728e-03   8.1965680e-01   1.5692006e-03  -4.4856793e-03   1.9213831e-03
  -1.3431128e-01  -6.8856765e-02   9.0625186e-01   1.8712674e-03  -3.2877276e-03   1.3554846e-03
  -1.2731638e-01  -5.9419437e-02   7.9904385e-01   2.3209311e-03  -5.6693854e-03   6.7456430e-04
  -1.2143829e-01  -7.5092417e-02   8.3483559e-01   1.4563487e-03  -5.5719185e-03   2.0206065e-03
  -1.1525221e-01  -4.7248627e-02   8.4370240e-01   1.6678212e-03  -5.8463036e-03   1.9619317e-03
  -1.3778592e-01  -4.3182060e-02   8.2946069e-01   1.3744764e-03  -5.9847273e-03   1.2046317e-03
  -1.5700032e-01  -7.7026272e-03   9.0050961e-01   1.5771221e-03  -5.6927963e-03   1.6868865e-03
  -1.8517637e-01  -1.1707891e-02   9.6399873e-01   1.9633810e-03  -5.8773718e-03   1.5272276e-03
  -1.4393945e-01  -3.4174448e-02   9.4004383e-01   3.1730753e-03  -6.7205216e-03   1.1253587e-03
  -9.5256730e-02  -4.8000920e-02   8.2132568e-01   9.0600596e-04  -6.4232008e-03   6.9171318e-04
  -1.1550964e-01  -3.5754386e-02   8.6955667e-01   5.5377390e-04  -6.0382436e-03   2.0623364e-04
  -1.5118839e-01  -6.3108123e-03   8.9617424e-01   1.0850264e-03  -6.1806379e-03   3.7922257e-04
  -1.4123008e-01  -4.1626420e-02   8.4056393e-01   1.6959992e-04  -5.9984485e-03   4.5781228e-04
  -1.5863072e-01  -7.8834059e-02   8.8288720e-01   5.5210091e-04  -6.3850720e-03  -3.8399840e-04
  -1.9020500e-01  -3.5486978e-02   9.7572610e-01   1.8362238e-03  -6.3946240e-03  -6.0706278e-04
  -1.9063548e-01  -3.6167204e-02   8.7563441e-01   1.3115377e-03  -5.9318850e-03  -1.0900014e-03
  -1.7985513e-01  -1.8816473e-02   8.9309172e-01   2.5605172e-04  -5.7757883e-03  -1.0401115e-03
  -9.1990204e-02   7.8737023e-03   7.2946563e-01   6.4597757e-05  -6.1088762e-03  -8.4864966e-04
  -5.8590642e-02   5.8978239e-02   8.1931948e-01   2.5997371e-03  -6.0594676e-03  -2.8414674e-04
  -7.8039910e-02   6.2658604e-02   9.3701704e-01   1.3166392e-03  -7.2072082e-03   4.1629501e-05
  -6.4213576e-02   6.1827914e-02   1.0186186e+00   3.1875203e-03  -5.6458340e-03  -2.0770061e-04
  -1.0613915e-01  -2.7765396e-02   9.2340182e-01   1.8379951e-03  -5.6135533e-03  -7.3054149e-04
  -9.7861472e-02  -6.9929427e-02   7.8277121e-01  -3.4602473e-04  -6.1510970e-03   1.4379285e-04
  -8.3709374e-02  -2.7501301e-02   9.3060611e-01   1.1620579e-04  -5.8820034e-03   5.3959453e-04
  -1.1115399e-01   6.6621974e-02   1.0036144e+00   4.5331798e-03  -4.7795481e-03  -4.5285140e-04
  -1.1511321e-01   1.5950751e-02   8.7007029e-01   2.8658553e-03  -5.3240828e-03   1.4720383e-04
  -1.2334571e-01   1.1757935e-01   8.8286943e-01   2.1919411e-03  -6.8095308e-03  -1.0735151e-04
  -1.5783018e-01   1.5625459e-01   1.0857191e+00   2.1372667e-03  -6.7159163e-03  -1.8798512e-03
  -1.8122509e-01   1.6403367e-01   9.6810928e-01   1.6955014e-03  -7.3443100e-03  -2.0805993e-03
  -1.5936155e-01   1.4438748e-01   9.8084322e-01  -4.9540442e-04  -8.0092283e-03  -2.5190065e-03
  -1.8818683e-01   1.6843322e-01   1.1276983e+00   9.4447463e-04  -7.8157584e-03  -2.5381566e-03
  -1.8937977e-01   1.2005607e-01   1.0830398e+00   1.1950661e-03  -7.4002925e-03  -2.4388695e-03
  -1.9540130e-01   9.1025245e-02   1.1050968e+00   3.2708074e-04  -8.1486740e-03  -3.3980765e-03
  -2.0470651e-01   1.1013280e-01   1.2540318e+00   1.0412286e-03  -7.9674542e-03  -2.6041640e-03
  -2.2421642e-01   1.1008108e-01   1.1864746e+00   2.2749726e-03  -7.5124584e-03  -3.2163957e-03
  -1.7326338e-01   7.2647832e-02   1.1264727e+00   1.0465616e-03  -7.8697233e-03  -2.8849902e-03
  -1.3138816e-01  -1.5923907e-02   1.0927064e+00   1.7770033e-03  -6.3539068e-03  -2.4771385e-03
  -1.2046748e-01  -1.4078277e-02   1.0873300e+00   1.5326939e-03  -6.2876762e-03  -2.3207532e-03
  -1.2387459e-01  -5.3847098e-02   1.1005168e+00   1.3717140e-03  -7.1764767e-03  -1.9637616e-03
  -1.5281773e-01  -2.3665274e-02   1.2104782e+00   1.1416624e-03  -7.3492508e-03  -9.2991631e-04
  -1.9570430e-01   4.7548637e-02   1.2783942e+00   3.1871831e-03  -7.4286230e-03  -1.1543149e-03
  -1.9847136e-01   3.3018615e-02   1.2922935e+00   2.9612118e-03  -6.6321227e-03  -1.2314548e-03
  -2.3896073e-01   3.2294242e-02   1.2556959e+00   4.7037289e-03  -6.2322883e-03  -1.0376544e-03
  -2.3114216e-01   3.7120738e-02   1.4251652e+00   4.8898635e-03  -6.4503563e-03  -2.6238531e-03
  -1.6508396e-01   1.7099328e-02   1.3547266e+00   2.7649839e-03  -7.1392427e-03  -3.1516312e-03
  -1.8020105e-01   3.0618843e-03   1.2641817e+00   7.0626287e-04  -7.2168559e-03  -1.7112652e-03
  -1.0655286e-01   6.9912341e-02   4.0386631e-01   6.9244049e-03  -6.9915322e-03   2.4314502e-04
  -1.1375775e-01   1.4708480e-01   4.2396383e-01   8.1712802e-03  -6.3256578e-03   9.1735287e-06
  -1.2188483e-01   1.2223251e-01   5.7551290e-01   3.9478174e-03  -6.5039001e-03  -5.1389526e-04
  -1.4237859e-01   1.3287548e-01   4.4587760e-01   4.1967264e-03  -6.6904936e-03  -3.2476281e-04
  -1.4194137e-01   5.7995524e-02   5.1171836e-01   2.7411408e-03  -7.2833421e-03  -4.1373476e-04
  -2.2482168e-01   7.0121729e-02   8.5395935e-01   6.2838928e-03  -8.3466791e-03  -1.9408678e-03
  -2.6001577e-01   2.4013285e-02   9.5371138e-01   6.9017220e-03  -9.6308302e-03  -3.1500107e-03
  -2.6070924e-01   5.3364181e-02   1.0803436e+00   7.3984544e-03  -9.7562020e-03  -3.1480453e-03
  -2.6822227e-01   5.0446789e-02   1.1950145e+00   8.0048502e-03  -9.8531306e-03  -4.0789473e-03
  -2.2076496e-01   1.9694325e-02   1.2423602e+00   8.5318481e-03  -9.4215988e-03  -3.7092765e-03
  -2.0971262e-01   2.9682809e-02   1.3164139e+00   7.8600391e-03  -9.3666057e-03  -3.6594133e-03
  -2.2436723e-01   3.8356371e-02   1.3993894e+00   8.5992195e-03  -9.1849577e-03  -3.6915782e-03
  -2.2632408e-01   1.2441915e-01   1.3919288e+00   8.4992890e-03  -9.2469184e-03  -4.2168769e-03
  -2.0610861e-01   1.2621821e-01   1.4623119e+00   9.0446204e-03  -9.7296702e-03  -4.7462730e-03
  -2.1394229e-01   6.2589710e-02   1.4938929e+00   9.9035082e-03  -9.3210261e-03  -4.9803150e-03
  -1.9996039e-01   6.3100643e-02   1.5367218e+00   1.0701661e-02  -8.6319769e-03  -4.7824508e-03
  -1.9984958e-01   7.4908245e-02   1.4933772e+00   1.0390403e-02  -8.7178368e-03  -4.5916074e-03
  -1.9125527e-01   6.2100998e-02   1.5376682e+00   1.2016277e-02  -9.1764298e-03  -4.3000955e-03
  -2.3159872e-01   7.3700717e-02   1.5310973e+00   1.1292841e-02  -8.5372898e-03  -5.0708292e-03
  -2.9422921e-01   1.2356303e-01   1.4998478e+00   8.2766636e-03  -8.2193692e-03  -6.8304331e-03
  -2.7580690e-01   1.3679253e-01   1.5198507e+00   8.5094750e-03  -8.4251369e-03  -6.1866899e-03
  -2.4788439e-01   1.1800089e-01   1.5031350e+00   7.7671444e-03  -8.2203807e-03  -6.3463979e-03
  -2.6227294e-01   1.4455963e-01   1.5323810e+00   7.9386640e-03  -8.7287528e-03  -6.4011236e-03
  -2.6354799e-01   1.2730642e-01   1.5942986e+00   8.1635750e-03  -8.4799381e-03  -6.6956464e-03
  -2.4210905e-01   2.6112655e-02   1.4369112e+00   8.7360718e-03  -8.9367374e-03  -5.9195779e-03
  -2.1569978e-01   2.9936320e-03   1.3563428e+00   5.8675240e-03  -9.5846885e-03  -4.9443973e-03
  -2.3237807e-01   1.5075379e-02   1.4656438e+00   5.3350321e-03  -8.9090359e-03  -5.5284408e-03
  -2.5652841e-01   5.2784620e-02   1.4791528e+00   8.5340741e-03  -8.7325795e-03  -5.2070786e-03
  -2.1047336e-01   3.0102702e-02   1.3775372e+00   7.5887188e-03  -6.9987609e-03  -4.9092219e-03
  -1.8255424e-01  -4.3552961e-03   1.3739736e+00   7.6242729e-03  -6.9758598e-03  -4.4326515e-03
