   0.0000000e+00   0.0000000e+00   0.0000000e+00   0.0000000e+00   0.0000000e+00   0.0000000e+00
  -2.6579728e-03  -5.0152367e-02  -1.5741506e-02   5.4845927e-04  -1.5231533e-04  -8.8997107e-05
  -4.6102736e-03   1.3803529e-02   3.5382794e-02   1.6560092e-04  -1.8526832e-04   1.5416453e-04
   3.0149605e-03  -5.4204559e-02  -2.9826895e-03   5.9537559e-04  -2.0474961e-04   1.8948715e-05
   7.5364940e-03  -4.6626112e-03   8.2339930e-03  -2.9778765e-05  -4.0600757e-04  -3.9225232e-05
   1.3417388e-03  -4.6366580e-02  -2.8001794e-03   3.8707916e-04  -6.2401885e-04  -1.6471241e-04
   5.9215334e-02   1.5370674e-02   1.8202599e-03  -4.3641427e-04  -8.9373109e-04   3.3049277e-04
   4.3850144e-02  -2.9227035e-02  -1.5596552e-02  -4.3523580e-04  -6.3056114e-04   8.1474237e-04
   3.6919054e-02   3.9291951e-03  -7.7326893e-03  -2.0208492e-04  -6.8244781e-04   6.6013156e-04
   1.1412731e-02  -1.0797683e-02   1.6269725e-02   3.4395917e-04  -6.1140011e-04   2.9091866e-05
   2.2089551e-02  -5.5420936e-03  -2.1046891e-02  -3.0859838e-05  -7.3825791e-04   4.0395859e-04
   2.9975150e-02   2.3817081e-02  -2.7601102e-03  -2.2491541e-04  -9.8399384e-04   7.5968136e-04
  -5.9076822e-03  -2.4142468e-02  -6.2654180e-02  -1.2976862e-04  -5.5910017e-04   5.0689579e-04
   2.5446321e-03   3.6895625e-02   4.0744175e-03  -1.5415946e-04  -9.6001641e-04   6.3645906e-04
   2.8950254e-02  -1.0337209e-02  -1.0343832e-01  -5.6546216e-04  -1.0730587e-03   8.3534655e-04
   8.7659877e-03   4.5326409e-02  -3.7673873e-03  -5.8617264e-04  -1.0017800e-03   1.0417618e-03
  -5.6809395e-03  -6.3155936e-02  -1.5575916e-01   3.9007479e-04  -6.7620658e-04   6.8489616e-04
  -2.1331151e-03   2.4693076e-02  -8.8059822e-02  -5.7726326e-04  -1.0819830e-03   1.4157657e-03
  -4.0050781e-03  -3.2903148e-02  -1.3739343e-01  -4.8537488e-04  -8.2725325e-04   1.3104574e-03
   6.2297678e-03   5.2748892e-02  -5.0412906e-02  -1.1256613e-03  -1.2049108e-03   1.1329647e-03
   1.5629468e-02  -2.8465608e-02  -1.3804617e-01  -8.1470784e-04  -1.1984514e-03   7.6392611e-04
   3.0428081e-02   2.4515879e-02  -7.3978300e-02  -1.5520256e-03  -1.0401733e-03   1.0181373e-03
   2.3871721e-02  -1.4743073e-02  -1.1347684e-01  -1.2725450e-03  -1.2011034e-03   1.1167743e-03
   1.4360807e-02   3.8323584e-02  -1.2769629e-01  -2.1046368e-03  -1.0971874e-03   1.0993569e-03
   6.5187260e-03   7.1521003e-03  -1.1004207e-01  -1.1985215e-03  -1.2369765e-03   1.2503102e-03
   7.8185213e-03   2.1164720e-02  -9.5304951e-02  -1.3886558e-03  -1.2949676e-03   1.0037580e-03
   5.5350909e-03   6.2042036e-02  -1.4711448e-01  -2.8696030e-03  -1.1824919e-03   1.1305812e-03
  -2.4523190e-03   7.3175657e-02  -1.0983412e-01  -2.8384513e-03  -1.1489709e-03   1.1205781e-03
   1.1166469e-02   5.5331863e-02  -1.2240700e-01  -2.7949217e-03  -1.3688620e-03   1.0109066e-03
   9.5002084e-03   9.2421652e-02  -1.1882683e-01  -3.3144984e-03  -1.2506137e-03   1.0615840e-03
   7.6135353e-03   5.8906029e-02  -1.2827576e-01  -3.1360433e-03  -1.1370636e-03   1.1373877e-03
   4.8355706e-03   8.4490135e-02  -1.5469125e-01  -3.3863898e-03  -1.0412478e-03   1.4262008e-03
   1.9120014e-02   7.5412187e-02  -1.1164461e-01  -3.2675121e-03  -9.5640350e-04   1.1877269e-03
   8.3330301e-03   9.2820964e-02  -1.3295346e-01  -3.1638124e-03  -1.0254311e-03   1.4873805e-03
   2.3376644e-02   6.0816206e-02  -1.0754266e-01  -2.7704980e-03  -1.0673038e-03   1.1797035e-03
   3.2264582e-02   9.2163276e-02  -1.5527253e-01  -3.2444270e-03  -1.0815732e-03   1.2595843e-03
   3.6453731e-02   6.7817002e-02  -9.1815513e-02  -3.1936355e-03  -1.1634543e-03   1.3596655e-03
   1.8210990e-02   8.6826346e-02  -1.5923443e-01  -3.3972532e-03  -8.4315855e-04   1.4339424e-03
   3.6854664e-02   7.7342635e-02  -1.5866071e-01  -3.3526848e-03  -1.3046085e-03   1.3959034e-03
   1.6164563e-02   8.7408418e-02  -1.9907697e-01  -3.5557009e-03  -1.0764130e-03   1.7091044e-03
   3.6015555e-02   7.9720723e-02  -1.6044409e-01  -4.0767729e-03  -1.1706361e-03   1.8073437e-03
   9.3955179e-03   8.6449554e-02  -1.8594791e-01  -3.6543291e-03  -8.7409030e-04   1.6246328e-03
   3.1873166e-02   9.7317833e-02  -1.9952402e-01  -3.9527270e-03  -1.1940676e-03   1.8463056e-03
   2.6248167e-02   9.0031100e-02  -2.0763334e-01  -4.0519331e-03  -1.0703983e-03   1.8175428e-03
   2.8297305e-02   8.6292866e-02  -2.0433136e-01  -4.0779099e-03  -1.0058898e-03   1.7316024e-03
   9.9599624e-03   9.0371416e-02  -2.1021303e-01  -3.9964332e-03  -9.6382452e-04   2.0191694e-03
   2.6311446e-02   8.9225144e-02  -2.2366114e-01  -4.2252042e-03  -1.1107450e-03   1.9717439e-03
   1.1135118e-02   9.9631463e-02  -2.1919561e-01  -4.3071072e-03  -8.5642260e-04   2.1294266e-03
   5.8396434e-03   7.7078720e-02  -2.2531384e-01  -4.4478696e-03  -6.1974985e-04   2.0654967e-03
  -7.3927708e-03   1.1255293e-01  -2.1626756e-01  -4.6441129e-03  -5.0333096e-04   2.2919316e-03
   4.5587058e-03   1.0392258e-01  -2.0417745e-01  -4.9288509e-03  -8.1221927e-04   1.9567194e-03
   8.2591952e-03   1.3083444e-01  -1.2594861e-01  -4.7667872e-03  -9.3477560e-04   2.0072331e-03
  -1.1154428e-03   1.2450173e-01  -2.2361075e-01  -5.1838719e-03  -8.5405078e-04   2.0599366e-03
   1.5309840e-02   1.1487149e-01  -1.6483093e-01  -4.9544079e-03  -1.0228452e-03   2.1142143e-03
   2.3979466e-02   1.2116302e-01  -2.2956774e-01  -5.4340084e-03  -1.0286024e-03   2.1224589e-03
   1.9097290e-02   1.3956946e-01  -2.0279129e-01  -5.5276864e-03  -9.9494396e-04   2.1978823e-03
   5.0804813e-03   1.4408788e-01  -1.8805863e-01  -5.4362151e-03  -1.1863129e-03   2.4372476e-03
   2.0027403e-02   1.4564876e-01  -1.7320690e-01  -5.4782296e-03  -1.3048075e-03   2.2799223e-03
   4.3108911e-02   1.4028027e-01  -1.5563596e-01  -5.1365246e-03  -1.5500935e-03   2.0840356e-03
   4.2481366e-02   1.5886594e-01  -1.4401034e-01  -5.4068184e-03  -1.5563548e-03   2.0228047e-03
   4.4692595e-02   1.5614489e-01  -1.3626847e-01  -5.3563338e-03  -1.7617953e-03   2.0542109e-03
   5.9327978e-02   1.5456736e-01  -1.4605503e-01  -5.6388834e-03  -1.6562702e-03   1.9534463e-03
   6.1731317e-02   1.5560301e-01  -1.6375925e-01  -5.4953862e-03  -2.0026613e-03   2.0775229e-03
   7.1497103e-02   1.3866622e-01  -1.5474858e-01  -5.7434417e-03  -1.8796702e-03   1.7891218e-03
   6.2238673e-02   1.4587458e-01  -1.5743048e-01  -5.7635740e-03  -1.7387482e-03   1.7947258e-03
   7.2093476e-02   1.2709458e-01  -1.6676269e-01  -5.7295976e-03  -1.9333278e-03   1.7757373e-03
   7.2920842e-02   1.8123225e-01  -1.4172003e-01  -6.0507961e-03  -2.0671483e-03   1.8098437e-03
   8.0415716e-02   1.4211035e-01  -1.5197072e-01  -6.1515338e-03  -2.2870292e-03   1.9586735e-03
   7.7372286e-02   1.8487177e-01  -1.7653878e-01  -6.5703563e-03  -2.2768236e-03   2.0994595e-03
   8.2334127e-02   1.6967433e-01  -1.7757656e-01  -6.6185614e-03  -2.3934769e-03   1.9809472e-03
   8.7404495e-02   1.8962182e-01  -1.6753685e-01  -6.5204369e-03  -2.5778929e-03   1.8718403e-03
   9.8383582e-02   1.8302855e-01  -1.9324652e-01  -6.7367412e-03  -2.8007794e-03   1.8166346e-03
   9.0577809e-02   1.9044452e-01  -1.8291694e-01  -6.9496044e-03  -2.8986322e-03   1.9694607e-03
   1.0099855e-01   1.9147855e-01  -2.2027104e-01  -7.1374565e-03  -3.0921171e-03   1.7806523e-03
   8.2165187e-02   2.0308450e-01  -1.8633678e-01  -6.8658741e-03  -2.9467514e-03   2.1734875e-03
   8.0232851e-02   2.0528065e-01  -2.2287908e-01  -7.2217578e-03  -2.9234157e-03   1.9990858e-03
   8.5208149e-02   2.3147535e-01  -1.7138473e-01  -7.5489253e-03  -3.1721053e-03   2.1677385e-03
   6.7747554e-02   2.1306235e-01  -2.4460381e-01  -7.4704065e-03  -3.3313739e-03   2.2809114e-03
   6.4889515e-02   2.1484147e-01  -2.3586383e-01  -7.5363861e-03  -3.2664070e-03   2.2865748e-03
   6.2028104e-02   2.1609084e-01  -2.2215796e-01  -7.5311378e-03  -3.2006615e-03   2.3579846e-03
   7.4309261e-02   2.2105815e-01  -2.3277964e-01  -7.7564929e-03  -3.2685570e-03   2.4526512e-03
   9.3794753e-02   2.1657765e-01  -1.8863756e-01  -7.4840854e-03  -3.6130517e-03   2.3485267e-03
   9.7043000e-02   2.3012034e-01  -2.0988389e-01  -7.5521536e-03  -3.5952415e-03   2.1003053e-03
   1.1323847e-01   2.2133618e-01  -1.6960315e-01  -7.5400207e-03  -3.8288544e-03   1.9085505e-03
   1.1913271e-01   2.2731704e-01  -2.0344128e-01  -7.8696546e-03  -3.6821979e-03   1.8516305e-03
   1.0431386e-01   2.2089119e-01  -1.7608901e-01  -7.6309928e-03  -3.8659995e-03   1.8439510e-03
   1.0659728e-01   2.2777724e-01  -1.7433439e-01  -7.4186937e-03  -3.9800734e-03   2.0771557e-03
   9.8290788e-02   2.3194165e-01  -1.8796699e-01  -7.5801658e-03  -4.0647531e-03   1.9023843e-03
   9.7633474e-02   2.2829121e-01  -1.8584481e-01  -7.2708369e-03  -4.1891487e-03   2.1945022e-03
   1.2240351e-01   2.4190356e-01  -1.9886517e-01  -7.3939221e-03  -4.4303095e-03   2.0151147e-03
   1.4170556e-01   2.3623284e-01  -1.8181879e-01  -7.1413693e-03  -4.8106629e-03   1.8769152e-03
   1.4743832e-01   2.5564942e-01  -2.0865955e-01  -7.6385807e-03  -5.1881815e-03   1.6087946e-03
   1.3395951e-01   2.3808472e-01  -2.2119364e-01  -7.9477249e-03  -5.1187911e-03   1.5553044e-03
   1.3782560e-01   2.5731505e-01  -2.4176130e-01  -8.2097176e-03  -5.4688663e-03   1.3675939e-03
   1.3122969e-01   2.2476875e-01  -2.0465843e-01  -7.8223229e-03  -5.6047711e-03   1.3042438e-03
   1.3615847e-01   2.5101502e-01  -2.4393919e-01  -8.1939413e-03  -5.6346464e-03   1.1949611e-03
   1.5531744e-01   2.5318381e-01  -1.8888128e-01  -8.2158036e-03  -6.0149298e-03   1.0532633e-03
   1.3718609e-01   2.5299730e-01  -2.3909927e-01  -8.1096675e-03  -5.6691825e-03   1.1724605e-03
   1.6259341e-01   2.4925568e-01  -2.0986370e-01  -8.0712350e-03  -6.1632384e-03   1.0723196e-03
   1.1469171e-01   2.6615026e-01  -2.5285736e-01  -8.0810746e-03  -5.3604985e-03   1.3638830e-03
   1.1586915e-01   2.2467438e-01  -2.2902328e-01  -8.1186749e-03  -5.5796962e-03   1.3068508e-03
   1.0378687e-01   2.4124097e-01  -2.5616691e-01  -7.9058283e-03  -5.3986304e-03   1.4936308e-03
   1.1715930e-01   2.3750304e-01  -2.3914528e-01  -8.2182477e-03  -5.6647153e-03   1.2953754e-03
   1.2021812e-01   2.4551870e-01  -1.9476639e-01  -8.0213280e-03  -5.5978320e-03   1.4956645e-03
   1.1736410e-01   2.5343634e-01  -2.2357554e-01  -8.4566349e-03  -5.3909682e-03   1.6471150e-03
   1.2715003e-01   2.3730095e-01  -2.2528486e-01  -8.6827049e-03  -5.5242104e-03   1.6381484e-03
   1.3135408e-01   2.8940757e-01  -1.8029867e-01  -8.7211796e-03  -5.9371356e-03   1.6883047e-03
   1.3825667e-01   2.7206010e-01  -1.6464673e-01  -8.4731359e-03  -5.8695601e-03   1.4199364e-03
   1.2795661e-01   2.8900432e-01  -1.9237069e-01  -8.8978472e-03  -5.9489276e-03   1.5226189e-03
   1.3116477e-01   2.7157383e-01  -1.4272431e-01  -8.7246775e-03  -6.0522957e-03   1.4532954e-03
   1.1887958e-01   2.7826959e-01  -1.8595716e-01  -8.8407601e-03  -5.7791762e-03   1.4558563e-03
   1.3048955e-01   2.7802823e-01  -1.5118313e-01  -8.9526459e-03  -5.8444662e-03   1.3344766e-03
   1.1820015e-01   2.7236379e-01  -2.1645021e-01  -9.0100754e-03  -5.8368214e-03   1.7313715e-03
   1.3717185e-01   2.6548741e-01  -1.8944300e-01  -9.0523983e-03  -5.8907285e-03   1.4932912e-03
   1.2629400e-01   2.9337149e-01  -2.0005893e-01  -8.7224229e-03  -5.9388314e-03   1.4161221e-03
   1.4012036e-01   2.5023657e-01  -1.6177710e-01  -8.2248898e-03  -6.1119469e-03   1.1972356e-03
   1.2557020e-01   2.8204096e-01  -2.0058432e-01  -8.5332933e-03  -5.7749827e-03   1.5576363e-03
   1.9404779e-01   2.4881284e-01  -1.2959382e-01  -8.1094170e-03  -5.8722719e-03   1.0818586e-03
   1.8702356e-01   2.4895648e-01  -8.9342718e-02  -6.9259399e-03  -6.3231273e-03   6.6933160e-04
   1.7240386e-01   2.7816151e-01  -1.5664883e-01  -8.6941643e-03  -6.5512394e-03   9.6815393e-04
   1.6274297e-01   2.3439185e-01  -1.4350917e-01  -7.6071604e-03  -6.2450580e-03   1.1109880e-03
   1.6175482e-01   2.6086418e-01  -1.8354655e-01  -8.5181178e-03  -6.2202565e-03   1.2089599e-03
   1.5562090e-01   2.6983652e-01  -1.4826962e-01  -8.4590500e-03  -6.2019105e-03   1.2427954e-03
   1.3778946e-01   2.6228230e-01  -2.3556616e-01  -9.1472808e-03  -5.8685060e-03   1.2577527e-03
   1.3578780e-01   2.5019040e-01  -1.4767095e-01  -8.1096315e-03  -5.8179333e-03   1.1281054e-03
   1.2233854e-01   2.5210661e-01  -2.0902307e-01  -8.4435443e-03  -5.6069837e-03   9.7799940e-04
   9.1686913e-02   2.5206073e-01  -1.3558146e-01  -8.4765258e-03  -4.9710095e-03   1.3728709e-03
   7.8957908e-02   2.7716453e-01  -1.3644560e-01  -8.8647696e-03  -4.8355473e-03   2.0874307e-03
   1.1490347e-01   2.2590057e-01  -2.1510706e-01  -8.6852402e-03  -5.4131033e-03   1.5170923e-03
