   0.0000000e+00   0.0000000e+00  -7.1054274e-15  -1.3877788e-17   3.4694470e-18   4.8148249e-35
  -1.9391360e-02   2.9513501e-03  -1.0286131e-02   1.5049058e-03  -3.0645987e-05   7.6442170e-04
  -3.1702519e-02   1.7915473e-02   1.0217671e-01   4.9147318e-03   1.0212333e-04   1.6002321e-03
  -3.6598921e-02   1.6171485e-02   1.6559193e-02   2.8336116e-03   9.7006376e-04   7.2018795e-04
  -2.7957925e-02  -5.9173978e-02   6.3642732e-02   9.2584399e-04   1.3585526e-03   1.4641172e-03
  -5.9106663e-02  -3.1936125e-02   1.1504247e-01   2.9996375e-03   1.0404298e-03   1.9289495e-03
  -7.7693760e-02  -3.6632055e-02   2.0924328e-01   3.8518040e-03   7.1614687e-04  -4.5926942e-04
  -8.8216788e-02  -1.0348239e-01   1.2906083e-01   1.4360243e-03  -3.4056850e-04   1.8500190e-04
  -1.0808102e-01  -6.7878461e-02   1.8994125e-01   8.8963676e-04  -6.2796632e-04   2.5410712e-04
  -1.0815163e-01  -5.0032968e-02   1.1813027e-01   1.8182894e-04  -7.4459317e-04  -1.0552151e-03
  -9.9335868e-02  -8.1022870e-02   1.9339252e-01   1.3253857e-04  -7.8060107e-04  -9.0504645e-04
  -9.9473958e-02  -4.6751384e-02   1.6746403e-01   1.0111939e-03  -1.1905550e-03  -6.3816086e-04
  -1.1490559e-01  -6.3290931e-02   2.1100083e-01   1.1793743e-03  -1.2434388e-03  -2.1563310e-04
  -1.3488449e-01  -6.2314858e-02   7.3721595e-02  -8.9733780e-04  -1.8346782e-03   6.1806321e-04
  -1.3395088e-01  -6.7880688e-02   1.8575689e-01  -4.9837081e-04  -2.0078916e-03  -4.7829311e-04
  -1.2425067e-01  -6.6443399e-02   2.3789451e-01  -2.9555637e-04  -1.9395122e-03  -2.3719129e-04
  -1.3155594e-01  -9.1324757e-02   2.6697569e-01   1.0131647e-04  -2.8180609e-03  -5.8452386e-04
  -1.4850503e-01  -1.1396890e-01   1.9342644e-01  -7.6964577e-04  -2.8287622e-03  -1.1683988e-03
  -1.3034076e-01  -1.0881965e-01   1.8524222e-01  -1.1863695e-03  -2.5029909e-03  -9.8400198e-04
  -1.1409226e-01  -1.0859405e-01   1.0925379e-01  -2.3509988e-03  -1.9250518e-03   5.5045570e-05
  -9.6844238e-02  -1.1282329e-01   1.4023210e-01  -3.4624440e-03  -1.9345597e-03   2.8077786e-05
  -9.5891409e-02  -9.4513259e-02   6.7641770e-02  -3.8553564e-03  -2.2026703e-03  -4.9404724e-04
  -9.9611291e-02  -1.0112415e-01   1.9073284e-01  -3.4188638e-03  -2.3599887e-03  -2.8755367e-04
  -1.1056194e-01  -9.6446382e-02   6.3782303e-02  -3.6971991e-03  -2.5820652e-03   4.2984775e-04
  -9.6327658e-02  -1.0055854e-01   2.5875307e-01  -3.9448628e-03  -3.0338304e-03  -4.3527062e-04
  -8.6885813e-02  -4.2389752e-02  -1.3397879e-01  -2.4540911e-03  -2.1999058e-03   1.7611256e-04
  -1.4068934e-01   8.3378671e-02  -3.7663793e-01   1.5179402e-03  -2.2953136e-03   2.7159639e-03
  -1.1686639e-01   3.7808887e-02  -3.1088422e-01  -4.7090085e-03  -2.0219925e-03   1.4423062e-03
  -9.5648329e-02   3.3250126e-02  -2.0266435e-01  -3.6832411e-04  -8.5167080e-04   2.4024524e-03
  -7.9689085e-02   2.8357958e-02  -7.8824587e-02   1.6309823e-04  -6.7713562e-04   2.2005023e-03
  -8.7823902e-02  -9.5666293e-03   4.8674066e-02   9.8849571e-05  -1.1572989e-03   1.2547249e-03
  -7.7560252e-02  -6.8864882e-02   1.7497706e-01   1.6215492e-04  -2.3806191e-03   1.1501598e-03
  -6.4570033e-02  -7.4042450e-02   1.5960459e-01  -3.0945373e-03  -3.0041106e-03   1.4370574e-03
  -6.8030425e-02  -6.0768092e-02   1.4805887e-01  -3.6457675e-03  -2.5454660e-03   5.5335625e-04
  -6.6693160e-02  -8.1514873e-02   1.4836259e-01  -4.3243727e-03  -3.5121931e-03   1.8614940e-03
  -6.7402742e-02  -8.4401710e-02   1.1407772e-01  -6.2294128e-03  -3.3913389e-03   2.0123076e-03
  -7.1599410e-02  -7.6868049e-02   1.5543028e-01  -5.3112302e-03  -4.3263707e-03   2.3613757e-03
  -7.0612907e-02  -9.7816157e-02   1.5220651e-01  -5.7513742e-03  -4.2743575e-03   1.8549137e-03
  -7.1903137e-02  -8.9233738e-02   1.7945417e-01  -5.2918158e-03  -4.2422652e-03   1.7694352e-03
  -6.2115315e-02  -7.4309292e-02   1.3692102e-01  -5.8518923e-03  -3.8026804e-03   1.9304096e-03
  -9.1482180e-02  -9.7684900e-02   1.6687241e-01  -5.0656892e-03  -5.2341785e-03   1.5781151e-03
  -9.3781343e-02  -1.1447691e-01   1.0973261e-01  -7.3811433e-03  -5.5256889e-03   1.4649289e-03
  -1.0808780e-01  -1.4379100e-02   2.5954772e-01   1.8710583e-05  -5.5547702e-03   1.3004310e-03
  -9.5271814e-02   6.5170825e-02   4.0122008e-01   6.7459419e-03  -4.7708733e-03   9.7763271e-04
  -1.0849164e-01  -4.0164165e-02   2.6080414e-01   2.5475893e-03  -5.8336866e-03   1.7408179e-03
  -1.3797406e-01   3.9569212e-03   3.3587806e-01   3.4502573e-03  -6.0348725e-03   1.5761583e-03
  -1.7793077e-01   5.0194238e-03   3.7524745e-01   3.0071895e-03  -7.3413629e-03   1.3038394e-03
  -1.7869873e-01  -2.0624624e-02   3.4855699e-01   2.9376008e-03  -7.4008617e-03   1.8385965e-03
  -1.7374601e-01  -1.8945223e-02   4.2064923e-01   2.4277888e-03  -7.0448802e-03   1.8395008e-03
  -1.6559039e-01  -5.1406063e-02   3.5624828e-01   2.6160435e-03  -7.6989800e-03   2.5209727e-03
  -1.2886092e-01  -1.3701646e-02   4.9447597e-01   4.1980500e-05  -7.3614386e-03   3.1481078e-03
  -1.5168709e-01   4.2512299e-02  -1.2430037e-01   1.9464809e-03  -5.0822727e-03   3.1283398e-03
  -1.7174696e-01   9.1709205e-02  -4.8251170e-01   3.3254069e-05  -2.8119200e-03   4.9095684e-03
  -1.1723791e-01   5.1003872e-02  -1.5252120e-01  -2.4073995e-05  -2.6313394e-03   4.6625166e-03
  -1.0477379e-01   2.4661731e-02  -1.4906061e-01  -4.0074684e-04  -3.1931092e-03   4.5993982e-03
  -1.3409649e-01   1.9917458e-02   2.0008466e-01   3.1572170e-03  -3.8083871e-03   1.4958848e-03
  -1.1859165e-01  -3.9716526e-02   1.1351898e-01   2.6629504e-03  -4.5191126e-03   2.9711365e-03
  -1.0438732e-01  -3.1655900e-02   2.0073024e-01   2.6448404e-03  -4.6952147e-03   2.0519179e-03
  -1.1890052e-01  -1.5901525e-02   1.8480072e-01   2.5892721e-03  -4.5493125e-03   1.5757357e-03
  -9.8935897e-02  -5.5133174e-02   1.1582129e-01   1.8437882e-03  -4.4923710e-03   3.1294249e-03
  -1.4992699e-01  -4.3007631e-02   2.5922419e-01   7.9781241e-04  -4.0208110e-03   2.0757847e-03
  -1.1721865e-01  -8.3274603e-02   2.5492107e-01  -1.2630896e-04  -4.4527309e-03   3.2568102e-03
  -1.4968432e-01  -8.6216219e-02   1.8563261e-01  -1.1659370e-03  -4.4979612e-03   4.0469424e-03
  -1.6391407e-01  -8.5651026e-02   2.1163924e-01  -1.6057512e-03  -5.3604726e-03   4.0197675e-03
  -1.8901815e-01  -8.5893341e-02   2.1113714e-01  -1.6930314e-03  -5.3365923e-03   4.2455229e-03
  -1.9734411e-01  -1.2571996e-01   2.1525784e-01  -2.5073713e-03  -5.6885459e-03   6.1244467e-03
  -1.9926513e-01  -1.2026449e-01   2.3418806e-01  -3.1885578e-03  -5.2312335e-03   6.2423282e-03
  -2.2116584e-01  -1.0412773e-01   2.2621550e-01  -2.2387383e-03  -6.3090070e-03   5.5316934e-03
  -2.0816322e-01  -1.2042756e-01   2.1094215e-01  -3.0210637e-03  -5.2744137e-03   6.2544726e-03
  -2.0000796e-01  -8.9432722e-02   2.4967462e-01  -8.1861508e-04  -6.0956044e-03   7.1803234e-03
  -1.6694759e-01   1.1885966e-01   1.1615377e-01   1.0555445e-03  -5.7446113e-03   7.2501745e-03
  -1.5410656e-01   1.2666340e-01   3.4163219e-02   4.0220730e-04  -5.3099636e-03   6.3873146e-03
  -1.4934306e-01   9.1721442e-02   1.5019572e-01   1.8504228e-04  -6.1131521e-03   8.2578537e-03
  -1.6462109e-01   1.0788876e-01   9.3103945e-02   8.1388624e-04  -6.3183292e-03   6.8292651e-03
  -1.6463445e-01   1.7867454e-02   2.1191979e-01   3.9076508e-04  -5.8361585e-03   6.3029014e-03
  -2.0856338e-01  -1.7603872e-02  -6.4531051e-01  -1.9939999e-03  -5.5178313e-03   6.2007345e-03
  -1.7276745e-01  -1.1631901e-02  -4.0476473e-01  -1.5319334e-03  -4.4562299e-03   5.5846927e-03
  -2.0381685e-01   1.9074092e-02  -2.1466818e-01  -2.3984636e-03  -3.5650978e-03   5.6118431e-03
  -2.2758838e-01  -4.6150154e-02  -3.3605639e-01  -3.3329171e-03  -4.4789034e-03   5.6095944e-03
  -2.4305172e-01  -2.5832268e-02  -5.1555578e-02  -1.0460942e-03  -4.4265826e-03   5.6610260e-03
  -2.2975608e-01  -3.2822695e-02   4.7708023e-03   9.6964445e-04  -4.9440949e-03   5.4264151e-03
  -2.1143234e-01  -9.8099609e-02  -5.6191738e-02  -9.2361264e-04  -5.8339150e-03   7.4820004e-03
  -2.1754467e-01  -7.7310121e-02  -5.7071748e-02  -1.4123348e-03  -5.7055448e-03   7.5859902e-03
  -2.2906338e-01  -6.3384042e-02  -7.5783204e-03  -1.8847047e-03  -6.7482179e-03   6.5483542e-03
  -2.5764107e-01  -7.4839521e-02  -3.2171663e-02  -3.3031451e-03  -6.2798627e-03   6.4807757e-03
  -2.6525472e-01  -2.3982611e-03   4.3653542e-02  -3.4595664e-03  -6.5426059e-03   5.6146933e-03
  -2.7586764e-01  -1.3793153e-02   1.0514356e-01  -2.4226300e-03  -7.5994794e-03   6.2266799e-03
  -2.9574914e-01  -9.0644446e-03   1.2163867e-01  -3.1486616e-03  -7.8772248e-03   5.7018216e-03
  -2.8658691e-01  -5.8641257e-02   1.7665635e-01  -1.3290814e-04  -7.4580610e-03   5.5274142e-03
  -2.7690694e-01  -4.2535031e-02   2.5010794e-01   1.9166125e-03  -6.8974904e-03   4.7841249e-03
  -2.9725154e-01  -9.4625584e-02   1.7774485e-01   5.3071049e-04  -7.4138778e-03   6.0511166e-03
  -3.1927235e-01  -3.8361000e-02   3.2517177e-01   1.2684819e-03  -5.7803016e-03   4.9590072e-03
  -2.8990572e-01  -7.8839109e-02   3.0277117e-01   4.5949967e-04  -6.6578393e-03   5.0821518e-03
  -2.8930135e-01  -4.4286849e-02   1.6078896e-01   1.5542502e-03  -7.3694365e-03   5.6477606e-03
  -2.6792238e-01   8.4601903e-02   1.2690711e-01   6.2941672e-03  -7.2395571e-03   6.8561667e-03
  -2.9084925e-01   5.7690030e-02   2.1369309e-01   5.1099185e-03  -8.2580866e-03   7.0573326e-03
  -2.9567058e-01   6.1928687e-02   2.4494680e-01   5.3700210e-03  -7.9585709e-03   7.1356612e-03
  -2.9497576e-01   3.3143892e-02   3.3160129e-01   5.6406149e-03  -7.6702288e-03   6.2211958e-03
  -2.6379197e-01  -1.5103507e-02   3.7172191e-01   6.1148359e-03  -6.8474472e-03   5.3918552e-03
  -1.7100810e-01   7.5668072e-02   2.6576080e-01   2.8246516e-03  -6.1462364e-03   4.3679166e-03
  -2.0617364e-01   7.7753222e-02   2.4658355e-01   4.1524169e-03  -6.2764282e-03   4.6514842e-03
  -2.6300876e-01   8.2039078e-02   2.0717363e-01   4.1109282e-03  -6.3804505e-03   4.0838055e-03
  -2.4560502e-01   7.3691453e-02   1.7628726e-01   3.5482095e-03  -6.2652816e-03   5.2946522e-03
  -1.9605614e-01   4.7599874e-02   1.8459522e-01   3.1342657e-03  -5.6620647e-03   4.8446737e-03
  -2.8245621e-01   3.3108444e-02   3.9619800e-01   5.8763596e-03  -6.1380965e-03   3.4182233e-03
  -2.7215561e-01  -8.8965803e-03   4.1318863e-01   5.1654072e-03  -5.6104795e-03   3.2747611e-03
  -2.5839230e-01   2.5120172e-02   1.6085670e-01   1.9633770e-03  -7.2185977e-03   4.0920275e-03
  -2.3563976e-01   4.2441640e-02   2.3531521e-01   2.8610687e-03  -6.8899894e-03   5.4363410e-03
  -2.4318064e-01   4.6309821e-02   2.3156976e-01   2.6316682e-03  -7.2817166e-03   5.0521726e-03
  -2.3985547e-01   9.2825720e-02   2.7914130e-01   5.7878003e-03  -6.9874653e-03   6.0432776e-03
  -2.5033569e-01   6.8800947e-02   2.5124903e-01   3.8932017e-03  -6.9445299e-03   6.4636279e-03
  -2.8083565e-01   1.0288089e-01   3.1058610e-01   7.7045064e-03  -7.8052795e-03   5.6457764e-03
  -3.0078499e-01   5.9070443e-02   2.6333343e-01   6.9922021e-03  -8.7297688e-03   6.8177381e-03
  -3.0040869e-01   7.8967793e-02   3.9884097e-01   7.3362934e-03  -8.8877348e-03   6.8975823e-03
  -3.0522928e-01   5.1329502e-02   3.3311764e-01   6.6256975e-03  -8.9895436e-03   6.6141865e-03
  -2.9934826e-01   7.7837697e-02   3.5047070e-01   8.5728788e-03  -9.1253685e-03   6.3348971e-03
  -2.6069299e-01   4.8641853e-02   5.1453121e-01   1.3738870e-02  -8.1094475e-03   5.7939393e-03
  -2.4263009e-01   4.2668346e-02   6.0484213e-01   1.3069298e-02  -6.8329674e-03   5.7077401e-03
  -2.4258982e-01   1.7774925e-02   4.1592697e-01   1.0930039e-02  -7.4445268e-03   7.1141154e-03
  -2.3043553e-01   4.8766958e-02   6.4575382e-01   1.2087309e-02  -6.0196502e-03   5.9167113e-03
  -2.4366134e-01   5.8873207e-03   5.7122538e-01   9.5498012e-03  -5.8065033e-03   5.1184848e-03
  -2.2899460e-01   1.0453422e-02   6.7841912e-01   1.1914306e-02  -6.0616119e-03   6.6249072e-03
  -2.3945631e-01  -1.3483310e-03   5.3955657e-01   9.4956630e-03  -5.7184228e-03   6.8067187e-03
  -2.2028905e-01  -8.3371481e-03   8.5277977e-01   1.0977009e-02  -6.2628900e-03   6.7574464e-03
  -2.3416755e-01   3.5451758e-02  -1.8387903e-01  -2.5006242e-04  -5.6900164e-03   7.1590815e-03
  -2.9716333e-01   1.0865880e-01  -4.6837466e-01   8.1423051e-04  -4.5817301e-03   7.7191222e-03
  -2.4226371e-01   1.2965160e-01  -4.8480916e-02   6.2587700e-03  -5.1470727e-03   8.9406556e-03
  -2.4019857e-01   1.2062122e-01   4.5158038e-02   4.3200643e-03  -4.5510128e-03   8.1951041e-03
  -2.3392550e-01   1.4428714e-01   5.5750913e-01   9.1758300e-03  -4.5166371e-03   7.5895786e-03
