   1.4210855e-14   0.0000000e+00   0.0000000e+00   0.0000000e+00   0.0000000e+00   0.0000000e+00
  -4.7083706e-03   1.8651936e-02   3.1115215e-02   3.4517557e-05  -3.6424651e-04  -1.0709189e-05
  -1.5300964e-02  -8.3008652e-03   9.1256104e-02   4.0333724e-04  -1.0844740e-04   9.7256226e-05
  -1.9641463e-02  -5.7854598e-03   8.9527652e-02   1.0810863e-03  -7.6322464e-05  -1.0325894e-04
  -2.3599489e-02   1.6165767e-02   6.0926954e-02  -3.8363809e-05  -3.3672541e-04  -2.7359591e-04
  -2.3177175e-02  -1.3102537e-02   7.6675526e-02   2.1153424e-04  -4.6253963e-05  -1.7691470e-04
  -2.9965137e-02   1.3586363e-02   2.3876000e-02  -1.7091926e-04   3.9718968e-04  -2.9708339e-04
  -2.4006494e-02   1.8994201e-02   3.1140994e-02  -1.2936167e-04   6.3283871e-05  -5.3213283e-04
  -1.8224840e-02   1.5927987e-02   3.0115658e-02   6.5464994e-05  -1.1541082e-04  -6.6211746e-04
  -2.6366073e-02   2.4346631e-02   1.8928958e-02   6.9188925e-05   1.7728129e-06  -6.0299615e-04
  -2.8141601e-02   2.1979728e-03   6.0789619e-02   4.5993003e-04   1.5514977e-04  -6.0397170e-04
  -3.1736943e-02   7.0467211e-03   5.6685773e-02   8.0119310e-04   2.7883678e-04  -6.0648316e-04
  -3.3136960e-02   7.7555460e-03   6.0213019e-02   5.4666488e-04   3.0525768e-04  -6.2358359e-04
  -3.0497231e-02   6.1441071e-03   4.8669114e-02   4.8440027e-04   1.7049182e-04  -6.3691109e-04
  -4.3506474e-02   2.1273424e-02   2.8268135e-02   5.2239005e-04   1.9501360e-04  -8.3143445e-04
  -4.1892802e-02   3.4125567e-02   3.6533520e-02   6.0987638e-04   2.1782771e-04  -7.6920348e-04
  -3.9341137e-02   4.6308684e-02   1.4469556e-03   3.7654234e-04   1.6852777e-04  -8.0670625e-04
  -3.4552326e-02   4.2026062e-02   2.1292669e-02   6.4852567e-04   1.3549653e-04  -6.5345427e-04
  -3.1371554e-02   5.9454247e-02   1.9484324e-03   6.8756076e-04   2.5948199e-04  -8.1020502e-04
  -4.1425659e-02   4.0103485e-02   2.0980868e-02   8.0812926e-04   2.6030821e-04  -3.8499827e-04
  -2.7420158e-02   4.1737420e-02  -1.6404025e-02   5.0097488e-04   2.6251850e-04  -7.1758928e-04
  -2.3880482e-02   6.7900594e-02  -4.8203717e-02   5.2365131e-04  -1.0339667e-05  -5.6792737e-04
  -2.0139849e-02   6.4067152e-02  -1.7614043e-02   2.2905973e-04   1.9728266e-04  -7.4191031e-04
  -2.4632520e-02   5.4421711e-02   1.9829518e-02   1.4579329e-03   1.3217304e-06  -5.4000375e-04
  -2.7086816e-02   7.6861264e-02   1.2129250e-02   1.0630999e-03   2.7560483e-04  -6.5943009e-04
  -3.0679264e-02   5.6273328e-02   8.5134292e-02   1.2414271e-03  -2.3193816e-04  -8.6329125e-05
  -2.3980584e-02   6.8335620e-02   7.7683229e-02   1.3165560e-03   3.6557196e-04  -5.9308695e-04
  -2.3793571e-02   8.5471245e-02   6.6639409e-02   1.4671288e-03  -3.3897907e-04   1.8209970e-04
  -2.5081205e-02   6.7123577e-02   6.0106997e-02   1.2340344e-03   1.2722156e-03  -2.1769318e-03
  -3.1972278e-02   4.8137667e-02   4.0476517e-03   3.9432426e-04   1.5149362e-03  -2.0237356e-03
  -1.8594714e-02   5.0345499e-02  -1.6492273e-02   5.7157696e-04  -9.8145562e-04   3.9130199e-03
  -1.0739617e-02   5.9940783e-02   6.0099822e-03   1.0085837e-03   5.3373899e-05   2.6971322e-03
  -2.0248678e-02   6.1548311e-02  -8.6349038e-03   7.7892906e-04  -5.5521554e-04   3.1156474e-03
  -2.3903209e-02   6.2113053e-02   3.6418703e-02   1.3149059e-03  -1.6876012e-04   2.8376121e-03
  -2.9454177e-02   6.9558084e-02   2.7302569e-02   1.5356961e-03  -3.9390253e-04   3.0172212e-03
  -2.9374191e-02   6.4001151e-02   6.9301388e-02   2.0971035e-03  -1.0843018e-04   2.7716925e-03
  -4.0507695e-02   6.0934184e-02   9.9372123e-02   2.3987817e-03   1.6370596e-04   2.9580626e-03
  -3.1804940e-02   6.7900079e-02   6.4577405e-02   2.0112570e-03   1.0132565e-04   2.7996091e-03
  -2.5533692e-02   7.0418124e-02   7.5540365e-02   1.6668927e-03  -1.2319354e-04   3.0654886e-03
  -2.3962650e-02   8.5818521e-02   3.6972116e-02   1.8150382e-03  -1.4707348e-05   3.0191940e-03
  -3.4089872e-02   9.1309205e-02   8.1618523e-02   2.1913959e-03   2.6335286e-04   3.1888879e-03
  -1.7988703e-02   8.2622950e-02   5.1301729e-02   1.9686418e-03   7.9079514e-06   3.1185162e-03
  -3.2542601e-02   1.0724169e-01   3.4374780e-02   2.0210565e-03  -4.4396624e-04   3.1739748e-03
  -2.6186107e-02   9.7674090e-02   2.2560576e-02   1.2485532e-03  -1.9849823e-04   2.8352542e-03
  -2.6189824e-02   1.0759118e-01  -9.3089774e-04   1.5648103e-03  -1.5993674e-04   3.1874540e-03
  -2.6230638e-02   1.3702359e-01  -1.7348493e-02   9.0582068e-04  -4.3852487e-04   3.2457714e-03
  -2.4788057e-02   1.1735206e-01   2.0529491e-02   1.5756453e-03  -1.9530340e-04   3.1691718e-03
  -3.1978136e-02   1.2705028e-01   3.5082214e-02   1.4112828e-03   8.0992093e-05   3.2091591e-03
  -3.5496258e-02   1.2074006e-01  -8.5085278e-03   1.1542777e-03  -1.5384753e-04   3.2978204e-03
  -2.5820276e-02   1.2208331e-01   6.5703422e-02   1.1817512e-03  -2.1342179e-04   3.1596417e-03
  -2.2440594e-02   9.9455942e-02   6.7400738e-02   1.9448998e-03  -1.9916123e-04   3.3065241e-03
  -3.2177742e-02   1.0106230e-01   1.1973258e-01   2.3023602e-03   2.6932133e-05   3.3096737e-03
  -3.1296224e-02   9.9276619e-02   5.4933285e-02   2.0952585e-03   1.8704379e-04   3.2156252e-03
  -2.4248854e-02   1.0725732e-01   6.9191485e-02   1.9335731e-03   2.2497571e-04   3.0894886e-03
  -3.1313068e-02   7.2034383e-02   8.5470896e-02   1.9975107e-03  -6.5552585e-05   3.3062640e-03
  -4.1275421e-02   9.7962457e-02  -1.5604657e-02   7.9846320e-04  -7.5687196e-05   3.3326536e-03
  -3.8129445e-02   6.9557618e-02   3.5875549e-02   1.6692161e-03  -1.7668755e-04   3.0457875e-03
  -2.8883594e-02   1.0894559e-01  -4.2276774e-03   1.7903583e-03  -1.8047203e-04   2.7223617e-03
  -2.7969410e-02   1.0551776e-01   1.6971213e-02   1.8468078e-03  -6.5431166e-05   2.9739022e-03
  -3.1819366e-02   1.0993077e-01   4.7746668e-02   1.9254862e-03  -4.4169074e-05   2.7841995e-03
  -2.6930461e-02   1.2824249e-01   9.9324602e-03   1.9068854e-03  -3.0330184e-04   2.8749018e-03
  -3.2231118e-02   1.2161596e-01   7.0529441e-02   2.1506689e-03   1.0248113e-05   2.8361232e-03
  -2.3598173e-02   1.1097045e-01   1.0775792e-01   3.6256258e-03   6.0815759e-06   2.6110543e-03
  -2.8174304e-02   1.3764283e-01   1.1627854e-01   3.0606796e-03   2.9983419e-05   2.6817788e-03
  -4.0001211e-02   9.6023392e-02   5.8086950e-02   1.9765836e-03   4.5917316e-05   2.7911687e-03
  -3.8791068e-02   1.1005330e-01  -7.9952865e-03   1.7489205e-03  -5.8842797e-06   2.7683938e-03
  -2.3448350e-02   1.2120641e-01   3.8715166e-02   2.7052780e-03  -1.4742887e-04   2.4904625e-03
  -2.7846487e-02   1.5788994e-01   7.6100385e-02   3.0115874e-03   8.8798908e-05   2.3202146e-03
  -3.0866974e-02   1.1526402e-01   9.6941764e-02   2.9036001e-03  -1.0453747e-04   2.5961037e-03
  -3.6197545e-02   1.1064781e-01   6.0699224e-02   2.7328620e-03   8.1968757e-05   2.4850655e-03
  -3.1447790e-02   1.1793318e-01   5.9414185e-02   2.6576806e-03  -2.1396416e-04   2.2283172e-03
  -2.5263282e-02   1.3526025e-01   1.0062558e-01   3.5078939e-03   2.7538541e-04   2.2738559e-03
  -2.9754015e-02   1.3706225e-01   6.8686639e-02   2.6267019e-03   4.1482585e-04   2.8498966e-03
  -3.3146608e-02   1.1499673e-01   1.3112067e-01   3.4797798e-03   4.7647143e-04   2.8385918e-03
  -2.0280529e-02   1.4205028e-01   1.0611247e-01   3.6478633e-03   5.0869964e-04   2.8504203e-03
  -1.6428015e-02   1.3957191e-01   1.1355914e-01   3.4665692e-03   4.7306762e-04   2.6495022e-03
  -2.2165554e-02   1.2401231e-01   7.3486954e-02   2.4458838e-03   9.2919823e-05   2.9157771e-03
  -1.9320912e-02   1.3348017e-01   1.3074332e-01   3.2732607e-03   4.0790908e-04   2.8334233e-03
  -1.6423409e-02   1.3783388e-01   1.1622478e-01   3.7778608e-03   4.2256868e-04   3.0268052e-03
  -2.3280589e-02   1.2730204e-01   3.8479928e-02   2.1450560e-03   3.6563521e-04   3.0859628e-03
  -2.1330391e-02   1.2783625e-01   5.7367265e-02   2.5469621e-03   3.8922903e-04   3.1278769e-03
  -9.6319268e-03   1.4894715e-01   2.1172272e-02   2.4778463e-03   4.4306348e-04   3.0534473e-03
  -1.7044330e-02   1.3458646e-01   8.6774578e-02   3.3851669e-03   4.8138900e-04   3.1927407e-03
  -6.8293519e-03   1.3519507e-01   8.5126189e-02   2.9237416e-03   3.6816513e-04   2.9346595e-03
  -4.2547292e-03   1.5349081e-01   1.1886192e-01   3.4645978e-03   4.5795516e-04   3.0082767e-03
   7.5441303e-03   1.3831479e-01   1.1952214e-01   3.3399355e-03   5.4387067e-04   2.9012316e-03
   1.7573313e-02   1.7856834e-01   1.2800509e-01   3.2694143e-03   3.7853637e-04   3.1734853e-03
   7.9201685e-03   1.3955231e-01   1.1674431e-01   3.0291897e-03   5.7990053e-04   3.2826770e-03
   1.0968069e-02   1.5171717e-01   1.1541115e-01   3.3209884e-03   3.7677333e-04   3.2893945e-03
  -1.0480478e-02   1.6822224e-01   1.7510928e-01   3.9869305e-03   3.9963684e-04   3.3870404e-03
  -2.0420012e-03   1.6684056e-01   1.3645923e-01   3.3797868e-03   7.2804582e-04   3.7143956e-03
   1.7675348e-02   1.6939534e-01   7.9231183e-02   2.8797310e-03   5.8976675e-04   3.5966747e-03
   1.5001253e-02   1.6959835e-01   1.2978242e-01   3.3193570e-03   6.1707403e-04   3.6696862e-03
   2.2119434e-02   1.6111227e-01   1.0667649e-01   3.4973559e-03   6.8704688e-04   3.3532230e-03
   1.6207562e-02   1.5917278e-01   1.3201819e-01   3.3972970e-03   4.7997239e-04   3.5682953e-03
   1.5731254e-02   1.4146634e-01   1.4423555e-01   3.6172199e-03   6.4147497e-04   3.1511799e-03
   1.7955303e-02   1.6442814e-01   1.2517580e-01   3.7019124e-03   2.4420530e-04   3.0779826e-03
   1.6623920e-02   1.5962839e-01   1.8216831e-01   4.4022757e-03   2.9116917e-04   2.7881052e-03
   2.1682923e-02   1.6936996e-01   1.6807923e-01   4.3706800e-03   2.0751504e-04   3.0283427e-03
   1.5102201e-02   1.4486061e-01   2.2377851e-01   4.7597654e-03   4.6819649e-04   2.8489514e-03
   1.7067121e-02   1.5439394e-01   1.6983027e-01   4.4237681e-03   4.2275311e-04   2.9989770e-03
   2.5004658e-02   1.7093465e-01   9.0518935e-02   3.5006482e-03   1.6664098e-04   2.4275137e-03
   1.6701803e-02   1.5854891e-01   1.1014622e-01   2.8676194e-03  -3.9383699e-04   3.5768224e-03
   4.0632769e-02   1.7812227e-01   5.6421416e-02   2.1231095e-03  -1.2091834e-03   4.9203123e-03
   2.7797645e-02   1.6004737e-01   6.8357691e-02   2.1038442e-03  -7.5499055e-04   4.5984035e-03
   2.8200576e-02   1.5063774e-01   8.2255236e-02   2.3017647e-03  -8.2204044e-04   4.5454133e-03
   4.7267454e-02   1.9889638e-01   6.8388232e-02   2.9923323e-03  -6.9015066e-04   4.0838210e-03
   3.7617065e-02   1.9698672e-01   1.4794999e-01   3.6892751e-03  -6.4141107e-04   4.1588449e-03
   3.8140362e-02   1.8557246e-01   1.2771593e-01   2.8720003e-03  -5.1923858e-04   3.9414101e-03
   3.9781436e-02   1.9880698e-01   6.0056105e-02   2.5045937e-03  -5.9070872e-04   3.9881322e-03
   4.2806659e-02   1.9227170e-01   8.3757967e-02   2.7749696e-03  -5.9799721e-04   3.9064967e-03
   3.9984613e-02   2.0725461e-01   8.9667447e-02   2.8742092e-03  -5.5826550e-04   3.9407779e-03
   3.5371998e-02   2.0768279e-01   7.8203144e-02   2.9275516e-03  -4.6620562e-04   3.8207571e-03
   2.9733707e-02   1.8698854e-01   1.6707568e-01   4.1181690e-03  -6.8518654e-05   3.8601053e-03
   4.9824250e-02   2.1129614e-01   1.4794682e-01   3.7103787e-03  -2.8898578e-04   3.6372778e-03
   3.9940158e-02   1.9495297e-01   1.5118353e-01   3.5357319e-03  -2.3215741e-04   3.8568505e-03
   5.3034620e-02   2.0144905e-01   1.7921923e-01   4.0619503e-03  -2.0837705e-04   3.6581804e-03
   5.3256901e-02   2.2985140e-01   1.0583711e-01   3.3478847e-03  -3.1796526e-04   3.8481395e-03
   6.0403770e-02   2.0066653e-01   1.5480825e-01   3.8348788e-03  -2.5561297e-04   3.9895118e-03
   9.9586345e-02   2.4214998e-01   1.5285672e-01   4.3315540e-03  -4.7770824e-04   4.0144743e-03
   1.0804546e-01   2.4790790e-01   1.8231765e-01   4.3913837e-03  -4.3534079e-04   3.9753664e-03
   1.1299675e-01   2.3084282e-01   1.9483128e-01   4.6748400e-03  -4.1143722e-04   3.8982051e-03
   1.0978965e-01   2.3776142e-01   1.7225575e-01   4.6139990e-03  -3.6328620e-04   3.9468836e-03
   1.1974767e-01   2.2813864e-01   1.9748228e-01   4.3769200e-03  -6.5166729e-04   4.0625153e-03
   1.1584198e-01   2.2357451e-01   1.3056448e-01   3.8526223e-03  -8.5255675e-04   4.2705453e-03
   1.1828601e-01   2.2415006e-01   2.0364023e-01   4.3907767e-03  -5.9382352e-04   4.2496641e-03
   1.1919711e-01   2.3078609e-01   1.8844661e-01   4.6650783e-03  -6.2996052e-04   4.2445185e-03
   1.1412006e-01   2.1120828e-01   2.2788415e-01   4.6840188e-03  -7.0840333e-04   4.2552767e-03
   1.2096417e-01   2.1243887e-01   2.1542863e-01   4.6407809e-03  -7.0587513e-04   3.9085029e-03
