   0.0000000e+00   0.0000000e+00   0.0000000e+00   0.0000000e+00   0.0000000e+00   0.0000000e+00
  -2.5291790e-02  -1.9467027e-02   1.2871943e-02  -8.1340580e-04  -3.3134965e-04   4.2329747e-04
  -5.0386224e-02   3.7852003e-02   7.0668235e-02  -1.2906737e-03   1.2838454e-03   8.8556014e-04
  -2.6252177e-02  -2.0586921e-01   9.5877497e-03   4.2976580e-04   2.0941977e-03   3.6159300e-04
  -1.8201042e-02   3.1198229e-02   3.7910353e-01  -2.3390927e-03   1.5532780e-03   2.9935742e-04
  -3.7123498e-02   2.5547841e-03   4.1240428e-01  -2.4969781e-03   1.4253440e-03   8.4575174e-05
  -1.8434363e-02   1.1430476e-02   3.5802997e-01  -3.0564004e-03   1.4669033e-03  -1.6388551e-04
  -2.4758378e-02   1.9823404e-02   4.2750004e-01  -2.6085292e-03   1.6892415e-03   8.7442332e-06
  -1.8490277e-02  -3.8439138e-02   4.5968814e-01  -2.6474813e-03   1.4002951e-03   6.6570320e-06
   1.0230343e-02  -2.5220700e-02   4.9850199e-01  -2.3579722e-03   1.8550653e-03  -1.6332617e-04
  -8.5222242e-03  -8.7632867e-02   3.7112252e-01  -3.0249571e-03   1.6256626e-03  -8.1310784e-05
  -2.2961996e-03  -3.3758792e-02   3.9607518e-01  -3.2475000e-03   1.7691714e-03  -1.8416829e-04
  -2.8781928e-02  -7.2661080e-02   3.5935677e-01  -2.9448657e-03   1.6166814e-03   5.1764043e-05
  -1.2191707e-02  -2.2452439e-02   3.6464494e-01  -3.8361208e-03   1.3637651e-03  -2.1803266e-04
  -6.8608282e-03  -3.6152779e-02   3.4205661e-01  -3.1055030e-03   1.3475823e-03  -3.8664427e-04
  -1.2229440e-02  -3.1136815e-03   4.3107078e-01  -2.8628845e-03   1.5526261e-03  -5.2517711e-04
  -4.5300395e-02  -1.4265012e-02   3.3032171e-01  -3.8043174e-03   1.0140906e-03   3.9607968e-05
  -4.5105624e-02  -2.2689220e-02   3.5165352e-01  -3.6597657e-03   1.2370720e-03   5.5296808e-05
  -1.9612001e-02  -3.7138560e-02   3.9987451e-01  -3.6537322e-03   1.3808350e-03   1.5473303e-05
  -2.7412388e-02  -3.0905833e-02   3.6601206e-01  -3.7292374e-03   1.4444213e-03   9.0806763e-05
  -3.5642189e-02  -4.7280325e-02   3.5421535e-01  -3.7505701e-03   1.1630803e-03   2.9956267e-04
  -2.3814111e-02  -3.1893177e-02   4.5148217e-01  -2.6962741e-03   1.4202056e-03   1.0003551e-04
  -6.0218247e-03  -2.0415268e-02   4.0696843e-01  -2.9805809e-03   1.6421826e-03  -2.4697435e-04
  -4.4386322e-02  -3.1264926e-02   3.5844164e-01  -3.8185837e-03   1.2482149e-03   1.1151958e-04
  -4.1088799e-02  -3.4513063e-02   4.3657003e-01  -2.2900177e-03   1.2963368e-03  -1.7590782e-04
  -3.4129030e-02  -3.7217477e-02   4.3985269e-01  -3.2082961e-03   1.0159753e-03  -1.2732179e-04
  -6.4266224e-02  -4.0197303e-02   3.3548201e-01  -3.7181093e-03   1.1698273e-03   2.1337790e-04
  -5.9248178e-02  -4.1822736e-02   4.3290194e-01  -1.8780349e-03   1.4127694e-03   5.3343491e-04
  -8.1137201e-02  -5.8735403e-02   2.9915546e-01  -4.5585950e-03   7.4421403e-04   7.6241921e-04
  -9.1927725e-02  -5.2143767e-02   2.8737324e-01  -4.3198216e-03   1.6804728e-03   6.4996620e-04
  -5.3655842e-02  -1.3655559e-01   2.4483809e-01  -3.0476272e-03   1.8117350e-03   2.8052835e-04
  -4.5643114e-02  -1.8453005e-03   3.0756037e-01  -4.9241313e-03   1.7756327e-03   2.8431285e-04
  -5.9947511e-02  -4.2754890e-02   3.4648275e-01  -3.8282898e-03   1.8793527e-03   4.6456582e-04
  -4.3176856e-02  -3.5580996e-02   3.6978768e-01  -4.0399448e-03   2.0945617e-03  -1.1089326e-04
  -2.6084611e-02  -2.1923570e-02   3.8643107e-01  -3.6762352e-03   1.9399552e-03  -2.2580571e-04
  -3.2485615e-02  -3.5756276e-02   4.1151681e-01  -4.1033791e-03   1.7667844e-03  -2.3583929e-04
  -2.1278282e-02  -5.3122534e-02   4.5148254e-01  -3.0743224e-03   1.7682712e-03  -4.1483804e-04
  -6.6948431e-02  -5.7137642e-02   4.1805010e-01  -3.6252454e-03   1.2388360e-03   1.6233656e-04
  -6.3677494e-02  -2.8525552e-02   3.3555927e-01  -3.6276891e-03   1.4020575e-03   3.1195005e-04
  -3.1905794e-02  -5.9900169e-02   4.4444147e-01  -3.4639052e-03   1.6213964e-03  -2.1572796e-04
  -5.4216849e-02  -6.4284631e-02   4.1657280e-01  -4.0899342e-03   1.2179277e-03   3.4058057e-04
  -7.1366666e-02  -3.8409187e-02   3.9111782e-01  -4.1611724e-03   1.5408813e-03   3.5980504e-04
  -8.2827979e-02  -6.4127742e-02   3.7058505e-01  -4.3592368e-03   1.1312347e-03   6.5196717e-04
  -4.6306580e-02  -7.6234654e-02   4.6923720e-01  -4.4078648e-03   1.3536471e-03   7.7904394e-04
  -5.2239812e-02  -6.7013874e-02   3.7494784e-01  -4.1156415e-03   1.5587714e-03   3.5399262e-04
  -8.1140054e-02  -8.2598579e-02   4.3651358e-01  -4.8318053e-03   7.9995498e-04   7.2880929e-04
  -7.3694071e-02  -8.0897691e-02   3.5146498e-01  -4.6193105e-03   1.2116642e-03   1.2822989e-04
  -8.9221838e-02  -7.2962122e-02   5.0084464e-01  -4.5062199e-03   9.8668416e-04   3.2869261e-04
  -1.0076483e-01  -6.0244224e-02   2.7956919e-01  -4.6185969e-03   1.2061806e-03   4.5999381e-04
  -1.1249430e-01  -6.5499174e-02   5.0269975e-01  -4.5013735e-03   2.0031711e-03   4.1324225e-04
  -3.9683561e-02  -6.2187443e-02  -1.1782400e-01  -2.3959149e-03   1.4868664e-03   1.0419599e-03
   2.4588835e-02  -5.5157803e-02  -3.0998555e-01  -5.0538667e-04   2.6397365e-03   2.2180284e-03
  -4.9754221e-02   7.6255610e-02   1.8216423e-01  -5.2177270e-03   1.9134238e-03   2.1318417e-03
  -6.9613164e-02   1.9339429e-03   9.4468624e-02  -5.4073323e-03   1.7017010e-03   2.4173936e-03
  -5.4405601e-02  -3.1693193e-02   2.0581377e-01  -5.4066968e-03   2.0282455e-03   1.9876363e-03
  -5.0407599e-02  -4.0008081e-02   1.9069487e-01  -4.6167471e-03   2.1722115e-03   1.5542620e-03
  -3.4078083e-02  -8.2653783e-02   3.1108062e-01  -4.5150471e-03   2.2627589e-03   1.6274879e-03
  -4.1949270e-02  -5.0476121e-02   1.9185286e-01  -5.6726181e-03   2.3027844e-03   1.6403920e-03
  -6.0852876e-02  -8.8489248e-02   3.0089087e-01  -4.8000989e-03   2.4731127e-03   1.5354012e-03
  -3.3633980e-02  -5.9938624e-02   2.7469177e-01  -5.3077755e-03   2.2923157e-03   1.5051998e-03
  -3.8047413e-02  -7.1666658e-02   2.9664581e-01  -5.5050729e-03   2.2946389e-03   1.4467319e-03
  -3.2993230e-02  -8.5245614e-02   3.2970884e-01  -5.5296454e-03   2.1806399e-03   1.4134583e-03
  -4.1794578e-02  -9.1025272e-02   2.6940557e-01  -6.1001758e-03   2.3552528e-03   1.4102981e-03
  -6.3227016e-02  -8.1930283e-02   2.8866940e-01  -5.8477289e-03   2.0603142e-03   1.5541294e-03
  -6.1058588e-02  -5.6296413e-02   3.4245437e-01  -5.2239125e-03   2.1569816e-03   1.5839892e-03
  -3.0425114e-02  -6.1042811e-02   2.5796820e-01  -6.4750012e-03   2.4021016e-03   1.4778897e-03
  -4.0143084e-02  -6.3646451e-02   2.5088841e-01  -6.7258112e-03   2.4841604e-03   1.4783201e-03
  -4.6805121e-02  -8.8743370e-02   2.3260844e-01  -5.8186448e-03   2.5797818e-03   1.4189358e-03
  -3.7185058e-02  -2.8033349e-02   2.7211364e-01  -6.3974617e-03   2.9310898e-03   1.2211924e-03
  -4.1650163e-02  -4.2249236e-02   2.9604505e-01  -6.2014149e-03   2.2734924e-03   1.3966597e-03
  -3.8937229e-02  -7.3976356e-02   3.8218287e-01  -5.6494836e-03   2.6817910e-03   1.2025333e-03
  -7.5779872e-02  -9.4639325e-02   3.1294860e-01  -5.8657825e-03   2.7291600e-03   1.4038831e-03
  -5.2564838e-02  -6.8973898e-02   2.8760890e-01  -6.3073037e-03   3.1279284e-03   1.2328661e-03
  -6.4168221e-02  -8.5402832e-02   3.1502403e-01  -5.8211752e-03   2.9849498e-03   1.2538578e-03
  -5.1327229e-02  -3.9730559e-02   2.9093495e-01  -6.4286548e-03   3.1807552e-03   1.2793034e-03
  -2.6071627e-02  -3.4326197e-02   1.8719760e-01  -7.9569293e-03   3.6570576e-03   9.8870858e-04
  -2.8768560e-02  -1.2828655e-01   2.5620224e-01  -7.1644376e-03   2.7415371e-03   1.2675013e-03
  -2.8074394e-02  -9.3800349e-02   2.3034082e-01  -7.7116350e-03   2.7318705e-03   1.5411447e-03
  -1.4576752e-02  -5.4746873e-02   2.8017296e-01  -6.6229354e-03   2.9795058e-03   1.3783316e-03
  -3.9191935e-02  -7.5562429e-02   2.1622102e-01  -6.6974790e-03   3.1600904e-03   1.7796819e-03
  -9.0575210e-03  -9.5850141e-02   3.1790383e-01  -6.6616435e-03   3.1645063e-03   1.3192177e-03
  -2.7656297e-02  -7.6047132e-02   2.4273121e-01  -7.3767201e-03   3.0663085e-03   1.2679868e-03
  -3.4677571e-02  -7.7270783e-02   3.0196884e-01  -6.7014099e-03   3.1183999e-03   9.7528828e-04
  -4.8188286e-02  -1.0247271e-01   3.1986703e-01  -6.6065651e-03   3.1120944e-03   1.0565373e-03
  -4.5344260e-02  -1.0622105e-01   3.3059567e-01  -7.2298983e-03   2.7776434e-03   1.2987633e-03
  -4.3624025e-02  -1.3876982e-01   3.1999313e-01  -7.0804347e-03   2.7302250e-03   1.1950363e-03
  -5.3784902e-02  -9.6239220e-02   3.0873015e-01  -6.5696576e-03   2.9556772e-03   1.0578027e-03
  -5.3568275e-02  -1.0396585e-01   2.0910326e-01  -7.7836011e-03   2.4351222e-03   1.1995375e-03
  -3.8208552e-02  -1.2214701e-01   2.9835981e-01  -7.0799089e-03   2.6222729e-03   1.0565036e-03
  -3.3927232e-02  -1.3579998e-01   1.9481910e-01  -7.9408565e-03   2.4226697e-03   1.1880446e-03
  -1.7468992e-02  -1.0262498e-01   2.0164176e-01  -7.7027673e-03   2.8512940e-03   1.3563183e-03
  -5.4520758e-03  -1.2280649e-01   2.2201967e-01  -7.0249100e-03   3.1529095e-03   1.0760271e-03
  -1.6850792e-02  -1.0237452e-01   1.7060296e-01  -7.7665664e-03   3.2632850e-03   1.4343934e-03
  -9.8946810e-03  -6.1703305e-02   1.3881058e-01  -7.6008566e-03   3.0729212e-03   1.3376779e-03
  -1.8449770e-02  -4.9921940e-02   1.3751479e-01  -7.5259501e-03   2.9598536e-03   1.5043957e-03
  -2.1236129e-02  -6.8174573e-02   1.8841346e-01  -7.5978217e-03   2.7777016e-03   1.4130071e-03
  -1.0892166e-02  -6.6146473e-02   2.1812521e-01  -7.3105467e-03   2.7633262e-03   1.1368127e-03
  -4.0313416e-02  -5.5472426e-02   1.6840075e-01  -7.7090723e-03   2.5303577e-03   1.4082975e-03
  -1.7147578e-02  -6.0642677e-02   2.4039324e-01  -6.8525159e-03   2.8712391e-03   1.3069006e-03
  -2.8256299e-02  -1.2700058e-01   1.9636825e-01  -8.2565399e-03   2.4031760e-03   1.2335690e-03
  -2.8627992e-02  -1.2022368e-01   1.8700668e-01  -7.6435640e-03   2.8440776e-03   1.4325310e-03
  -5.6942899e-02  -8.3972613e-02   8.7997072e-02  -8.8967019e-03   2.8011116e-03   1.9577900e-03
  -1.8668167e-02  -9.3260520e-02   1.2017106e-01  -8.1053666e-03   3.4614292e-03   1.8784052e-03
  -4.9835648e-02  -1.4928883e-01   1.2597851e-01  -8.6922819e-03   3.3881142e-03   1.8695857e-03
  -2.0256880e-02  -1.6076760e-01   1.3296056e-01  -8.4410455e-03   3.3418404e-03   2.2206980e-03
   1.9796688e-02  -5.2150721e-01  -1.0514165e-01  -1.4105093e-02   3.1277979e-03   4.8304137e-03
  -2.9150284e-02   8.0847169e-02  -4.5754901e-03  -1.7062865e-02   6.6095450e-04   6.2564953e-03
   1.7074786e-01   3.1892439e-01   1.2826453e-01  -1.0670384e-02   3.1437420e-03   3.5595937e-03
   7.0746990e-02  -1.1838665e-01  -7.0769330e-03  -1.1688048e-02   3.4379881e-03   4.2420049e-03
   7.0905939e-02  -8.0307762e-02   6.4856908e-02  -1.0965226e-02   4.2540572e-03   3.0298857e-03
   4.2726076e-02  -1.2451345e-01   2.2444576e-02  -1.1497912e-02   3.5438544e-03   2.8497433e-03
   8.8752875e-02  -1.0430500e-01   1.4028382e-01  -1.0530305e-02   3.4522091e-03   2.2338653e-03
   5.9539897e-02  -1.0351801e-01   1.1018018e-01  -1.0562208e-02   2.9463450e-03   2.6602117e-03
   6.5397541e-02  -1.0584657e-01   7.7497945e-02  -1.1229687e-02   2.8813325e-03   2.5546407e-03
   6.3271427e-02  -1.2752981e-01   1.7948363e-01  -1.0696448e-02   2.4971401e-03   2.5113411e-03
   7.6640526e-02  -8.5661660e-02   1.5175951e-01  -1.0414237e-02   2.6644628e-03   1.9991551e-03
   5.3461006e-02  -1.2771733e-01   2.7671557e-02  -1.2116269e-02   2.3494752e-03   2.4809359e-03
   7.9702224e-02  -1.3042940e-01   9.3179676e-02  -1.1337439e-02   2.3523274e-03   2.2838647e-03
   9.1803204e-02  -1.3984241e-01   1.1441379e-01  -1.0792324e-02   2.4979228e-03   2.2169211e-03
   9.4153776e-02  -1.3140753e-01   9.5848637e-02  -1.1097607e-02   2.1721944e-03   2.4838911e-03
   1.1146713e-01  -1.6591188e-01   1.5532501e-01  -1.0560175e-02   1.8857706e-03   2.2997007e-03
   8.8262887e-02  -1.5986224e-01   1.4127308e-01  -1.0491821e-02   1.6980596e-03   2.3580758e-03
   9.2814765e-02  -1.5610950e-01   8.5882041e-02  -1.1024812e-02   1.5923669e-03   2.4592267e-03
   1.0650771e-01  -1.5121163e-01   1.6716557e-01  -1.0476484e-02   2.1413640e-03   2.3530975e-03
   1.0212877e-01  -2.0461469e-01   1.1907042e-01  -1.1543668e-02   2.1494083e-03   1.7926430e-03
   8.1432108e-02  -2.2376099e-01   8.8400971e-02  -1.1853145e-02   2.1016394e-03   2.2351901e-03
   2.4539500e-02  -2.3046197e-01   1.6177659e-02  -1.2985582e-02   2.3166715e-03   2.0431958e-03
  -3.7367670e-03  -2.2854411e-01   1.2735016e-01  -1.1852275e-02   2.1756492e-03   1.8641360e-03
   2.4831699e-02  -1.8254604e-01   1.1869228e-01  -1.2043500e-02   1.7620693e-03   1.6976232e-03
