   0.0000000e+00   0.0000000e+00  -1.4210855e-14  -2.7755576e-17   8.6736174e-19   2.4074124e-35
  -5.6949740e-03   3.9592227e-02  -6.7562265e-04   1.2060661e-05  -1.8068351e-04   1.9230899e-04
  -3.4908793e-03  -3.8269045e-02   1.9566303e-02   5.9976987e-05  -1.4615675e-04   1.4299961e-04
  -4.4945111e-03   2.9054909e-02   3.9752095e-02   3.6608198e-05  -1.8677806e-04   1.8380361e-04
  -6.7329236e-03  -6.7269467e-02   2.5005809e-02   4.5459902e-05  -3.4111698e-04   2.3875894e-04
  -5.1697634e-03  -1.7519995e-02   1.9201026e-02  -1.3959167e-04  -3.3964445e-04   2.8351126e-04
  -5.3920318e-03  -8.8042161e-03  -2.5125067e-02  -1.4085760e-04  -2.2790545e-04   3.1416091e-04
   1.1940709e-03  -4.2546669e-02  -3.6634809e-02  -5.5437223e-04  -1.3026852e-04   3.2450145e-04
  -5.8768246e-03   2.5386896e-02  -3.6659332e-02  -3.0626307e-04  -1.2945155e-04   3.5157634e-04
  -4.4865818e-03  -3.5350349e-02  -5.2060825e-02  -2.1012864e-04  -8.3010723e-05   4.3496450e-04
  -1.1505453e-02   7.0972039e-04  -4.2168505e-02  -2.9078858e-04  -1.2749487e-04   4.5959675e-04
  -1.0806903e-02   3.0235773e-02  -4.3453601e-02  -4.6695915e-05  -1.0142785e-04   4.6658788e-04
  -7.4258159e-03  -2.6644077e-02  -4.9041715e-02  -1.4444151e-04   3.6643724e-05   5.1880696e-04
  -6.0925738e-03   4.1276020e-02  -3.7501293e-02  -2.0695261e-05   6.7642490e-05   4.9148379e-04
  -1.0858845e-02   2.3695726e-02  -6.1985730e-02  -8.9400003e-05  -1.9484193e-04   6.4226618e-04
  -4.5647384e-03  -1.0196754e-02  -6.4032593e-02  -2.7608917e-04  -8.3715478e-06   6.1733739e-04
  -7.7668588e-03   5.3748436e-02  -4.9749910e-02  -9.0588023e-05  -2.2821555e-04   7.0073016e-04
  -4.3377486e-03   6.8845441e-03  -7.1709744e-02  -1.0223739e-04  -1.3869808e-04   7.7798054e-04
  -7.5929917e-03  -1.5950454e-03  -6.8721668e-02  -3.0906987e-04  -3.0806548e-04   7.8956222e-04
  -4.6856339e-03   6.2192077e-02  -6.8439990e-02  -1.6795515e-04  -2.1190391e-04   8.7010434e-04
  -2.8557375e-03  -1.9021612e-02  -8.7792087e-02  -7.2209617e-05  -8.2290449e-05   8.8286739e-04
  -9.1370944e-03   7.7272023e-03  -7.0267847e-02  -2.2535004e-04  -1.2587284e-04   7.8026606e-04
  -1.0701044e-02   6.0560873e-02  -6.2460732e-02  -1.4593616e-04  -1.9930810e-04   8.7589017e-04
  -7.4754746e-03  -2.5533271e-02  -8.3803723e-02   2.0903149e-05  -9.1973607e-05   8.6680179e-04
  -3.6218232e-03  -1.5427393e-02  -7.6616410e-02  -1.8388929e-04  -4.5160863e-05   7.9583132e-04
  -3.5574183e-03   4.9993449e-02  -7.3595745e-02   8.5858369e-05  -3.1571448e-05   9.0934946e-04
  -2.8987149e-03   4.7131943e-04  -8.3714904e-02  -2.4634752e-05   3.2382999e-05   9.1664073e-04
  -7.6527571e-03   1.6679024e-02  -8.7209452e-02  -2.9037959e-05  -2.3189151e-05   9.1381421e-04
  -7.8514589e-03   4.8124879e-02  -7.6154298e-02   8.8856927e-04  -2.4004363e-04   9.2729165e-04
  -2.6852876e-03  -1.5001603e-02  -8.2798690e-02   2.9022842e-04  -4.5463869e-05   8.0002963e-04
   2.8035110e-03  -1.4734869e-02  -7.0836062e-02  -3.0008846e-05  -1.9059241e-05   6.4095066e-04
   5.1766174e-03   1.1861743e-02  -6.3874424e-02   9.6478116e-05  -1.6314904e-04   5.9712238e-04
   3.6745343e-03  -5.5657426e-02  -5.7990786e-02  -6.2527700e-05  -2.1438164e-04   7.7662552e-04
   1.1222244e-02   1.3867131e-02  -3.2330172e-02  -2.3727361e-04  -8.4836343e-05   6.7766006e-04
   1.4649246e-02  -4.5246677e-02  -5.6896732e-02  -1.6404629e-04  -2.1889429e-06   8.1705753e-04
   1.0738203e-02  -3.8472710e-02  -6.3292142e-02  -6.3967544e-04   8.0103255e-05   8.7006526e-04
  -1.5427456e-03   2.9124536e-02  -7.5729689e-02  -5.4413210e-04  -4.1886191e-06   9.3995312e-04
  -2.0698318e-03  -2.0113796e-02  -7.1522152e-02  -3.7063167e-04   7.7237633e-05   9.6765594e-04
  -1.2197729e-03  -2.7310114e-02  -8.1486971e-02  -6.2647004e-04   5.9952827e-05   9.8069671e-04
   3.3397215e-03   4.4915837e-02  -7.6038188e-02  -5.6772378e-04   1.1740162e-04   9.9238512e-04
   2.8096105e-03  -3.8853788e-02  -9.1684768e-02  -5.2247413e-04   1.7060423e-04   1.0613988e-03
   8.5933388e-03  -3.6537940e-03  -7.2968269e-02  -8.3194324e-04   1.2653730e-04   9.2285996e-04
   8.4672684e-03   3.9362601e-02  -6.5466113e-02  -4.5481653e-04   9.4237296e-05   9.7334934e-04
   1.2167533e-02  -2.5783109e-02  -7.3270400e-02  -4.5988147e-04   1.8341681e-04   1.0089827e-03
   1.0848960e-02  -1.9850989e-02  -6.6294862e-02  -4.7757187e-04   1.2324846e-04   1.0115320e-03
   7.2873131e-03   4.1133062e-02  -5.9368571e-02  -5.5202432e-04   6.4656168e-05   1.0794359e-03
   1.0410457e-02   1.2132435e-02  -8.8555631e-02  -3.7578252e-04   2.3292883e-04   1.1686646e-03
   9.1351261e-03  -6.0539783e-02  -8.9120671e-02  -3.2191357e-04   3.2761557e-04   1.1111100e-03
   7.5081155e-03   1.6181899e-02  -7.6451961e-02  -4.5034382e-04   1.9646970e-04   1.1200123e-03
   6.1280982e-03   1.4939523e-02  -8.6003058e-02  -4.0999349e-04   3.2935115e-04   1.1113167e-03
   9.7516485e-03  -2.1588854e-02  -8.2194999e-02  -2.6022190e-04   3.7077214e-04   1.1976677e-03
   1.4317743e-02   9.9182908e-03  -8.9782088e-02  -3.7975312e-04   4.3747654e-04   1.2224117e-03
   1.4375868e-02   1.4857466e-02  -1.0012353e-01  -7.6299026e-05   4.7264454e-04   1.3453438e-03
   1.6804018e-02  -3.6834025e-02  -1.1048350e-01  -4.2838295e-04   5.7124688e-04   1.2709233e-03
   7.7398270e-03   4.3656404e-02  -1.2429729e-01  -6.9568297e-05   3.4511401e-04   1.4939689e-03
   6.9472174e-03  -1.6819004e-02  -1.3815430e-01   3.4766709e-04   3.4017135e-04   1.5334282e-03
   1.6114931e-02  -3.4527722e-03  -1.4501903e-01  -1.9109976e-04   5.1509342e-04   1.2855918e-03
   1.1013841e-02   4.2999673e-02  -1.3820921e-01   1.9612577e-04   5.1131303e-04   1.3745402e-03
   1.7640024e-02  -4.0450104e-02  -1.2403793e-01  -9.9166571e-05   4.9193924e-04   1.1013009e-03
   1.5245483e-02   2.9039295e-02  -9.3757180e-02   4.0998963e-04   2.8522761e-04   1.0832659e-03
   1.6334008e-02  -4.7528248e-02  -1.2853639e-01  -3.6999275e-04   5.1348327e-04   1.2414610e-03
   1.2754370e-02  -1.1270784e-02  -1.2131989e-01  -4.5561765e-04   5.4448575e-04   1.3179160e-03
   7.1220491e-03   1.7036303e-02  -1.3289695e-01  -4.5015603e-04   5.1874993e-04   1.4460518e-03
   9.2372246e-03  -3.4928004e-02  -1.2304282e-01  -2.2355692e-04   6.2465848e-04   1.3801960e-03
   4.7299054e-03  -2.9609491e-02  -1.1048699e-01  -4.4222730e-04   5.1450251e-04   1.4017678e-03
   5.8269841e-03   6.1515028e-03  -1.2256804e-01  -1.9147812e-04   4.7130420e-04   1.4637103e-03
   1.1666592e-02  -1.6150370e-02  -1.2398493e-01  -4.0087936e-04   6.2023795e-04   1.3781506e-03
   1.3421624e-02   6.6194547e-03  -1.2443671e-01  -2.7175678e-04   6.6070287e-04   1.3965872e-03
   1.3516133e-02   3.4229300e-02  -1.3132831e-01  -3.6338734e-04   6.2035583e-04   1.4414388e-03
   1.6811348e-02  -2.5401600e-02  -1.4489859e-01  -5.8769568e-04   6.7534020e-04   1.4463325e-03
   1.1297586e-02   2.9344845e-03  -1.5453964e-01  -5.5460028e-04   6.2445903e-04   1.4608356e-03
   1.1025406e-02   2.8316112e-02  -1.5773318e-01  -3.1090916e-04   6.4725403e-04   1.5176135e-03
   1.0963609e-02  -3.1739135e-02  -1.4332938e-01  -3.4871512e-04   7.8113168e-04   1.5446407e-03
   7.1022345e-03  -4.9095766e-03  -1.4447471e-01  -1.3185617e-04   7.7697268e-04   1.4835673e-03
   1.5005295e-03   2.5298592e-02  -1.5228190e-01  -2.7497463e-04   6.7339897e-04   1.5740912e-03
   7.1582408e-03  -3.9164724e-02  -1.5253323e-01  -2.8566900e-05   8.3697338e-04   1.5460916e-03
   5.3877766e-03   6.2125714e-03  -1.4876860e-01  -6.4937853e-04   6.7360773e-04   1.4551762e-03
   4.7173549e-04   1.6217480e-02  -1.8065455e-01  -1.1629425e-03   6.4506961e-04   1.4958120e-03
  -3.0218627e-04  -1.0401377e-01  -1.9062369e-01  -1.4752927e-03   6.5965479e-04   1.5439330e-03
   1.8456586e-03  -8.7237551e-03  -1.6899482e-01  -9.9273095e-04   7.0511300e-04   1.5652813e-03
  -4.8660780e-03  -7.8932918e-02  -1.7167690e-01  -8.8293110e-04   5.9075577e-04   1.5573591e-03
  -8.1598134e-03   9.5012954e-04  -1.5621367e-01  -2.4179033e-04   6.4251875e-04   1.5735035e-03
  -6.8515877e-03  -4.0033642e-02  -1.4454979e-01   3.1044887e-04   7.2196129e-04   1.7663836e-03
  -9.4501992e-04   1.2345425e-02  -1.3972515e-01  -1.1348478e-04   8.7264075e-04   1.5294766e-03
  -5.9093707e-04  -1.1228523e-01  -2.2176573e-01  -1.3071616e-04   6.5386599e-04   1.4389645e-03
  -1.2409796e-02  -8.1572354e-03  -1.7914008e-01  -2.0367799e-04   2.3771663e-04   1.8286356e-03
  -1.6553969e-02  -9.0205357e-02  -2.1075669e-01  -5.1806586e-04   1.7904647e-04   1.9468290e-03
  -2.7981577e-02  -2.1446167e-02  -2.0636480e-01  -8.1462030e-04  -9.1447942e-05   2.2459843e-03
  -2.5053201e-02  -4.9900263e-02  -2.1998902e-01  -8.4712747e-04  -3.6811911e-05   2.1948773e-03
  -2.6964550e-02  -1.4313894e-02  -2.2366530e-01  -7.0109911e-04  -1.0623450e-04   2.2792004e-03
  -2.4466766e-02  -6.4928986e-02  -2.2295564e-01  -7.7041314e-04  -1.1388829e-05   2.2762093e-03
  -3.4631466e-02   3.0464500e-02  -2.2269083e-01  -6.3982975e-04  -2.0950341e-04   2.3942078e-03
  -2.9867436e-02  -7.3720030e-02  -2.4237402e-01  -7.8128602e-04   2.8738542e-05   2.3807997e-03
  -3.1776095e-02   8.2020685e-03  -2.2568737e-01  -8.2826642e-04  -6.3185679e-05   2.4733057e-03
  -3.2255162e-02   2.1353730e-02  -2.2469804e-01  -5.7321351e-04   7.1909581e-05   2.5150295e-03
  -3.4294592e-02  -6.9775733e-02  -2.3094637e-01  -6.6539889e-04   4.0454860e-05   2.4995717e-03
  -2.9231189e-02   4.3580462e-02  -2.0890954e-01  -5.6247549e-04   2.1258906e-05   2.6175931e-03
  -3.4193981e-02  -7.5140285e-02  -2.3403095e-01  -6.1648031e-04  -1.5129571e-04   2.7178925e-03
  -3.0916314e-02   7.7333521e-03  -2.0701428e-01  -7.7972763e-04  -1.4787544e-04   2.5466791e-03
  -3.1242944e-02   2.1560637e-02  -2.1529559e-01  -5.5234897e-04  -2.3947804e-04   2.6510712e-03
  -2.4836512e-02  -6.8929670e-02  -2.0861240e-01  -5.8355270e-04   2.5647574e-06   2.6600458e-03
  -2.8796872e-02   4.2540793e-02  -1.9605930e-01  -5.4268027e-04  -2.5900157e-04   2.7290695e-03
  -3.3784169e-02  -8.8021648e-02  -2.1947781e-01  -4.5464025e-04  -2.7694991e-04   2.6609093e-03
  -3.3417026e-02   2.2329557e-02  -2.2207842e-01  -7.1630052e-04  -3.3911047e-04   2.6715092e-03
  -2.8692429e-02  -5.2724705e-02  -2.1543021e-01  -3.3360301e-04  -2.8488225e-04   2.7832586e-03
  -2.5183092e-02  -2.7655391e-03  -2.0623867e-01  -6.6283322e-04  -3.1658306e-04   2.7146187e-03
  -3.1013898e-02  -3.3343222e-02  -2.1343726e-01  -3.1125404e-04  -2.6104387e-04   2.7872225e-03
  -3.1645908e-02  -7.1444064e-04  -2.0396385e-01  -8.3975014e-04  -3.3065196e-04   2.7238111e-03
  -2.9233263e-02  -6.5389670e-02  -2.3426733e-01  -1.2673743e-04  -2.9242160e-04   2.7123432e-03
  -2.8662126e-02   1.5607814e-02  -1.9928271e-01  -2.9899288e-04  -2.0113360e-04   2.6302961e-03
  -3.1933599e-02   1.0838586e-02  -2.5249823e-01  -3.1415559e-05  -2.6003450e-04   2.5774237e-03
  -1.4159203e-02  -1.8329285e-02  -2.2295917e-01   1.4659237e-03   5.8468100e-05   2.0336617e-03
  -2.3536135e-02   3.8071816e-02  -2.3553704e-01   8.8815954e-04  -2.0767607e-04   2.3844629e-03
  -3.3932634e-02  -4.9664429e-02  -2.3356219e-01   2.1862681e-05  -4.0373193e-04   2.7754563e-03
  -2.4065181e-02   8.3705237e-03  -2.3322879e-01  -2.6022634e-04  -1.7001718e-04   2.7107937e-03
  -2.3388052e-02  -5.3605360e-02  -2.4626527e-01  -4.8368248e-04  -2.3039827e-04   2.8387748e-03
  -2.5730096e-02  -1.1349272e-03  -2.3933965e-01  -6.9982526e-04  -3.7257204e-04   2.8793315e-03
  -2.7321784e-02   1.8227831e-02  -2.5986876e-01  -6.3224892e-04  -2.8819915e-04   2.8808239e-03
  -2.7118433e-02  -5.2272456e-02  -2.6238663e-01  -8.3723245e-04  -2.5478560e-04   2.8437318e-03
  -2.3836501e-02   2.4517073e-02  -2.6496536e-01  -6.9466164e-04  -2.6735698e-04   2.9944598e-03
  -2.0549252e-02  -5.1229414e-02  -2.4847747e-01  -5.6222960e-04  -2.0331578e-04   2.9755709e-03
  -2.3737960e-02   2.4888934e-02  -2.5001318e-01  -5.6381377e-04  -1.8838696e-04   2.9881600e-03
  -2.4569078e-02  -3.8927462e-02  -2.5773804e-01  -3.6459348e-04  -1.0987447e-04   3.0059322e-03
  -2.3763491e-02   1.5108656e-02  -2.6042169e-01  -5.7369935e-04  -2.2805835e-04   3.0007976e-03
  -2.4335580e-02   8.9485078e-03  -2.5693870e-01  -7.3513596e-05  -8.5388458e-05   3.1690590e-03
  -1.7941693e-02  -2.0095159e-02  -2.5365246e-01  -4.7604787e-04  -5.5659194e-05   3.1112583e-03
  -1.9128110e-02   2.4939909e-02  -2.6585378e-01  -2.7455161e-04  -3.8571500e-05   3.2059136e-03
  -1.3411566e-02  -3.3267938e-02  -2.7408115e-01  -2.7757922e-04   1.6750364e-04   3.2112145e-03
  -7.8064133e-03   1.3239797e-02  -2.5406617e-01  -3.3204093e-04   2.1174470e-04   3.1570997e-03
  -1.0089370e-02   2.6138950e-03  -2.5597557e-01  -2.4602858e-04   1.8018652e-04   3.2030637e-03
  -6.8930350e-03  -1.6735212e-02  -2.3849512e-01  -2.8634398e-04   2.3946134e-04   3.1801681e-03
  -1.0558217e-02   2.8010212e-02  -2.5367389e-01  -3.3679231e-04   2.0667009e-04   3.2414709e-03
  -8.4661323e-03  -3.8855547e-02  -2.5502000e-01  -1.2533917e-04   5.1706122e-04   3.2675039e-03
  -6.7074926e-03   1.5539132e-03  -2.5364771e-01  -5.3022623e-04   2.2459882e-04   3.2890328e-03
  -2.6793143e-03   3.1456183e-02  -2.4280455e-01  -2.4211234e-04   1.9565325e-04   3.4112856e-03
  -2.6528784e-03  -3.4929537e-02  -2.4387021e-01  -4.0714073e-04   1.8561935e-04   3.3224352e-03
  -4.4650219e-03   2.4009309e-02  -2.2846068e-01  -6.5898011e-04   1.1611388e-04   3.2596942e-03
  -4.5140047e-03  -9.3837548e-02  -2.6902751e-01  -9.5860542e-04   4.6641823e-04   2.9998016e-03
   4.4179201e-03   5.8171587e-02  -2.3881572e-01  -1.0411990e-03   5.8693618e-04   3.1044669e-03
   5.0467313e-03  -8.3360179e-02  -2.7117267e-01  -1.1955140e-03   4.2176454e-04   3.2750652e-03
   8.1632999e-03   5.2214399e-02  -2.1836310e-01  -1.2938740e-03   3.8027251e-04   3.2927601e-03
