   0.0000000e+00   0.0000000e+00   0.0000000e+00   0.0000000e+00   0.0000000e+00   0.0000000e+00
  -3.3374392e-03  -4.9301754e-02   8.2373630e-02   1.3722927e-03   7.2992946e-04  -2.5908472e-06
  -3.2611422e-03   1.0992839e-01   1.2765930e-01   4.7918849e-04   8.4189170e-04  -3.0714495e-04
  -1.3090424e-04   2.8864955e-02   9.4119634e-02   2.4082958e-04   1.3976918e-05  -1.1594206e-04
  -9.5775967e-03   4.2086017e-02   1.0821005e-01   2.3616692e-04   7.5666485e-04  -1.8244433e-04
  -8.5192668e-04   8.3554736e-02   9.6676786e-02  -5.6556416e-05   1.7902592e-04  -1.5383566e-04
   4.5009192e-04   2.2644376e-02   1.3106615e-01  -4.3122551e-04   5.8745983e-04  -5.2181232e-05
  -8.0784693e-03   7.6207473e-02   5.6677090e-02  -5.4727364e-04   3.3304671e-04   1.6488819e-06
  -9.6215671e-03   3.8441707e-02   8.7997713e-02  -7.5750535e-04   2.8946727e-04   2.7702203e-04
  -1.9116301e-02   1.0147927e-01   8.7665863e-02  -5.2813516e-04   3.6545284e-04   2.1469982e-04
  -2.4871390e-02   5.9964370e-02   8.1242618e-02  -1.0756425e-03   3.4369882e-04   5.0832345e-04
  -1.0601446e-02   7.2817439e-02   9.4172282e-02  -8.0807086e-04   5.5725032e-05   6.2155282e-04
  -2.1540682e-02   1.0851637e-01   7.0616368e-02  -1.9481679e-03   1.7830922e-04   8.3743027e-04
  -9.5403788e-03   8.5844401e-02   1.2635793e-01  -1.7074428e-03  -1.4602196e-04   9.7621883e-04
  -1.3115018e-02   1.3127002e-01   9.4913887e-02  -2.3599267e-03   1.7170462e-04   1.2701496e-03
  -1.6019518e-02   5.4546775e-02   1.4248473e-01  -1.9388124e-03   3.4455381e-04   1.5004402e-03
  -1.8377728e-02   1.3499669e-01   7.8998693e-02  -2.6739065e-03   8.0038665e-04   1.6603392e-03
  -2.1710530e-02   6.1095149e-02   1.1390557e-01  -2.7580503e-03   8.4672925e-04   2.1077347e-03
  -4.9857708e-03   1.2868399e-01   6.0963846e-02  -2.9866821e-03   8.0402430e-04   2.2024329e-03
  -5.9975162e-03   9.2084743e-02   6.8335896e-02  -3.6420358e-03   1.1539750e-03   2.8141092e-03
  -2.4884411e-03   1.1487905e-01   4.1804840e-02  -3.5236427e-03   1.3950299e-03   2.7200074e-03
  -2.3377017e-02   1.4223029e-01   2.3541782e-02  -3.9614363e-03   1.4915423e-03   3.1027718e-03
  -3.0515519e-02   1.0146768e-01   8.3864877e-02  -4.3830817e-03   1.9032773e-03   3.3927280e-03
  -4.9510408e-02   1.5275788e-01   3.4870621e-02  -4.0016655e-03   2.1959650e-03   3.4166213e-03
  -5.9024481e-02   1.1243718e-01   5.6463150e-02  -4.3860129e-03   2.0325075e-03   3.7376450e-03
  -6.7689606e-02   1.0411962e-01   7.7500088e-02  -2.7461327e-03   1.7658633e-03   2.9318917e-03
  -6.2448179e-02   1.5943935e-01   5.0381346e-02  -3.4354238e-03   2.0928848e-03   2.3278398e-03
  -7.0543141e-02   6.9254656e-02   5.8077284e-02  -3.7020035e-03   2.9451861e-03   2.5890646e-03
  -6.5532492e-02   1.8182097e-01   6.3714806e-02  -4.2231754e-03   3.3877677e-03   2.6572867e-03
  -3.7672769e-02   1.7286742e-02   9.6923644e-02  -3.4136967e-03   2.3588096e-03   2.1260658e-03
  -4.9223669e-02   9.3565390e-02   1.4797850e-01  -3.4137510e-03   3.1732804e-03   1.9476382e-03
  -6.7904698e-02   1.4795269e-01   1.1470149e-01  -4.4954621e-03   3.6675795e-03   2.2089612e-03
  -7.9778519e-02   1.4060624e-01   7.5634140e-02  -4.7457543e-03   3.6458796e-03   2.6146242e-03
  -7.6594840e-02   1.2517140e-01   1.2962250e-01  -4.7654481e-03   3.8629275e-03   2.8558577e-03
  -8.7425227e-02   1.8554470e-01   1.0397985e-01  -5.2350073e-03   4.2576887e-03   3.0230351e-03
  -9.9008063e-02   1.3212166e-01   1.1511407e-01  -5.5390869e-03   4.6041089e-03   3.3445173e-03
  -1.0164276e-01   1.6617890e-01   9.5282818e-02  -4.7394371e-03   4.9144777e-03   3.2721440e-03
  -1.0416821e-01   1.3066284e-01   1.1415017e-01  -5.0956018e-03   4.9924809e-03   3.6089540e-03
  -9.7931286e-02   1.5334162e-01   1.0754972e-01  -5.0850343e-03   5.3458634e-03   3.4606990e-03
  -9.2201569e-02   1.4104190e-01   1.0545487e-01  -5.3645656e-03   5.4088596e-03   3.8353113e-03
  -9.6173052e-02   1.5248468e-01   1.0481058e-01  -5.4563446e-03   6.0963397e-03   3.8158227e-03
  -9.4739318e-02   1.7827586e-01   8.5668004e-02  -5.5779905e-03   5.9943881e-03   4.0596140e-03
  -1.0020410e-01   1.1784295e-01   1.2708313e-01  -5.4876377e-03   6.3164972e-03   4.0615234e-03
  -1.0327449e-01   2.0854755e-01   9.6762821e-02  -5.6954640e-03   6.3389976e-03   4.1382095e-03
  -1.1252113e-01   1.2066746e-01   1.2964884e-01  -5.8537851e-03   6.6278896e-03   4.2431887e-03
  -1.0996510e-01   2.0803547e-01   9.3178888e-02  -5.9790548e-03   6.9209535e-03   4.3847690e-03
  -1.1878526e-01   1.4912837e-01   1.1440430e-01  -6.4279249e-03   6.9865015e-03   4.6129647e-03
  -1.2755583e-01   2.0196467e-01   9.6819180e-02  -5.8838062e-03   7.0947777e-03   4.6282666e-03
  -1.3723071e-01   1.5200794e-01   9.3406972e-02  -6.3573351e-03   7.3623689e-03   4.8855746e-03
  -1.3923938e-01   2.1763127e-01   1.0273618e-01  -6.0257012e-03   7.4955285e-03   4.7280227e-03
  -1.5145508e-01   1.3566789e-01   1.0665737e-01  -5.3454066e-03   7.2348915e-03   4.3484400e-03
  -1.5851848e-01   1.9753253e-01   6.5351885e-02  -6.0526784e-03   7.4297886e-03   4.0643046e-03
  -1.5193690e-01   1.4885674e-01   6.8617928e-02  -6.1522935e-03   7.5611719e-03   4.3395312e-03
  -1.4701803e-01   2.0616575e-01   5.6119439e-02  -6.4680472e-03   8.3840005e-03   4.1231611e-03
  -1.3256821e-01   1.5656585e-01  -8.2836752e-03  -6.2400495e-03   7.5597709e-03   4.2210526e-03
  -1.2376428e-01   1.6806788e-01   6.4372814e-02  -6.9257359e-03   8.1388093e-03   4.3418574e-03
  -1.3994735e-01   1.9266321e-01   5.5375467e-03  -6.3033150e-03   8.0497997e-03   4.2869546e-03
  -1.5722778e-01   1.3786142e-01   4.9907227e-02  -6.6062101e-03   8.2223529e-03   4.4119080e-03
  -1.5813465e-01   2.1765554e-01   2.1267520e-02  -5.9751107e-03   7.9866718e-03   4.3215806e-03
  -1.6641215e-01   1.6875433e-01   5.8329590e-02  -6.4526330e-03   8.2341225e-03   4.6658127e-03
  -1.5826929e-01   1.9916694e-01   5.5959944e-02  -6.0177394e-03   8.2230605e-03   4.6503525e-03
  -1.6378822e-01   1.8342749e-01   5.4054985e-02  -6.3262034e-03   8.5464937e-03   4.7415039e-03
  -1.6665003e-01   1.7324663e-01   5.9250798e-02  -5.7234111e-03   8.5904994e-03   4.7605723e-03
  -1.5862822e-01   1.8276876e-01   5.3646441e-02  -6.0854580e-03   8.6371904e-03   4.8933288e-03
  -1.6098511e-01   1.6858627e-01   4.9636489e-02  -5.7556610e-03   8.8600805e-03   4.8076200e-03
  -1.5942627e-01   1.8710965e-01   1.8723065e-02  -5.8843838e-03   8.7828715e-03   4.9196128e-03
  -1.6179086e-01   1.8448742e-01   7.2819913e-02  -6.1572920e-03   9.3224950e-03   5.0736299e-03
  -1.6558160e-01   2.0924385e-01   4.8195442e-02  -5.7407252e-03   9.2199008e-03   5.1562536e-03
  -1.8053962e-01   1.7714103e-01   6.9955778e-02  -6.3702294e-03   9.3638480e-03   5.4496164e-03
  -1.8764980e-01   1.7669784e-01   6.4887567e-02  -5.3038086e-03   9.4194926e-03   5.4571784e-03
  -1.9641964e-01   2.0207905e-01   4.8015248e-02  -6.4083545e-03   9.4751260e-03   5.5787343e-03
  -1.9971210e-01   1.7424783e-01   6.6498972e-02  -5.5664088e-03   9.9522556e-03   5.6697501e-03
  -2.3196909e-01   2.4041287e-01   2.8087170e-02  -5.9978127e-03   1.0300770e-02   6.2647850e-03
  -2.3746296e-01   1.5207696e-01   8.7510837e-02  -4.4707659e-03   1.0537591e-02   6.4672700e-03
  -2.2951849e-01   2.4277828e-01   7.0794271e-02  -5.2695140e-03   1.0457618e-02   6.3644884e-03
  -2.4278077e-01   2.5856024e-02   1.3065653e-01  -2.6836822e-03   1.0020713e-02   5.7140087e-03
  -2.4028400e-01   1.8519343e-01   1.7149059e-01  -4.3525964e-03   1.0961641e-02   4.5705325e-03
  -2.5464663e-01   1.9796106e-01   1.7583618e-01  -3.6526501e-03   1.0702048e-02   4.5547555e-03
  -2.5488416e-01   1.4871222e-01   1.8244232e-01  -3.9607688e-03   1.1274992e-02   4.8279215e-03
  -2.4531366e-01   1.8014041e-01   1.5601438e-01  -4.0328397e-03   1.1319159e-02   4.9445673e-03
  -2.4287698e-01   1.3952787e-01   1.5452980e-01  -4.1925196e-03   1.1208483e-02   4.9267400e-03
  -2.4724691e-01   1.1999145e-01   1.5377179e-01  -3.3637431e-03   1.1522764e-02   5.0234721e-03
  -2.5231320e-01   1.6336426e-01   9.6654312e-02  -3.5272587e-03   1.1817951e-02   5.2915478e-03
  -2.3935369e-01   1.6355909e-01   1.1059738e-01  -3.6356558e-03   1.1946890e-02   5.3221601e-03
  -2.1392119e-01   1.8431907e-01   9.3263519e-02  -3.5860383e-03   1.1519405e-02   5.7438885e-03
  -1.9920172e-01   1.7255353e-01   1.6812332e-01  -3.7706337e-03   1.1812205e-02   6.1210501e-03
  -2.1768549e-01   2.1479513e-01   9.9988592e-02  -4.4220817e-03   1.1915563e-02   6.2094213e-03
  -2.2141200e-01   1.2646725e-01   1.5286848e-01  -4.4344537e-03   1.2182823e-02   6.5085373e-03
  -2.0951348e-01   2.0188012e-01   7.1051472e-02  -4.7147136e-03   1.2296594e-02   6.5866739e-03
  -2.1845071e-01   1.3948493e-01   1.0314146e-01  -4.8797603e-03   1.2370692e-02   6.7880677e-03
  -2.1866267e-01   2.0969185e-01   3.9297210e-02  -4.9373039e-03   1.2536313e-02   6.8661575e-03
  -2.2001482e-01   1.2668635e-01   7.8070003e-02  -4.8558541e-03   1.2367395e-02   7.1563254e-03
  -2.1915483e-01   1.9811582e-01   5.1312852e-02  -4.9608237e-03   1.2701521e-02   7.1195916e-03
  -2.1597976e-01   1.6013014e-01   6.5924094e-02  -5.1253717e-03   1.2563330e-02   7.3672828e-03
  -1.9960751e-01   1.5726996e-01   4.0020219e-02  -4.9824775e-03   1.2753559e-02   7.2962463e-03
  -2.0095097e-01   1.9175956e-01   5.1132619e-02  -5.3418543e-03   1.2710464e-02   7.5632221e-03
  -2.1310635e-01   1.3381033e-01   2.2940384e-02  -5.0315765e-03   1.2902472e-02   7.4747000e-03
  -2.0554305e-01   1.8490767e-01   8.3776983e-02  -4.6522517e-03   1.2717365e-02   7.4904239e-03
  -2.1579738e-01   1.6227073e-01  -4.9203368e-02  -5.3856437e-03   1.2572723e-02   7.5080990e-03
  -1.3457672e-01   1.5959668e-01   6.1706082e-01  -3.5364053e-03   1.0367832e-02   5.7382129e-03
  -7.6670020e-02   2.7203053e-01   8.5212911e-01  -3.4507473e-03   1.1686108e-02   4.1508915e-03
  -9.4693499e-02   1.4243960e-01   5.5815104e-01  -5.7770008e-04   1.1477268e-02   4.0361621e-03
  -1.0476661e-01   6.9704469e-02   6.7926070e-01  -4.7877785e-04   1.2064526e-02   3.3950571e-03
  -1.2136337e-01   1.9193382e-01   5.0882011e-01  -1.5106288e-03   1.1969692e-02   3.0353748e-03
  -1.3401498e-01   3.5171502e-02   5.4233456e-01  -3.7349330e-04   1.2444866e-02   3.2402980e-03
  -1.3979946e-01   1.4901113e-01   4.3351556e-01  -6.4353376e-04   1.2654939e-02   3.4202994e-03
  -1.3404492e-01   5.4079571e-02   4.2556341e-01  -6.9112869e-04   1.2882451e-02   4.0178863e-03
  -1.3211478e-01   1.3579160e-01   3.3990112e-01  -9.5689132e-04   1.3380646e-02   4.2681450e-03
  -1.4247257e-01   1.2343263e-01   2.7714882e-01  -1.2652883e-03   1.3863306e-02   4.7096443e-03
  -1.5229637e-01   1.1075635e-01   2.7083369e-01  -1.9370744e-03   1.4872586e-02   4.9262003e-03
  -1.4105979e-01   1.8017980e-01   2.4351747e-01  -1.8958242e-03   1.4707010e-02   5.2952441e-03
  -1.4438260e-01   1.1324198e-01   2.2362874e-01  -2.2337406e-03   1.4867837e-02   5.8212852e-03
  -1.3297516e-01   1.6794932e-01   2.4539814e-01  -2.2146862e-03   1.5189125e-02   5.8935752e-03
  -1.5036827e-01   1.4713497e-01   1.7047774e-01  -2.6641751e-03   1.5236892e-02   6.0925449e-03
  -1.4448527e-01   1.1899551e-01   1.8615129e-01  -2.6829668e-03   1.5692827e-02   6.0794338e-03
  -1.5217542e-01   1.8618815e-01   1.0574862e-01  -2.9221430e-03   1.5517734e-02   6.3359164e-03
  -1.3715967e-01   1.1274625e-01   1.7222123e-01  -3.1744083e-03   1.5448159e-02   6.4891723e-03
  -1.2734278e-01   1.7613519e-01   1.1116578e-01  -2.6183005e-03   1.5198846e-02   6.4308607e-03
  -1.3441222e-01   1.1108769e-01   1.6125284e-01  -3.1082653e-03   1.5492561e-02   6.7587831e-03
  -1.3623969e-01   1.4571571e-01   1.2946193e-01  -2.5622488e-03   1.5371586e-02   6.5776884e-03
  -1.5261020e-01   1.4766181e-01   1.7255722e-01  -3.2767422e-03   1.5744410e-02   6.7867093e-03
  -1.4951641e-01   1.3974981e-01   1.4925708e-01  -2.5081188e-03   1.5625031e-02   6.7459532e-03
  -1.5723419e-01   1.9181964e-01   1.4347474e-01  -3.3741192e-03   1.5739557e-02   7.0152623e-03
  -1.6247177e-01   9.0625234e-02   1.7549553e-01  -7.9182307e-04   1.4659811e-02   6.5789431e-03
  -1.5715210e-01   1.5098549e-01   4.3628194e-01  -2.9781121e-04   1.4423648e-02   4.9156494e-03
  -1.7376977e-01   1.6496953e-01   3.6613956e-01  -8.1804611e-04   1.5959450e-02   4.9810492e-03
  -1.7881177e-01   1.5137980e-01   2.5534381e-01  -9.5262448e-04   1.5478313e-02   5.3395884e-03
  -1.6008470e-01   1.1759846e-01   2.5885341e-01  -1.3502555e-03   1.6026880e-02   5.1218766e-03
  -1.7029412e-01   1.5170778e-01   2.3130070e-01  -1.6632545e-03   1.6069230e-02   5.2614111e-03
