   0.0000000e+00   0.0000000e+00   7.1054274e-15   2.7755576e-17   3.4694470e-18  -9.6296497e-35
   1.6597569e-02  -4.4896386e-02   3.8309415e-02   4.3405335e-04  -4.8763224e-05   7.7587544e-05
   4.7149791e-02  -7.8535743e-02   7.4007447e-02   7.1469017e-04  -1.7347886e-04  -1.7131135e-05
   5.8343191e-02  -4.5984289e-02   4.2364166e-02   8.3170997e-04  -4.2105281e-04  -8.2370574e-05
   7.4617714e-02  -5.2334713e-02   6.3401848e-02   1.2658058e-03  -1.7637936e-04  -7.9136411e-05
   7.6728612e-02  -2.7824857e-02   1.4723506e-02   1.4059223e-03  -4.0649569e-05   1.3216497e-04
   7.9157346e-02  -3.5512541e-02   1.8710407e-02   1.8785128e-03  -3.6176331e-05   3.8186031e-04
   8.1268365e-02   2.4089369e-02  -2.3610399e-04   2.3518474e-03  -2.4129844e-05   4.0617126e-04
   8.1836323e-02  -2.3071115e-02  -3.7081511e-02   1.0598290e-03   9.2851980e-05   5.6680459e-04
   8.6733161e-02   2.2244039e-02  -1.3385466e-02   1.8994950e-03  -3.4999201e-05   5.3197107e-04
   1.0153749e-01  -1.8302436e-02  -4.6890295e-02   1.3127870e-03  -3.1282615e-05   7.6430374e-04
   1.0733721e-01   1.7414920e-02  -4.3851352e-02   1.7344261e-03   2.0720070e-04   7.0915176e-04
   9.1039621e-02   1.7213208e-02  -6.9421636e-02   1.4424686e-03   2.4885294e-04   7.4947152e-04
   8.7704579e-02   4.0347817e-03  -4.3075773e-02   1.7119652e-03   2.5256500e-04   8.4081388e-04
   7.6544512e-02   1.4051688e-02  -6.7820463e-02   1.1662546e-03   2.8896513e-04   8.2475525e-04
   7.6062328e-02  -6.2259744e-03  -3.6957429e-02   1.6844787e-03   4.0065056e-05   9.5793296e-04
   6.2067937e-02   3.9841662e-02  -7.2709190e-02   1.4876803e-03   3.4459382e-04   9.2358996e-04
   5.8963394e-02   1.7736805e-02  -3.9600059e-02   1.6240439e-03   1.4156939e-04   9.0477990e-04
   6.5120776e-02   4.9641681e-02  -3.9762689e-02   1.6716155e-03   1.5005150e-04   1.0090095e-03
   5.9771242e-02   4.4536276e-02  -3.3670995e-02   2.0250990e-03   2.1129971e-04   8.1541143e-04
   7.0117412e-02   1.9067406e-02  -1.3814494e-02   2.6920191e-03   3.4232175e-04   8.4967626e-04
   5.3735209e-02   5.6560182e-02  -6.2847760e-02   1.2876314e-03   2.6028061e-04   8.9844581e-04
   4.1655256e-02   2.8647074e-02  -4.4207007e-02   1.7399320e-03   6.2372111e-05   9.7293048e-04
   5.0371074e-02   2.1739310e-02  -2.8431180e-02   1.4898836e-03  -2.7978973e-05   1.1386748e-03
   3.8960042e-02   6.8368238e-02  -2.6071457e-02   2.1361807e-03   1.0538205e-04   8.8102832e-04
   4.6480006e-02   3.1050540e-02  -3.3880790e-02   1.5612459e-03  -6.8828914e-05   8.5848468e-04
   4.7147496e-02   4.3352727e-02  -8.7652688e-03   2.1923947e-03   1.3017876e-04   1.0414439e-03
   3.9691324e-02   2.6357651e-02  -3.3312109e-02   2.3266701e-03   7.3597741e-05   1.0338468e-03
   3.6932899e-02   2.8369413e-02  -4.3916392e-02   8.0838466e-04   2.3220251e-04   1.1777180e-03
   2.9397301e-02   7.2475042e-02  -2.2404442e-02   2.0429583e-03   1.3598124e-04   1.2348413e-03
   3.5019535e-02   3.2465600e-02  -2.5050689e-02   1.2212198e-03   2.3690403e-04   1.0524499e-03
   5.4314613e-02   2.7038551e-02  -1.3394554e-02   2.4088014e-03   1.7643549e-04   1.1462479e-03
   5.9571398e-02   4.8166046e-02   1.4873897e-03   1.9202195e-03   4.3159635e-04   9.7216969e-04
   5.2874508e-02   4.0237591e-02  -6.3364052e-03   1.9077588e-03   3.6915961e-04   1.0062592e-03
   4.5679947e-02   6.1227305e-02  -3.6312022e-02   1.6218143e-03   6.1387114e-04   1.1232232e-03
   4.6550740e-02   2.8364135e-02  -5.0093915e-02   8.5607214e-04   8.2685935e-04   9.1367043e-04
   4.2339681e-02   6.6692548e-02  -3.0004659e-02   1.9425078e-03   9.0063039e-04   1.2575870e-03
   3.9808902e-02   6.3592403e-02  -3.3701191e-02   1.9406917e-03   8.3313348e-04   9.7278565e-04
   4.1577251e-02   3.9410904e-02   1.8396538e-02   2.4458073e-03   7.3943941e-04   1.1264539e-03
   4.0130051e-02   8.6706610e-02   3.3210073e-02   2.9872824e-03   7.8847079e-04   8.6009363e-04
   4.9294352e-02   4.1287847e-02   4.5636816e-02   2.9610545e-03   7.4147484e-04   8.6038100e-04
   5.9929070e-02   7.1510759e-02  -3.4626090e-03   2.2301886e-03   1.0021446e-03   8.4166967e-04
   6.4200698e-02   3.0299722e-02   6.9308291e-03   2.2800796e-03   1.0813200e-03   1.0488749e-03
   5.3202373e-02   5.3057441e-02  -4.1416859e-03   2.2754370e-03   7.1949300e-04   1.1818931e-03
   2.8543518e-02   9.4475018e-02  -6.6766904e-03   2.6602641e-03   8.5751678e-04   1.0659047e-03
   4.1731066e-02   5.3845093e-02   3.2616354e-02   3.2226104e-03   9.4488007e-04   9.0342055e-04
   4.8886057e-02   8.5688546e-02   3.1709725e-02   3.1007444e-03   1.0664997e-03   9.4696324e-04
   5.3974493e-02   4.0740464e-02  -1.3044331e-02   2.2757265e-03   8.4072373e-04   9.7833982e-04
   5.1425468e-02   5.3001211e-02   2.9188702e-02   3.1867309e-03   8.9662449e-04   1.1729695e-03
   4.2119982e-02   8.1999367e-02  -6.5456624e-04   3.1642222e-03   8.0931876e-04   1.1240218e-03
   5.4594262e-02   4.6115617e-02   3.1761395e-02   2.3595727e-03   9.2951109e-04   1.1500557e-03
   6.8614239e-02   6.5003624e-03  -1.8825391e-02   2.4633997e-03   7.7402307e-04   1.4359702e-03
   4.8291319e-02   8.0252493e-02   1.2006221e-02   3.5532566e-03   1.3208606e-03   1.1735837e-03
   1.1366017e-01  -1.2102056e-02   2.7707467e-02   4.6963331e-03   2.8622295e-03   1.7010089e-03
   1.4329111e-01   5.4689556e-02   6.5224904e-02   3.6511691e-03   3.7389904e-03   2.3163304e-03
   1.2480664e-01   6.4009795e-02   3.1548045e-02   4.2858774e-03   3.4087071e-03   2.1418583e-03
   1.2373789e-01   2.8999096e-02   1.9993056e-02   4.1676380e-03   3.0561775e-03   1.7812713e-03
   1.3117013e-01   3.1489593e-02   1.1319106e-01   5.6168842e-03   3.2828222e-03   1.6334872e-03
   1.4073683e-01   6.6298616e-02   6.8434796e-02   5.7109814e-03   3.4152571e-03   1.6331424e-03
   1.4839889e-01   2.9569060e-02   6.4774352e-02   4.6281993e-03   3.4053899e-03   1.6653976e-03
   1.4032623e-01   5.6256509e-02   3.7563918e-02   4.8113044e-03   3.3903295e-03   2.0141741e-03
   1.3086651e-01   1.0729742e-01   1.0502906e-02   4.4690855e-03   3.3261019e-03   2.0913223e-03
   1.3404647e-01   3.9225278e-02   3.1441102e-02   4.5079224e-03   3.5315820e-03   2.1334689e-03
   1.2838166e-01   7.7983055e-02   2.5412364e-02   4.5728076e-03   3.6938839e-03   2.1687599e-03
   1.2627963e-01   6.4376325e-02   2.8793991e-02   4.7337753e-03   3.5834863e-03   1.8873484e-03
   1.3517050e-01   4.0472257e-02   6.8540779e-02   4.7732380e-03   3.6501522e-03   1.8023311e-03
   1.3212319e-01   7.6075703e-02   2.8080920e-02   4.5344062e-03   3.7691582e-03   1.9460517e-03
   1.3750931e-01   5.0558593e-02   4.4314389e-02   4.9027474e-03   3.9259306e-03   1.7724954e-03
   1.3453542e-01   6.8995863e-02   4.2956618e-02   4.8249736e-03   4.0175962e-03   1.8669839e-03
   1.1676125e-01   9.4335468e-02   4.2510764e-02   5.0121530e-03   3.5014607e-03   1.7641363e-03
   1.3027730e-01   5.9156480e-02   4.1987687e-02   4.2756262e-03   3.5216045e-03   1.9090946e-03
   1.3659148e-01   8.9562899e-02  -1.9644575e-02   4.1191279e-03   3.7915824e-03   1.8016265e-03
   1.3280282e-01   6.7954059e-02   3.8530395e-02   4.3139175e-03   3.8219470e-03   1.9071891e-03
   1.2424400e-01   1.2364196e-01   2.7770863e-02   4.8797559e-03   3.6515861e-03   2.1533015e-03
   1.2088596e-01   7.1184656e-02   1.2568527e-01   5.0817236e-03   4.1975435e-03   1.9657050e-03
   1.3588872e-01   4.6219573e-02   1.0995347e-01   4.5579872e-03   4.6378413e-03   1.7905064e-03
   1.2109770e-01   8.8586583e-02   9.0488213e-02   4.4871945e-03   4.3051442e-03   1.6764352e-03
   1.0641725e-01   4.2325461e-02   9.5451377e-02   3.9627426e-03   4.3700765e-03   1.5343114e-03
   1.0259059e-01   9.6907056e-02   1.0729711e-01   5.0095192e-03   4.2892103e-03   1.5600750e-03
   1.0174803e-01   5.2335529e-02   1.2395890e-01   3.9721042e-03   4.2283053e-03   1.6042950e-03
   1.0986329e-01   7.2809885e-02   1.0437504e-01   4.3547679e-03   4.6895313e-03   1.4575675e-03
   9.9231060e-02   6.8627479e-02   1.3109722e-01   4.4901424e-03   4.2522597e-03   1.5057420e-03
   1.0258673e-01   7.8130656e-02   1.2569436e-01   4.4511157e-03   4.6897416e-03   1.4154887e-03
   8.9460811e-02   1.0747197e-01   1.3193471e-01   4.9502323e-03   4.5999368e-03   1.3309191e-03
   8.4608135e-02   8.4151260e-02   1.5778333e-01   4.5679509e-03   4.2753085e-03   1.4734249e-03
   1.0091489e-01   8.3574793e-02   1.3409791e-01   4.5278178e-03   4.5904328e-03   1.4182520e-03
   1.2107738e-01   4.9883101e-02   1.1827885e-01   3.7528307e-03   4.4802765e-03   1.3157387e-03
   1.1249828e-01   8.2489052e-02   1.2747609e-01   4.8933589e-03   4.5518062e-03   1.2205819e-03
   1.0282054e-01   5.9986384e-02   8.9574570e-02   4.4756066e-03   4.4163465e-03   1.1028174e-03
   9.0555581e-02   6.1778688e-02   1.4423162e-01   5.1250036e-03   4.3477276e-03   1.1326734e-03
   9.1972997e-02   8.4744191e-02   1.4255028e-01   5.2787792e-03   4.5582703e-03   1.0396510e-03
   9.9425241e-02   5.6526967e-02   1.5565832e-01   4.4063030e-03   4.3962588e-03   1.0041253e-03
   1.0375099e-01   7.1526140e-02   1.4542989e-01   4.3476754e-03   4.6264667e-03   1.0885533e-03
   1.0421747e-01   8.6890455e-02   1.3446968e-01   5.0552624e-03   4.4676799e-03   1.0341580e-03
   1.0587810e-01   6.4927646e-02   1.4930406e-01   5.2119843e-03   4.3846519e-03   1.0433629e-03
   7.9137454e-02   1.3299280e-01   1.6851905e-01   5.8636763e-03   4.3699795e-03   1.0169986e-03
   9.0711078e-02   9.2659563e-02   1.2004228e-01   4.9819722e-03   4.4786211e-03   9.7604542e-04
   9.6588385e-02   7.7328810e-02   1.0403032e-01   3.7287943e-03   4.0341783e-03   1.0691544e-03
   9.3346360e-02   1.2526761e-01   9.3680660e-02   4.8908451e-03   3.9649308e-03   9.5519647e-04
   5.5107012e-02   9.4612228e-02   9.9866760e-02   4.6035062e-03   2.7589428e-03   5.4700836e-04
   5.0851929e-02   8.6895030e-02   1.2511921e-01   4.3623316e-03   2.4552084e-03   2.8965010e-04
   3.9193235e-02   1.4881058e-01   9.3993444e-02   4.0457303e-03   1.9957638e-03  -2.7806007e-05
   1.8471570e-02   3.0481142e-02   4.3037582e-02   1.7592419e-03   2.4473019e-03  -1.9081283e-04
  -4.8131083e-01   2.4711967e-01  -2.6985827e-01  -7.6045710e-03  -5.4228597e-03  -8.1302391e-03
  -4.8664450e-01   3.6002360e-01  -1.7498038e-01  -6.0249458e-03  -7.5649133e-03  -7.5358845e-03
  -4.1326407e-01   2.5946593e-01  -1.3230012e-01  -4.9456140e-03  -5.5911312e-03  -6.0867843e-03
  -4.2178162e-01   3.4259604e-01  -1.1509820e-01  -3.9325554e-03  -6.2551624e-03  -5.9011507e-03
  -3.9879481e-01   2.8498707e-01  -1.1546649e-01  -3.5316124e-03  -5.4161152e-03  -5.6823379e-03
  -3.8652205e-01   2.6816481e-01  -7.9488938e-02  -3.4075878e-03  -5.9070642e-03  -5.6536236e-03
  -3.7871511e-01   2.9790458e-01  -5.6268346e-02  -2.3637561e-03  -5.4451341e-03  -5.4641246e-03
  -3.6273771e-01   2.8144553e-01  -9.8813246e-02  -2.7426535e-03  -5.5112248e-03  -5.3486525e-03
  -3.4442064e-01   2.5606878e-01  -9.8277794e-02  -3.1290938e-03  -5.0496982e-03  -5.3005303e-03
  -3.7045295e-01   3.1131782e-01  -1.1882188e-01  -2.8033586e-03  -5.4059704e-03  -5.1494808e-03
  -3.6798818e-01   2.8761470e-01  -1.2558145e-01  -3.5960532e-03  -5.3732391e-03  -4.9184266e-03
  -3.6964585e-01   2.8917242e-01  -6.9304055e-02  -1.1044765e-03  -5.7881082e-03  -4.6411586e-03
  -3.7741310e-01   3.1740049e-01  -8.3530828e-02  -9.1233660e-04  -5.4491463e-03  -4.6849846e-03
  -3.7689218e-01   2.8209644e-01  -2.1842119e-02  -7.6244143e-04  -5.4669840e-03  -4.9300953e-03
  -3.4907524e-01   2.9872813e-01  -6.9372862e-03  -4.1589384e-04  -5.3487312e-03  -4.8121376e-03
  -3.2062461e-01   2.7063032e-01  -4.5435774e-02  -9.6134662e-04  -5.3555992e-03  -4.9109578e-03
  -3.1144152e-01   2.3155438e-01  -2.8353412e-02  -9.5701439e-04  -5.3256951e-03  -5.0001817e-03
  -3.2847641e-01   2.9924055e-01  -3.8860581e-02  -4.8915157e-04  -5.5625173e-03  -5.1006512e-03
  -3.1809317e-01   2.7214188e-01  -5.4109103e-02  -1.0355273e-03  -5.2795450e-03  -5.1125629e-03
  -3.1485537e-01   2.9701047e-01  -1.4773597e-03   2.5942818e-04  -5.5823360e-03  -5.0266649e-03
  -2.9349052e-01   2.9416603e-01  -2.5091249e-02   2.5703818e-04  -5.2657531e-03  -4.2630084e-03
  -2.7795492e-01   2.3445268e-01  -7.3000227e-02  -1.7907712e-03  -4.9641669e-03  -4.2116597e-03
  -2.9023137e-01   2.6585370e-01  -7.8057222e-02  -1.0064598e-03  -5.0721186e-03  -3.8982758e-03
  -2.9432900e-01   2.4526605e-01  -1.0636161e-01  -1.5992475e-03  -5.0024528e-03  -3.8352195e-03
  -2.9738579e-01   2.3044380e-01  -7.8509428e-02  -1.2985707e-03  -4.9010910e-03  -3.8007326e-03
  -3.0042782e-01   2.8193577e-01  -7.2216258e-02  -1.3785515e-03  -4.9790623e-03  -3.8063481e-03
