   0.0000000e+00   0.0000000e+00  -3.5527137e-15   1.7347235e-18   1.7347235e-18  -3.0092655e-36
  -3.5099344e-02  -1.1928566e-02  -6.0309770e-02  -8.2657566e-04   2.8883967e-04   3.6485332e-04
  -3.0604580e-02   3.8003620e-02  -1.1846123e-01  -1.9818520e-03   8.5765335e-05   1.6899092e-04
  -2.7754072e-02   3.9006030e-02  -1.5069925e-01  -2.5208948e-03  -3.9723524e-05   3.1666303e-04
  -2.7283247e-02   6.5592724e-02  -2.1211801e-01  -3.3477560e-03  -2.2518355e-04   1.9247290e-04
  -2.0394623e-02   6.8570333e-02  -2.5035180e-01  -3.8109838e-03  -4.0494641e-04   7.2766245e-05
   2.6032275e-03   8.1805178e-02  -2.6283728e-01  -4.0309968e-03  -7.8286940e-04  -3.0049157e-04
   3.5275339e-02   1.1087562e-01  -2.8944400e-01  -4.3177602e-03  -1.8639045e-03  -7.9960481e-04
   2.0184844e-02   6.2453790e-02  -2.6559988e-01  -4.1431064e-03  -1.8562846e-03  -5.2959886e-04
   1.2086782e-02   1.2420256e-01  -3.4094980e-01  -5.1953762e-03  -1.9281935e-03  -3.9005016e-04
  -3.0270242e-03   1.0687598e-01  -3.6581837e-01  -5.9656342e-03  -1.6979242e-03  -2.4889429e-04
  -1.0830124e-02   1.4022630e-01  -4.1011537e-01  -6.6707141e-03  -1.6637810e-03  -2.9691179e-04
  -2.9021424e-02   1.8147867e-01  -5.6148886e-01  -8.7897141e-03  -1.6823209e-03  -2.1889304e-04
  -2.8431557e-02   1.7616140e-01  -5.2476025e-01  -8.8490048e-03  -1.6711971e-03  -3.3080135e-04
  -2.2124587e-02   1.9027735e-01  -5.6647019e-01  -9.5824023e-03  -1.6180074e-03  -5.0147590e-04
  -5.8792943e-02   2.0004610e-01  -6.4892663e-01  -1.0923471e-02  -1.7409456e-03  -2.7107473e-04
  -5.9117743e-02   2.1948325e-01  -6.6727923e-01  -1.1603577e-02  -1.8338990e-03  -1.0903352e-04
  -3.7862001e-02   2.3546526e-01  -6.1319562e-01  -1.0527872e-02  -2.2958014e-03  -5.3571620e-04
  -3.6829280e-02   1.7579954e-01  -5.4383551e-01  -9.7426303e-03  -2.4971164e-03  -3.9501633e-04
  -3.3443255e-02   2.2614151e-01  -6.2067420e-01  -1.1190553e-02  -2.2500041e-03  -6.0878398e-04
  -3.0363904e-02   1.9190034e-01  -6.2406379e-01  -1.0866977e-02  -2.3419723e-03  -7.7467752e-04
  -3.1494214e-02   1.9603504e-01  -6.0331503e-01  -1.0833520e-02  -2.5269868e-03  -7.0133916e-04
  -7.6501417e-03   2.0433692e-01  -6.1416443e-01  -1.0562137e-02  -2.7869128e-03  -9.6151499e-04
  -1.7405860e-02   1.9405722e-01  -6.0481426e-01  -1.0933939e-02  -2.5342981e-03  -8.9610531e-04
  -1.6676703e-02   1.7427450e-01  -5.7165898e-01  -9.6948757e-03  -2.8681489e-03  -9.9915935e-04
  -8.0541712e-03   1.7325382e-01  -5.7589118e-01  -1.0163080e-02  -3.0728118e-03  -1.0450386e-03
  -1.0014769e-02   1.7493506e-01  -6.0522953e-01  -1.0628138e-02  -2.9732104e-03  -1.0289393e-03
  -7.5619042e-03   2.0783275e-01  -6.6431623e-01  -1.1198944e-02  -3.0035636e-03  -1.1410541e-03
  -1.5705050e-04   1.3145530e-01  -5.9217481e-01  -9.8796064e-03  -3.0718975e-03  -1.1893302e-03
   3.6221123e-03   1.6619654e-01  -6.1183412e-01  -9.7570796e-03  -3.3249822e-03  -1.1079117e-03
  -2.8287813e-02   1.6375054e-01  -6.0942461e-01  -1.0604902e-02  -3.1520770e-03  -8.4059412e-04
  -1.6057078e-02   1.7142521e-01  -5.9754599e-01  -9.9389642e-03  -3.1858498e-03  -8.7405078e-04
  -2.1402998e-02   1.8099262e-01  -6.3705904e-01  -1.0374724e-02  -3.0873756e-03  -9.0293561e-04
  -2.2192512e-02   1.6893034e-01  -5.8862322e-01  -1.0078665e-02  -3.1476140e-03  -7.2147267e-04
  -2.4703362e-02   1.8450440e-01  -5.9404613e-01  -9.7511503e-03  -3.0363313e-03  -7.9992829e-04
  -2.1510965e-02   1.5777413e-01  -5.6896000e-01  -9.4364998e-03  -3.0791670e-03  -8.2546810e-04
  -1.7208386e-02   1.8514392e-01  -6.1783408e-01  -1.0221241e-02  -3.0700691e-03  -8.8069439e-04
  -2.2451430e-02   1.8161280e-01  -6.2069039e-01  -9.8598226e-03  -3.2264101e-03  -8.7407803e-04
  -2.0165879e-02   1.7462067e-01  -5.7573370e-01  -9.8646354e-03  -3.3275447e-03  -6.6833796e-04
  -2.1232465e-02   1.9681596e-01  -6.1885287e-01  -9.7754468e-03  -3.3935991e-03  -6.9787654e-04
  -1.3394381e-02   2.0860330e-01  -6.0330484e-01  -1.0203628e-02  -3.3713641e-03  -9.2411133e-04
   2.1181677e-02   1.8738183e-01  -6.0535502e-01  -9.7831400e-03  -3.5553339e-03  -9.9712705e-04
   6.6373818e-03   2.2543914e-01  -6.1259701e-01  -1.0191270e-02  -3.3575748e-03  -1.1240646e-03
   2.0631379e-02   1.8175964e-01  -5.8495925e-01  -9.2904251e-03  -3.7185332e-03  -1.0473793e-03
  -8.4031178e-03   2.3873708e-01  -5.8377728e-01  -1.0142982e-02  -2.5800881e-03  -1.3996648e-03
  -6.6187682e-02   2.4852544e-01  -7.4087330e-01  -1.1518472e-02  -1.9629421e-03  -1.4561257e-03
  -8.2643967e-02   1.6791545e-01  -8.5789539e-01  -1.1087415e-02  -2.6851160e-03  -7.6162794e-04
  -1.3201681e-01   1.8453192e-01  -9.2594856e-01  -1.1362547e-02  -1.3655039e-03  -6.1372549e-04
  -1.0447388e-01   1.7996647e-01  -9.2917593e-01  -1.1356493e-02  -1.5906238e-03  -7.4675760e-04
  -1.2171354e-01   1.7937974e-01  -8.8597265e-01  -1.1522364e-02  -1.2098283e-03  -5.0235963e-04
  -1.1082674e-01   2.0330282e-01  -8.7149448e-01  -1.1454940e-02  -1.6681126e-03  -6.7337502e-04
  -1.8376210e-01   1.8969447e-02  -9.1527935e-01  -9.7857535e-03  -1.3973456e-05  -4.7473780e-04
  -1.5182514e-01   1.8445167e-01  -1.0368443e+00  -1.2478718e-02  -1.6932598e-04  -7.0083095e-04
  -1.4971318e-01   1.3920251e-01  -1.0402507e+00  -1.2083422e-02  -3.1960881e-04  -7.4417417e-04
  -1.5851072e-01   1.2903957e-01  -9.6238359e-01  -1.1077919e-02  -3.4689495e-04  -6.1419704e-04
  -1.5531153e-01   1.4429509e-01  -9.8141913e-01  -1.1180813e-02  -6.9347423e-05  -7.0464490e-04
  -1.5778772e-01   1.4563091e-01  -1.0219039e+00  -1.1590864e-02  -2.1609748e-04  -6.7124900e-04
  -1.3586986e-01   1.2097805e-01  -9.2212473e-01  -1.0457736e-02  -3.2054074e-04  -7.2806723e-04
  -1.3984293e-01   1.5694017e-01  -9.8006935e-01  -1.0974954e-02   2.3206317e-05  -8.4712928e-04
  -1.7160790e-01   1.4403008e-01  -9.7016439e-01  -1.1130032e-02   4.5102970e-04  -6.0321920e-04
  -1.8552066e-01   1.3975231e-01  -9.5834947e-01  -1.1076725e-02   5.4045321e-04  -4.0005102e-04
  -1.7565912e-01   1.8580877e-01  -1.0435396e+00  -1.2383902e-02   6.0877144e-04  -5.3199755e-04
  -1.8859199e-01   1.6370074e-01  -1.0012870e+00  -1.1988938e-02   5.0615313e-04  -4.3905665e-04
  -1.6648085e-01   1.6051904e-01  -9.9969158e-01  -1.1480154e-02   5.0925946e-04  -5.9988239e-04
  -1.6920806e-01   1.4086111e-01  -1.0148479e+00  -1.1319785e-02   8.4691725e-04  -6.0967107e-04
  -1.9902085e-01   1.3482052e-01  -9.6978146e-01  -1.1382256e-02   1.1447108e-03  -2.6719240e-04
  -1.8559068e-01   1.5248264e-01  -9.6778995e-01  -1.1080281e-02   1.1466001e-03  -2.8098427e-04
  -2.0100481e-01   1.2214041e-01  -1.0171720e+00  -1.1526786e-02   1.2151093e-03  -1.4310407e-04
  -1.9918581e-01   1.4280731e-01  -9.9044955e-01  -1.1356664e-02   1.2591265e-03  -1.1775820e-05
  -2.0255417e-01   1.4244254e-01  -1.0161603e+00  -1.1272146e-02   1.3656539e-03   1.4492187e-06
  -2.0459969e-01   1.1511505e-01  -9.9403002e-01  -1.1093520e-02   1.2429744e-03   1.2186048e-04
  -2.1479616e-01   1.4918584e-01  -1.0039873e+00  -1.1017002e-02   1.1810745e-03   1.6496105e-04
  -2.1939755e-01   1.3581155e-01  -1.0193700e+00  -1.1652344e-02   1.3840967e-03   4.8798044e-05
  -2.0630368e-01   1.4892509e-01  -9.8206235e-01  -1.1099537e-02   1.3437107e-03   1.0172891e-04
  -1.9363619e-01   1.6540399e-01  -1.0204566e+00  -1.1315947e-02   1.1154142e-03   1.3303219e-05
  -2.1641392e-01   1.3535630e-01  -9.9791182e-01  -1.1450469e-02   1.2268440e-03   2.3367229e-04
  -2.0084410e-01   1.5089899e-01  -1.0016973e+00  -1.1219392e-02   1.1727462e-03   1.7085048e-04
  -2.0910684e-01   1.7593102e-01  -1.0457619e+00  -1.1720809e-02   1.1919345e-03   2.4376970e-04
  -2.0742686e-01   1.4689305e-01  -1.0091432e+00  -1.1578671e-02   1.0995845e-03   3.1139593e-04
  -2.0181471e-01   1.5790058e-01  -1.0516117e+00  -1.1605769e-02   1.1674602e-03   2.2312587e-04
  -2.0277236e-01   1.8246546e-01  -1.0647455e+00  -1.2367320e-02   1.0658275e-03   1.3578684e-04
  -1.9679300e-01   1.6185249e-01  -9.8719435e-01  -1.1204588e-02   1.0971795e-03   2.3432367e-04
  -1.9617027e-01   1.7347943e-01  -1.0192045e+00  -1.1277901e-02   1.2945283e-03   1.0015954e-04
  -1.9326175e-01   1.6690605e-01  -1.0003848e+00  -1.1290901e-02   1.1298330e-03   5.4990151e-05
  -2.0937572e-01   1.6631278e-01  -9.8613462e-01  -1.1184090e-02   1.2768379e-03   2.6914304e-04
  -2.0007131e-01   1.4492157e-01  -9.7205502e-01  -1.0401823e-02   1.2189593e-03   2.6480243e-04
  -2.0759597e-01   1.2138972e-01  -9.2857983e-01  -1.0025433e-02   1.0599696e-03   2.9942786e-04
  -1.9012923e-01   1.6618796e-01  -9.8644360e-01  -1.0877923e-02   1.3174069e-03   3.1948205e-05
  -2.1320609e-01   1.5063896e-01  -1.0017808e+00  -1.1152752e-02   1.3723892e-03   2.2525273e-04
  -2.0778168e-01   1.4114909e-01  -9.8642489e-01  -1.1041642e-02   1.2871427e-03   2.4003211e-04
  -2.1220019e-01   1.6632574e-01  -1.0327516e+00  -1.1137306e-02   1.4042355e-03   2.4113100e-04
  -2.1819850e-01   1.4542984e-01  -9.9794607e-01  -1.1286756e-02   1.3949041e-03   2.5000074e-04
  -2.2539221e-01   1.6689785e-01  -1.0278996e+00  -1.1264927e-02   1.5563205e-03   2.1857961e-04
  -2.2625671e-01   1.7835950e-01  -1.0690919e+00  -1.1668232e-02   1.6317912e-03   1.9960001e-04
  -2.3566050e-01   1.7518025e-01  -1.0168414e+00  -1.1159732e-02   1.9469962e-03   1.7734738e-04
  -2.0926961e-01   1.9669123e-01  -1.0310534e+00  -1.1060561e-02   2.1466892e-03  -5.4812001e-05
  -2.1802788e-01   1.7794041e-01  -1.0417956e+00  -1.1506929e-02   2.1258352e-03  -7.8180393e-06
  -2.0915701e-01   1.7408379e-01  -9.9045147e-01  -1.1220960e-02   2.0247382e-03   1.6538568e-04
  -2.2205496e-01   1.7188606e-01  -1.0611007e+00  -1.1077449e-02   2.1100439e-03   2.3756678e-04
  -2.3521212e-01   1.6610282e-01  -1.0103525e+00  -1.0771793e-02   1.8861547e-03   2.7733355e-04
  -2.2564361e-01   1.6348490e-01  -9.9634476e-01  -1.0082717e-02   1.8542132e-03   2.8698598e-04
  -2.2906405e-01   1.6694147e-01  -1.0441752e+00  -1.0926858e-02   1.8463376e-03   2.0459558e-04
  -2.2639056e-01   1.3371476e-01  -9.3034951e-01  -9.5302039e-03   1.8804851e-03   3.3635081e-04
  -2.2086839e-01   1.5855799e-01  -9.6394081e-01  -9.4315611e-03   2.0509481e-03   2.4785085e-04
  -2.1654957e-01   1.3253313e-01  -9.4396756e-01  -9.3957251e-03   1.9712606e-03   2.0015698e-04
  -2.3095384e-01   1.2651505e-01  -9.2535071e-01  -9.0304155e-03   1.9781348e-03   3.6179550e-04
  -2.3619289e-01   1.2731560e-01  -9.2542059e-01  -8.5706108e-03   2.0489186e-03   4.1438474e-04
  -2.2519942e-01   1.0274741e-01  -8.6165165e-01  -7.8006808e-03   1.8680822e-03   2.7249987e-04
  -2.1913799e-01   8.6903192e-02  -8.1666199e-01  -6.9738761e-03   1.8410253e-03   3.3422815e-04
  -2.2994601e-01   1.0841607e-01  -8.2742749e-01  -6.9563835e-03   1.9833291e-03   3.9869302e-04
  -2.2591052e-01   7.0820138e-02  -7.6284371e-01  -6.2662239e-03   1.8977041e-03   4.0013660e-04
  -2.3165892e-01   8.0164708e-02  -7.7419012e-01  -6.0236217e-03   1.8968107e-03   4.2904820e-04
  -2.3822950e-01   8.8186391e-02  -7.6161030e-01  -5.9103452e-03   1.9623599e-03   4.1699220e-04
  -2.3363409e-01   6.2638970e-02  -6.9485430e-01  -5.1607991e-03   2.0610798e-03   4.6136675e-04
  -2.2764606e-01   6.5499755e-02  -7.2753883e-01  -5.0969255e-03   2.1278945e-03   4.3327842e-04
  -2.2916302e-01   4.4412693e-02  -7.1558809e-01  -5.0518337e-03   1.9707053e-03   3.4674499e-04
  -2.1474447e-01   5.8796229e-02  -6.9655545e-01  -4.3143285e-03   1.9182117e-03   1.8402004e-04
  -2.3050008e-01   7.0235985e-02  -7.3259768e-01  -4.4705257e-03   1.8977329e-03   2.6579527e-04
  -2.2951164e-01   2.5185383e-02  -6.5984549e-01  -3.3307459e-03   1.4972861e-03   4.1716337e-04
  -2.1592969e-01   5.7802609e-02  -6.5428119e-01  -2.8736379e-03   1.4864890e-03   1.3830277e-04
  -2.1265021e-01  -1.6061500e-03  -5.8503727e-01  -2.1531403e-03   1.0930420e-03  -2.3528299e-04
  -1.7970665e-01   3.1698112e-02  -5.6720806e-01  -2.0893376e-03   9.0360187e-04  -4.2650708e-04
  -1.8623468e-01   1.1577110e-02  -5.8548677e-01  -1.5350935e-03   8.3835095e-04  -4.9821334e-04
  -1.8308727e-01   4.3240825e-03  -5.3705365e-01  -9.8634346e-04   5.5114883e-04  -3.9692148e-04
  -1.8268334e-01   4.4881498e-02  -6.4084155e-01  -2.1637030e-03   7.6016414e-04  -3.9058128e-04
  -1.7069741e-01  -6.8125505e-03  -5.8230185e-01  -1.7620065e-03   5.8352728e-04  -6.1748971e-04
  -1.6233253e-01   5.4467085e-03  -5.7468417e-01  -1.3327397e-03   6.5477497e-04  -6.7358373e-04
  -1.6131596e-01   8.3823746e-04  -5.6630253e-01  -1.0450367e-03   7.5541996e-04  -6.5929763e-04
  -1.6411042e-01  -2.9082305e-02  -5.4197504e-01  -8.6157959e-04   8.3102184e-04  -6.3558362e-04
