   0.0000000e+00   0.0000000e+00   0.0000000e+00   0.0000000e+00   0.0000000e+00   0.0000000e+00
   4.9532825e-03  -2.7253329e-03  -1.0211970e-01  -1.7942318e-03   6.5210202e-04   1.0393348e-03
   1.2053651e-02  -3.0734601e-02  -8.8122269e-02  -3.2109066e-03   6.7276588e-04   1.3092930e-03
   2.9069549e-02  -3.2488024e-02  -3.4501030e-02  -3.8812733e-03   7.7482199e-04   1.9568306e-03
   2.8638854e-02  -3.6455641e-02  -4.5322496e-02  -2.3705920e-03   7.9533977e-04   1.6129482e-03
   1.8019096e-02  -3.2444061e-02  -3.6391012e-02  -2.8847918e-03   1.1723260e-03   1.4202532e-03
   9.9685718e-03  -3.8645071e-02   2.5388142e-02  -2.4599435e-03   1.0066702e-03   6.4784973e-04
   1.4433868e-03  -7.7126675e-02  -6.4725907e-02  -3.6361058e-03  -1.9177849e-04   1.1139556e-03
   6.3736929e-03  -2.9632665e-02  -6.9232472e-02  -3.6899692e-03  -1.6668969e-04   1.1602134e-03
  -1.5881524e-02  -1.2031833e-02  -9.1538317e-02  -4.1119977e-03  -8.7729825e-04   8.0736619e-04
  -2.5421779e-02  -9.4157102e-03  -7.8460589e-02  -4.2770474e-03  -8.3837821e-04   2.0400174e-04
  -3.1859177e-02  -4.5873894e-05  -8.2750392e-02  -3.8456190e-03  -1.6016050e-03   1.5832255e-04
  -3.9041290e-02   3.3157270e-04  -1.6547767e-03  -3.4510019e-03  -1.0920426e-03   2.7455008e-04
  -8.8910960e-02  -1.7852341e-02   7.5300138e-02  -2.1366328e-03  -1.1857361e-03   3.6753855e-04
  -8.6097936e-02  -1.0658193e-02   7.7466367e-02  -2.5389774e-03  -9.5942116e-04   4.5128980e-04
  -8.2800569e-02  -3.0404882e-02  -4.0101888e-02  -3.2972008e-03  -1.5537443e-03   8.0348145e-04
  -8.6948680e-02  -1.5945675e-02   4.6805690e-02  -2.6677549e-03  -1.7354311e-03  -1.2110850e-04
  -8.2990554e-02  -9.2100115e-03   2.4123955e-02  -3.0338919e-03  -1.2957687e-03  -3.7591544e-04
  -7.8433359e-02   1.1417968e-02   4.4806629e-02  -1.5965835e-03  -1.7695811e-03  -3.2731887e-04
  -9.6677907e-02  -9.6394702e-03  -9.6203582e-05  -1.1244123e-03  -2.6839375e-03  -2.7401078e-04
  -8.2674400e-02  -1.4867337e-02   2.3423581e-01  -1.4040088e-03  -1.8446786e-03  -2.1468320e-03
  -6.7674776e-02  -2.8488677e-02   3.3102073e-02  -3.5503644e-03  -1.4487375e-03  -1.5302148e-03
  -3.0590690e-02  -4.3432721e-02   7.0310452e-02  -4.4235924e-03  -1.6355479e-03  -9.7742495e-04
  -4.9734709e-02  -3.4782241e-02   1.1565855e-02  -4.4120685e-03  -1.4863100e-03  -6.8480240e-04
  -2.6605511e-02  -2.0125785e-02   1.8521779e-01  -2.8824777e-03  -1.5156830e-03  -8.7076945e-04
  -4.6454664e-02   2.1306537e-02  -8.2797644e-01  -1.2211973e-02  -2.7581202e-03   1.7838014e-03
  -1.2834371e-01   5.1108268e-02  -7.0058102e-01  -6.6361427e-03  -1.6027758e-03   2.1708067e-03
  -8.6288795e-02   4.8527362e-02  -4.2064689e-01  -6.0849019e-03  -1.0745419e-03   8.2394927e-04
  -7.1014082e-02   5.6996425e-02  -3.0836845e-01  -5.3285171e-03  -1.5050828e-03   6.1787982e-04
  -4.4539155e-02   3.2532488e-02  -1.3522365e-01  -4.8496849e-03  -7.8651363e-04   9.6029968e-05
  -8.5908828e-02  -1.4029317e-02  -7.6942564e-02  -5.2416463e-03  -1.4086359e-03  -6.2502910e-04
  -1.4046281e-02  -2.4049521e-02  -3.4469781e-02  -4.4342179e-03  -2.2091504e-03  -2.5815728e-06
  -4.0972515e-02  -5.6816733e-03  -1.4090799e-01  -5.1441177e-03  -2.5767979e-03   9.1467643e-04
  -1.2003025e-02   1.8209726e-02  -9.1673577e-02  -4.2726980e-03  -2.7651055e-03   4.9543378e-04
  -4.2434260e-02   2.2976574e-02  -1.3056072e-01  -5.0985777e-03  -2.7180544e-03   7.0533224e-04
  -7.1667989e-02   4.1202901e-02  -6.5444747e-02  -4.0280786e-03  -2.5951660e-03  -2.0963152e-05
  -5.7686288e-02  -2.1405136e-02  -9.9753058e-02  -4.9343095e-03  -3.2269776e-03   1.9914671e-04
  -6.7884185e-02   1.2922782e-02   2.9197909e-02  -4.7157195e-03  -3.1529721e-03   1.3443184e-04
  -1.0522169e-01   1.9848573e-02   7.5660233e-03  -3.9003193e-03  -3.0891083e-03  -3.0215245e-04
  -6.9061815e-02   8.3961367e-03   8.1846636e-02  -3.5529665e-03  -3.0753336e-03  -2.6890539e-04
  -7.9215262e-02  -1.2482919e-02   1.3769632e-01  -4.4878616e-03  -3.6352433e-03  -3.4213937e-04
  -1.4020989e-01   5.6029673e-02   2.5425065e-01  -4.0508156e-03  -3.9868144e-03  -1.5500003e-03
  -8.2970960e-02   3.4673911e-02   1.5412714e-01  -4.9173409e-03  -4.3116795e-03  -1.5046167e-03
  -1.0171247e-01   7.2113698e-02   2.2273885e-01  -4.1731856e-03  -3.7903520e-03  -1.5554297e-03
  -1.2691362e-01   7.2251280e-02   2.0587161e-01  -4.7867472e-03  -3.5504047e-03  -1.3317772e-03
  -9.8678532e-02   5.5277773e-02   1.8765552e-01  -4.4812943e-03  -3.4478438e-03  -1.5452304e-03
  -8.5395741e-02   9.0610816e-03  -9.6386071e-03  -6.4414946e-03  -4.3400061e-03  -1.1022054e-03
  -5.7566253e-02   7.5711403e-03   9.4138583e-02  -5.0273597e-03  -3.5543301e-03  -6.0858137e-04
  -6.1334205e-02   4.0037951e-02   1.5113170e-01  -4.3692423e-03  -3.2144401e-03  -9.8841008e-04
  -1.1350109e-01   3.1546382e-02   2.8989446e-01  -3.4720887e-03  -3.4436407e-03  -1.1876096e-03
  -7.9118918e-02  -2.0189729e-02   4.0950120e-02  -5.2184757e-03  -1.6877835e-03  -1.4681466e-03
  -2.7706754e-02   1.5987229e-02   5.9915717e-04  -7.7486251e-03  -9.5474425e-04  -5.9893456e-04
  -1.7581649e-02   2.8455777e-02   1.2132961e-01  -7.7168376e-03  -1.2339023e-03   1.7292022e-04
  -8.7996855e-02   1.2001144e-01   2.5949241e-01   1.8899266e-03  -2.2900911e-03   1.8561901e-03
  -3.0705561e-02   1.1882780e-01   1.8391128e-01   5.3991260e-04  -2.7693338e-03   1.2643506e-03
  -1.0918829e-01   6.1912012e-02   3.0713696e-01  -4.3848832e-05  -3.0402018e-03   4.5374627e-04
  -1.0204547e-01   3.8272370e-02   2.8336544e-01  -3.7901826e-04  -3.7777022e-03  -2.1552118e-05
  -8.4834674e-02   3.7109327e-02   3.2725932e-01  -8.5005057e-04  -3.5101382e-03  -1.9577647e-04
  -9.3258851e-02   5.0035315e-02   3.5497290e-01  -4.8689127e-04  -3.3960978e-03   1.7359854e-04
  -1.0111331e-01   4.1077945e-02   3.5731689e-01  -5.0775137e-04  -2.8287833e-03  -3.4764963e-04
  -1.2062835e-01   3.8570603e-02   3.4411501e-01  -3.1901153e-04  -2.8250139e-03  -6.8881055e-04
  -1.3033278e-01   3.5191915e-02   3.7279952e-01  -1.3201780e-03  -2.2578059e-03  -1.5498149e-03
  -7.9673441e-02   4.2226428e-02   3.4992445e-01  -1.6505164e-03  -1.0639200e-03  -1.3389874e-03
  -3.9438550e-02   3.9433471e-02   3.4671967e-01  -4.2287125e-04  -2.3985784e-03  -8.7487261e-04
  -1.0486980e-02   1.3525498e-02   2.3853237e-01  -1.8868021e-03  -2.7868205e-03  -6.8284394e-04
   2.6070384e-02  -1.8362046e-03   2.9489823e-01  -2.2140014e-03  -1.7937827e-03  -3.9841026e-04
   1.0035093e-02   2.6506938e-02   3.1309752e-01  -1.8489826e-03  -1.9388391e-03  -1.2105073e-03
  -2.4282562e-02   2.4689756e-02   3.6479314e-01  -1.5712153e-03  -1.3220552e-03  -1.5268261e-03
  -1.9801319e-02   2.0627941e-02   3.1289069e-01  -2.0396043e-03  -1.4698521e-03  -1.9548983e-03
  -3.9876486e-04   3.2069295e-02   3.1519745e-01  -1.7577964e-03  -2.6220402e-03  -1.2838753e-03
  -1.6139899e-02   4.2685196e-02   3.3401656e-01  -1.4252675e-03  -3.3278219e-03  -1.4377603e-03
  -9.2000665e-03   6.1471942e-02   3.4971933e-01  -7.5292608e-04  -2.1511132e-03  -1.0916276e-03
  -3.8171285e-02   5.9804340e-02   3.6442968e-01  -1.2148436e-03  -2.0427399e-03  -1.1764722e-03
  -3.0679931e-02   6.9116595e-02   4.8537050e-01   1.1108620e-03  -1.7367481e-03  -1.6229744e-03
   1.3780315e-02   5.9906484e-02   2.6069941e-01  -3.7170413e-03  -1.8152985e-03  -8.3060493e-04
   4.1669189e-02   4.4891155e-03  -2.0653542e-02  -7.6605990e-03  -1.2120008e-03  -9.6589583e-04
   6.0450588e-02   8.1112392e-02   1.8093188e-01  -5.9313844e-03  -1.8261113e-03  -6.4651470e-04
   1.0016665e-01   4.7656890e-02   2.2061530e-01  -5.4736175e-03   1.2236331e-05   8.8650700e-04
   3.8790449e-03  -1.0442583e-02   1.6949647e-01  -4.8966344e-03  -8.2790329e-04   1.2709718e-03
   2.0973925e-02   2.8515266e-02   3.2573843e-01  -3.3284887e-03  -1.2697462e-03   1.0361754e-03
   9.2566763e-03   4.0782302e-02   3.2179969e-01  -2.2758695e-03  -2.0784112e-03   1.8356636e-03
   6.2456236e-02   4.3807870e-02   3.6866068e-01  -2.3696376e-03  -3.0642790e-03   2.2072387e-03
   2.7491608e-02   7.7991400e-02   4.1673682e-01   3.4563336e-04  -2.9769995e-03   1.7278368e-03
   4.5761061e-02   6.4991099e-02   3.9282459e-01   1.4166482e-03  -3.3715458e-03   1.9181691e-03
   4.3069979e-02   1.0201694e-01   4.8708650e-01   1.6014476e-03  -3.2227501e-03   2.5090686e-03
   4.3943850e-02   1.1803313e-01   5.5126449e-01   2.3482700e-03  -2.3072043e-03   2.3787817e-03
   4.1347817e-02   2.5155258e-01   9.4986797e-01   8.1552592e-03  -1.1751645e-03  -9.0472724e-05
  -1.9602617e-03   2.9770635e-01   1.0873242e+00   6.4745862e-03  -2.3677847e-03  -1.4813955e-03
   4.9852703e-02   2.6885419e-01   9.3088809e-01   4.1717366e-03  -3.2679658e-03  -1.4453094e-03
   3.6826206e-02   2.6273899e-01   8.6230408e-01   3.0276070e-03  -4.6196006e-03  -3.4612278e-04
   2.1444582e-02   2.4383257e-01   9.1969539e-01   3.5027521e-03  -5.1958069e-03  -4.1422574e-04
   1.6658334e-02   2.1333225e-01   1.0044058e+00   5.9204201e-03  -4.7898497e-03  -5.1828024e-05
  -5.1397586e-03   2.4035115e-01   9.5681190e-01   5.4722168e-03  -4.3540024e-03  -4.2862310e-04
  -1.8343342e-02   2.3414300e-01   9.4182611e-01   4.4283178e-03  -4.1440815e-03  -4.6754776e-04
  -1.3485038e-04   1.9202705e-01   7.9684033e-01   4.5339024e-03  -4.2494969e-03  -7.8703405e-04
   4.1192929e-03   2.0169821e-01   9.0606670e-01   5.2123296e-03  -5.0536235e-03  -5.1404336e-04
  -1.8328363e-02   2.2922607e-01   9.3231013e-01   5.1178770e-03  -4.9941559e-03  -5.4550129e-04
   1.8614773e-02   2.1540454e-01   8.9805056e-01   4.1110659e-03  -5.7852357e-03  -8.6875070e-04
  -1.4907732e-02   2.0439655e-01   9.2716548e-01   5.0204093e-03  -5.6982518e-03  -9.7605119e-04
   1.1268201e-02   1.3856183e-01   8.2561794e-01   1.7834933e-03  -3.8373612e-03  -5.6345158e-04
   3.0843022e-02   9.9140546e-02   7.6280024e-01  -7.2368028e-04  -2.7876374e-03  -2.1844651e-04
   2.5780361e-02   1.0376771e-01   7.3298228e-01  -1.0253424e-03  -3.8310513e-03  -1.6619390e-04
   5.7299070e-03   9.2325493e-02   7.1976212e-01  -6.2253018e-04  -3.3098213e-03   1.7299997e-04
  -3.7903552e-02   1.4718605e-01   8.1171578e-01   3.5332329e-03  -3.4718275e-03   5.0280464e-05
  -7.8827778e-02   9.4225858e-02   9.4077524e-01   7.2956975e-03  -2.2666898e-03  -7.2504044e-04
  -9.1933709e-02   7.8986743e-02   1.0377651e+00   6.3509458e-03  -2.5914694e-03  -8.9691983e-04
  -4.3620366e-02   5.8151916e-02   9.7705749e-01   5.0555054e-03  -2.2853671e-03  -4.9752833e-04
  -1.8272982e-02   7.9943380e-02   7.9753798e-01   4.3111314e-03  -3.8068758e-03  -8.1125627e-04
  -5.4212587e-02   1.3702125e-01  -2.9777684e-02  -4.8917732e-03  -3.5819826e-03   7.3832918e-04
  -6.6989802e-02   2.8340019e-02  -1.1609042e-01  -5.8568675e-03  -2.5615376e-03   1.5687563e-03
   5.6190953e-03   1.0823318e-01   2.4861402e-01  -3.3151935e-03  -2.1940895e-03   1.8217846e-03
   1.8767485e-03   8.1192902e-02   3.6165827e-01  -2.0912673e-03  -2.3739998e-03   1.1749839e-03
   3.2822195e-03   7.6536433e-02   5.2151070e-01  -1.7078357e-03  -2.6652084e-03   5.4243787e-04
  -7.1097697e-03   7.6454012e-02   5.6005094e-01  -1.3735161e-03  -1.5335736e-03   3.8104938e-05
  -1.8209973e-02   5.4688864e-02   5.9316902e-01  -1.8355264e-03  -1.3546931e-03  -8.6466026e-04
   2.7676794e-02   4.5608633e-02   5.3485521e-01  -2.3696566e-03  -1.8557759e-03  -6.7507555e-05
  -3.4722721e-03   7.0156571e-02   5.9646986e-01  -1.8393114e-03  -2.4098464e-03   2.4435060e-04
  -3.4919139e-02   9.7982585e-02   7.2921569e-01  -1.1899118e-03  -2.5129042e-03  -1.6657362e-04
  -1.2913529e-02   7.8795384e-02   6.7663014e-01  -5.7994693e-04  -2.9791903e-03  -4.7902250e-04
   1.4455220e-02   9.8847693e-02   7.0211333e-01  -1.4175305e-03  -2.8162848e-03   2.7817437e-05
   2.2584577e-02   1.2374726e-01   8.0528001e-01  -1.0297646e-03  -3.0711195e-03   4.2579375e-04
   3.6101666e-04   1.0130447e-01   7.8103295e-01   9.1916226e-04  -2.7085419e-03  -1.8947572e-04
  -2.8445226e-02   1.1505402e-01   8.3491723e-01   2.2721713e-03  -2.5148221e-03  -2.4157819e-04
  -2.0315157e-02   1.2918937e-02   6.4702051e-01  -1.8929896e-03  -2.6953151e-03  -2.4474778e-04
  -2.3691974e-02  -4.2818939e-03   5.1379023e-01  -6.6224789e-03  -3.4229584e-03   1.0908112e-03
   3.7674477e-03   2.5587198e-02   6.4237335e-01  -3.2740867e-03  -2.8858675e-03   9.2700602e-04
  -1.9240292e-02   7.8567471e-02   8.1682347e-01  -9.2446513e-04  -2.5398934e-03   3.8633501e-04
  -5.2638273e-02   1.0824621e-01   8.3509353e-01   9.6525961e-05  -2.9930126e-03  -3.1467726e-04
  -2.5429019e-02   9.4515874e-02   7.6856060e-01   3.7521986e-04  -3.0942522e-03   6.1283886e-05
