   0.0000000e+00   0.0000000e+00   0.0000000e+00   0.0000000e+00   0.0000000e+00   0.0000000e+00
   1.1026911e-02  -7.6375625e-03   5.2209496e-02   2.7284449e-05   5.5598506e-05   8.7121354e-05
   2.7385766e-02  -6.4642442e-03   1.3730864e-01   7.5531630e-04   4.2242480e-04  -7.1889361e-05
   1.7705412e-02   2.0630331e-02   1.5229420e-01   4.4219805e-04   2.5154299e-04  -1.3356425e-04
   4.8991104e-02   2.6404792e-02   1.3894948e-01   5.2373534e-04   2.3200568e-04  -1.1586885e-03
   7.5611682e-02  -8.6966500e-02   1.1281268e-01   2.2167233e-04   2.2760318e-04  -1.3992004e-03
   5.2499971e-02   1.1397061e-02   1.3897881e-01   5.3613839e-04  -1.6047956e-04  -8.9305800e-04
   5.9329459e-02   7.2847962e-04   1.8638226e-01   1.6692253e-03  -5.0950776e-05  -1.5439759e-03
   6.3551644e-02  -3.0561206e-02   1.8768224e-01   1.2307047e-03   5.1217000e-04  -1.6959529e-03
   7.7171381e-02  -1.2056955e-03   1.3737438e-01   3.8925918e-04   4.8333316e-04  -1.5222256e-03
   7.7411956e-02   3.0944780e-02   1.5505481e-01   5.7091586e-04   8.9157722e-04  -9.7465121e-04
   9.1361002e-02  -1.1621673e-03   1.9124006e-01   1.0316304e-03   5.4266475e-04  -6.5843938e-04
   7.5791375e-02  -5.2721406e-02   2.2164683e-01   1.6971477e-03   8.3820828e-04  -4.7224577e-04
   8.5979695e-02   7.1894093e-03   2.1588307e-01   7.2226554e-04   1.1815169e-03  -8.5305344e-04
   8.9507523e-02   1.1717027e-02   2.1754691e-01   9.5585648e-04   1.2522712e-03  -1.1755795e-04
   1.0359837e-01  -1.2436931e-02   2.2725907e-01   7.3855256e-04   1.4557303e-03  -9.7577757e-06
   9.9157399e-02  -1.1402144e-02   2.3604429e-01   6.6794197e-04   1.4144666e-03   2.2658802e-05
   9.5640402e-02  -2.5958181e-02   2.6754079e-01   1.9654025e-03   1.1521597e-03  -3.3158724e-04
   8.9615175e-02  -6.0188932e-02   2.3898427e-01   1.8675092e-03   8.9084614e-04  -2.3336408e-04
   1.0053209e-01  -3.6269026e-02   2.0000453e-01   1.2981572e-03   1.1850475e-03  -5.0923368e-04
   1.1351212e-01   2.7503898e-02   2.1165946e-01   1.8663736e-03   7.3281097e-04  -2.6495868e-04
   1.1868389e-01   5.5299218e-03   3.0486309e-01   2.4514658e-03   6.8042522e-04  -1.2226349e-04
   1.3867077e-01  -1.2570057e-02   2.6009249e-01   3.6125924e-04   4.9001004e-04  -8.3882544e-04
   1.3714044e-01  -2.4230039e-03   2.8289913e-01   7.1945018e-04   9.2351640e-04  -5.5242569e-04
   1.2452496e-01  -5.7272591e-02   2.2525095e-01   3.2341584e-04   5.1574724e-04  -6.2636358e-04
   1.1951776e-01   8.0799444e-02   2.3207479e-01   7.6977852e-05   3.1789912e-04  -1.1461907e-03
   1.0735613e-01  -2.3924399e-02   2.4669659e-01   9.8519036e-04   1.9143056e-04  -7.5944509e-04
   1.1114655e-01   3.6283439e-03   2.5337663e-01   6.6564269e-04   2.9997724e-04  -1.0437019e-03
   1.1421465e-01   4.7314810e-03   2.4563190e-01   8.7737522e-04   1.0234945e-03  -6.7751025e-04
   1.3090543e-01  -2.5977423e-02   2.8385227e-01   1.6306683e-03   1.2053356e-03  -7.9701376e-04
   1.3360827e-01  -3.4136396e-04   2.4447585e-01   1.1232746e-04   1.2162338e-03  -6.5473229e-04
   1.3236758e-01   1.5282456e-02   2.6387312e-01   8.2490586e-04   1.3025318e-03  -5.1829487e-04
   1.3683351e-01  -2.6287836e-02   2.6168831e-01   9.2595654e-04   1.1453204e-03  -2.7284408e-04
   1.2942936e-01  -1.6720334e-02   2.7978686e-01   1.4809489e-03   1.0654022e-03  -2.0075632e-04
   1.3301374e-01   2.1777935e-02   2.5414412e-01   2.5391125e-04   1.3360623e-03  -2.3882876e-04
   1.4616431e-01   1.1391905e-02   2.9733873e-01   1.3030970e-03   1.2384566e-03  -1.7523705e-04
   1.6737431e-01   1.1917215e-02   3.0387483e-01   1.2277501e-03   1.7866740e-03   1.0980924e-05
   1.8208008e-01   6.9346766e-03   3.3925413e-01   1.1979577e-03   1.8518887e-03   1.3980331e-04
   1.8280887e-01   5.2777277e-02   3.5592179e-01   1.1678476e-03   1.8614677e-03   5.2662731e-04
   1.9375118e-01  -1.0953714e-02   3.8709351e-01   1.9831243e-03   2.2104534e-03   8.4754983e-04
   1.9347613e-01   7.7880651e-02   4.6004796e-01   2.5007242e-03   1.9532763e-03   5.8319538e-04
   1.8405623e-01   1.1543790e-01   4.5611635e-01   1.7818903e-03   1.9389534e-03  -2.5256461e-04
   1.5895598e-01  -1.3297763e-01   3.8519236e-01   2.0864650e-03   1.8586017e-03   6.5838093e-04
   1.7152922e-01   5.0145179e-02   5.1667223e-01   2.3660894e-03   2.1482269e-03   9.8594501e-04
   1.8309206e-01  -1.8338276e-03   4.0306364e-01   1.6770252e-03   2.2781518e-03   1.1418105e-03
   1.7341159e-01   7.9189182e-02   7.8896239e-01   2.6474029e-03   2.2953809e-03   2.0745475e-04
   1.1591038e-01  -2.4016317e-02   4.7017892e-01   3.6796782e-03   1.9525794e-03   1.9440580e-03
   1.2973073e-01   1.1401397e-01   3.1286756e-01   2.2556444e-03   2.8245647e-03   1.7187397e-03
   8.9925496e-02   2.1382677e-02   2.7745974e-01   2.8666812e-03   2.0164263e-03   2.2983844e-03
   8.9074754e-02   5.4127963e-03   2.2874947e-01   2.7481419e-03   1.8573340e-03   1.5859925e-03
   3.4328847e-02   9.5170640e-02   4.6267065e-01   5.2550633e-03   2.0342629e-03   6.6984923e-04
   7.0691234e-03  -9.3839686e-02   2.1116213e-01   3.9514501e-03   1.6267696e-03   1.4486277e-03
   4.1883218e-02   3.8679586e-02   2.5353910e-01   3.8693059e-03   1.2004706e-03   1.1236187e-03
   3.4752200e-02   4.5697628e-02   1.6215986e-01   1.2626833e-03   1.3086519e-03   1.4592969e-03
   4.0613766e-02   3.2634534e-02   1.8034484e-01   2.1637708e-03   1.7462614e-03   1.9705196e-03
   2.8864649e-02   9.8546955e-03   1.6443450e-01   1.8547785e-03   1.9177232e-03   2.5234375e-03
   3.6878054e-02   1.1025566e-03   2.3162926e-01   3.0513496e-03   2.0527548e-03   2.3107388e-03
   3.0617588e-02   2.4979098e-02   2.4596987e-01   3.2809693e-03   2.1434030e-03   2.4386428e-03
   3.4595917e-02  -1.1051478e-02   2.7511211e-01   2.3826668e-03   2.2878537e-03   2.6960796e-03
   2.0547011e-02  -4.1925052e-02   1.9093313e-01   2.9953638e-03   2.0753729e-03   2.9595104e-03
   3.6072675e-02   2.9640085e-02   2.2983660e-01   2.9528569e-03   2.1339637e-03   2.6132630e-03
   1.4776927e-02  -5.2632803e-02   8.5501233e-02   1.4589522e-03   2.1960656e-03   3.1871643e-03
   5.5724761e-02   9.9551102e-02   1.6184849e-01   1.5041028e-03   2.3486893e-03   3.0149040e-03
   4.6073407e-02   4.7180453e-02   1.9949834e-01   3.9632380e-03   2.6292990e-03   3.5994000e-03
   5.3818437e-02   8.4340156e-03   2.2967121e-01   2.3307766e-03   2.0729037e-03   3.1698655e-03
   3.0173621e-02   2.0221017e-02   1.7458546e-01   2.4896627e-03   2.1318205e-03   3.6530909e-03
   2.4705083e-02   2.1324248e-02   3.4617334e-01   3.2517525e-03   2.0307160e-03   3.1034722e-03
   6.1238338e-02   1.0261171e-02   3.0262956e-01   1.7677874e-03   1.8712998e-03   3.0383470e-03
   5.8164236e-02   7.0426773e-02   2.6208556e-01   2.2673702e-03   2.6930759e-03   3.7533547e-03
   3.8416439e-02   3.4650610e-02   2.1858878e-01   3.8397367e-03   2.5187116e-03   4.0890955e-03
   4.8885362e-02  -1.5715640e-03   2.1733949e-01   2.6520546e-03   2.6175326e-03   3.6740355e-03
   4.5716423e-02   6.4402095e-02   2.9514861e-01   6.2478563e-03   2.0651075e-03   2.6810845e-03
   1.8674847e-02  -7.1005564e-02   2.4527606e-01   3.6916484e-03   1.5266030e-03   2.3119330e-03
   5.4268348e-02   4.1591957e-02   1.9991269e-01   4.3605960e-03   2.1554467e-03   2.2448085e-03
   2.4734882e-02   5.4557489e-02   3.3526138e-01   5.5155960e-03   1.2082936e-03   1.9448772e-03
  -7.8454161e-03   4.8748074e-03   2.8896359e-01   3.7168340e-03   7.5171056e-04   2.0235504e-03
  -1.4056899e-02   1.8588264e-02   2.1381801e-01   4.5553554e-03   1.6671423e-03   2.7431428e-03
  -1.8895091e-02   5.5361467e-03   3.1189726e-01   5.1354494e-03   1.4763510e-03   3.0255820e-03
  -1.4591789e-02   2.1596035e-02   3.5374454e-01   6.6793200e-03   1.0586210e-03   2.5775530e-03
  -2.0698316e-02   2.2892187e-02   2.7325115e-01   3.8631672e-03   1.3089945e-03   3.1451978e-03
  -3.5859094e-02   1.6745451e-03   3.7728039e-01   5.2113867e-03   1.2204521e-03   3.1936815e-03
  -2.5244869e-02  -1.9787394e-02   3.4008957e-01   5.5851209e-03   1.2483426e-03   2.4708025e-03
   1.3572724e-02   3.8557458e-02   2.7063250e-01   4.9500671e-03   1.2446841e-03   1.5729964e-03
   7.4360221e-03  -9.9846202e-03   2.4942951e-01   3.9946373e-03   9.1120240e-04   2.2325814e-03
   3.0197558e-02   4.8971052e-02   2.2765768e-01   4.1150670e-03   1.5076706e-03   2.5140510e-03
  -1.1152702e-02   1.5055337e-02   3.4143017e-01   5.6444304e-03   1.5323770e-03   3.2718911e-03
   3.9728010e-03  -2.1956646e-03   3.0510984e-01   4.0878320e-03   1.5415818e-03   2.6453068e-03
   1.1140974e-02   4.7682159e-02   2.9684699e-01   4.4865440e-03   1.4422330e-03   2.6734313e-03
   2.9876843e-02   4.5915124e-03   2.6509097e-01   4.0105402e-03   1.0162524e-03   2.6460011e-03
   3.3744367e-02   3.1217139e-02   3.0114107e-01   4.4489538e-03   1.1073935e-03   2.5337871e-03
   5.9031114e-02   4.6101975e-02   3.5185933e-01   6.0382687e-03   1.0857099e-03   2.9917001e-03
   6.6179152e-02  -4.3086999e-03   3.1522167e-01   4.6606997e-03   1.2717229e-03   2.9122775e-03
   5.0909395e-02   5.9095576e-02   3.1216695e-01   3.8351800e-03   1.3043759e-03   3.0684582e-03
   5.2288093e-02  -6.3912378e-02   2.7183614e-01   4.5688982e-03   1.7659766e-03   3.2374433e-03
   4.5534424e-02   1.7831424e-02   2.5512592e-01   3.0414686e-03   1.0423916e-03   3.0835635e-03
   7.0954289e-02   5.8670608e-02   2.9824106e-01   2.4285913e-03   1.0453126e-03   2.8388526e-03
   7.8625079e-02   6.6318959e-02   2.5445877e-01   3.3994413e-03   6.3859998e-04   2.6617106e-03
   7.9527577e-02   2.1749100e-02   3.4725833e-01   3.6857853e-03   6.5928259e-04   2.6084279e-03
   5.0533488e-02   8.0162097e-02   3.7504517e-01   3.9683290e-03   3.0496290e-04   2.3222505e-03
   3.5106500e-02  -3.7865352e-02   3.3683965e-01   4.5972814e-03   7.5150983e-04   2.2820663e-03
   2.9742669e-02   3.9441870e-02   2.4718504e-01   3.9873546e-03   7.4275373e-04   2.0934712e-03
   3.6934348e-02   5.7428215e-02   2.8857205e-01   4.4210453e-03   6.3431249e-04   2.4684153e-03
   2.4911858e-02   3.5604615e-02   2.7443346e-01   2.3075181e-03   5.1737920e-04   2.7962224e-03
   1.1875490e-02   6.1889740e-02   3.8985334e-01   3.7931651e-03   6.9809328e-04   2.7086723e-03
   2.7852330e-03   2.6840233e-02   3.7092688e-01   3.7581467e-03   1.2861490e-03   2.9793223e-03
   5.2297615e-03   4.3782997e-02   2.9928237e-01   4.2156791e-03   9.8985637e-04   2.5730247e-03
   1.2686694e-02   7.4243517e-02   3.2521211e-01   4.7236594e-03   8.6931137e-04   2.7100650e-03
   2.0744473e-02   5.8259727e-02   2.6725092e-01   3.5336941e-03   7.7113254e-04   2.4592983e-03
   2.6227868e-02   5.7666931e-02   2.6711758e-01   4.6873989e-03   3.4496883e-04   2.9887077e-03
   4.2775689e-02   5.5601462e-02   2.4115143e-01   3.0818838e-03   9.8932617e-04   2.8116659e-03
   3.2676243e-02   3.0680640e-03   2.5403439e-01   3.8708438e-03   1.2626062e-03   3.2003580e-03
   3.6725376e-02   2.7372861e-02   2.3575104e-01   3.0816432e-03   1.1131189e-03   3.4645415e-03
   4.0504268e-02   4.1148525e-02   2.3984641e-01   3.4392407e-03   1.2214905e-03   3.0406921e-03
   3.5031945e-02   6.5457304e-02   2.7294083e-01   3.7030283e-03   1.0379594e-03   2.8761494e-03
   2.9981818e-02   4.8824473e-02   3.1735420e-01   5.3645411e-03   1.1706452e-03   3.0199454e-03
   1.1389798e-02   7.5086519e-03   2.4301564e-01   3.5928927e-03   7.8328441e-04   2.9572354e-03
   1.2671094e-02   2.5791155e-02   2.7395656e-01   4.7226825e-03   6.2823579e-04   2.8663682e-03
  -5.1107316e-03   2.3582015e-02   2.1345885e-01   3.6722937e-03   3.7678348e-04   3.2028492e-03
  -6.4802925e-03   6.5251148e-02   2.5057530e-01   3.6331971e-03   7.2043147e-04   3.0783737e-03
  -1.7479496e-02   3.8497317e-02   2.5557340e-01   4.4132657e-03   5.6082000e-04   3.2852652e-03
  -7.3135306e-03   2.2610025e-02   2.4782542e-01   3.7350369e-03   6.1928377e-04   3.2723051e-03
  -6.8258600e-03   2.7064784e-02   2.1861265e-01   3.7305994e-03   7.4314495e-04   3.4341474e-03
  -1.0030842e-02   8.0420066e-02   2.3351293e-01   3.7016241e-03   9.3235343e-04   3.3496784e-03
   6.9168319e-03   5.0850634e-02   2.5592739e-01   4.0986025e-03   1.0659541e-03   3.3941474e-03
  -7.6959398e-03   3.9877751e-02   2.8211709e-01   4.2866666e-03   1.1945432e-03   3.5997747e-03
   1.7982512e-03   1.5097622e-02   2.3568921e-01   3.5172764e-03   8.9544928e-04   3.4171511e-03
   1.4580245e-02   8.9715627e-02   3.0250750e-01   4.9532283e-03   1.3871585e-03   2.9371590e-03
  -3.6197706e-02  -1.2185561e-01   1.2918597e-01   4.5966103e-03   1.2884089e-03   3.8629728e-03
  -4.4702841e-02   9.7769422e-02   1.2789568e-01   3.8272974e-03   1.0326272e-03   3.6160736e-03
