   0.0000000e+00   0.0000000e+00   1.4210855e-14   0.0000000e+00   0.0000000e+00   0.0000000e+00
   6.3284481e-03  -5.0735948e-03   4.3357352e-02  -1.4795009e-04  -2.6529478e-04  -3.0757718e-04
  -1.6382723e-02   4.5090796e-03   6.9877892e-02  -1.2669094e-04  -8.1660941e-04  -4.9713790e-04
  -1.9362724e-02   2.8941517e-02   3.5085950e-02  -1.6273673e-04  -7.7112922e-04  -6.4966819e-04
  -3.7171520e-02   4.1580952e-02   9.1484149e-02   4.7951193e-04  -1.2841568e-03  -7.6315219e-04
  -3.6731156e-02   1.8180979e-02   8.6345757e-02   5.7851800e-04  -1.3781272e-03  -7.5510593e-04
   2.8254831e-03   3.7505497e-04   9.2820161e-02  -3.6412023e-05  -7.8074158e-04  -1.1742948e-03
   1.0296304e-02  -3.6612147e-03   1.2259653e-01   3.9906751e-04  -5.8047824e-04  -1.2585796e-03
   6.9803675e-03   9.4458016e-03   6.7014798e-02  -1.2094982e-04  -5.6050323e-04  -1.3524266e-03
   3.5008534e-03   4.4310286e-02   7.7979209e-02   2.8001267e-04  -6.1144644e-04  -1.4651118e-03
   1.3115838e-02   4.2575530e-02   7.1079560e-02   2.4983571e-04  -6.9766487e-04  -1.6706842e-03
   2.3920117e-02   5.5852876e-02   1.1976199e-01   1.2163770e-03  -8.8607987e-04  -1.9802541e-03
   4.5628967e-02   6.5523009e-02   1.9244189e-01   1.8833949e-03  -7.9968806e-04  -2.4107826e-03
   4.3126459e-02   4.2319867e-02   1.0645898e-01   2.1592402e-04  -5.7664090e-04  -2.1431071e-03
   2.5872502e-02   6.0056507e-02   8.6936281e-02   2.1964668e-04  -8.2502909e-04  -2.2168379e-03
   2.1527949e-02   5.0887345e-02   1.1352036e-01   5.2703588e-04  -9.7863474e-04  -2.3247288e-03
   3.5269382e-02   4.9849760e-02   1.4041361e-01   8.3158285e-04  -1.0543767e-03  -2.4722133e-03
   2.8956440e-02   3.9259200e-02   1.1125762e-01   4.5082552e-04  -9.7772640e-04  -2.4098492e-03
   3.4142359e-02   7.2933558e-02   1.5022808e-01   1.8286563e-03  -9.2944538e-04  -2.8148073e-03
   1.5755012e-02   5.4219017e-02   9.3919276e-02   6.3912877e-04  -1.3149173e-03  -2.4212570e-03
   4.1356661e-02   6.2513977e-02   1.3652725e-01   1.1168984e-03  -1.0162983e-03  -2.8474506e-03
   5.3784073e-02   8.2285595e-02   1.8427318e-01   1.6765035e-03  -7.3610403e-04  -3.2360128e-03
   1.6481692e-02   4.8812854e-02   6.8247097e-02  -3.1976526e-04  -1.3249678e-03  -2.7120782e-03
   2.3342111e-02   4.0792259e-02   7.9783613e-02   1.2099319e-04  -1.1514515e-03  -2.8050702e-03
   2.3597824e-02   4.6594824e-02   1.2397969e-01   3.5944353e-04  -1.3467985e-03  -2.8397734e-03
  -2.1160647e-03   5.5327082e-02   9.6666683e-02  -1.4039205e-04  -1.3587926e-03  -2.1693123e-03
  -1.2297851e-02  -1.6155607e-02  -4.3175217e-02  -2.2590382e-03  -1.9417634e-03  -2.2903503e-03
   1.7759101e-03   2.1418084e-02  -3.8723793e-02  -2.0287063e-03  -2.4402158e-03  -3.2027141e-03
   6.8930999e-03   2.0546422e-02  -1.1271462e-01  -3.6379039e-03  -2.2384636e-03  -3.4899591e-03
   1.5411693e-02   5.4230612e-02  -7.9297962e-02  -3.8838690e-03  -2.6863042e-03  -3.5969879e-03
   1.1496537e-02   8.4958383e-03  -5.6424565e-02  -3.4799990e-03  -2.6108115e-03  -3.5535841e-03
   2.9316161e-02  -1.9111675e-02  -4.3003589e-02  -3.5438605e-03  -2.4939941e-03  -3.9057783e-03
   3.4139513e-02  -8.7175291e-03  -2.9038575e-02  -3.2091354e-03  -2.5120742e-03  -3.9524649e-03
   2.9616200e-02  -6.7148145e-04  -4.6315033e-02  -3.3911635e-03  -2.6736585e-03  -4.0481328e-03
   1.6978814e-02   2.8781732e-02  -6.1504891e-02  -3.3086521e-03  -2.7066996e-03  -3.9293345e-03
   1.7880226e-02   3.2273644e-02  -1.6929522e-02  -2.3618181e-03  -2.5653625e-03  -4.1385470e-03
   3.0626930e-02   3.1047177e-02  -5.0521875e-03  -2.6014126e-03  -2.2733781e-03  -4.3179074e-03
   1.2718555e-02  -4.2470466e-03  -4.1549780e-02  -3.4936476e-03  -2.6669379e-03  -4.1881875e-03
   1.5284644e-02   1.3843659e-02  -5.2588369e-02  -3.4142844e-03  -2.6395232e-03  -4.0542201e-03
   1.8604547e-02  -6.3503296e-03  -6.3767620e-02  -3.4059541e-03  -2.6590915e-03  -4.1397388e-03
   2.4727145e-02  -4.4796041e-03  -3.4263695e-03  -2.9544792e-03  -2.9277370e-03  -4.2758751e-03
   1.6873129e-02  -1.2945260e-02  -2.3383091e-02  -3.0553105e-03  -3.0618897e-03  -4.3533853e-03
   2.1828930e-02  -4.0382011e-03  -6.3010631e-02  -3.7280267e-03  -2.8418488e-03  -4.3458328e-03
   2.8912675e-02   7.5802343e-03  -8.5744652e-02  -3.7561912e-03  -2.9296904e-03  -4.3371414e-03
   2.6267293e-02   1.6190969e-02  -5.6393892e-02  -3.3001206e-03  -2.9769811e-03  -4.2979896e-03
   1.6504677e-02   2.5877909e-02  -3.6846861e-03  -2.9809529e-03  -3.1736933e-03  -4.2726860e-03
   2.2363774e-02  -4.5043701e-03  -1.6201748e-02  -3.3549796e-03  -3.2318552e-03  -4.5317787e-03
  -3.4903075e-03   3.7571578e-03  -1.1071341e-01  -4.3488803e-03  -3.1733647e-03  -4.2219195e-03
  -4.8099737e-03   9.0856352e-03  -1.0956770e-01  -4.0878855e-03  -3.0439685e-03  -4.3185160e-03
   5.1126516e-03   1.4844876e-02  -7.3145957e-03  -3.6481213e-03  -3.0018825e-03  -4.3493767e-03
  -1.6747406e-02   8.9547419e-03  -3.5551645e-02  -3.2682945e-03  -3.2036331e-03  -3.8734257e-03
  -2.1856806e-02   2.6209805e-02  -1.0278477e-01  -3.4765602e-03  -3.4380309e-03  -3.8245159e-03
  -3.3117335e-02  -7.2610981e-04  -1.1998546e-01  -3.9024439e-03  -3.8611761e-03  -3.8048374e-03
  -2.3290195e-02   1.5262283e-02  -1.0657392e-01  -3.7601254e-03  -4.1839812e-03  -3.9360697e-03
  -2.3715989e-02   9.9105379e-03  -1.6522645e-01  -4.8122081e-03  -4.1423776e-03  -3.8351211e-03
  -2.6456341e-02  -1.2787954e-02  -1.5905019e-01  -4.8528690e-03  -3.8460685e-03  -4.1137011e-03
  -3.0964177e-02   2.9807626e-03  -8.2222904e-02  -4.3310290e-03  -4.0426987e-03  -4.0783102e-03
  -2.5974630e-02   1.3839143e-02  -5.0720567e-02  -3.7121252e-03  -3.9469547e-03  -4.3920596e-03
  -1.2470556e-02   2.6780948e-02  -1.2060357e-01  -4.7732533e-03  -3.5070907e-03  -4.5316143e-03
  -3.2482734e-02   9.6622633e-03  -7.1044520e-02  -4.1563206e-03  -4.0819182e-03  -4.2264114e-03
  -1.0526394e-02   5.4503564e-03  -5.5589811e-02  -3.6163180e-03  -3.8349749e-03  -4.6374523e-03
  -2.3195361e-02   2.8335637e-02  -3.9090919e-02  -3.8726719e-03  -4.2381805e-03  -4.4206029e-03
  -1.8121294e-02   1.5694078e-02  -9.8630564e-02  -4.4242246e-03  -4.2511043e-03  -4.4293393e-03
  -3.0683939e-02   1.6623505e-02  -8.3160820e-02  -4.2863466e-03  -4.4036985e-03  -4.5257110e-03
  -2.5702230e-02   3.9848120e-03  -3.2463718e-02  -3.5737119e-03  -4.2404022e-03  -4.5046469e-03
  -2.9558305e-02   6.8098312e-03  -1.7431650e-02  -3.7189133e-03  -4.3246140e-03  -4.4826188e-03
  -5.7661240e-02  -7.8240681e-03  -7.7836799e-02  -4.1746297e-03  -4.4235756e-03  -4.3152976e-03
  -5.2009640e-02   2.3741907e-02  -1.0243140e-01  -4.4100859e-03  -4.5939701e-03  -4.5733249e-03
  -5.6764736e-02   1.5392435e-02  -7.4402662e-02  -4.0095775e-03  -4.6084931e-03  -4.3665756e-03
  -2.8970332e-02   2.4702384e-02  -1.9028607e-02  -3.7827565e-03  -4.3362712e-03  -4.7824968e-03
  -2.8209484e-02   1.1349902e-02   1.2169547e-02  -3.2063045e-03  -4.3131011e-03  -4.7850566e-03
  -4.6959111e-02   3.4628385e-04  -1.2859021e-01  -5.0577521e-03  -4.4154060e-03  -4.6235718e-03
  -4.5134858e-02   1.3279847e-02  -1.0029733e-01  -4.6591035e-03  -4.4840823e-03  -4.4189308e-03
  -3.3209418e-02   2.5477742e-02  -4.2945501e-02  -3.4127466e-03  -4.5551422e-03  -4.7493358e-03
  -3.9308152e-02   5.3766676e-02  -1.3249235e-02  -2.8814835e-03  -4.8717576e-03  -4.4044809e-03
  -5.8052907e-02   3.0421557e-02  -1.0882604e-01  -4.4550354e-03  -5.0498502e-03  -4.1394309e-03
  -5.5812706e-02   1.4654023e-02  -1.0946196e-01  -4.5272593e-03  -5.0936244e-03  -4.1287056e-03
  -4.0240526e-02  -6.1871189e-03  -8.5238058e-02  -4.3494146e-03  -4.9830292e-03  -4.4256801e-03
  -5.2429562e-02  -4.7798368e-03  -9.2513514e-02  -4.6337290e-03  -5.0957885e-03  -4.1954892e-03
  -5.0560212e-02   4.8038126e-03  -1.4840685e-01  -5.3913645e-03  -4.8778582e-03  -4.1792653e-03
  -4.6296879e-02  -6.5269097e-03  -1.4418271e-01  -5.0942710e-03  -4.7607835e-03  -4.4319060e-03
  -4.3956192e-02   2.8214017e-02  -7.1157144e-02  -4.2661043e-03  -4.8892315e-03  -4.6124915e-03
  -3.9651793e-02   2.1241912e-02  -4.6154403e-02  -3.9564603e-03  -4.9221463e-03  -4.7418271e-03
  -4.5104808e-02   2.5275469e-02  -8.8995474e-02  -4.4713555e-03  -5.1226899e-03  -4.5323575e-03
  -5.1729474e-02   1.3559671e-02  -1.2038706e-01  -4.5816313e-03  -5.0871455e-03  -4.4838161e-03
  -5.7998720e-02   2.9511461e-03  -6.9956367e-02  -4.1015066e-03  -4.9852970e-03  -4.5285741e-03
  -3.2810811e-02  -2.5662165e-03  -8.8281529e-02  -4.4439816e-03  -4.9442246e-03  -4.9439535e-03
  -4.5062466e-02   1.1828091e-02  -1.1489629e-01  -4.9519594e-03  -4.9888216e-03  -4.7561994e-03
  -3.3666463e-02  -1.2840915e-03  -8.2592019e-02  -4.5120448e-03  -4.8493605e-03  -5.0269103e-03
  -1.8668870e-02   3.8020354e-02  -4.0204525e-02  -3.8098734e-03  -4.8096079e-03  -5.1180469e-03
  -5.4079646e-02   2.3735256e-02  -6.3923711e-02  -4.0670567e-03  -5.4796639e-03  -4.8966150e-03
  -5.0406786e-02   1.9642946e-02  -1.3227357e-01  -5.0348749e-03  -5.2127194e-03  -4.8715671e-03
  -3.0868703e-02   2.4713080e-02  -9.5338166e-02  -4.6043858e-03  -4.9835680e-03  -5.0699011e-03
  -1.8214289e-02   3.2743072e-02  -3.0632059e-02  -3.3999845e-03  -4.9200200e-03  -5.2542346e-03
  -3.7641595e-02   2.6059961e-02  -5.6292130e-02  -3.9743291e-03  -4.9980396e-03  -5.0946144e-03
  -5.5812730e-02   3.1956588e-02  -1.2323974e-01  -4.6521233e-03  -5.1003120e-03  -5.0310477e-03
  -6.0462175e-02   2.7448380e-02  -9.2334808e-02  -4.4559475e-03  -5.2146560e-03  -4.9048871e-03
  -4.6358455e-02   1.2211441e-02  -5.8657633e-02  -4.3337991e-03  -5.1543948e-03  -5.3078685e-03
  -4.8953966e-02   9.5676122e-03  -4.8956610e-02  -4.8570146e-03  -5.3660761e-03  -5.0555393e-03
  -4.4348337e-02   3.2163635e-02  -7.9188551e-02  -4.7362559e-03  -5.5390960e-03  -4.7890308e-03
  -5.0375354e-02   3.5858676e-02  -1.2024188e-01  -4.3426489e-03  -5.8155209e-03  -4.4874374e-03
  -4.0358581e-02  -3.3720391e-03  -1.2451241e-01  -4.7742186e-03  -5.7780828e-03  -4.9048139e-03
  -6.7816257e-02  -6.2933022e-03  -1.1367824e-01  -4.8792299e-03  -6.0598629e-03  -4.6416873e-03
  -5.0915354e-02   5.5939656e-03  -7.9558650e-02  -4.7535667e-03  -5.6783047e-03  -4.8473944e-03
  -3.7860528e-02  -3.4179120e-03  -5.6093380e-02  -4.4507791e-03  -5.4646606e-03  -5.0476170e-03
  -4.3603220e-02  -2.2489814e-02  -1.0342837e-01  -5.2869673e-03  -5.5823834e-03  -5.0868663e-03
  -5.3953647e-02   1.8529755e-03  -1.2150646e-01  -5.2743565e-03  -5.7115186e-03  -4.8598348e-03
  -5.7786706e-02   9.4220752e-03  -1.0006884e-01  -4.7690634e-03  -5.5942565e-03  -4.9146034e-03
  -4.2414712e-02   1.1868588e-03  -6.6963639e-02  -4.2855013e-03  -5.6231330e-03  -5.0908325e-03
  -5.9991739e-02  -6.2412363e-03  -1.0987243e-01  -5.2841295e-03  -5.9570736e-03  -4.8582356e-03
  -4.7922190e-02   2.9120899e-02  -8.1399864e-02  -4.7506745e-03  -5.8042230e-03  -5.0732295e-03
  -4.1934705e-02   1.0607068e-02  -6.6165697e-02  -4.6466734e-03  -5.8484545e-03  -5.1626726e-03
  -4.4161332e-02   1.0393403e-03  -1.1096064e-01  -5.1811984e-03  -5.7673169e-03  -4.9482097e-03
  -6.4135986e-02   1.0324504e-03  -1.6963524e-01  -6.0551314e-03  -5.9541308e-03  -4.7704816e-03
  -5.8660367e-02   1.4118918e-02  -1.4908835e-01  -5.4516823e-03  -5.8867362e-03  -5.0684659e-03
  -3.8994698e-02   1.6578184e-02  -9.2948378e-02  -4.5163831e-03  -6.0232621e-03  -5.2362981e-03
  -4.8553258e-02   1.1761217e-02  -1.0055015e-01  -4.9019668e-03  -6.1388593e-03  -5.2275601e-03
  -5.9866907e-02  -1.6024811e-02  -1.2667110e-01  -5.3593725e-03  -5.9468527e-03  -5.1462669e-03
  -3.9624264e-02  -1.4998715e-03  -4.5827774e-02  -4.1787683e-03  -6.0811933e-03  -5.2538821e-03
  -4.5499790e-02  -1.3016794e-02  -8.3866178e-02  -4.7578963e-03  -6.1604334e-03  -5.3793535e-03
  -6.8049057e-02   1.2105941e-02  -1.5017034e-01  -5.3032170e-03  -6.1844693e-03  -4.9243142e-03
  -5.3560401e-02  -3.9252745e-03  -9.0799261e-02  -4.5334639e-03  -6.0744732e-03  -5.2308884e-03
  -6.4312359e-02   1.0157463e-02  -1.0464391e-01  -4.5867985e-03  -6.2922163e-03  -5.5371688e-03
  -7.3992064e-02   7.0658349e-03  -1.6159724e-01  -5.6727063e-03  -6.5049052e-03  -4.8313366e-03
  -5.0956271e-02  -1.0297586e-02  -1.3771867e-01  -6.2086021e-03  -6.2795549e-03  -4.8565906e-03
  -4.5503524e-02  -2.4375589e-02  -9.9869789e-02  -5.0854131e-03  -6.4803649e-03  -4.4959837e-03
  -4.6989342e-02   4.5515860e-03  -1.4655083e-01  -4.7572004e-03  -6.5390984e-03  -4.4574886e-03
  -7.2273353e-02   3.1665604e-02  -1.8537489e-01  -5.0099693e-03  -6.7987199e-03  -4.2458876e-03
  -7.5148597e-02  -1.1111629e-02  -1.2651219e-01  -5.1372184e-03  -6.8221205e-03  -4.1673385e-03
