   0.0000000e+00   0.0000000e+00   0.0000000e+00   0.0000000e+00   0.0000000e+00   0.0000000e+00
   4.8940703e-03   9.2766617e-03  -1.0361929e-03  -9.6709281e-05   9.2637771e-05  -6.5628388e-05
   3.8656537e-03  -2.6013273e-02  -8.4962880e-03  -2.1795694e-04   3.3694261e-05   1.3957879e-05
   1.4548065e-02  -2.3899645e-02   2.2089432e-02   1.9757050e-04   8.2591997e-05  -1.6443984e-04
   1.7604595e-02   2.8790633e-02   7.3464113e-03   6.9921408e-05  -1.4937274e-04  -2.8970471e-04
   2.2729991e-02  -4.2707874e-02   1.7549541e-02   9.0442823e-05  -2.0106763e-04  -3.4521749e-04
   4.7314640e-02   5.4109054e-03   5.0756464e-02   1.9395900e-04   1.9513279e-04  -7.4478835e-04
   5.4609099e-02  -1.7276702e-02   8.6685405e-02   4.5947654e-04   1.6792737e-04  -6.5284057e-04
   6.5348624e-02  -2.1252596e-02   8.4760518e-02   3.8477583e-04   3.7625231e-04  -6.2438933e-04
   7.4049429e-02   2.8469879e-02   1.0160944e-01   4.9234088e-04   4.6206530e-04  -3.9931826e-04
   6.6692754e-02  -1.7061529e-02   1.2549099e-01   7.2854224e-04   7.2193504e-04  -9.1237068e-05
   8.5823289e-02   1.8762193e-02   1.5519523e-01   1.0986055e-03   1.0110141e-04  -7.4993037e-05
   9.3387083e-02   3.4385810e-02   1.3350059e-01   1.0141856e-03   4.1888646e-04  -9.7672505e-05
   8.6158543e-02   9.7262913e-03   1.4174845e-01   1.2399545e-03   1.5042008e-04   1.1278016e-04
   1.0402845e-01   3.3175377e-02   1.4524812e-01   1.1525774e-03   7.4932780e-05   1.7012333e-04
   9.3951848e-02   7.2390897e-02   5.4441169e-02  -1.3219816e-04   2.2377750e-04   4.3550825e-04
   1.0523941e-01   2.0755209e-02   7.7089227e-02  -2.3434516e-04   4.0078297e-04   4.5585029e-04
   1.2044396e-01   8.2259119e-02   9.0804443e-02  -2.1084756e-04   1.0997999e-04   1.9315634e-04
   1.2375904e-01   6.5400215e-02   6.1134910e-02  -3.7772922e-04   1.9160129e-04   2.5312186e-04
   1.2352831e-01   3.8644405e-02   1.0901415e-01   3.5357873e-06  -1.5159665e-04   4.2023880e-04
   1.4229529e-01   7.5230262e-02   1.3537703e-01   4.8880703e-06  -3.0324067e-04   4.1035015e-04
   1.2875692e-01   5.2689939e-02   1.2057727e-01  -3.9488712e-05  -3.5326522e-04   8.1452283e-04
   1.3597893e-01   2.7839864e-02   1.4683878e-01  -1.2130032e-04  -8.8101121e-05   6.1382129e-04
   1.4152159e-01   5.8525526e-02   1.6360084e-01   1.2141929e-04  -4.6177383e-04   4.9517257e-04
   1.4848878e-01   5.9447502e-02   1.1722341e-01  -6.3213264e-04  -2.5266467e-05   5.5236496e-04
   5.8989194e-02  -3.6021245e-03   2.5835739e-01   4.4073848e-03  -1.9805409e-03   1.1614954e-03
  -9.2514946e-03  -1.3717138e-01   4.5312355e-01   1.2748272e-02  -3.6013759e-03   1.6260502e-03
   3.9413182e-02  -6.7543267e-02   4.2534091e-01   1.0365077e-02  -1.7449404e-03   1.3876488e-03
  -3.7529714e-02  -6.5917761e-02   2.9362116e-01   4.9689933e-03  -1.6472809e-03   3.2972929e-03
   4.8510311e-03  -2.1157807e-02   3.8500719e-01   6.4322929e-03  -1.7520362e-03   2.8495602e-03
   6.3686633e-03   8.0826188e-03   3.2693121e-01   5.6813693e-03  -1.2498400e-03   2.9908353e-03
   2.6576937e-02  -4.7082995e-02   3.2173308e-01   6.2409929e-03  -9.4088370e-04   2.9459801e-03
   2.4655116e-02  -1.2576700e-02   3.5390737e-01   6.3607698e-03  -1.1099430e-03   3.2755902e-03
   4.4975938e-02   2.9202726e-02   3.4194102e-01   6.4734342e-03  -9.5579054e-04   2.8647869e-03
   3.2449941e-02  -2.2630084e-03   3.0459377e-01   6.2278578e-03  -9.4439712e-04   3.1403724e-03
   4.2097454e-02  -6.7380947e-03   3.5781622e-01   6.6217068e-03  -1.1135171e-03   3.0848748e-03
   4.4683504e-02   1.0923155e-02   3.6243385e-01   6.4439763e-03  -8.6351350e-04   3.0159601e-03
   5.0812448e-02   1.1374563e-02   3.5186397e-01   6.6502727e-03  -9.5777357e-04   2.8791448e-03
   4.3803832e-02  -2.8715945e-02   3.4327573e-01   6.6830627e-03  -7.8943221e-04   3.0648938e-03
   5.6662088e-02   1.9908812e-02   3.6864126e-01   6.8945551e-03  -9.0716847e-04   2.7718032e-03
   5.5902969e-02   2.3768431e-02   3.8096334e-01   7.4448137e-03  -9.5917062e-04   2.7496020e-03
   5.9795616e-02  -2.6207906e-02   3.8363372e-01   7.5012715e-03  -7.4605326e-04   2.8520214e-03
   7.7767434e-02   2.1451418e-02   4.0277951e-01   7.2067824e-03  -9.7514046e-04   2.8252205e-03
   7.1902795e-02  -2.4896919e-04   3.8480280e-01   7.3999958e-03  -1.0097686e-03   2.7900547e-03
   7.0767814e-02  -2.6045055e-02   4.0874733e-01   7.7115633e-03  -1.0577343e-03   2.8111108e-03
   7.7657654e-02   1.8025605e-02   4.0528529e-01   7.6576894e-03  -1.2380205e-03   2.7162672e-03
   5.7453029e-02   1.4660714e-03   3.8332738e-01   7.7847543e-03  -9.8541655e-04   3.2421439e-03
   5.0525456e-02   8.1065209e-03   3.8756313e-01   7.9691033e-03  -9.6735000e-04   3.2884525e-03
   6.0274730e-02   2.5072829e-02   4.2194112e-01   8.0995358e-03  -1.3255296e-03   3.3208312e-03
   5.4882334e-02   3.7493482e-02   3.9827575e-01   7.7942336e-03  -1.0475482e-03   3.2479829e-03
   3.0003690e-02   1.7070049e-02   3.5566870e-01   7.3961442e-03  -8.8725709e-04   3.4325441e-03
   4.5436933e-02   3.2672170e-02   3.9609388e-01   7.5294178e-03  -1.1127458e-03   3.3049179e-03
   3.4300839e-02   4.2661984e-02   3.4062897e-01   6.8786676e-03  -1.0985869e-03   3.5356947e-03
   6.6167592e-02   1.7081397e-02   4.0404640e-01   7.5305596e-03  -1.2552388e-03   2.8829449e-03
   8.3482075e-02   1.1239439e-01   3.9595346e-01   6.6244902e-03  -1.9552107e-03   2.7720252e-03
   7.6165899e-02  -1.1736770e-01   3.4990875e-01   7.0407432e-03  -1.0478133e-03   2.9792621e-03
   9.9288454e-02   8.0398302e-02   3.8001130e-01   6.9562119e-03  -1.6093714e-03   2.7363155e-03
   8.9819276e-02  -4.8528697e-02   3.4888414e-01   7.3193108e-03  -1.5136795e-03   3.1721028e-03
   1.1678462e-01   8.6385229e-02   3.6144353e-01   7.0843851e-03  -1.5744119e-03   2.8239939e-03
   1.0582064e-01  -5.8000506e-03   3.8063575e-01   7.5809427e-03  -1.5091590e-03   3.0698870e-03
   1.0791921e-01   1.0556399e-02   4.2117569e-01   7.3398460e-03  -1.0637345e-03   2.8688924e-03
   1.5897972e-01   1.6309283e-01   5.3773184e-01   8.0489274e-03  -2.2707011e-03   2.2979600e-03
   1.4726544e-01  -4.3026741e-02   4.9376711e-01   7.6916596e-03  -2.2385963e-03   2.5930699e-03
   1.2902058e-01  -1.8081544e-02   4.7628008e-01   7.5384698e-03  -1.4173881e-03   2.5048283e-03
   1.4809704e-01   7.3232128e-02   4.8106569e-01   7.2578492e-03  -1.5527679e-03   2.4476094e-03
   1.5763079e-01  -2.4989505e-02   4.6860302e-01   7.6424599e-03  -1.5364374e-03   2.5145852e-03
   1.6751986e-01   6.5810972e-02   4.7534266e-01   7.3345556e-03  -1.3237431e-03   2.3851892e-03
   1.7927881e-01   3.9771804e-02   5.1449768e-01   8.0001122e-03  -1.6519728e-03   2.3381849e-03
   1.7867362e-01   1.7820852e-02   4.9876997e-01   7.7162729e-03  -1.3476050e-03   2.4569336e-03
   1.7732403e-01   4.4993152e-02   4.8284954e-01   7.9851864e-03  -1.3271574e-03   2.3334258e-03
   1.8303295e-01   7.6285434e-02   4.8830159e-01   7.7081257e-03  -1.3420609e-03   2.4323929e-03
   1.8587988e-01   2.8454776e-02   4.6908062e-01   8.0683947e-03  -1.4395040e-03   2.5100285e-03
   1.8718814e-01   5.9779926e-02   4.8582411e-01   7.5245110e-03  -1.1453733e-03   2.5452222e-03
   2.0311079e-01   7.2593628e-02   5.0421299e-01   8.9265508e-03  -1.6097320e-03   2.4533126e-03
   1.7933477e-01   4.5419575e-02   4.5222441e-01   8.3427743e-03  -1.5139192e-03   2.6076299e-03
   8.4461551e-02   5.1304916e-03   3.6639514e-01   7.6603167e-03  -2.0642716e-03   4.6798456e-03
   5.8804454e-02  -1.6536291e-02   3.3726051e-01   7.1960195e-03  -2.3706590e-03   5.4066115e-03
   8.6779086e-02   1.1953419e-01   2.7524273e-01   5.7970950e-03  -2.8609742e-03   4.6697325e-03
   7.0369132e-02  -2.2728105e-02   3.0986814e-01   7.0588566e-03  -2.4942296e-03   5.1258522e-03
   9.3624396e-02   1.0722459e-01   2.5391412e-01   5.7809796e-03  -1.8935670e-03   4.6681537e-03
   1.0954243e-01   4.6993066e-02   3.2583948e-01   6.5648420e-03  -1.7384531e-03   4.7355561e-03
   1.2234701e-01   9.8108321e-02   3.5624597e-01   6.6177413e-03  -1.9006619e-03   4.5782956e-03
   1.2180945e-01   6.9177900e-02   3.3458615e-01   6.8900063e-03  -2.1648620e-03   4.5582381e-03
   1.2250974e-01   6.6736337e-02   3.8760777e-01   6.8224378e-03  -2.0855410e-03   4.6270700e-03
   1.3214652e-01   1.0319207e-01   4.1373988e-01   7.3688971e-03  -2.2633959e-03   4.4435566e-03
   1.3505462e-01   1.1130626e-01   3.9591834e-01   7.3641708e-03  -2.1550976e-03   4.4147981e-03
   1.3197083e-01   6.6388113e-02   4.5170830e-01   7.8896409e-03  -2.0899838e-03   4.3683065e-03
   1.4217205e-01   9.1313760e-02   4.7538856e-01   7.8559578e-03  -2.1564315e-03   4.3018758e-03
   1.3886475e-01   9.7110852e-02   4.9558643e-01   8.2948807e-03  -2.0219534e-03   4.2968796e-03
   1.4151470e-01   6.7558876e-02   4.6846359e-01   8.0270418e-03  -1.7952877e-03   4.2371090e-03
   1.5173491e-01   9.8586339e-02   5.2177363e-01   8.4649599e-03  -2.0088189e-03   4.1916482e-03
   1.5535004e-01   1.1507314e-01   4.8570033e-01   8.2439983e-03  -1.8161452e-03   4.1027469e-03
   1.4923049e-01   8.0017630e-02   4.8613136e-01   8.5600844e-03  -1.8007688e-03   4.0591390e-03
   1.5177150e-01   9.3743582e-02   5.0998217e-01   8.5751309e-03  -2.0209556e-03   4.1589175e-03
   1.5371950e-01   1.1354709e-01   5.0904583e-01   8.6489890e-03  -1.8063224e-03   4.0688330e-03
   1.4978733e-01   9.5475881e-02   4.9565238e-01   8.4997776e-03  -1.6816914e-03   4.3061555e-03
   1.5768523e-01   7.2661045e-02   5.4768521e-01   8.9476433e-03  -1.5492253e-03   4.0528919e-03
   1.6976887e-01   1.1687258e-01   4.9411641e-01   8.3561317e-03  -1.5189463e-03   3.6895046e-03
   1.5043741e-01   6.4817784e-02   4.9919571e-01   8.9758087e-03  -1.3188571e-03   3.5902237e-03
   9.6286211e-02   3.6991603e-02   4.8422488e-01   9.6338010e-03  -1.3354496e-03   2.2685326e-03
   1.1552893e-01   7.8534063e-02   4.4935222e-01   8.5907974e-03  -1.3615215e-03   2.1281438e-03
   1.1832447e-01   6.2182223e-02   4.5596491e-01   8.3196020e-03  -1.0016213e-03   2.0508065e-03
   1.3723614e-01   1.1711480e-01   4.7721295e-01   8.2655929e-03  -1.3794249e-03   1.9175403e-03
   1.2193606e-01   8.4867633e-02   4.6477997e-01   8.3460573e-03  -1.1722874e-03   2.3553133e-03
   1.4028753e-01   6.9290638e-02   4.8617763e-01   8.6884659e-03  -1.5498954e-03   2.0769011e-03
   1.4050015e-01   1.0654219e-01   4.7440453e-01   8.7788042e-03  -1.6302129e-03   2.4125872e-03
   1.3355279e-01   4.8810634e-02   4.9596625e-01   8.7796802e-03  -1.5911152e-03   2.5658536e-03
   1.3449278e-01   8.9953158e-02   5.2423740e-01   9.0924754e-03  -1.6142764e-03   2.6909258e-03
   1.2354651e-01   4.1452273e-02   5.4797443e-01   9.1662859e-03  -1.6462569e-03   2.9628549e-03
   1.3155130e-01   1.4056424e-01   5.6076893e-01   9.3113933e-03  -1.7171239e-03   3.2306344e-03
   1.1879711e-01   3.6198853e-02   5.6154684e-01   9.5651260e-03  -1.5767098e-03   3.2441050e-03
   1.3138093e-01   1.0275925e-01   5.9523101e-01   9.6591795e-03  -1.6386607e-03   3.2343699e-03
   1.1327910e-01   6.8888047e-02   5.4074278e-01   9.3508925e-03  -1.4598764e-03   3.4923586e-03
   1.2757513e-01   1.1360908e-01   5.7830780e-01   9.4150866e-03  -1.5384796e-03   3.3919245e-03
   1.2459017e-01   1.1242558e-01   5.5605584e-01   9.3988241e-03  -1.5081806e-03   3.5431342e-03
   1.2773527e-01   6.9862684e-02   5.4769570e-01   9.1182816e-03  -1.7673691e-03   3.7158785e-03
   1.3056229e-01   1.1455515e-01   5.5319343e-01   9.3402386e-03  -1.7364588e-03   3.7146695e-03
   1.1967280e-01   1.0006127e-01   5.1755127e-01   9.1348425e-03  -1.6613127e-03   3.8826786e-03
   1.2187072e-01   6.6619832e-02   5.4043986e-01   9.3401812e-03  -1.7980493e-03   3.9414863e-03
   1.3198345e-01   1.3521749e-01   5.2870967e-01   9.1536184e-03  -1.7466179e-03   3.8714284e-03
   1.2766413e-01   9.5680564e-02   5.4568155e-01   9.6293817e-03  -1.9563773e-03   4.1098951e-03
   1.3157257e-01   8.9419648e-02   5.2780133e-01   9.0449710e-03  -1.9654019e-03   4.0089925e-03
   1.2970498e-01   1.4020288e-01   5.7155990e-01   1.0046735e-02  -2.1845018e-03   4.0984870e-03
   1.0755945e-01   9.0826573e-02   5.1646387e-01   9.6306996e-03  -2.1329635e-03   4.3123346e-03
   9.7642904e-02   7.7897896e-02   5.2133450e-01   9.3615796e-03  -1.9371864e-03   4.2860394e-03
   1.0023958e-01   1.3729512e-01   5.3290716e-01   9.7743499e-03  -2.0251718e-03   4.2071840e-03
   9.6588464e-02   7.9763857e-02   4.5768890e-01   7.9405772e-03  -2.2527252e-03   4.2112062e-03
   9.3406925e-02   1.2600547e-01   4.0556924e-01   6.8622936e-03  -2.6958015e-03   4.3623874e-03
   6.1853571e-02   1.6421632e-02   2.5877001e-01   5.4581899e-03  -2.6123032e-03   5.0067916e-03
