   0.0000000e+00   0.0000000e+00   7.1054274e-15   0.0000000e+00   0.0000000e+00   0.0000000e+00
   8.6493524e-03   3.7549343e-02   2.2422707e-02   6.1750175e-04   6.2186862e-04  -1.3281225e-04
   5.5039064e-03  -3.6862475e-02   3.3840090e-02   1.1730954e-03   9.4435735e-04  -1.9138870e-04
   1.4132347e-02   1.4314836e-02   7.0881547e-02   5.8337384e-04   6.2982829e-04  -2.9325586e-04
   1.3095124e-02   8.6781659e-03   1.3089678e-01   1.3688002e-03   5.4601161e-04  -4.7609793e-04
   1.6119211e-02  -9.1614200e-03   2.1952006e-01   2.5655797e-03   8.9409376e-04  -3.6698252e-04
   9.7224994e-03  -6.7284478e-02   1.0321160e-01   1.9083508e-03   8.7895268e-04  -3.3651065e-04
   1.0300347e-02   2.0866087e-02   1.1947610e-01   1.9911056e-03   7.5321324e-04  -4.9922940e-04
   1.1943894e-02   1.7818230e-02   1.1139053e-01   1.6397339e-03   8.0641497e-04  -6.4054313e-04
   8.6481280e-03   6.2240505e-03   1.2597052e-01   1.2841755e-03   1.0503123e-03  -6.6947576e-04
   1.5038116e-02   1.5674632e-02   8.9609769e-02   1.5272452e-03   8.0786247e-04  -6.5884667e-04
   2.0675664e-02   2.3533386e-02   2.7448814e-01   2.8246336e-03   1.0914876e-03  -7.0409694e-05
  -1.3849546e-03   4.4063169e-02   2.7861034e-01   2.0507274e-03   1.4346661e-03  -3.7968929e-04
   8.8690135e-03   6.2872190e-02   2.1959775e-01   2.3077933e-03   1.3884283e-03  -7.3781528e-04
   6.4152542e-03   7.9359328e-02   2.1904465e-01   2.7612943e-04   9.9124648e-04  -4.1797165e-04
   6.5564738e-03   4.3700423e-02   1.9485790e-01  -4.8860955e-05   9.4528817e-04  -3.7533439e-04
   8.2499470e-04   6.0992999e-02   3.0152468e-01   2.0799059e-05   1.3247626e-03  -4.6354296e-04
  -5.3570481e-03   3.3484074e-02   2.2713244e-01  -3.6287781e-04   1.2303378e-03  -5.4175367e-04
  -5.6342295e-03   3.1120884e-02   1.2561946e-01  -6.6267739e-04   1.6552208e-03  -7.7276094e-04
  -2.4563090e-02   1.2163741e-02   1.4430633e-01  -3.5299319e-04   1.7814623e-03  -4.2893042e-04
  -2.2291544e-02   1.3794358e-03   1.9179396e-01  -1.1378149e-03   1.8852427e-03  -4.7206913e-04
  -1.4085871e-02   1.2170103e-02   1.7279899e-01  -1.4137916e-03   1.7901233e-03  -6.8619264e-04
  -2.4412714e-03   2.2702043e-02   1.3961488e-01  -9.6259756e-04   1.6374192e-03  -5.9392957e-04
   4.5627655e-04   1.7187014e-02   1.6469781e-01  -8.5137758e-04   1.7658410e-03  -4.3110735e-04
   7.6733644e-03   2.0660721e-02   1.9739930e-01   2.4641762e-04   1.5523025e-03  -2.4984780e-04
   6.9537465e-03   1.6856350e-02   1.7553146e-01  -8.1073213e-04   1.2480135e-03  -5.1809460e-04
  -1.3589421e-02  -2.1365120e-02   1.5442819e-01  -4.4246498e-04   1.3959484e-03  -9.9060002e-05
   5.2705133e-03   1.3091031e-02   1.1603379e-01  -1.0047836e-03   1.6484444e-03  -5.4986433e-04
  -1.4915058e-02   2.0709731e-03   1.0232534e-01  -2.0355316e-04   1.6520031e-03  -4.5675083e-04
   1.2179579e-02   6.2011406e-02   2.0859743e-01  -5.3881838e-04   1.8573451e-03  -1.2233566e-03
   5.9404848e-02   4.7775253e-02   3.1175040e-01   2.5806919e-03   1.8303221e-03  -2.8374575e-03
   1.4893347e-02  -2.4120096e-01   2.8280083e-01   2.7568151e-03   1.4951763e-03  -1.1798128e-03
   1.4917477e-02   4.5855564e-02   3.2508060e-01   2.7528632e-03   1.5798187e-03  -9.8204232e-04
   1.4482253e-02   5.0184282e-02   3.1371457e-01   2.0491687e-03   1.2807788e-03  -1.1266645e-03
   1.9441155e-03   3.4038424e-02   3.2589559e-01   2.1271513e-03   1.6085683e-03  -9.2439113e-04
  -5.9395491e-03   4.5614656e-02   3.4692928e-01   2.1295589e-03   1.6545836e-03  -1.0425020e-03
   4.1778322e-04  -1.4881028e-02   4.0145348e-01   2.7632411e-03   1.4279157e-03  -9.0895044e-04
  -1.7949705e-02   1.7758176e-02   3.5938974e-01   1.3582073e-03   1.6676951e-03  -1.0428193e-03
  -2.0012421e-02  -2.0687761e-02   3.2546839e-01   2.2880397e-03   1.4690182e-03  -8.0003967e-04
  -6.8312820e-03   1.9923958e-02   3.1664658e-01   1.8218264e-03   1.3351665e-03  -7.9492140e-04
   1.0764923e-04   5.3075519e-02   3.2592009e-01   1.7676630e-03   1.4580369e-03  -1.0363370e-03
   1.0691902e-02   2.3157518e-02   3.4003587e-01   2.9375246e-03   1.0995397e-03  -8.8095940e-04
  -2.3042864e-03   1.4957921e-02   3.1394390e-01   2.7098062e-03   1.2792294e-03  -5.9870764e-04
   6.4057013e-03   3.8765170e-02   3.4297918e-01   2.4001139e-03   1.5471424e-03  -9.7317745e-04
  -1.2862495e-03   7.7014660e-02   3.0951528e-01   2.0406785e-03   1.1107132e-03  -5.7116125e-04
  -7.9485781e-03   2.9020823e-02   3.3425034e-01   2.1851504e-03   1.1463632e-03  -3.3959257e-04
  -1.5172001e-02   4.5999500e-02   3.3505486e-01   2.4716748e-03   1.1935151e-03  -5.8191616e-04
  -1.4075527e-02   7.0119508e-02   3.0734656e-01   1.7589578e-03   1.1830813e-03  -7.2980335e-04
  -9.9870459e-03   4.2422829e-02   3.2892291e-01   2.9914528e-03   1.4242415e-03  -8.1097324e-04
   8.5700321e-03   5.1018654e-02   3.7960557e-01   3.4757322e-03   1.6544655e-03  -1.1310637e-03
  -1.8367227e-02   1.1075008e-01   4.1440225e-01   2.0757004e-03   1.4767209e-03  -8.6437284e-04
  -1.2523506e-02   4.5256228e-02   3.3808104e-01   1.8380104e-03   1.5551913e-03  -6.6592661e-04
  -3.2770020e-02   6.2175779e-02   3.1995764e-01   3.1514931e-03   1.7614972e-03  -3.4221969e-04
  -2.2211650e-02   9.7602174e-02   3.3327085e-01   2.9921278e-03   1.8367668e-03  -6.0207459e-04
  -3.1345134e-02   1.1353502e-01   2.7853845e-01   2.4621298e-03   1.5951573e-03  -2.8788573e-04
  -2.5113768e-02   5.0450608e-02   3.2616678e-01   2.5152429e-03   1.6674902e-03  -5.4578884e-04
  -3.1625634e-02   7.7736387e-02   3.1773623e-01   3.1197455e-03   1.8589068e-03  -4.1390501e-04
  -3.4999175e-02   9.0220088e-02   3.9743249e-01   4.4929598e-03   1.5755963e-03  -1.5797200e-04
  -2.1680512e-02   4.7146242e-02   2.7542866e-01   2.5150161e-03   1.6325018e-03  -5.4057314e-04
  -2.0652497e-02   1.2319905e-01   3.7466052e-01   3.2699816e-03   1.6797421e-03  -5.8137338e-04
  -1.6944796e-02   9.6191128e-02   2.6380740e-01   3.7408012e-03   1.6576838e-03  -4.1354548e-04
  -3.4303350e-02   1.3462764e-01   6.0438958e-01   2.2044798e-03   2.1807687e-03  -7.3818195e-05
  -6.5449364e-02   1.4848370e-01   4.0964828e-01   3.6931260e-03   1.9548033e-03   7.5902473e-04
  -1.3490047e-02   7.2075905e-02   1.5471344e-01   5.0060159e-03   1.9804942e-03   4.2195889e-05
  -2.8950959e-02   9.9414881e-02   2.3927520e-01   3.3787554e-03   2.1782788e-03   5.1618003e-05
  -2.6845330e-03   8.3184896e-02   1.6542351e-01   4.7271095e-03   1.8762790e-03  -2.2245871e-04
  -3.6532002e-03   7.5779719e-02   2.2573973e-01   5.2561297e-03   1.9985730e-03  -6.2054143e-04
  -3.8753137e-03   1.0222148e-01   1.3005249e-01   3.3918956e-03   1.7747240e-03  -5.7650059e-04
  -1.3150189e-02   7.3993242e-02   2.0439039e-01   4.3956866e-03   1.8150889e-03  -3.5783936e-04
  -1.0582856e-02   3.0693323e-02   1.9225254e-01   4.5289242e-03   1.6189002e-03  -4.6989789e-04
  -3.9185886e-02   3.6472732e-02   2.2657848e-01   4.4672924e-03   2.1024777e-03  -9.3433589e-05
  -4.1629825e-02   2.8041902e-03   1.2505369e-01   3.9384486e-03   2.2396482e-03   1.7707331e-04
  -7.0240774e-02   8.6490995e-02   1.7442970e-01   4.8029428e-03   2.6966283e-03  -6.1872875e-04
  -7.9998514e-02   5.8567925e-02   3.5653336e-02   3.7481284e-03   2.6706019e-03  -7.6411681e-04
  -5.4132292e-02   2.3632448e-02   1.9722774e-02   2.7615953e-03   2.4877809e-03  -1.1388748e-03
  -6.1138340e-02   1.6835407e-02   1.1914440e-01   4.1749415e-03   2.6938876e-03  -9.7098858e-04
  -5.7717907e-02   7.8079000e-02   1.3592184e-01   3.2007271e-03   2.4242005e-03  -6.6558502e-04
  -5.9343787e-02   4.0359245e-02   1.1197128e-01   2.7823482e-03   2.2919748e-03  -5.4764062e-04
  -2.5689470e-02   3.1084179e-02   1.5058772e-01   3.9177399e-03   2.6247787e-03  -1.4087746e-03
  -7.3997207e-02   9.3310505e-02   1.7007699e-01   4.7264623e-03   2.5897779e-03  -5.7389782e-04
  -6.6829698e-02   5.1508012e-02   1.3889325e-01   3.3879808e-03   2.4881683e-03  -1.0799419e-03
  -7.1220538e-02   3.1052810e-02   1.4593434e-01   3.6015556e-03   2.4017013e-03  -9.2823225e-04
  -8.2549254e-03   1.3306785e-01   3.1249592e-01   7.5743535e-03   2.6145637e-03  -1.9302818e-03
  -5.2218243e-02  -1.2296675e-01   1.4711669e-01   6.7011568e-03   2.1685855e-03  -9.4640685e-04
  -6.8721600e-02   1.4162294e-02   1.2793571e-01   6.5541441e-03   2.1272014e-03  -6.3625536e-04
  -5.4160985e-02   1.0755788e-01   2.1342702e-01   5.7367276e-03   2.0305085e-03  -1.6696604e-03
  -8.0471179e-02   5.5202076e-02   2.2163677e-01   5.7275178e-03   1.0297079e-03  -1.5828617e-03
  -1.0300659e-01   2.8384837e-02   2.4163212e-01   5.3157601e-03   2.0601504e-03  -1.3873466e-03
  -9.3210403e-02   4.0881308e-02   2.1292416e-01   4.9262605e-03   2.3048249e-03  -1.5600522e-03
  -9.6520059e-02   3.1537006e-02   2.5870200e-01   5.9327987e-03   2.4037937e-03  -1.7177361e-03
  -9.1341892e-02   6.7486484e-03   2.7776104e-01   6.3900563e-03   1.9781461e-03  -1.5775472e-03
  -1.1052608e-01   2.7434272e-02   2.0872665e-01   4.3551170e-03   2.0466332e-03  -1.2889532e-03
  -8.9507179e-02   6.7137627e-02   2.0136182e-01   5.4543126e-03   2.1325114e-03  -1.6760831e-03
  -9.7496871e-02   3.5606246e-02   2.3019284e-01   6.0275927e-03   2.3221394e-03  -1.4142860e-03
  -1.0236103e-01   2.4416516e-02   2.4407147e-01   7.3115513e-03   1.9034159e-03  -9.6176490e-04
  -9.7495723e-02   2.0256343e-02   2.3805183e-01   7.0110587e-03   2.1898687e-03  -1.1520528e-03
  -8.0681362e-02   1.4612235e-02   2.6467275e-01   8.0913362e-03   2.4402949e-03  -1.6318047e-03
  -8.6156386e-02  -4.7810274e-03   2.0387595e-01   7.5463978e-03   2.5075489e-03  -1.6481675e-03
  -8.3955100e-02   5.4665838e-02   2.6169271e-01   8.3040719e-03   2.4241706e-03  -1.3984491e-03
  -8.8246377e-02   3.0733886e-02   2.2039461e-01   7.0101987e-03   2.2646352e-03  -1.4796413e-03
  -9.0102820e-02  -2.1351526e-02   1.7955440e-01   7.7148055e-03   2.5870037e-03  -1.2940434e-03
  -9.0673483e-02  -3.1211503e-02   8.2025080e-02   6.7654080e-03   2.2944197e-03  -1.3581476e-03
  -1.1392308e-01   1.8605868e-02  -5.0996297e-02   6.4151118e-03   2.3523304e-03  -1.5805425e-03
  -1.0842246e-01  -3.8507496e-02  -1.5788168e-02   6.0949701e-03   2.2790865e-03  -1.3911217e-03
  -1.0882217e-01   1.3773685e-02   9.0618758e-02   6.1323958e-03   2.4750766e-03  -1.5643497e-03
  -1.1214917e-01  -5.2635109e-03   8.5066193e-02   6.9050882e-03   2.5598461e-03  -1.4142093e-03
  -9.3389315e-02  -2.6025976e-02   8.1440440e-02   6.7690182e-03   2.5596614e-03  -1.5536535e-03
  -8.7697072e-02   2.0624852e-02   3.2559656e-02   6.0078519e-03   2.5445336e-03  -1.7994826e-03
  -8.7982685e-02   5.0011605e-02   3.9606913e-02   5.2203377e-03   2.3327090e-03  -1.8622080e-03
  -1.0202612e-01  -2.4528291e-02  -2.6256156e-02   5.5674684e-03   2.3291310e-03  -1.9881150e-03
  -1.1973505e-01   1.0637871e-02   5.6133456e-02   6.0360964e-03   2.7805198e-03  -1.6536298e-03
  -1.2358779e-01   3.7695924e-02   4.0507430e-02   5.0536049e-03   2.6467644e-03  -1.6325326e-03
  -1.1565833e-01   1.2383286e-02   3.8019129e-02   5.6243308e-03   2.5808613e-03  -1.5868090e-03
  -1.2020176e-01  -1.0903451e-02  -2.6074141e-02   5.5413497e-03   2.7369811e-03  -1.5224827e-03
  -1.2088805e-01   1.8888050e-02   1.5910291e-02   5.5669031e-03   2.8171861e-03  -1.7012337e-03
  -1.1668543e-01   2.6453211e-02   4.6989452e-02   5.9426996e-03   2.9565907e-03  -1.7108720e-03
  -1.2255677e-01   5.9851667e-03   3.0877735e-02   5.2720275e-03   2.8094473e-03  -1.3932695e-03
  -1.1820509e-01   8.0083603e-03   1.1282675e-01   6.5134963e-03   2.6746168e-03  -1.3343366e-03
  -1.1575972e-01   1.9488584e-02   3.0797595e-02   5.1189871e-03   2.4257834e-03  -1.7089843e-03
  -8.8638260e-02  -6.1774320e-03   6.9464042e-02   5.2887076e-03   2.6223157e-03  -1.4658407e-03
  -1.0570448e-01   3.9841346e-02   9.3482531e-03   5.5264769e-03   2.5710037e-03  -9.4271218e-04
  -1.1137208e-01  -2.2960815e-02  -6.7127158e-02   6.1737281e-03   2.1160202e-03  -1.3639310e-03
  -1.2680968e-01  -8.4337215e-03  -5.2918108e-02   4.7410291e-03   2.7036839e-03  -1.3017389e-03
  -9.0083060e-02   1.8062934e-01  -9.3230777e-03   6.6292097e-03   2.6462311e-03  -1.9285251e-03
  -5.1805913e-02  -1.3326814e-01  -1.9809294e-02   5.2714403e-03   2.5392855e-03  -3.3970130e-03
  -4.6791202e-02  -2.9667041e-02   1.8155062e-01   6.4796672e-03   2.5922401e-03  -3.2559745e-03
  -4.9111525e-02  -3.0305477e-03   1.2971496e-01   6.3023587e-03   2.5173559e-03  -3.3876863e-03
  -4.5452717e-02   1.4345362e-02   8.9212907e-02   4.7821915e-03   2.1705117e-03  -3.1842054e-03
  -9.6824711e-03  -1.7981557e-02   1.4158085e-01   6.5039113e-03   2.0397219e-03  -3.9768872e-03
