   1.4210855e-14   0.0000000e+00   7.1054274e-15  -1.3877788e-17  -3.4694470e-18   0.0000000e+00
  -5.7226051e-03  -2.4373504e-02   8.5285558e-02   6.6003808e-04  -1.0437938e-04   1.5081315e-04
   3.9277194e-03  -1.1572832e-02   1.3523086e-01   7.0228546e-04  -6.1072039e-04   4.8915150e-04
   4.7983129e-03   1.5418461e-03   9.9248548e-02  -2.3055658e-04  -9.8090355e-04   5.0313415e-04
   1.2256270e-02  -8.0957294e-03   1.2982073e-01   8.2199979e-04  -1.2998545e-03   6.0371502e-04
   1.5449811e-02  -1.0686101e-02   1.3629270e-01   4.2889818e-04  -1.8486885e-03   9.8666233e-04
   2.4399258e-02   2.7221031e-02   1.5767926e-01  -2.7874717e-04  -1.7039099e-03   1.1793976e-03
   3.9757360e-02  -5.8515600e-02   1.8622255e-01   6.1577408e-04  -1.9056844e-03   1.6385656e-03
   3.5419558e-02   1.2820476e-01   2.4395091e-01  -1.9470196e-04  -1.9030670e-03   1.3696358e-03
   5.5527116e-02   1.2568265e-02   1.6611097e-01   8.9342460e-04  -1.8386957e-03   1.4815345e-03
   4.4853411e-02  -1.9348401e-03   2.2473179e-01   9.6431690e-04  -2.1909910e-03   1.6264362e-03
   5.6597532e-02   4.2216332e-02   1.8070664e-01   4.2278178e-04  -2.3638015e-03   1.5620775e-03
   5.6829881e-02   1.4457569e-02   1.9937594e-01   3.7193273e-04  -2.7205919e-03   1.7792147e-03
   5.9546023e-02   4.7899939e-02   1.7990235e-01   3.1411962e-04  -2.8170760e-03   1.5856201e-03
   7.2963874e-02  -2.8020632e-02   2.2931912e-01   5.6203059e-04  -3.0139123e-03   1.7131846e-03
   8.1174465e-02   9.4070577e-03   2.2645007e-01   3.4532945e-04  -3.0022530e-03   1.5807170e-03
   6.5596511e-02  -1.2481494e-02   1.6037856e-01  -4.6982233e-05  -2.7368568e-03   1.6118114e-03
   5.0163924e-02  -1.0115800e-02   1.6558800e-01  -4.1635533e-04  -2.7422000e-03   1.7450690e-03
   4.9198257e-02   1.4504981e-02   2.2348908e-01   1.0099473e-04  -3.0718068e-03   1.7901629e-03
   5.1318326e-02   3.3013479e-03   2.0777034e-01  -9.2949158e-05  -2.6161844e-03   1.7193023e-03
   3.1939206e-02  -2.3857837e-02   2.4933313e-01   3.1285412e-05  -2.5496667e-03   1.8004679e-03
   1.7718599e-02  -3.1944219e-02   2.8607080e-01   3.3511685e-04  -2.3379670e-03   1.9915292e-03
   3.3825738e-02  -2.1136826e-02   2.9662337e-01   3.4661675e-04  -2.4949223e-03   1.7820423e-03
   3.3094845e-02  -1.5242589e-02   2.6586261e-01  -1.6108951e-05  -2.6019721e-03   1.8020523e-03
   3.1251373e-02  -4.6239417e-02   2.7224785e-01  -2.3648211e-04  -2.4155779e-03   1.8105492e-03
   2.5003717e-02  -2.2737994e-02   3.0387309e-01   1.5874115e-05  -2.3720531e-03   1.7867586e-03
   3.1167518e-02   1.9063541e-03   2.7735082e-01  -4.9330861e-05  -2.5264931e-03   1.5242687e-03
   1.3444235e-02  -3.9407449e-02   2.0662437e-01  -4.1565949e-04  -2.1546913e-03   1.6627815e-03
   1.3545422e-02  -2.0537770e-03   2.6612285e-01   4.4757317e-05  -2.1368741e-03   1.5608982e-03
   1.8823276e-02   3.6132436e-02   2.2586632e-01  -4.0860466e-04  -2.4354092e-03   1.5297971e-03
   2.4269659e-02  -1.1339004e-02   2.5233410e-01  -1.8714375e-04  -2.2037626e-03   1.6327565e-03
   2.9998184e-02  -5.3710028e-03   2.7488216e-01  -2.6057111e-04  -2.3496847e-03   1.6650011e-03
   2.3139356e-02  -1.1945043e-02   2.6767646e-01  -3.5438652e-04  -2.3137415e-03   1.7643052e-03
   1.7684581e-02  -4.8604661e-03   3.1012372e-01   2.4868557e-04  -2.2813047e-03   1.5313847e-03
   1.8495515e-02   5.4218640e-02   3.0527986e-01  -1.3591930e-04  -2.3677895e-03   1.4672899e-03
   3.6971736e-02   8.7426768e-04   2.7268739e-01   1.7326944e-04  -2.2915058e-03   1.3169992e-03
   2.6752193e-02   3.6557600e-02   3.1342279e-01  -3.0757008e-04  -2.2059153e-03   1.4527632e-03
   2.5393584e-02   1.9964246e-02   2.7985509e-01  -1.3371666e-04  -2.1843054e-03   1.4359871e-03
   2.9753945e-02   1.0812322e-02   3.1318945e-01  -1.2061252e-04  -2.4049045e-03   1.5531441e-03
   3.1870209e-02   5.0955847e-02   3.0065039e-01  -6.7979967e-05  -2.4073364e-03   1.4938589e-03
   3.0825220e-02  -1.7197500e-02   3.7288253e-01   6.7736348e-04  -2.6460665e-03   1.6266109e-03
   2.0792523e-02   8.5298951e-02   3.3833843e-01  -9.4455060e-05  -2.4165002e-03   1.5650731e-03
   4.7856640e-02  -4.9563485e-02   3.3437186e-01   9.2728771e-04  -2.7978532e-03   1.6435632e-03
   3.0335271e-02   3.8522798e-02   3.4367519e-01  -6.7207866e-05  -2.4879032e-03   1.5887449e-03
   4.9189102e-02   2.1724675e-03   3.6519249e-01   8.1954991e-04  -2.5832933e-03   1.6755719e-03
   3.0509424e-02   3.6885859e-02   3.5132695e-01  -7.2249850e-05  -2.2858838e-03   1.7177616e-03
   4.7694112e-02  -6.5136880e-03   3.8581275e-01   6.7918249e-04  -2.6257495e-03   1.6089899e-03
   2.2111902e-02   7.1155150e-02   3.4805992e-01  -1.7881208e-04  -2.0137658e-03   1.4995111e-03
   6.1190746e-02  -2.0136537e-02   3.4734445e-01   1.4016849e-03  -3.3558303e-03   1.7373075e-03
   8.2700650e-02   3.6957624e-03   4.5190916e-01   7.0281285e-03  -4.0012699e-03   1.9186101e-03
   2.6837096e-02   1.2389553e-01   2.7470268e-01   2.8399271e-03  -2.4557643e-03   1.8295455e-03
   5.8823392e-02   1.5307386e-02   3.3053956e-01   3.4355486e-03  -3.5991738e-03   1.6917072e-03
   3.6897772e-02   6.8878695e-02   2.7843350e-01   9.9821752e-04  -3.4253039e-03   1.5697601e-03
   3.7607963e-02   7.9297188e-02   3.4004155e-01   1.4604520e-03  -3.5934777e-03   1.7300556e-03
   3.5315555e-02   2.0660666e-02   2.9806422e-01   6.0574286e-05  -3.4744307e-03   1.5071558e-03
   3.4287476e-02   2.1942908e-02   3.7004197e-01   7.2006019e-04  -3.6673950e-03   1.6099922e-03
   3.0002054e-02   3.6889715e-02   3.3116270e-01   2.8469819e-04  -3.4875502e-03   1.4625066e-03
   2.9439183e-02   9.9263424e-03   3.6052208e-01   7.3467623e-04  -3.5932358e-03   1.6326494e-03
   3.1874986e-02   5.4452189e-02   3.9013536e-01   8.6560844e-04  -3.3783569e-03   1.4792174e-03
   3.5852421e-02   3.8813667e-02   3.5612732e-01   1.0013749e-03  -3.5697321e-03   1.4135028e-03
   3.1108320e-02   4.4881975e-02   3.7564348e-01   8.3447990e-04  -3.3963788e-03   1.4906069e-03
   2.9137240e-02   9.1587515e-02   3.7036589e-01   1.0433209e-03  -3.4961093e-03   1.6102703e-03
   3.3124504e-02   2.8531426e-02   3.7557566e-01   8.7114654e-04  -3.6420161e-03   1.6316623e-03
   3.8761785e-02   1.7905777e-02   4.2128273e-01   1.2349456e-03  -3.4780336e-03   1.5611962e-03
   2.9278076e-02   3.3995540e-02   3.9223283e-01   1.1178988e-03  -3.4187762e-03   1.6125766e-03
   3.3769372e-02   1.8801279e-02   4.1273228e-01   1.1733810e-03  -3.3843072e-03   1.7327264e-03
   3.1404612e-02   2.7295158e-02   4.1188095e-01   1.3151116e-03  -3.4218841e-03   1.6962351e-03
   2.8107265e-02   3.7699336e-02   3.9131113e-01   7.7784739e-04  -3.2408086e-03   1.7036023e-03
   4.2012026e-02   8.9868396e-02   3.9021334e-01   1.1176054e-03  -3.2381746e-03   1.5318482e-03
   4.1463958e-02   8.6759730e-05   4.0982399e-01   1.4093481e-03  -3.6126115e-03   1.7881367e-03
   3.0469337e-02   4.9206619e-02   4.7058149e-01   1.6077273e-03  -3.3702220e-03   1.5975890e-03
   2.8649750e-02   1.0414969e-02   4.1564309e-01   1.3343665e-03  -3.5780620e-03   1.6966490e-03
   3.0695085e-02   6.3814073e-02   4.2931232e-01   1.1679209e-03  -3.5167082e-03   1.4866006e-03
   3.3390689e-02   1.0492696e-01   3.8798986e-01   7.1431358e-04  -3.8948549e-03   1.7600789e-03
   1.0985339e-01   2.7865666e-02   3.6864318e-01   1.1112094e-03  -3.2532030e-03   1.4321033e-03
   1.3504434e-02   6.7933777e-02   4.2713233e-01   5.7210664e-03  -3.8723155e-03   2.4156971e-03
   3.3631985e-02   6.9569707e-02   4.1587338e-01   7.0697690e-03  -5.6976128e-03   2.4779499e-03
  -4.6751377e-03   1.3967837e-01   4.0527450e-01   5.2224777e-03  -3.9982728e-03   1.7535217e-03
  -3.1881831e-04   6.0009347e-02   4.3746273e-01   4.1035396e-03  -4.0200577e-03   2.1151218e-03
   2.5314326e-03   7.7557594e-02   4.8077828e-01   4.4793634e-03  -4.1140963e-03   2.0259109e-03
   2.2918846e-03   4.6101352e-02   5.0924191e-01   4.2040983e-03  -3.8064660e-03   2.0342752e-03
   9.4483025e-03   1.2489959e-01   4.8240867e-01   4.1129259e-03  -3.7750744e-03   1.7568641e-03
   5.0578173e-03   7.1924341e-02   5.0281227e-01   3.7674357e-03  -3.5759996e-03   1.9403762e-03
   1.5446838e-02   1.1866711e-01   5.0750944e-01   3.9843249e-03  -3.7353125e-03   1.8214047e-03
   1.9036574e-02   3.6619372e-02   3.9790086e-01   4.0839534e-03  -3.7024376e-03   2.2354408e-03
   2.7756112e-02   1.4682003e-01   4.7439959e-01   3.2516276e-03  -3.8613218e-03   1.9765207e-03
   2.3470863e-02   7.6139379e-02   5.0729334e-01   3.7166365e-03  -3.2276875e-03   1.7095582e-03
   1.8328404e-02   1.1466146e-01   5.6534280e-01   3.7469684e-03  -3.4679250e-03   1.8678736e-03
   1.7526036e-02   4.0691045e-02   5.4598357e-01   3.5431866e-03  -3.4192169e-03   1.9329480e-03
   1.9295717e-02   9.9330640e-02   5.9375913e-01   3.8039200e-03  -3.5552063e-03   1.8328405e-03
  -8.7650542e-03   7.7873084e-02   5.4074280e-01   3.5555075e-03  -3.3465838e-03   1.9150162e-03
  -1.5135134e-02   9.0993058e-02   6.0583312e-01   3.6346445e-03  -3.0962762e-03   2.0899813e-03
  -1.5783550e-02   8.6275867e-02   6.0366005e-01   3.8649180e-03  -3.0769189e-03   1.9071164e-03
  -1.1134226e-02   9.7880436e-02   5.8578682e-01   3.5239762e-03  -3.3652143e-03   1.8844979e-03
  -1.0948688e-02   6.1761493e-02   5.9352126e-01   3.2626315e-03  -3.3115406e-03   1.9082864e-03
  -2.1485400e-02   1.0979120e-01   6.3637573e-01   3.6972778e-03  -3.0776667e-03   1.8763592e-03
  -2.2704587e-02   1.1623145e-01   6.1378570e-01   3.9819407e-03  -3.2074195e-03   1.7964827e-03
  -3.4358130e-02   8.5346572e-02   6.3167385e-01   4.1472311e-03  -3.0228609e-03   1.7232568e-03
  -4.5086487e-02   5.9190684e-02   6.6147264e-01   4.3933679e-03  -2.6686038e-03   1.6189000e-03
  -4.5546138e-02   1.2990331e-01   6.4319657e-01   3.7905540e-03  -2.2136198e-03   1.3832827e-03
  -6.6489357e-02   1.1143676e-01   5.3768703e-01   3.3819861e-03  -1.1706679e-03   1.1892682e-03
  -5.6042259e-02   1.2438416e-01   5.7648754e-01   4.0962484e-03  -1.1657957e-03   9.5373108e-04
  -5.6622003e-02   1.0447232e-01   5.6957100e-01   3.9318773e-03  -1.1873725e-03   1.0567743e-03
  -4.6717593e-02   1.2892541e-01   5.9888565e-01   3.8902022e-03  -1.2994426e-03   1.3270466e-03
  -5.4280021e-02   1.0260254e-01   5.9696245e-01   4.5460533e-03  -8.3550054e-04   1.3006268e-03
  -2.5840555e-02   6.2793307e-02   5.3204999e-01   6.0843330e-03  -9.3385691e-04   1.2325911e-03
  -2.1903965e-02   2.0828681e-01   5.8755945e-01   6.2737462e-03  -8.8001377e-04   9.3484126e-04
  -3.5186294e-02   1.1400331e-01   5.9758543e-01   6.3321327e-03  -6.8530236e-04   1.4001763e-03
  -2.2597149e-02   2.4778681e-01   6.2368153e-01   5.7237013e-03  -9.7365184e-04   1.3259060e-03
  -2.4771645e-02   1.0535733e-01   6.0134686e-01   6.1445261e-03  -8.3390256e-04   1.4908584e-03
  -1.6223403e-02   1.5648071e-01   6.5589485e-01   5.6841833e-03  -9.4135665e-04   1.7036075e-03
  -2.3523717e-03   1.8275524e-01   6.7599297e-01   6.2561639e-03  -9.5833802e-04   1.6227210e-03
  -4.0544959e-03   1.3315604e-01   6.7036851e-01   5.8671637e-03  -1.0259371e-03   1.6935813e-03
   5.1560372e-03   1.3811520e-01   7.0731909e-01   5.9235434e-03  -1.1670829e-03   1.5009452e-03
  -6.8843571e-03   1.3596297e-01   6.8303759e-01   5.6819300e-03  -1.1300920e-03   1.5450488e-03
  -1.0968728e-02   1.2002700e-01   6.8380302e-01   5.6140513e-03  -1.0930436e-03   1.4196450e-03
  -1.5654533e-02   1.3786140e-01   6.9331066e-01   5.6519932e-03  -9.8032436e-04   1.4646523e-03
  -2.1669287e-02   1.8354644e-01   6.6131938e-01   5.2009962e-03  -8.8161133e-04   1.4958576e-03
  -1.9226189e-02   1.3628819e-01   6.8647620e-01   5.5319144e-03  -1.0853577e-03   1.4890422e-03
  -2.6934754e-02   1.6262136e-01   7.2580681e-01   6.0338739e-03  -8.3453232e-04   1.5579620e-03
  -2.3265408e-02   1.3684148e-01   7.0072177e-01   5.9441205e-03  -9.1651370e-04   1.4839823e-03
  -1.9446493e-02   1.5512939e-01   7.7778126e-01   6.1164223e-03  -9.9780977e-04   1.5483264e-03
  -1.5038103e-02   1.4570797e-01   7.3886581e-01   6.0762846e-03  -1.1786923e-03   1.4703218e-03
  -1.3492043e-02   1.4244213e-01   7.2588833e-01   5.4304061e-03  -1.2569422e-03   1.4765189e-03
  -2.5647453e-02   1.7291928e-01   7.1279943e-01   6.5124746e-03  -8.6854184e-04   1.3602136e-03
  -2.6130740e-02   2.1985463e-01   7.4429107e-01   6.9267976e-03  -7.1624241e-04   1.4084641e-03
  -4.3741545e-02   1.3268056e-01   6.6271050e-01   4.4167988e-03  -6.6968192e-04   1.7914228e-03
  -3.3714759e-02   1.3042505e-01   6.9248518e-01   4.8494081e-03  -5.0891403e-04   1.5790995e-03
  -1.9503478e-02   1.4107240e-01   7.0747158e-01   5.2852533e-03  -6.6798114e-04   1.6057109e-03
