   0.0000000e+00  -7.1054274e-15   1.7763568e-15   0.0000000e+00   0.0000000e+00   0.0000000e+00
   1.7692961e-02   4.3731384e-02  -7.4901884e-03  -7.3788251e-04  -4.2155201e-04  -4.0100920e-04
   3.3630980e-03   3.8419176e-02   2.8491828e-02  -5.7070177e-04  -3.8715978e-04  -1.1225394e-04
   1.3701417e-02   3.8095226e-03   4.5185088e-02  -1.5612551e-04  -5.1282600e-04  -2.3360198e-04
   5.9813155e-03   1.5762278e-02   6.2499487e-02  -3.6267312e-04  -5.0980319e-04  -6.6154638e-05
   6.1396224e-03   4.7067984e-02   2.3336493e-02  -9.0976868e-04  -7.3371442e-04  -4.8701453e-05
  -2.1280291e-02   3.9662777e-02   6.4978030e-02  -1.1987462e-03  -1.0581401e-04  -1.5482790e-04
  -1.6749122e-02   3.3047542e-02   4.7852460e-02  -1.1327645e-03   6.2555999e-05  -2.0168031e-04
   1.2820866e-03   7.5119300e-02   1.1927391e-02  -1.7914748e-03  -2.6441732e-04  -3.2997951e-04
   3.7305205e-03   5.8592851e-02   3.8340086e-02  -1.7502743e-03  -6.0056685e-04  -2.7960305e-04
   4.0890048e-03   6.6824142e-02   4.1798153e-02  -2.4469652e-03  -1.1484765e-03  -2.8660899e-04
   1.2095016e-02   6.5815651e-02   3.2364740e-02  -3.0556745e-03  -1.3725796e-03  -5.1413094e-04
   3.4458397e-02   8.8740640e-02   2.3536811e-03  -3.5492193e-03  -1.4843472e-03  -8.0853541e-04
   3.4232933e-02   1.0176560e-01  -3.7376171e-03  -4.0076310e-03  -1.5949854e-03  -8.3868102e-04
   2.7221530e-02   9.5957879e-02   4.4540360e-02  -4.1678876e-03  -1.1540810e-03  -1.0142680e-03
   3.1194727e-02   8.6661319e-02   3.2146875e-02  -4.5426003e-03  -1.8310996e-03  -8.8921359e-04
   3.8467448e-02   1.2532628e-01   1.7372113e-02  -5.5781262e-03  -2.2639853e-03  -1.0144499e-03
   4.3921735e-02   1.1574995e-01  -1.2586837e-02  -5.8601054e-03  -2.5431295e-03  -1.1616476e-03
   4.2456473e-02   1.7536855e-01  -4.1846629e-02  -7.1790396e-03  -2.6729137e-03  -1.1743589e-03
   7.1357081e-02   6.8085920e-02  -6.1128238e-02  -5.4143461e-03  -3.1923478e-03  -1.1011186e-03
   9.3001040e-02   1.9260668e-01  -1.2734878e-01  -6.7066764e-03  -3.3622966e-03  -1.5574204e-03
   7.3808502e-02   2.1837980e-01  -1.6391281e-01  -8.9311685e-03  -3.3805863e-03  -1.4040882e-03
   8.3965442e-02   1.9686769e-01  -1.4079938e-01  -8.7936016e-03  -3.2985243e-03  -1.5101663e-03
   7.6120508e-02   2.3224445e-01  -1.6803085e-01  -1.0057424e-02  -3.2174837e-03  -1.5755593e-03
   8.9633893e-02   2.0574469e-01  -1.1745904e-01  -9.6257898e-03  -3.7511935e-03  -1.6706739e-03
   1.1647233e-01   2.5910312e-01  -1.6043229e-01  -1.0413594e-02  -3.8352396e-03  -1.9361377e-03
   1.0433573e-01   2.4037648e-01  -1.5836805e-01  -1.0348659e-02  -3.9177067e-03  -1.3607891e-03
   1.0388862e-01   2.4451129e-01  -1.7497243e-01  -1.0888082e-02  -4.0602214e-03  -9.5784442e-04
   1.1899432e-01   2.2356592e-01  -1.5441538e-01  -1.0683182e-02  -4.1283614e-03  -1.3408905e-03
   1.0626156e-01   2.4924595e-01  -1.2826031e-01  -1.0732534e-02  -3.8431858e-03  -1.3792025e-03
   9.0210074e-02   2.4835493e-01  -1.2140909e-01  -1.1071393e-02  -3.9449051e-03  -9.8845270e-04
   9.2975404e-02   2.1758468e-01  -1.1103541e-01  -1.0891260e-02  -3.8668543e-03  -1.1076624e-03
   7.4729638e-02   2.3724630e-01  -1.3754134e-01  -1.1069375e-02  -3.6096098e-03  -8.3165589e-04
   8.1384860e-02   2.5065366e-01  -1.6355690e-01  -1.1407087e-02  -3.4840165e-03  -8.4521184e-04
   8.7348246e-02   2.2444198e-01  -1.5490710e-01  -1.1598972e-02  -3.3052857e-03  -1.1155751e-03
   9.2271567e-02   2.4110019e-01  -1.3497959e-01  -1.1463611e-02  -3.3278873e-03  -9.0515944e-04
   8.7604375e-02   2.5423370e-01  -1.4479505e-01  -1.1980094e-02  -3.2448316e-03  -9.7831751e-04
   8.9725462e-02   2.6230058e-01  -1.3264823e-01  -1.2165148e-02  -3.3436219e-03  -6.8599989e-04
   1.0754299e-01   2.7544321e-01  -1.2059038e-01  -1.2044086e-02  -3.5178360e-03  -8.3786903e-04
   1.0101453e-01   2.5718379e-01  -1.2359342e-01  -1.2211356e-02  -3.5004877e-03  -7.9883083e-04
   1.1439612e-01   2.6339684e-01  -9.2334149e-02  -1.2262105e-02  -3.6872905e-03  -8.1805241e-04
   1.2451673e-01   2.6288226e-01  -7.5647680e-02  -1.2452113e-02  -4.2305724e-03  -6.8627241e-04
   1.2039800e-01   2.8919547e-01  -1.0932555e-01  -1.3164914e-02  -4.3370207e-03  -7.3117023e-04
   1.1451367e-01   2.9898221e-01  -1.3554641e-01  -1.3385099e-02  -4.4567436e-03  -5.5529727e-04
   1.2162017e-01   2.9412846e-01  -1.1660138e-01  -1.3690600e-02  -4.3539709e-03  -8.5201685e-04
   1.2086513e-01   2.9166292e-01  -1.2410811e-01  -1.3696794e-02  -4.6745582e-03  -5.4076150e-04
   1.2144460e-01   3.1774035e-01  -1.2332488e-01  -1.4403128e-02  -4.7442358e-03  -6.9296481e-04
   1.2976117e-01   3.0677148e-01  -1.3121586e-01  -1.4177298e-02  -4.6185604e-03  -7.1330201e-04
   1.2349804e-01   3.0615156e-01  -8.9242835e-02  -1.4233808e-02  -4.5386010e-03  -7.4848429e-04
   1.2378014e-01   2.9602908e-01  -1.6096704e-01  -1.4385482e-02  -4.7664300e-03  -3.1605004e-04
   1.2529749e-01   2.6781447e-01  -9.8642450e-02  -1.4047645e-02  -4.9953845e-03   5.0651291e-05
   1.5562154e-01   2.9021759e-01  -1.8651924e-01  -1.4110627e-02  -5.2347390e-03  -1.8377098e-04
   1.6658851e-01   2.8038894e-01  -2.4247573e-01  -1.4466807e-02  -5.1430830e-03   5.2815235e-05
   1.5975021e-01   3.2960454e-01  -2.0198574e-01  -1.4478075e-02  -4.8951886e-03  -7.8685987e-05
   1.5100911e-01   3.2312777e-01  -2.3511049e-01  -1.5090818e-02  -4.7517180e-03   8.5649698e-05
   1.3382646e-01   2.8993038e-01  -1.2327305e-01  -1.4764009e-02  -4.7378324e-03   3.6899458e-05
   1.4327029e-01   3.2573893e-01  -1.1548282e-01  -1.4910761e-02  -4.7569270e-03  -2.1188901e-04
   1.2353327e-01   2.8743467e-01  -5.9501679e-02  -1.4243747e-02  -4.6937561e-03  -6.8141749e-05
   1.2881772e-01   2.9508932e-01  -1.0840193e-01  -1.4592312e-02  -4.5841116e-03  -8.0881660e-05
   1.2718156e-01   2.8658052e-01  -9.3783406e-02  -1.4358035e-02  -4.5279969e-03  -2.0735267e-07
   1.3325069e-01   2.9028134e-01  -1.0413801e-01  -1.4517181e-02  -4.4776282e-03   9.2264171e-06
   1.4327844e-01   2.8256296e-01  -8.7202061e-02  -1.4111039e-02  -4.3197391e-03   6.2953378e-05
   1.5179633e-01   2.8952740e-01  -1.0015917e-01  -1.4299356e-02  -4.0419477e-03  -9.0851264e-05
   1.5104413e-01   2.9786555e-01  -9.3133127e-02  -1.4368354e-02  -4.2675805e-03   2.4670460e-05
   1.6281264e-01   3.0714627e-01  -8.2618539e-02  -1.4640945e-02  -4.3075432e-03  -3.7920927e-04
   1.6208722e-01   2.9527703e-01  -4.9991853e-02  -1.4373157e-02  -4.6741746e-03  -1.0487361e-04
   1.7324089e-01   3.2885476e-01  -7.3570321e-02  -1.4837849e-02  -4.2161796e-03  -4.1195709e-04
   1.6910167e-01   2.8625172e-01  -4.3377941e-02  -1.3920849e-02  -4.1999797e-03  -2.2928185e-04
   1.7710562e-01   3.0769277e-01  -9.1106998e-02  -1.4655587e-02  -4.6289956e-03  -3.0688575e-04
   1.7070404e-01   2.9645361e-01  -7.2629305e-02  -1.4242100e-02  -4.4851637e-03  -4.0132544e-04
   1.7836036e-01   3.1013940e-01  -9.3099854e-02  -1.4747710e-02  -4.8357955e-03  -4.5414439e-04
   1.8864916e-01   2.9344518e-01  -6.1978870e-02  -1.4012173e-02  -4.8227145e-03  -4.0421970e-04
   1.8607151e-01   2.7358681e-01  -7.3665187e-02  -1.4569200e-02  -4.5808342e-03  -4.1281126e-04
   1.8345239e-01   2.7481294e-01   3.9718993e-02  -1.2728823e-02  -4.7246758e-03  -1.5763152e-05
   1.9323247e-01   2.2431558e-01   4.3299482e-02  -1.0150684e-02  -4.8557055e-03   9.1636706e-04
   1.8301742e-01   2.0097084e-01  -7.9455576e-02  -1.2852281e-02  -4.8444806e-03   9.2335270e-04
   1.9485458e-01   2.5951813e-01   1.5938202e-02  -1.3050765e-02  -5.1448846e-03   1.2419518e-03
   1.9158541e-01   2.2344764e-01  -4.0845108e-02  -1.3012903e-02  -5.0335062e-03   1.2428861e-03
   1.8817438e-01   2.8789406e-01   1.7232528e-02  -1.3727809e-02  -5.2304616e-03   1.3671243e-03
   1.4937644e-01   1.1495799e-01  -1.0370750e-01  -1.0910032e-02  -3.6205495e-03   9.6796846e-04
   1.4202350e-01   1.9093881e-01  -2.5959716e-02  -1.0681636e-02  -1.9169196e-03   9.7982279e-05
   1.2906662e-01   3.3270781e-01  -4.2621837e-03  -1.3566987e-02  -2.2072287e-03   2.4326700e-04
   1.1717199e-01   2.7794986e-01  -3.8397186e-02  -1.3021457e-02  -1.9446983e-03   3.5117518e-04
   9.9948466e-02   3.0131472e-01  -2.6060715e-02  -1.3824250e-02  -1.9772942e-03   7.0250143e-04
   1.2296060e-01   2.7910582e-01  -3.5879384e-02  -1.3286797e-02  -1.9967908e-03   4.5695541e-04
   1.3108842e-01   2.9096377e-01  -5.3283624e-02  -1.3707544e-02  -2.0334783e-03   3.1458942e-04
   1.2882066e-01   2.9289383e-01  -7.4407711e-02  -1.3658342e-02  -2.0530095e-03   2.7945310e-04
   1.3121606e-01   2.9264750e-01  -3.9460822e-02  -1.3746232e-02  -1.9822102e-03   2.1349507e-04
   1.2670579e-01   2.8894578e-01  -2.9912625e-02  -1.3507724e-02  -1.8298815e-03   2.3320076e-04
   1.3053601e-01   3.1086845e-01  -8.1342107e-03  -1.4041749e-02  -1.7978385e-03   3.4148622e-05
   1.3026725e-01   3.0854307e-01  -9.4961510e-03  -1.3787503e-02  -1.7771752e-03  -1.0733504e-05
   1.3668791e-01   3.4684607e-01  -2.0809602e-02  -1.3778108e-02  -1.8487866e-03  -9.7145143e-05
   1.2402503e-01   3.2886182e-01  -4.5348738e-02  -1.4094644e-02  -2.0331287e-03   3.8054865e-04
   1.2165699e-01   3.1826300e-01  -4.9144363e-02  -1.4364484e-02  -1.6184107e-03   2.8058061e-04
   1.2409988e-01   3.1087647e-01  -6.9718801e-02  -1.4412131e-02  -1.6754678e-03   3.6503764e-04
   1.1837394e-01   3.4042375e-01  -6.5496699e-02  -1.4537141e-02  -1.6284018e-03   2.3532455e-04
   1.2436113e-01   3.3817489e-01  -4.1067263e-02  -1.4231678e-02  -1.4230378e-03   1.5463725e-04
   1.1906241e-01   3.2999124e-01  -1.0225356e-02  -1.4360420e-02  -1.4414645e-03   3.9173684e-04
   1.3172934e-01   3.0046397e-01  -2.2392697e-02  -1.4289303e-02  -1.9104153e-03   5.2284771e-04
   1.3499083e-01   3.2307843e-01  -4.2099682e-02  -1.4190167e-02  -1.9617678e-03   5.4865420e-04
   1.3379131e-01   3.1539122e-01  -3.4305367e-02  -1.4246807e-02  -1.9561368e-03   7.6218177e-04
   1.3047246e-01   3.0916801e-01  -3.0006658e-02  -1.3932526e-02  -1.8297321e-03   9.3244986e-04
   1.1872017e-01   3.2726388e-01  -1.5508929e-02  -1.3783186e-02  -1.9684536e-03   1.1814760e-03
   1.0645642e-01   3.0681417e-01  -1.6285881e-02  -1.4093770e-02  -2.1464934e-03   1.3678207e-03
   8.9602670e-02   2.6123140e-01   7.4612225e-02  -1.2703423e-02  -1.5237225e-03   1.2631097e-03
   9.7083245e-02   2.8551120e-01   8.0846294e-02  -1.2895204e-02  -1.5825844e-03   1.0115930e-03
   1.1445942e-01   3.1603065e-01   1.9111513e-02  -1.3128435e-02  -1.3555305e-03   9.2615601e-04
   1.0432185e-01   2.7186044e-01   5.1751981e-02  -1.2768152e-02  -1.2778935e-03   1.1657169e-03
   1.3234919e-01   2.4067609e-01   5.7374043e-02  -1.2230885e-02  -1.4073209e-03   1.2825883e-03
   1.2418801e-01   3.2374794e-01   1.1148508e-02  -1.3574129e-02  -1.6267873e-03   1.4212592e-03
   1.1350918e-01   3.0569797e-01   1.1814058e-02  -1.3623070e-02  -1.4505330e-03   1.4138974e-03
   1.1372323e-01   3.0983769e-01  -6.9015701e-03  -1.4326854e-02  -1.2593264e-03   1.5711598e-03
   1.1857035e-01   3.1363118e-01   8.3758810e-03  -1.4154231e-02  -1.3358059e-03   1.7452631e-03
   1.1198318e-01   3.2957611e-01  -3.9548970e-03  -1.4398425e-02  -1.4342622e-03   1.9720624e-03
   1.1491611e-01   3.3376385e-01   2.9297046e-03  -1.4136824e-02  -1.3845890e-03   2.0109496e-03
   1.2965428e-01   3.3697236e-01  -2.8809013e-03  -1.4453193e-02  -1.5837987e-03   1.9432562e-03
   1.1810962e-01   3.3621064e-01   2.9394758e-02  -1.4239734e-02  -1.6619457e-03   2.0350171e-03
   1.2075165e-01   3.4210763e-01   2.3953070e-02  -1.4645909e-02  -1.6799021e-03   1.9385563e-03
   1.2041835e-01   3.3898947e-01   2.3728249e-02  -1.4830320e-02  -1.7611879e-03   1.8879801e-03
   1.2084383e-01   3.4564603e-01   3.9724927e-02  -1.4703140e-02  -1.9893221e-03   1.9963651e-03
   1.2641393e-01   3.4336494e-01   4.9273922e-02  -1.4561991e-02  -1.7466645e-03   1.9531158e-03
   1.2303975e-01   3.4208282e-01   2.3602431e-02  -1.5252254e-02  -1.8857994e-03   2.1413898e-03
   1.1716604e-01   3.4681539e-01   3.4538573e-02  -1.4406063e-02  -1.5966026e-03   1.9710547e-03
   1.0987765e-01   3.3594007e-01   3.4032709e-02  -1.3754726e-02  -1.2049286e-03   2.0156566e-03
   8.7585313e-02   3.4253127e-01  -1.4335102e-02  -1.5523138e-02  -1.3497594e-03   2.3946324e-03
   9.8914983e-02   3.4857675e-01   1.6448622e-02  -1.5026964e-02  -1.3286828e-03   2.2942483e-03
   9.6236798e-02   3.5783084e-01   1.4033067e-04  -1.4794073e-02  -1.6985446e-03   2.5803061e-03
   1.0094159e-01   3.6592663e-01   1.4744317e-02  -1.4953815e-02  -1.4620286e-03   2.1250124e-03
   1.0148985e-01   3.5985518e-01   2.3767152e-02  -1.4924176e-02  -1.5374452e-03   2.2267298e-03
