   0.0000000e+00   0.0000000e+00   0.0000000e+00   0.0000000e+00   0.0000000e+00   0.0000000e+00
   1.2758246e-03  -2.5323524e-02   3.0925447e-02  -1.8215736e-04  -1.1348034e-04   1.0832694e-04
  -8.6706132e-05   1.0044702e-01   3.3772587e-02  -5.2508476e-05  -1.8526305e-05   1.0609052e-04
   3.3443909e-03  -3.4034964e-02  -8.3880737e-03  -6.1337354e-04   5.7042462e-05   7.7670849e-05
   1.5959520e-03   8.3324024e-02   1.2688727e-02  -3.7202510e-04  -2.2339872e-05   7.4879432e-05
   7.2575388e-03  -1.7282955e-02   3.2127763e-02   4.8195880e-04   6.1351114e-05  -3.2318886e-05
   1.6538135e-02   9.0843477e-02   7.5654096e-02  -4.0046369e-04   2.9739271e-04  -5.4465678e-05
   1.2185641e-02  -5.6522085e-03   2.9106031e-02  -2.5217864e-04   1.9460246e-04   1.5840191e-04
   5.0832793e-03   4.5576720e-02   5.6422944e-02  -4.1624167e-04   2.2481400e-04   1.8176347e-04
  -1.7697387e-03   6.1900836e-02   4.1427434e-02  -2.6910535e-04   1.9351100e-04   2.7599880e-04
   7.1754990e-03  -3.4254195e-03   6.8875127e-02  -2.6602476e-04   3.9403615e-04   1.9058495e-04
   8.8554936e-03   6.3491684e-02   8.1107931e-02  -1.3878902e-04   3.3581257e-04   1.5468182e-04
   8.8526396e-03   8.5594531e-02   7.4993642e-02   1.2808908e-05   3.4160247e-04   1.0925553e-04
   9.4524022e-03   1.1391426e-02   6.8379263e-02  -1.4299767e-04   2.2191338e-04   9.9818718e-05
   1.0845484e-02   8.4970012e-02   6.2461215e-02  -1.4658101e-04   1.9765793e-04   1.5876843e-04
   9.9117313e-03   5.8179446e-02   4.6522246e-02   2.1235839e-05   1.6213255e-04   1.5903511e-04
   5.8570120e-03   2.8462145e-02   4.6946228e-02  -2.3416326e-04   1.8311478e-04   1.4788510e-04
   8.4846164e-03   9.4098563e-02   6.0277817e-02   3.7995077e-05   1.4711750e-04   2.3061114e-04
   1.4499263e-02   4.4423495e-02   7.4078678e-02  -1.4761212e-04   9.9501901e-05   2.4214790e-04
   9.0491495e-03   8.8908301e-02   5.6983901e-02  -1.1400129e-04  -1.2654993e-04   2.7377634e-04
   5.3375275e-03   2.3224585e-02   4.7058531e-02  -4.6284049e-05  -1.4346215e-04   3.9265229e-04
   4.7591484e-03   7.7772044e-02   4.9531511e-02  -3.4659301e-04  -2.8269647e-04   4.0383826e-04
   1.0291161e-02   8.7235803e-02   3.4733986e-02  -1.3286998e-04  -2.3316945e-04   4.5825305e-04
   1.0396974e-02   7.9199087e-03   3.4184918e-02  -4.3674763e-04  -3.1376658e-04   2.8297487e-04
   2.8340946e-03   1.1546924e-01   6.9606955e-02  -1.5751884e-04  -3.4263131e-04   4.7248234e-04
   7.8264194e-03  -2.3248562e-02   5.8815761e-02  -3.9911537e-04  -3.1775678e-04   2.3999057e-04
   6.4623382e-03   9.4934322e-02   8.6323167e-02  -6.6108375e-04  -2.6525270e-04   3.5360148e-04
   8.4331759e-04  -2.5104680e-02   5.0662222e-02  -7.3384558e-04  -2.4123791e-04   2.6571592e-04
   1.0556326e-02   3.5105987e-02   3.8189672e-02  -2.9133048e-04  -7.1370195e-05  -9.3332442e-07
   4.4540870e-03  -1.4679402e-03   1.9348619e-02  -6.7295694e-04  -1.8951026e-04   3.7964457e-05
  -2.2234828e-04   9.9292052e-02   5.1211527e-02  -4.9120733e-04  -4.0309936e-04  -1.1724489e-04
   7.6573638e-04  -6.3967642e-02   4.0541524e-02  -4.9638634e-04  -3.3907042e-04  -2.4529355e-05
   1.3214018e-03   6.1254143e-02   5.3861951e-02  -6.1113248e-04  -4.6127895e-04   1.8808036e-04
   3.0103298e-03  -1.5969956e-02   3.2060628e-02  -4.2011890e-04  -3.0316986e-04   3.2856826e-04
   1.3670420e-03   4.5543809e-02   5.7081701e-02  -9.7136754e-04  -4.0208384e-04   2.6982153e-04
  -3.5559467e-03   6.6524848e-02   3.1147031e-02  -7.2372914e-04  -4.5767107e-04   3.1967528e-04
  -7.7254986e-04  -7.5804840e-03   2.4244078e-02  -1.0816748e-03  -3.7966298e-04   2.7095083e-04
  -3.2449813e-03   7.3451871e-02   2.7860336e-02  -9.9952128e-04  -5.7023708e-04   3.5977005e-04
  -4.1536069e-03   9.5675053e-03   3.6991692e-02  -9.5100480e-04  -5.8704573e-04   4.2479016e-04
  -5.4692420e-03   3.8999660e-02   3.2002850e-02  -1.2540385e-03  -7.7411262e-04   4.6732312e-04
  -4.7222577e-03   9.6351933e-02   5.4405877e-02  -1.0093106e-03  -7.5956301e-04   5.0818494e-04
  -4.1988750e-03  -1.3388824e-02   4.3409322e-02  -1.2092336e-03  -8.7473814e-04   3.1120478e-04
  -2.5226721e-03   7.3282646e-02   4.8069764e-02  -1.0303668e-03  -8.1579774e-04   4.3364049e-04
  -8.9921854e-04   1.6480219e-03   6.5329927e-02  -1.0982319e-03  -9.0964651e-04   3.4471366e-04
  -6.2742646e-03   8.5380330e-02   8.6607849e-02  -1.1474076e-03  -9.4127086e-04   4.3279607e-04
  -6.2212533e-03   1.9296479e-02   8.9478567e-02  -1.2913886e-03  -9.5877619e-04   5.0861082e-04
  -4.9302474e-03   2.8367844e-02   7.0146572e-02  -1.4938433e-03  -1.0415940e-03   5.8864545e-04
  -9.3525146e-03   5.7692773e-02   7.0670594e-02  -1.4250120e-03  -1.2455612e-03   6.5908267e-04
  -1.2436211e-02  -3.3953790e-03   7.9738531e-02  -1.4059665e-03  -1.2582648e-03   7.6206367e-04
  -1.1554478e-02   5.0546740e-02   8.9763929e-02  -1.6849178e-03  -1.3958367e-03   7.8425908e-04
  -7.2989852e-03   6.3425464e-02   8.6372666e-02  -1.3167051e-03  -1.1717544e-03   7.5406696e-04
  -5.2536169e-03   6.5202070e-04   9.1145368e-02  -1.7368244e-03  -1.3399192e-03   6.7580550e-04
  -8.8848346e-03   7.5130266e-02   9.3517796e-02  -1.7514124e-03  -1.4397040e-03   7.0928082e-04
  -6.5396534e-03  -1.7591142e-02   8.7403061e-02  -1.9284702e-03  -1.4754932e-03   6.6425607e-04
  -9.5242957e-03   8.4428667e-02   8.3660235e-02  -2.0435696e-03  -1.5239438e-03   7.6880115e-04
  -8.4618129e-03  -9.0210605e-04   6.8716906e-02  -1.3122960e-03  -1.3918149e-03   6.6367337e-04
  -7.2076367e-03   6.8081269e-02   6.8104428e-02  -1.1333222e-03  -1.5224617e-03   5.4685038e-04
  -3.7084845e-04   4.9738999e-02   6.6408863e-02  -1.3399260e-03  -1.2972447e-03   4.9339410e-04
  -3.9884799e-03   3.6860864e-02   8.6591020e-02  -1.6093481e-03  -1.3970893e-03   5.0521828e-04
  -1.4140211e-02   8.9589364e-02   7.5694009e-02  -1.2948245e-03  -1.6700193e-03   5.4771291e-04
  -8.8263007e-03   9.3228401e-03   4.8396891e-02  -1.5026842e-03  -1.6962891e-03   4.5552387e-04
  -2.4563143e-03   5.0881349e-02   6.2762668e-02  -1.4435412e-03  -1.3633284e-03   5.2783686e-04
  -8.8972851e-05  -3.1983490e-03   6.9103332e-02  -1.3153746e-03  -1.1742801e-03   4.6823767e-04
   3.5215014e-03   5.7877753e-02   8.0983358e-02  -1.5597113e-03  -1.0445326e-03   3.9443784e-04
   4.3562080e-03   3.8064636e-02   9.2354385e-02  -1.2518212e-03  -8.7920024e-04   3.5986334e-04
   7.6207534e-03   3.9505526e-02   1.2321736e-01  -1.4536580e-03  -8.8816980e-04   2.9556039e-04
   1.1825385e-02   7.9656225e-02   1.1569164e-01  -1.2219791e-03  -8.2762924e-04   3.3246699e-04
   1.1937082e-02  -2.2557619e-03   9.2171117e-02  -1.2534367e-03  -7.5745974e-04   2.7238468e-04
   1.0972275e-02   7.5146243e-02   9.6986053e-02  -1.5277887e-03  -8.9631074e-04   2.9041963e-04
   8.2131521e-03   8.9789584e-02   8.9023403e-02  -1.3531226e-03  -8.5003921e-04   3.7790754e-04
   9.1023518e-03   3.3878845e-02   9.4170056e-02  -1.1897442e-03  -7.2712349e-04   3.2977210e-04
   8.3365265e-03   5.7258239e-02   9.9746093e-02  -1.6233535e-03  -8.7110948e-04   3.3702495e-04
   1.2257288e-02   6.8351444e-02   9.8873906e-02  -1.2430427e-03  -7.5475933e-04   3.8448976e-04
   1.3578994e-02   4.0209596e-04   1.1667231e-01  -1.6094476e-03  -8.2593259e-04   2.8717076e-04
   7.3603762e-03   7.2862515e-02   1.1047662e-01  -1.5858494e-03  -9.1545807e-04   3.7049081e-04
   8.7392920e-03  -2.4294910e-04   1.0150400e-01  -1.4777659e-03  -8.1431237e-04   3.2990907e-04
   6.5946309e-03   4.8417604e-02   8.7757971e-02  -1.8340727e-03  -9.7127877e-04   3.9984919e-04
   1.4534965e-02   5.7932567e-02   9.4727763e-02  -1.8274571e-03  -8.5913149e-04   2.0238889e-04
   2.0121304e-02   6.5041783e-02   1.0071655e-01  -2.0008572e-03  -7.7811058e-04   1.4825390e-04
   1.8786629e-02   3.3403115e-02   9.1883639e-02  -2.3733762e-03  -9.5641249e-04   5.3509049e-05
   1.6941334e-02  -5.3880456e-02   1.0250480e-01  -1.8518703e-03  -8.2491857e-04   7.0731123e-05
   2.0016254e-02   1.0037943e-03   1.1025937e-01  -2.7213839e-03  -7.3111507e-04  -7.0241785e-05
   1.6296791e-02   8.9199395e-02   1.2521591e-01  -9.2979722e-04  -6.1395581e-04   1.2632060e-04
   9.6582316e-03   4.6739263e-02   9.0910385e-02  -1.2343124e-05  -1.0363069e-03   9.4785875e-05
   1.4787484e-02   6.4611300e-02   1.0488383e-01  -2.1885315e-03  -9.9809231e-04  -3.5722331e-04
   6.2423565e-03   6.1994566e-03   8.8890350e-02  -1.6503214e-03  -1.0103748e-03  -2.2037109e-04
   9.9910529e-03   3.1341581e-02   8.1155738e-02  -2.2256834e-03  -1.2161409e-03  -3.7821429e-04
   1.1063342e-02  -1.9237924e-02   6.4084372e-02  -2.2183835e-03  -1.1811878e-03  -3.0366497e-04
   2.3482858e-02   5.2986329e-02   8.2691449e-02  -2.5245578e-03  -9.6884816e-04  -3.2381808e-04
   2.5613995e-02  -2.7894406e-02   3.6488444e-02  -2.5750714e-03  -7.6348037e-04  -1.6998759e-04
   1.8086892e-02   4.6831978e-02   5.6965386e-02  -2.7923590e-03  -8.8096816e-04  -1.1650921e-04
   1.2013305e-02   3.6658585e-02   8.8003708e-02  -2.1102122e-03  -7.4971449e-04   3.1268110e-05
   1.2118963e-02  -2.7162328e-02   1.2146729e-01  -2.2427262e-03  -8.2557432e-04  -9.2714674e-05
   1.1499149e-02   5.9905899e-02   1.2562189e-01  -2.2198773e-03  -9.1964672e-04   1.1252644e-05
   1.4170869e-02  -2.3895492e-02   1.1824166e-01  -2.1356088e-03  -8.1926750e-04  -4.8356815e-05
   9.0230454e-03   2.9965098e-03   1.0550819e-01  -2.3575046e-03  -1.0621827e-03   1.4926204e-05
   9.1761221e-03   4.3531598e-02   1.0301819e-01  -2.1514556e-03  -9.2286838e-04   2.6818818e-05
   1.2263675e-02  -4.7245288e-03   1.0203098e-01  -2.3324067e-03  -9.5873821e-04   7.0708641e-05
   1.0957499e-02   6.2357035e-02   1.0677041e-01  -2.1458211e-03  -9.2944821e-04   7.3807808e-05
   1.8386874e-02   8.0062102e-03   9.8417672e-02  -2.2342213e-03  -8.8000330e-04  -8.8654819e-05
   1.4117347e-02   3.4370760e-02   1.0230354e-01  -2.2925767e-03  -1.0388175e-03  -1.5206643e-04
   1.6359883e-02   1.7466832e-02   8.6407046e-02  -1.8384455e-03  -8.7142794e-04  -1.8816432e-05
   1.7872023e-02  -1.1337432e-02   8.7792978e-02  -2.4827880e-03  -8.8091518e-04  -2.0157385e-04
   1.2551734e-02   9.0745147e-02   1.0213945e-01  -2.1893952e-03  -1.0237294e-03  -5.1295382e-06
   1.6451007e-02  -3.5336627e-02   8.4873276e-02  -2.3106373e-03  -9.0822158e-04  -1.4609713e-04
   1.7790472e-02   7.4672839e-02   1.1652622e-01  -2.2366361e-03  -9.6979173e-04  -1.1052510e-04
   2.2675265e-02   6.2118927e-04   9.0123450e-02  -2.2940817e-03  -8.3695884e-04  -1.4505415e-04
   1.9460418e-02   1.6290829e-03   1.0452639e-01  -2.6016521e-03  -9.8616078e-04  -5.6138822e-05
   1.3262242e-02   6.0087938e-02   1.0804316e-01  -2.2785965e-03  -1.1049142e-03  -1.2894252e-05
   1.8714235e-02   5.1156420e-03   8.6601022e-02  -1.9601833e-03  -9.3382400e-04  -2.1954502e-05
   1.9492469e-02   2.3826484e-02   9.4497384e-02  -2.3152843e-03  -1.0437174e-03  -1.7935535e-04
   2.0665220e-02   5.1900137e-02   8.8830767e-02  -2.1670342e-03  -8.5172402e-04  -2.5598094e-04
   2.4446519e-02  -1.5893238e-02   1.1136988e-01  -2.1006550e-03  -9.3784886e-04  -2.6607958e-04
   2.1705858e-02   7.3424637e-02   1.0293159e-01  -2.0692355e-03  -1.1871427e-03  -2.0656241e-04
   1.8376947e-02   2.6295193e-03   7.5911211e-02  -2.4062801e-03  -1.4936412e-03  -2.3041211e-04
   2.3714586e-02   4.4150979e-03   9.1098361e-02  -2.9693050e-03  -1.2317210e-03  -3.2751366e-04
   2.1024094e-02   2.2929632e-02   5.5564531e-02  -2.8453660e-03  -1.1447267e-03  -2.2621715e-04
   2.5797853e-02   6.1824873e-03   5.3541524e-02  -2.8717376e-03  -7.7597866e-04  -2.3859532e-04
   2.5444932e-02   6.1176116e-02   9.4977562e-02  -2.6475053e-03  -8.6157037e-04  -2.1464789e-04
   2.6516163e-02  -5.7351995e-02   1.0680067e-01  -2.3428260e-03  -6.6314456e-04  -3.6105544e-04
   2.5708008e-02   6.4847483e-02   1.4816219e-01  -2.4991298e-03  -7.6832302e-04  -3.7007236e-04
   2.1933552e-02  -7.7020855e-03   1.1454712e-01  -2.3320751e-03  -7.6177373e-04  -2.8842029e-04
   2.5134196e-02  -6.5257795e-03   1.2776549e-01  -2.5168150e-03  -7.9343845e-04  -3.8899147e-04
   2.7630765e-02   5.3680518e-02   1.3097598e-01  -2.3881151e-03  -8.1917522e-04  -4.5255698e-04
   3.2743260e-02  -1.5847726e-02   1.2296583e-01  -2.4867253e-03  -6.9424422e-04  -5.0407281e-04
   3.4271052e-02   4.2690666e-03   1.1789211e-01  -2.4947940e-03  -6.6597296e-04  -4.7062991e-04
   3.6830923e-02   2.0927360e-02   1.0407323e-01  -2.6174743e-03  -6.1535128e-04  -3.7754396e-04
   3.5722641e-02  -1.7006317e-02   1.1688184e-01  -2.7474160e-03  -6.2491907e-04  -4.4812406e-04
   3.2876194e-02   4.9644302e-02   1.0764702e-01  -2.5364188e-03  -5.5122160e-04  -4.3152836e-04
   3.2251012e-02  -7.6036529e-02   8.2181977e-02  -2.8762688e-03  -4.3122492e-04  -3.3083699e-04
   3.8498977e-02   7.7742635e-02   1.0682787e-01  -2.8605730e-03  -2.8874002e-04  -3.2393684e-04
   4.1725332e-02  -1.9055197e-02   8.8547067e-02  -2.4577099e-03  -1.8403455e-05  -3.6179623e-04
   3.8910460e-02   1.4919510e-02   1.0916784e-01  -2.9667693e-03  -1.3642373e-04  -2.4154905e-04
   3.8178531e-02   6.2885193e-02   1.1151200e-01  -2.6449685e-03  -1.1283681e-04  -1.6552951e-04
   4.5812093e-02  -5.0844348e-03   8.0699426e-02  -2.9000589e-03   1.0964203e-04  -3.0884597e-04
   4.4797797e-02   3.1627509e-02   1.0199075e-01  -2.6725209e-03   2.0158319e-04  -3.1362760e-04
   3.9553096e-02   6.0480936e-02   8.0373913e-02  -2.6396874e-03   1.0414215e-04  -2.3425655e-04
   3.9885743e-02  -3.3890131e-02   6.1413983e-02  -2.8443553e-03   7.2609484e-05  -2.4978246e-04
   4.5123831e-02   7.8379999e-02   9.0834706e-02  -2.6251451e-03  -7.6573492e-05  -2.3141340e-04
   4.0511066e-02  -2.0250053e-02   6.9785379e-02  -2.8387485e-03   3.8982423e-05  -2.8494567e-04
   3.9805115e-02  -1.9395681e-02   8.2392030e-02  -2.8634351e-03   9.3424466e-05  -3.9074896e-04
