   1.4210855e-14   0.0000000e+00   1.4210855e-14   5.5511151e-17  -3.4694470e-18   0.0000000e+00
  -2.0387051e-02   1.8443106e-03  -4.5011162e-02  -1.5051555e-03  -2.4962618e-04   3.3762173e-04
  -1.7442574e-03  -1.5788082e-02   7.9703215e-02   5.9542758e-04  -2.9220325e-04   1.6479722e-04
   3.3579989e-02  -1.0462155e-02   5.0889099e-02   2.5775347e-04  -3.0712194e-05   2.6797781e-05
   6.6351863e-03   2.6041382e-03   4.9458913e-02   1.5470002e-04  -4.8986013e-04   1.2817193e-04
   2.6641977e-02  -3.9471227e-02   6.4341156e-02   1.0136137e-04  -4.3418488e-04   1.7063439e-04
   1.8669770e-02  -5.1453316e-02  -5.1038826e-02  -1.5279135e-03  -6.2160992e-04   1.6533913e-04
   1.6979624e-02  -5.0644349e-02   3.3008681e-02  -1.3230160e-03  -1.8254619e-04  -2.3790221e-04
   5.1071154e-03  -1.9069702e-02  -3.5055827e-02  -5.8126742e-04   1.7876760e-04   1.0399371e-04
  -5.5778135e-03  -6.2209406e-03  -8.0412597e-02  -1.2324793e-03  -5.8393757e-05   4.5324308e-04
   1.9305228e-02  -6.4849982e-03   3.7465478e-02  -4.3305946e-05   6.9495245e-05   5.8267296e-04
   1.0588453e-02   8.3195739e-03  -8.9777300e-03  -3.9153977e-04  -8.8857300e-05   3.6852351e-04
   9.3926489e-03   1.5353858e-02   2.9937419e-02   9.6475554e-05  -1.5413729e-04   2.9093016e-04
   1.2222580e-02  -1.3256066e-03   9.3318972e-02   6.2737974e-04  -2.2052472e-04   2.5519448e-04
  -2.9701208e-02   1.0956918e-02   4.6266636e-02   7.7955213e-04  -4.4962382e-04   1.4093759e-04
  -2.3708228e-02   3.8468323e-02   5.9726745e-02   6.2853008e-04  -3.4470025e-04  -3.3938464e-05
   1.1489139e-03   7.9944875e-04   1.1967312e-01   8.8971323e-04  -2.5540317e-04   3.3937901e-05
  -2.8230741e-02  -1.4518979e-02   5.1601036e-02   3.6431454e-04  -6.3891954e-04   7.9871184e-06
   6.6479406e-04   3.0010838e-02   9.1437570e-02   9.2091474e-04  -4.2133056e-04  -7.3068541e-05
   1.0720884e-02  -1.2366482e-02   9.7900804e-02   3.8716616e-04  -9.3420185e-04  -3.2879218e-04
  -2.7841044e-03   1.4660010e-02   3.5283520e-02  -1.1218103e-04  -8.4274139e-04  -1.7334303e-05
  -1.2395321e-02   9.5588028e-03   9.2746270e-02   6.3248811e-04  -1.0257602e-03   1.3749928e-04
  -2.5583551e-02   5.2440832e-03   8.1304151e-02   7.4790005e-04  -1.2517291e-03   1.8844777e-05
  -2.2568730e-02   6.5724775e-03   2.8891602e-02   1.6818408e-04  -1.4797885e-03   2.7169200e-04
   7.6740050e-03  -5.7349794e-03   6.4398545e-02   2.7305898e-04  -1.0267134e-03   2.4896694e-04
   1.8985263e-02   1.5558229e-02   9.8130693e-02   1.2719915e-03  -9.1383236e-04   6.9202959e-05
  -1.1481011e-02   3.0094311e-02  -9.1774925e-03  -3.6825007e-04  -9.0393406e-04   4.5342965e-04
  -1.5116375e-02   3.5828994e-02   7.5390362e-02   1.0106436e-03  -9.5967249e-04   2.7310523e-04
   2.8231707e-03   3.4096030e-03   6.9247021e-02   4.0865662e-04  -1.0521946e-03   8.9353887e-05
   1.0119612e-02   2.9366596e-03   5.5150377e-02   4.1739541e-04  -9.6687096e-04   1.1303225e-04
   3.5942161e-03  -4.6256864e-02   1.0234678e-01   3.8693067e-04  -7.6862243e-04   1.0610309e-04
   9.5473037e-03  -1.9437258e-02   5.1172055e-02   6.2373414e-04  -8.8726867e-04   1.4723634e-05
   6.2958371e-03   1.8805722e-02   4.1072926e-02   3.7138246e-04  -9.0694077e-04  -8.8985001e-05
   1.2665061e-02   2.2321291e-02   1.5087000e-01   1.2222116e-03  -6.2641784e-04  -5.5754464e-04
  -3.5276043e-03   3.4611332e-02   9.0872226e-02   6.0192886e-04  -6.4711236e-04  -3.3654325e-04
  -2.3337091e-02   1.2683326e-02   1.1485775e-01   8.5708733e-04  -1.0217471e-03  -7.7282431e-04
  -7.7359204e-04   1.5607551e-03   1.2938352e-01   5.7114025e-04  -1.0226714e-03  -8.2103175e-04
   1.1527612e-02  -8.5417925e-03   3.5128110e-02  -6.6613107e-04  -1.0047289e-03  -1.7099795e-04
   1.6578558e-02  -3.0645747e-03   2.5904422e-02  -3.6695502e-05  -1.0718583e-03  -6.8663812e-05
   7.0689682e-03   2.3734569e-02   1.0529567e-01   8.1304564e-04  -1.1788600e-03  -2.4071855e-04
  -4.8721269e-02   2.6528392e-02   6.3737295e-02   7.0318078e-04  -1.3886312e-03  -3.1984014e-04
  -2.1277120e-02   1.1376140e-02   8.4965351e-02   1.0479472e-04  -7.5412654e-04  -3.1778027e-04
   2.2104777e-03   2.9685329e-03   1.1806306e-01   1.1480938e-04  -7.3340518e-04  -1.4224211e-04
   1.0261371e-02  -3.0147559e-03   9.1924100e-02   3.3244410e-04  -8.4824083e-04  -8.0853739e-05
  -1.5096284e-02   2.7074066e-02   2.6164144e-02   8.0209730e-05  -7.8056955e-04   1.1163009e-04
  -1.0669202e-02   8.4707897e-03   1.0011503e-01   1.3685053e-03  -6.9460396e-04  -5.3922858e-04
  -1.2676848e-03   9.7933048e-03   1.2518430e-01   4.2746693e-04  -8.0264868e-04  -6.9455071e-04
   7.2325682e-03   1.6065096e-02   8.1487430e-02  -2.2665112e-04  -6.4016038e-04  -2.1425388e-04
   1.5306345e-02  -3.5606672e-02   5.5721804e-02  -1.1488011e-04  -7.7782220e-04  -1.4187652e-04
   7.6405143e-03   7.6636190e-03   8.2459454e-02   4.0646809e-04  -8.7269647e-04  -1.7010606e-04
  -1.3225774e-02   4.9579772e-02   5.8942040e-02   5.8895947e-04  -8.9569477e-04  -2.9656194e-06
  -5.2446511e-03   9.2703888e-03   8.6989146e-02   1.1450123e-03  -9.2578997e-04  -1.5828545e-04
  -1.4793056e-02   2.8065576e-02   5.1128698e-02   2.1356642e-04  -1.0560298e-03  -3.1841190e-04
  -2.7161760e-02   2.5696120e-02   2.4475925e-02   5.1418674e-05  -1.0480903e-03   1.5655507e-06
   2.7906581e-03  -1.7478602e-02   6.3528566e-02   2.6327512e-04  -9.6747714e-04  -4.2804261e-04
   1.9736896e-02   1.8776606e-02   9.8615767e-02   9.2551459e-04  -7.6848228e-04  -5.0935494e-04
  -6.4089162e-03   2.0331249e-02   3.2201300e-02   1.6177311e-04  -8.4811046e-04  -4.9490956e-04
  -1.5688965e-02   2.3914473e-02   4.8295981e-02   8.0900031e-04  -6.6387104e-04  -4.3184921e-04
  -3.4850121e-05   3.8634201e-02   1.2418104e-01   1.0232994e-03  -7.6564416e-04  -3.0928618e-04
  -2.2973505e-03   4.7632237e-03   1.0687760e-01   5.5985663e-04  -7.0069386e-04   2.8805010e-04
   1.3253905e-02   1.0388089e-02   1.3186699e-01   4.8165491e-04  -3.2529603e-04   1.2674236e-04
   3.8574952e-02   2.5914257e-02   1.7727899e-01   1.4790734e-03  -4.8001400e-04  -3.8662766e-04
  -1.6775494e-04   8.4383692e-03   6.0343116e-02   1.2790389e-04  -7.1409064e-04  -1.1405617e-04
  -2.5431531e-02   7.9424962e-03   9.7637349e-02   7.4089771e-04  -4.9562546e-04  -2.2700094e-04
  -1.9272910e-02   2.8349752e-02   1.3816218e-01   8.9515704e-04  -7.6208181e-04  -8.8164201e-05
   2.2822902e-03   3.2018011e-02   8.5938742e-02   1.0890009e-03  -1.5168589e-04  -6.4710087e-04
  -2.1146328e-02   1.9864365e-03   1.2986361e-01   1.0812241e-03  -2.6053629e-04  -6.0615099e-04
  -7.7273683e-03   8.3727313e-03   9.6024371e-02   9.4324890e-04  -4.5202666e-04  -6.4800698e-04
   9.3588058e-04   3.8333678e-02   1.1626284e-01   4.3879139e-04  -4.5092524e-04  -6.0772998e-04
   1.2958819e-02  -1.1231357e-03   1.2321078e-01   4.6208762e-04  -3.8785416e-04  -2.5118519e-04
   2.8780024e-02   8.5896923e-03   9.7048367e-02   7.5323144e-04  -4.6020694e-04  -4.7523651e-04
  -1.0734867e-02   3.1887143e-02   1.0180329e-02   1.4695080e-06  -6.4214113e-04  -5.0163444e-05
   2.0186163e-03   5.5469210e-02   1.5277795e-01   1.5539136e-03  -5.3463826e-04  -5.8254041e-04
  -3.7794921e-02   3.2458875e-02   1.2676057e-01   6.7328761e-04  -6.9868287e-04  -1.7512835e-04
  -1.8261122e-02   5.0133151e-02   1.4424595e-01   9.2515242e-04  -2.5913277e-04  -3.1754000e-04
  -3.3343204e-02   2.4707119e-02   1.8328047e-01   1.8009056e-03  -1.7993870e-04  -2.5230904e-04
  -3.2688235e-02   4.3640734e-02   2.2708428e-01   7.6042566e-04  -1.9403952e-04   2.8953143e-05
   6.0736654e-03   4.3590121e-02   1.0801770e-01   6.8289094e-04  -4.1346188e-04  -1.9856087e-04
   5.2610565e-03   1.4261455e-02   1.2038882e-01   1.0126026e-03  -6.4938811e-04  -5.0130326e-05
  -1.3992383e-02   5.5823141e-02   4.9424087e-02   5.7407689e-04  -5.8917940e-04  -3.7893120e-05
  -3.5412395e-03   8.3595696e-02   1.0601523e-01   1.0613136e-03  -3.4396544e-04  -1.5285157e-04
  -9.3341088e-03   3.0893808e-02   1.7488864e-01   1.7732436e-03  -5.6544339e-04  -5.6562206e-04
   8.9640059e-03   1.5979775e-02   2.1855645e-01   8.2911468e-04  -4.1683383e-04  -5.6797812e-04
  -2.0575476e-03   2.8382295e-02   1.1781984e-01   7.5419196e-04  -3.2972316e-04  -3.6112708e-04
  -1.3671412e-02   5.6466254e-03   1.4456265e-01   1.2810154e-03  -6.8586164e-04  -1.3735400e-04
   1.5690301e-03   3.4978205e-02   1.9283242e-01   1.1761725e-03  -6.6955581e-04  -9.6155199e-04
  -2.6440750e-03   3.2506668e-02   1.5449090e-01   1.0524354e-03  -7.8225909e-04  -8.7022025e-04
   2.3932058e-02   7.2946190e-03   2.0223678e-01   1.0886092e-03  -5.8905410e-04  -5.4395940e-04
   6.8946349e-03   1.2339512e-02   1.7087660e-01   1.0471821e-03  -6.8643042e-04  -4.4823226e-04
  -1.2708907e-02   3.0089778e-02   9.9899362e-02   4.8492933e-04  -8.5028104e-04  -4.3240287e-04
  -2.1366571e-02   3.8812639e-02   1.6795594e-01   1.3394943e-03  -6.1973611e-04  -4.1942759e-04
  -5.6427962e-02   1.1667806e-02   2.1780427e-01   5.6615044e-04  -1.2120086e-03   6.3648934e-04
  -2.2119829e-02   2.3931429e-02   1.3537697e-01   7.2679657e-04  -7.1924317e-04  -2.7308422e-04
  -2.1762812e-02   2.5062227e-02   1.3785848e-01   1.1123151e-03  -9.3352959e-04  -8.2384777e-04
   9.4484563e-03   3.6318678e-02   1.9060537e-01   7.5899244e-04  -7.1915848e-04  -7.3125137e-04
  -2.4466465e-02   4.0518891e-02   1.1206722e-01   9.3016946e-04  -8.7498715e-04  -5.6683593e-04
  -4.1995612e-02   5.7912344e-02   1.6906363e-01   5.9463348e-04  -9.7766958e-04  -3.7555954e-04
  -5.1135914e-02   1.9851254e-02   2.3965861e-01   1.7142356e-03  -6.7630668e-04  -4.6512205e-04
  -1.1813252e-02   9.1337877e-03   1.5826995e-01  -3.8620215e-05  -7.4125876e-04  -3.4941527e-04
  -5.5116621e-03   1.7218047e-02   1.9129541e-01   8.2232663e-04  -7.8101756e-04  -3.8097150e-04
  -1.3987737e-02   5.4898785e-04   1.8720637e-01   1.4136377e-03  -8.7140916e-04  -1.6857296e-04
  -3.8486141e-02   6.4849294e-02   6.1654884e-02   4.7975007e-04  -8.7745571e-04  -3.2370998e-04
   4.0703670e-03   8.2397152e-02   1.5190594e-01   9.7110376e-04  -8.5818154e-04  -9.5500013e-04
   5.5287748e-03   3.2912390e-02   2.5877201e-01   1.9843779e-03  -6.3620514e-04  -1.2312537e-03
   7.6199948e-03   2.5662961e-02   1.8267379e-01   4.0576577e-04  -4.9352695e-04  -4.3447383e-04
  -1.2318492e-02   2.9556568e-02   2.0768000e-01   2.8279200e-04  -8.5118854e-04  -1.3338583e-04
  -1.1887231e-02   1.6433259e-02   2.2217350e-01   1.3798051e-03  -1.1185432e-03  -2.4902988e-04
  -6.4410589e-02   4.7365297e-02   2.0678024e-01   1.5213943e-03  -7.5093647e-04  -7.6760955e-04
  -3.5271521e-02   5.1235703e-02   1.1965577e-01   4.4227874e-05  -6.2051398e-04  -4.3293560e-04
   1.2849162e-02   1.6224729e-02   2.0271419e-01   9.6815073e-04  -8.7585820e-04  -4.9406538e-04
   6.7363591e-04   7.8210939e-03   1.8293693e-01   1.0646092e-03  -7.8409370e-04  -5.4368009e-04
   2.3895421e-02   4.6067714e-02   2.2405557e-01   1.3816897e-03  -7.5229268e-04  -1.4235580e-03
  -6.3865551e-03   8.3122681e-03   2.2625571e-01   1.3287150e-03  -6.1973213e-04  -1.3201319e-03
  -1.2689651e-02   1.4861539e-02   1.7714917e-01   1.3730696e-04  -8.1600661e-04  -3.4133790e-04
   1.2762561e-02   2.4652090e-02   2.1732985e-01   1.5427357e-03  -8.4542801e-04  -8.5722093e-04
  -1.3864768e-02   3.0977230e-02   2.4959790e-01   1.3540163e-03  -1.1964853e-03  -7.1266264e-04
  -4.1510257e-02   4.9332061e-02   1.6079418e-01   8.4493432e-04  -9.3298603e-04  -7.0190079e-04
  -4.6583489e-02   4.7689084e-02   2.1109781e-01   1.2244887e-03  -6.7020074e-04  -5.0106345e-04
  -1.0347359e-02   1.7949730e-02   1.9889658e-01   1.8540985e-04  -7.5316023e-04  -6.5769881e-04
   1.7812161e-03  -5.7620150e-03   1.1634899e-01  -5.4282853e-04  -1.0266602e-03  -3.2213350e-04
  -1.9727164e-02   2.3698661e-02   1.2175589e-01   9.8904011e-05  -1.1361751e-03  -2.0012636e-04
  -3.2791706e-02   3.6494821e-02   2.2116417e-01   1.2465968e-03  -1.2847055e-03  -2.5135883e-04
  -6.0994163e-02   5.3431425e-02   2.2204980e-01   9.9808275e-04  -9.5298002e-04  -2.2513763e-04
  -4.8667567e-02   3.0903013e-02   3.0450961e-01   1.6783411e-03  -1.1058737e-03  -1.2641510e-04
  -1.2794457e-02   4.3409517e-02   2.6710491e-01   1.8164723e-03  -4.5293942e-04  -8.4498152e-04
  -4.9371379e-02   8.0490318e-02   2.3417008e-01   4.4421006e-04  -5.5894522e-04  -8.0116053e-04
  -2.9189131e-02  -4.9379715e-02   1.4557133e-01   1.4265744e-03  -1.0594337e-03  -9.0659286e-04
  -4.1222182e-02   6.8093312e-02   1.4749255e-01   5.0487628e-04  -6.9370750e-04  -1.0109107e-03
  -2.5165496e-02   3.5487804e-02   2.4945474e-01   1.7944045e-03  -7.5117446e-04  -1.3644368e-03
