   0.0000000e+00   0.0000000e+00   0.0000000e+00   0.0000000e+00   0.0000000e+00   0.0000000e+00
  -1.2263642e-02  -5.0434963e-02   2.1962476e-02  -2.7281037e-05   1.3762372e-04   3.9650218e-05
   4.0262156e-02   1.9935680e-01   2.4242696e-01  -2.2740586e-04  -2.3417170e-03  -6.1949432e-04
   1.0342283e-01   2.3352013e-02   3.0013782e-01   7.6920670e-04  -2.9049441e-03  -1.2970596e-03
   1.1864826e-01  -8.9045566e-02   2.0169705e-01   8.9137742e-04  -1.5972475e-03  -1.8871085e-03
   1.0314808e-01  -1.2269486e-02   1.8473127e-01   8.0707241e-04  -1.4744154e-03  -1.9884882e-03
   1.8223383e-01   6.2456570e-02   1.2082322e-01  -1.5758953e-05   2.3464997e-04  -1.2958879e-03
   2.1848115e-01  -2.1133768e-02   1.5787389e-01  -5.5886316e-04   2.4236368e-03  -1.2957316e-03
   2.5077054e-01  -1.3520176e-01   1.8175463e-01   2.7156854e-04   3.4718223e-03  -1.1858392e-03
   2.6276500e-01  -1.5211496e-01   1.9044695e-01   1.3918782e-04   3.6677567e-03  -3.4806756e-04
   2.4551718e-01  -1.8212789e-01   2.4654653e-01   7.0922093e-04   3.4130034e-03  -4.1981336e-04
   2.5872461e-01  -2.1258650e-01   2.4908898e-01   7.2289352e-04   3.5672649e-03  -7.6396283e-04
   2.4454612e-01  -2.1441707e-01   2.3795034e-01   3.9545926e-04   3.8423613e-03  -5.6595782e-04
   2.5627743e-01  -2.3527822e-01   2.3766132e-01   4.2443567e-04   4.1508487e-03  -7.7504987e-04
   2.3864293e-01  -2.2394991e-01   2.2344593e-01   1.6621713e-04   3.6109407e-03  -4.4993536e-04
   2.5119373e-01  -2.4420038e-01   2.2623182e-01   2.0430987e-04   2.8697701e-03  -6.8465957e-04
   2.7044425e-01  -2.3401047e-01   2.5656495e-01   2.1741206e-04   2.5625773e-03  -9.5879554e-04
   2.5584879e-01  -2.3927342e-01   3.0795822e-01   2.8959989e-04   2.8031016e-03  -5.8918393e-04
   2.5601240e-01  -2.3060150e-01   3.2297352e-01   3.1317084e-04   2.7669942e-03  -7.6424538e-04
   2.9224014e-01  -2.3863964e-01   2.8561046e-01   1.2544257e-04   3.0032493e-03  -1.0757104e-03
   2.7219816e-01  -2.8372594e-01   2.7946531e-01   2.8781006e-04   3.5618076e-03  -6.6146278e-04
   2.6860432e-01  -2.7254098e-01   2.8617138e-01   1.4297849e-04   3.3668450e-03  -3.9322903e-04
   2.8463510e-01  -2.4194906e-01   2.9590782e-01   2.7197817e-04   3.3728311e-03  -3.8991121e-04
   2.9812570e-01  -2.8123292e-01   2.3117563e-01  -4.8208139e-04   3.3660819e-03  -5.1493016e-04
   2.9353526e-01  -2.7093692e-01   2.9104207e-01  -7.0376241e-05   3.2868491e-03  -6.9030349e-04
   2.5834780e-01  -1.9351387e-01   3.2205254e-01  -5.5918615e-04   2.4538089e-03  -6.4866637e-04
   2.2559392e-01  -1.0945449e-01   4.0871493e-01   9.4057408e-05   8.8619764e-04   2.7756545e-06
   1.6796395e-01  -2.9010447e-01   2.1941513e-01   3.6009135e-04   7.7845985e-05   1.9145509e-03
   1.7859672e-01  -2.2205207e-01   2.1025039e-01  -1.8810201e-03   1.9941738e-04   1.6473655e-03
   2.0829448e-01  -1.5138022e-01   3.7549858e-01  -8.9380597e-04   1.2009246e-05   1.0541543e-03
   2.4912969e-01  -2.4932443e-01   3.2676170e-01  -1.9907150e-03   6.9763346e-04   4.7930533e-04
   2.6130545e-01  -2.5153083e-01   4.2443952e-01  -2.3372570e-03   8.0144884e-04   5.8846661e-04
   2.8892772e-01  -2.4285797e-01   4.3875427e-01  -2.8226339e-03   1.8190154e-03   1.7357432e-04
   2.7596839e-01  -2.7368606e-01   3.6332138e-01  -3.6452509e-03   1.7854798e-03   7.1570485e-04
   2.9357821e-01  -2.8780264e-01   3.7049483e-01  -4.2934012e-03   1.6328154e-03   5.6569463e-04
   2.9757500e-01  -2.6950455e-01   4.3694237e-01  -3.9004986e-03   1.4044120e-03   8.2984725e-04
   3.1130955e-01  -2.5833227e-01   4.6485889e-01  -4.0879071e-03   1.3727193e-03   7.9106247e-04
   3.4576348e-01  -2.3360817e-01   4.8835229e-01  -3.9383430e-03   1.1134276e-03   7.8284096e-04
   3.4882280e-01  -3.2336851e-01   4.6136570e-01  -4.2844267e-03   1.7977813e-03   1.5327404e-03
   3.8569931e-01  -3.2134143e-01   5.0516394e-01  -3.5857210e-03   2.3353786e-03   1.5187143e-03
   4.0173371e-01  -3.4439782e-01   5.0446782e-01  -3.5488732e-03   3.0060396e-03   1.5307926e-03
   4.1890512e-01  -3.4387442e-01   5.0511343e-01  -3.7526946e-03   3.3115500e-03   1.6941156e-03
   4.3902634e-01  -3.8958878e-01   5.3005461e-01  -3.9942944e-03   3.2297558e-03   1.1137645e-03
   4.7276958e-01  -3.4974172e-01   5.4386673e-01  -4.0061098e-03   3.4595532e-03   5.0977206e-04
   4.8996749e-01  -3.6268500e-01   5.2395894e-01  -4.0204439e-03   3.6640689e-03   1.4610318e-04
   4.8666294e-01  -3.9563059e-01   5.2330970e-01  -3.9494636e-03   3.5986417e-03   3.0688631e-05
   5.0218413e-01  -3.5739829e-01   5.6262362e-01  -3.6877902e-03   3.1420617e-03  -4.8994896e-04
   4.9855116e-01  -3.3799269e-01   5.1171872e-01  -3.7979756e-03   3.4143824e-03  -2.6917810e-04
   5.0067635e-01  -3.7225786e-01   4.8362381e-01  -4.7404530e-03   3.3571683e-03   1.1278874e-04
   4.6550329e-01  -3.9558982e-01   4.9881852e-01  -3.3011945e-03   2.8403888e-03   5.6316460e-04
   4.3259265e-01  -3.6663790e-01   5.5307359e-01  -2.0817121e-03   3.1736299e-03   6.6616755e-04
   4.5363432e-01  -3.0539420e-01   5.5333434e-01  -3.4304614e-03   2.3759559e-03   3.1257835e-04
   4.6820839e-01  -3.4741869e-01   5.1110255e-01  -3.5093399e-03   2.4220831e-03  -1.6938057e-04
   4.7454621e-01  -3.4579099e-01   5.4100225e-01  -3.8528196e-03   2.2738206e-03  -1.9727952e-04
   4.8885587e-01  -2.9401351e-01   6.1185802e-01  -2.6958255e-03   1.8718599e-03  -7.1322640e-04
   4.9881964e-01  -3.5447660e-01   5.3388463e-01  -4.8339106e-03   2.9481166e-03  -4.8827207e-04
   4.8787667e-01  -4.0009563e-01   5.6153025e-01  -4.9076438e-03   3.5588667e-03  -4.7449106e-04
   4.8633825e-01  -3.9365359e-01   5.7639502e-01  -4.7876760e-03   3.5429751e-03  -5.8364792e-04
   5.1028518e-01  -3.9066831e-01   6.3503861e-01  -4.2047192e-03   4.1569083e-03  -1.0487424e-03
   4.9260207e-01  -3.6797973e-01   6.1563812e-01  -4.2436460e-03   4.3167152e-03  -9.1152078e-04
   4.7867091e-01  -4.1433258e-01   5.5565579e-01  -4.3915736e-03   4.4776395e-03  -9.4625915e-04
   4.6760078e-01  -3.9714435e-01   5.1587415e-01  -4.4925440e-03   4.6402640e-03  -6.2972668e-04
   4.3415534e-01  -4.1564632e-01   5.4260854e-01  -2.9904241e-03   4.7660145e-03  -5.4862120e-04
   4.3676716e-01  -4.1452684e-01   6.0445731e-01  -2.1563754e-03   5.2472447e-03  -7.7376087e-04
   4.5309129e-01  -3.8875139e-01   6.2365689e-01  -1.0246248e-03   5.7202883e-03  -1.3919498e-03
   4.5096335e-01  -3.9731182e-01   6.2682361e-01  -1.9756537e-04   5.8687535e-03  -9.5236228e-04
   4.5771037e-01  -4.2915653e-01   5.9428171e-01  -1.2151619e-03   5.7068320e-03  -1.1380284e-03
   4.7081123e-01  -4.0783633e-01   6.5857920e-01  -5.8563164e-04   6.4317774e-03  -1.4226164e-03
   4.6963808e-01  -4.3046015e-01   6.2463269e-01  -9.4995696e-04   6.7106507e-03  -1.4704221e-03
   4.7470948e-01  -4.2913765e-01   7.0875262e-01  -6.4983137e-05   7.0228891e-03  -1.8364312e-03
   4.8090410e-01  -3.8461984e-01   6.9973086e-01   5.9486973e-04   7.0506914e-03  -1.9170983e-03
   4.7613180e-01  -4.3665194e-01   6.5570183e-01  -7.3517827e-06   7.7504963e-03  -1.8152632e-03
   4.8620369e-01  -4.7104902e-01   6.6756218e-01   9.7710418e-05   8.2421158e-03  -2.2255513e-03
   5.1597895e-01  -4.2559901e-01   7.1568867e-01   3.5584687e-04   8.6201508e-03  -2.6633256e-03
   4.4278416e-01  -3.7844917e-01   6.3895002e-01   4.1887911e-04   6.3947942e-03  -2.6199977e-03
   3.8175144e-01  -4.5804158e-01   5.3428280e-01  -5.2940614e-04   6.4431067e-03  -1.8840352e-03
   3.4389994e-01  -4.3079238e-01   4.6099321e-01  -9.2947518e-04   6.2566343e-03  -3.4384753e-03
   3.8323152e-01  -2.9103176e-01   5.1989914e-01  -9.1251748e-04   5.0155396e-03  -3.5770356e-03
   3.8330827e-01  -3.8187987e-01   5.9064935e-01  -6.8863962e-04   5.1192657e-03  -3.5394743e-03
   4.2112609e-01  -3.6408089e-01   6.1622399e-01  -1.0213303e-03   5.9512633e-03  -4.0570029e-03
   4.3695878e-01  -3.9255937e-01   5.2694620e-01  -2.4967588e-03   7.3685455e-03  -3.1920206e-03
   4.8715563e-01  -4.2889383e-01   5.1190504e-01  -2.2573187e-03   8.1880685e-03  -3.4064523e-03
   5.2774872e-01  -4.4938872e-01   5.5078121e-01  -1.8606897e-03   8.2453372e-03  -3.7805025e-03
   5.4880565e-01  -4.0529921e-01   6.1054702e-01  -9.9249559e-04   7.9275016e-03  -4.4419114e-03
   5.3767635e-01  -4.0877176e-01   6.2234129e-01  -1.1812181e-03   7.4135084e-03  -4.3892778e-03
   5.5848779e-01  -4.4539602e-01   6.4466788e-01  -1.6806479e-03   7.1292296e-03  -4.9162155e-03
   5.7740962e-01  -4.6283628e-01   7.1045811e-01  -1.2199443e-03   7.7853316e-03  -4.7551245e-03
   6.0039407e-01  -4.4259383e-01   7.2352275e-01  -1.0205135e-03   7.9476825e-03  -4.7551519e-03
   6.2393018e-01  -4.6697161e-01   7.2556832e-01  -5.9432677e-04   7.8680093e-03  -5.1411803e-03
   6.4303128e-01  -5.0785451e-01   7.2811325e-01  -4.1968558e-04   7.5939221e-03  -5.2293653e-03
   6.4514437e-01  -4.9868216e-01   7.4008008e-01  -4.6366961e-04   7.7917533e-03  -5.1411726e-03
   6.4809744e-01  -4.5864689e-01   7.4263466e-01   9.5823814e-05   7.6496371e-03  -5.0467112e-03
   6.2184107e-01  -4.7629766e-01   7.1049432e-01   2.1676898e-04   7.5996301e-03  -4.7539458e-03
   6.2726421e-01  -4.8998426e-01   7.3164032e-01   5.8267542e-04   7.1680053e-03  -4.5344314e-03
   6.2183089e-01  -4.9383840e-01   7.3438591e-01   2.5946385e-04   7.0112028e-03  -4.5092233e-03
   6.5790728e-01  -4.7229559e-01   7.6199517e-01   8.1982326e-04   7.1376085e-03  -4.8650042e-03
   6.6452180e-01  -4.8812164e-01   7.2022332e-01   6.2352375e-04   7.2032356e-03  -4.5742385e-03
   6.8345132e-01  -5.1388022e-01   6.9641419e-01   1.6630953e-04   7.3356416e-03  -4.8071532e-03
   6.4138538e-01  -4.8806573e-01   7.3540930e-01   5.3896357e-04   6.6704611e-03  -4.5343385e-03
   5.7901470e-01  -3.9468937e-01   7.5277903e-01   8.9994412e-04   5.8194684e-03  -4.1894657e-03
   5.7377857e-01  -3.8974791e-01   7.5306292e-01   9.1311841e-04   5.5795988e-03  -4.3721541e-03
   5.6120191e-01  -4.2609110e-01   8.6566514e-01   1.5893153e-03   5.3055084e-03  -4.4084114e-03
   5.7402217e-01  -3.4019426e-01   7.8866391e-01   4.9189539e-04   4.4275085e-03  -4.6311385e-03
   5.5856252e-01  -3.5155945e-01   8.1635273e-01   8.8857386e-04   3.4948417e-03  -5.2332018e-03
   5.9832835e-01  -3.9740339e-01   7.6642757e-01  -1.8250905e-03   4.3607878e-03  -5.4592242e-03
   5.9308253e-01  -3.5633521e-01   8.1032276e-01  -2.7387335e-03   4.5658144e-03  -5.1662085e-03
   6.2026742e-01  -3.6531131e-01   8.6206797e-01  -2.1157151e-03   5.1374706e-03  -5.4810166e-03
   6.2180267e-01  -4.1778620e-01   8.4145750e-01  -2.2699831e-03   5.1027699e-03  -5.5060188e-03
   6.2367047e-01  -4.4416057e-01   8.6620888e-01  -1.9215880e-03   5.2178026e-03  -5.5606882e-03
   6.2411932e-01  -4.0526697e-01   8.7022967e-01  -1.8609151e-03   5.4890799e-03  -5.0719718e-03
   6.3497797e-01  -4.2773963e-01   8.3620710e-01  -2.5638740e-03   6.4283083e-03  -4.4881248e-03
   6.4389346e-01  -4.7819021e-01   8.2961718e-01  -1.8613106e-03   6.6734957e-03  -4.5210172e-03
   6.6512841e-01  -4.5563160e-01   8.4943449e-01  -1.4708341e-03   6.7736704e-03  -4.7184403e-03
   6.7386784e-01  -4.4819937e-01   8.2630412e-01  -9.3208312e-04   7.0016028e-03  -4.3291631e-03
   6.6150843e-01  -4.5285535e-01   7.6142794e-01  -1.3267955e-03   7.0726619e-03  -4.3924269e-03
   6.5886030e-01  -4.5491012e-01   7.7975751e-01  -1.2147414e-03   6.7505811e-03  -4.8286989e-03
   6.6944516e-01  -4.2331223e-01   8.2644535e-01  -7.5535710e-04   6.6858270e-03  -4.9487060e-03
   6.9826125e-01  -3.8550091e-01   8.1800197e-01  -8.3572309e-04   6.6448133e-03  -5.1950216e-03
   6.7873495e-01  -4.2359230e-01   7.8348642e-01  -6.3057400e-04   6.3595620e-03  -4.9357170e-03
   6.6034895e-01  -4.4402578e-01   7.9901853e-01  -6.7303569e-04   6.7333448e-03  -4.8389993e-03
   6.5452833e-01  -3.9464423e-01   8.3570045e-01  -6.2606573e-04   6.6264713e-03  -5.2259509e-03
   6.5589429e-01  -3.4035335e-01   8.5869393e-01  -6.3111276e-04   6.3429376e-03  -5.8175514e-03
   6.5674012e-01  -3.8738944e-01   8.7151074e-01  -1.2128980e-04   6.3255533e-03  -5.8476518e-03
   5.7219714e-01  -3.9591912e-01   8.9472199e-01   4.9908345e-04   5.3316245e-03  -5.5080833e-03
   4.8556325e-01  -3.7691637e-01   7.3910090e-01   6.8558820e-04   4.1581624e-03  -4.1372508e-03
   4.6414678e-01  -3.0939149e-01   7.7322207e-01  -4.3032334e-04   4.0767172e-03  -3.3506467e-03
   5.0361939e-01  -3.2137371e-01   8.9597847e-01  -7.7536622e-04   4.1499329e-03  -4.2090482e-03
   4.9634990e-01  -2.6987746e-01   8.6530298e-01  -1.1292109e-03   3.7002210e-03  -4.3279975e-03
   4.8425822e-01  -4.5962616e-01   8.7993856e-01  -1.0304167e-03   3.5236280e-03  -3.9922098e-03
