   1.4210855e-14   0.0000000e+00  -7.1054274e-15  -2.7755576e-17  -2.1684043e-19   0.0000000e+00
   1.2233231e-03  -1.2116403e-02   7.3733065e-03  -5.9975438e-04   2.2421646e-04  -1.0476804e-04
   7.0342535e-04  -2.6061628e-02   1.1815803e-02  -1.6577115e-03  -7.6891789e-05  -4.0331773e-04
   6.6558251e-04  -1.3632579e-02   7.6456111e-03  -8.6689204e-04  -8.8006948e-05  -2.4615995e-04
   1.5687109e-03  -9.0051754e-03   1.8618395e-02  -1.3602782e-03   6.5960373e-05  -2.3435935e-04
  -2.4650197e-03  -1.9667576e-02   1.5630712e-02  -1.9963826e-03  -1.8257028e-04  -1.7804220e-04
   1.6155083e-03  -2.0167756e-02  -1.5138198e-02  -1.7675553e-03  -3.2014909e-04   1.5479278e-04
   1.2354915e-03  -2.0050666e-02  -2.6969125e-02  -2.4047475e-03  -2.7707559e-05   1.6475466e-04
  -1.7911640e-03   1.0735758e-02  -4.9350525e-03  -2.2284739e-03  -1.9436306e-04   8.3134463e-05
  -3.6895905e-03   5.4871026e-04  -1.2318873e-02  -1.9908047e-03  -1.3954583e-04   2.3593580e-04
  -4.2773944e-03   5.3606202e-03  -8.5451201e-04  -1.9138694e-03  -3.6800783e-05   6.6681366e-05
  -7.2488890e-03   2.1435059e-02  -2.7723547e-02  -1.9512669e-03  -2.5408468e-04   2.9091738e-04
  -3.4559593e-03   1.5441252e-02  -3.2357414e-02  -2.1768790e-03   4.5286380e-07   1.9522078e-04
  -7.3506105e-03   4.4588254e-02  -2.7333728e-02  -2.2352085e-03   2.5940753e-06   2.5897837e-04
  -1.9712698e-03   2.1510113e-02  -1.8399159e-02  -2.1765561e-03   2.2044044e-04   4.0249425e-04
   1.2648350e-03   3.3716147e-02  -4.5567258e-03  -2.3265723e-03   1.4529419e-04   2.4082420e-04
  -1.2391421e-03   5.8929446e-03  -2.5796828e-02  -2.0957604e-03   1.3032117e-04   4.1878912e-04
  -6.8886523e-03   2.1483798e-02  -1.1978160e-02  -2.5070156e-03  -3.8748982e-05   1.8651227e-04
  -7.0665085e-03   3.1064466e-02  -2.0880290e-02  -2.2635337e-03  -2.5667854e-04   2.2046174e-04
  -6.8633151e-03   1.5568489e-02  -3.6458478e-02  -2.6768934e-03  -1.9182374e-04   1.3343565e-04
  -1.2433117e-02   3.0754614e-02  -2.7947999e-02  -2.6110765e-03  -3.1543537e-04   3.8863944e-05
  -1.0880350e-02   2.4460748e-02  -3.0914188e-02  -2.2560593e-03  -5.3068132e-04   2.7617839e-04
  -1.2155606e-02   2.8939873e-02  -5.4647664e-03  -2.5648154e-03  -3.6565659e-04   1.2668542e-04
  -1.5870775e-02   2.7803896e-02   8.2727889e-04  -2.6828189e-03  -5.4655301e-04   2.7557631e-05
  -1.2871121e-02   2.6664418e-02   6.5500735e-04  -2.2090688e-03  -5.0639224e-04   2.1065032e-04
  -1.2731158e-02   1.9611386e-02   8.1307475e-03  -2.6646226e-03  -7.2262411e-04  -3.0832327e-06
  -4.9813776e-03   4.7454359e-02   1.0977127e-01  -8.4099765e-04  -1.2582555e-03   3.6144787e-05
  -1.3271162e-02   6.2349336e-02   4.3158008e-02  -1.9312669e-03  -1.1926253e-03   1.3922496e-04
  -1.7341127e-02  -1.2027324e-02   3.7178281e-02  -3.4476905e-03  -1.3935028e-03   3.4428100e-04
  -2.0438846e-02   1.5216141e-02   4.2125629e-02  -3.5392831e-03  -1.3797728e-03   3.4568575e-04
  -1.6372065e-02   6.8972984e-03   4.9199240e-02  -3.5386746e-03  -1.3430520e-03   4.0726700e-04
  -1.0871103e-02   1.3274254e-02   4.6301373e-02  -3.0876106e-03  -8.8596165e-04   3.8365498e-04
  -1.2378070e-02   1.7016824e-02   1.7398181e-02  -2.4625715e-03  -1.1506843e-03   3.4450234e-04
  -1.4235971e-02   2.6024382e-02   4.8619500e-02  -2.7693957e-03  -1.1485497e-03   6.2108957e-05
  -2.0453079e-02   5.1859057e-02   5.5186428e-02  -2.5463308e-03  -1.1717793e-03   1.2839995e-04
  -1.7751460e-02   1.6011085e-02   7.5956340e-02  -2.6292804e-03  -1.0907603e-03   2.9892563e-05
  -1.0329054e-02   3.7306751e-02   1.2387271e-01  -2.4461071e-03  -1.0404810e-03  -5.8448834e-05
  -1.5097937e-02   3.2257958e-02   1.2113755e-01  -2.3063118e-03  -1.1956859e-03  -2.2009584e-05
  -1.6919140e-02   2.9277331e-02   1.5013412e-01  -2.7432978e-03  -1.1681277e-03  -6.0535713e-05
  -2.3729845e-02   2.5016179e-02   1.3711346e-01  -2.9438125e-03  -1.3109799e-03  -8.9229195e-06
  -2.3403856e-02   8.6248449e-03   1.3802376e-01  -2.8203066e-03  -1.3673696e-03  -8.9580330e-05
  -2.5083879e-02   2.7562814e-02   1.3226602e-01  -3.1863197e-03  -1.5472358e-03  -3.6431694e-04
  -2.0749170e-02   2.7287464e-02   1.1859101e-01  -2.6242270e-03  -1.4510087e-03  -2.6432500e-04
  -2.0934578e-02   2.9134525e-02   1.3093254e-01  -2.9872019e-03  -1.4334501e-03  -3.9231614e-04
  -2.2672777e-02   4.0767738e-02   1.3015586e-01  -2.6168157e-03  -1.4055374e-03  -3.8626535e-04
  -1.6265215e-02   3.5477228e-03   1.3028484e-01  -3.0368815e-03  -1.2262241e-03  -3.9377455e-04
  -1.6659422e-02   4.1090454e-02   1.4060464e-01  -2.4580671e-03  -1.2424848e-03  -3.8412213e-04
  -1.5696891e-02   3.3004645e-02   1.1677760e-01  -3.2138575e-03  -1.3398154e-03  -4.1181021e-04
  -9.6847369e-03   2.9362422e-02   1.5373279e-01  -2.5945575e-03  -1.2996424e-03  -4.5043844e-04
  -9.7525945e-03  -1.0646382e-02   1.3263328e-01  -4.3477246e-03  -1.0209297e-03  -5.5933582e-04
  -2.2709717e-03   1.0703244e-01   2.1153027e-01  -2.0687048e-03  -9.1498481e-04  -5.6387371e-04
   7.1665464e-03   5.3617515e-02   2.9729081e-01   4.7945317e-04  -8.1943245e-04  -6.9130276e-04
   7.6060814e-03  -7.1520783e-02   4.3010576e-02   4.2663180e-04  -1.2585470e-03  -2.7423888e-04
   1.2327125e-02   1.1346520e-01   6.7133784e-02   1.1237041e-03  -4.3648626e-04   3.1739501e-05
   3.8628655e-03   4.1938373e-02   1.0177682e-01  -1.1561560e-03  -4.2151752e-04   2.4447541e-04
   5.5454068e-03   4.0463445e-02   1.0234391e-01  -9.4693193e-04  -1.5314560e-04   2.4496821e-04
   3.3212409e-03   2.4579250e-02   1.1864682e-01  -1.7388673e-03  -4.8551317e-04   7.7837372e-05
  -6.5063670e-03   4.2434658e-02   1.7229511e-01  -7.3132926e-04  -7.9818919e-04  -1.5784716e-04
  -1.1364969e-02   2.7601232e-02   1.5301736e-01  -1.4967814e-03  -7.4238618e-04  -3.9893675e-04
  -1.5570450e-02   3.5800564e-02   1.5770330e-01  -1.1011792e-03  -9.9405644e-04  -5.4450666e-04
  -1.4948938e-02   3.3747001e-03   1.5452364e-01  -1.4291064e-03  -9.3881329e-04  -7.2619067e-04
  -1.7461614e-02   2.8533041e-02   1.5477025e-01  -1.4661328e-03  -1.0720525e-03  -8.1972654e-04
  -1.4367697e-02   7.8836637e-03   1.2176922e-01  -1.4528363e-03  -1.0651590e-03  -5.9497552e-04
  -1.8921780e-02   3.2462321e-02   1.3281444e-01  -1.0358325e-03  -1.2834490e-03  -6.0070088e-04
  -1.8049040e-02   2.8561433e-02   1.1892550e-01  -1.5966196e-03  -1.0812394e-03  -5.9773087e-04
  -1.8153156e-02   3.6976675e-02   1.6565527e-01  -1.4542558e-03  -1.0724419e-03  -7.1538231e-04
  -1.6915237e-02   1.6242116e-02   1.4333322e-01  -1.4924316e-03  -1.2378219e-03  -6.7986540e-04
  -1.8366381e-02   2.8781636e-02   1.3151965e-01  -1.8521158e-03  -1.0042792e-03  -8.2499872e-04
  -1.6875488e-02   4.7908715e-02   1.5050887e-01  -1.5666228e-03  -1.1977904e-03  -7.3093581e-04
  -1.5214812e-02   1.7118933e-02   1.3139450e-01  -1.9791576e-03  -1.1594904e-03  -6.7515584e-04
  -1.7858541e-02   3.7274983e-02   1.6745189e-01  -1.8027438e-03  -1.1952150e-03  -9.9107269e-04
  -1.8571214e-02   4.1656229e-02   1.2565729e-01  -1.6960270e-03  -1.3286001e-03  -8.0115474e-04
  -1.8704648e-02   5.5263258e-02   1.3059872e-01  -1.6582852e-03  -1.1557713e-03  -7.2304267e-04
  -2.4657873e-02   6.0826940e-02   1.1434380e-01  -2.2436161e-03  -1.1481049e-03  -8.7099598e-04
  -1.2481973e-02   6.2095831e-02   2.0957154e-01  -6.1874774e-04  -9.7153968e-04  -7.9781105e-04
  -2.6056778e-03   7.0235457e-02   2.2186754e-01  -9.9783897e-04  -3.8641007e-04  -1.1594757e-03
  -2.4526774e-03   8.6373875e-03   1.5371325e-01  -2.6999447e-03  -2.5947617e-04  -1.0336079e-03
  -4.8561252e-03   1.5694567e-02   2.1799339e-01  -2.0046968e-03  -6.4968536e-04  -9.1521256e-04
   1.7167057e-03   2.7637201e-02   1.9555055e-01  -3.0876993e-03  -2.0706834e-04  -9.1745527e-04
   6.1776032e-04   1.0669293e-02   1.9857108e-01  -2.9886761e-03  -5.7430283e-04  -7.7287278e-04
  -2.0826128e-03   9.8969183e-03   1.5330713e-01  -3.4432630e-03  -4.9902366e-04  -7.2772110e-04
  -7.4823696e-03   3.4057503e-02   1.9259067e-01  -2.8982621e-03  -7.7530679e-04  -8.9467330e-04
  -1.2507822e-02   3.2460708e-02   1.7134290e-01  -3.0675098e-03  -6.6798741e-04  -7.4908426e-04
  -7.6595359e-03   1.5751187e-02   2.2335450e-01  -2.4807958e-03  -6.1172385e-04  -7.5104230e-04
  -7.2282859e-03   1.8250874e-02   2.0322329e-01  -2.8853916e-03  -6.7994892e-04  -7.0571704e-04
  -1.0037587e-02   2.7743026e-02   2.0651929e-01  -2.6771089e-03  -8.8543168e-04  -7.4001493e-04
  -9.5159532e-03   1.5887782e-02   1.8055177e-01  -2.9533147e-03  -8.4314640e-04  -6.8308669e-04
  -1.1175877e-02   2.4442772e-02   1.9601133e-01  -2.9824149e-03  -8.6694618e-04  -5.9737931e-04
  -1.3738672e-02   2.9648890e-02   1.8921729e-01  -3.1459972e-03  -8.6682781e-04  -5.8768352e-04
  -1.0147381e-02   6.6408458e-03   1.8817408e-01  -2.6197205e-03  -8.9226732e-04  -5.8962712e-04
  -9.7442559e-03   2.0165016e-02   1.7898100e-01  -3.1518852e-03  -8.0623585e-04  -6.6632983e-04
  -1.3186723e-02   4.4473774e-02   2.0595634e-01  -2.6804031e-03  -9.8626627e-04  -5.5666821e-04
  -1.5477154e-02   1.7716859e-02   1.9880829e-01  -2.8575886e-03  -9.4486435e-04  -5.6399556e-04
  -1.6470338e-02   2.1500755e-02   2.1186870e-01  -2.9180665e-03  -9.7670801e-04  -6.0944041e-04
  -1.6032831e-02   2.5869428e-02   1.9992161e-01  -2.8699043e-03  -9.6689768e-04  -5.4441341e-04
  -1.4547882e-02   6.8057179e-03   2.0315621e-01  -3.1379863e-03  -8.9520437e-04  -7.5164338e-04
  -1.6927410e-02   3.6762842e-02   1.6540949e-01  -3.4527676e-03  -1.0411981e-03  -8.3102717e-04
  -2.0444861e-02   4.3678046e-02   1.6623248e-01  -3.0581162e-03  -1.2602067e-03  -7.6224508e-04
  -1.8872763e-02   3.0657640e-02   1.6582879e-01  -3.4713950e-03  -1.1336803e-03  -1.0759811e-03
  -2.2006462e-02   3.9464957e-02   2.0393472e-01  -3.3101787e-03  -1.1654462e-03  -1.3525901e-03
  -1.8765671e-02   1.4736726e-02   1.7685487e-01  -3.1462606e-03  -1.3094902e-03  -1.2922969e-03
  -2.0249341e-02   2.9860742e-02   1.9094103e-01  -3.6849447e-03  -9.8185402e-04  -1.4203356e-03
  -1.5546023e-03  -2.5376327e-02   1.2501200e-01   2.5215561e-04  -1.3012052e-03  -1.1612566e-03
  -4.7121361e-04   2.3626494e-02   6.2817529e-02  -2.6653682e-03  -2.4994044e-04  -6.9700204e-04
  -3.4652523e-03  -2.0505926e-02   8.8214066e-02  -3.6241539e-03  -7.3432708e-05  -7.5550307e-04
  -1.2060944e-05   2.6604927e-02   1.0559025e-01  -3.2506183e-03  -2.0764987e-04  -9.7313882e-04
  -4.6338714e-03   3.0903990e-02   1.1045152e-01  -3.0270488e-03  -3.5872679e-04  -6.4810667e-04
  -6.1567324e-03   4.0469356e-02   1.1525843e-01  -2.9317260e-03  -2.4274825e-04  -6.8372940e-04
  -1.3652144e-02   3.5990921e-02   1.5227712e-01  -2.9687091e-03  -3.0682338e-04  -8.6129278e-04
  -8.9660527e-03   4.6633844e-02   1.4654944e-01  -2.7458270e-03  -4.4776642e-04  -8.4206681e-04
  -3.6864480e-03   1.7204844e-02   1.3820193e-01  -3.0630829e-03  -2.5281098e-04  -7.1506513e-04
  -9.0182679e-03   2.8095314e-02   1.2390934e-01  -3.2190061e-03  -3.6807655e-04  -1.0363156e-03
  -1.5706619e-02   4.5462322e-02   1.1175492e-01  -3.0357811e-03  -4.6083987e-04  -8.3180480e-04
  -1.0811973e-02   2.3364156e-02   1.3780900e-01  -2.9121207e-03  -2.1856723e-04  -8.8376759e-04
  -9.9388784e-03   1.2247471e-02   1.4797826e-01  -3.2323265e-03  -1.9734204e-04  -8.9146346e-04
  -9.7998374e-03   2.8409534e-02   1.4111867e-01  -3.0949523e-03  -3.7308295e-04  -1.0953912e-03
  -9.9271822e-03   1.8726324e-02   1.1203429e-01  -2.9638665e-03  -5.3548046e-04  -1.0168474e-03
  -1.2956510e-02   2.1311753e-02   1.2307679e-01  -3.0234956e-03  -5.5842415e-04  -1.0299127e-03
  -1.3511918e-02   2.4383681e-02   1.2182836e-01  -3.2906050e-03  -5.9294355e-04  -1.1231178e-03
  -1.5529504e-02   2.3237847e-02   1.1907070e-01  -3.0182467e-03  -8.0265916e-04  -1.2110394e-03
  -1.2030155e-02   1.0756840e-02   1.1245408e-01  -3.3223300e-03  -6.8718220e-04  -1.2576370e-03
  -1.1170616e-02   3.0715389e-02   1.2627372e-01  -3.3132893e-03  -4.8009891e-04  -1.1495340e-03
  -1.3946123e-02   3.3573672e-02   8.2655115e-02  -3.4966004e-03  -7.7951782e-04  -1.2319570e-03
  -1.3577907e-02   1.9565631e-02   1.2055858e-01  -3.1331369e-03  -6.2554985e-04  -1.3817517e-03
  -2.0803113e-02   6.5551193e-02   1.1501346e-01  -3.3953062e-03  -6.4520174e-04  -1.9240569e-03
  -1.3115838e-02   6.4808898e-03   1.4979400e-01  -2.8315615e-03  -8.5084436e-04  -1.3824034e-03
  -9.2673252e-03   2.5379465e-02   1.1426878e-01  -3.4707302e-03  -4.8713628e-04  -1.3376048e-03
  -8.6566959e-03  -5.8211305e-04   1.1571107e-01  -3.5597175e-03  -3.5557819e-04  -1.1749428e-03
  -3.7698375e-03   3.6229581e-02   1.2231322e-01  -3.3618434e-03  -1.3063141e-04  -1.2054291e-03
   7.6740197e-03  -5.3832430e-03   1.2677690e-01  -2.6552626e-03  -3.6334373e-05  -1.0637329e-03
   6.6444321e-03   3.2007905e-02   1.0399192e-01  -3.4924219e-03  -2.0672954e-04  -1.0606457e-03
   1.4073155e-02   2.3677968e-02   1.1926632e-01  -2.1780610e-03  -4.2171672e-05  -1.0854963e-03
   7.3546352e-03   2.1785583e-02   1.4095164e-01  -2.1839479e-03  -3.4676190e-04  -9.9091701e-04
   3.8531069e-03   2.4176034e-02   1.2704965e-01  -3.0311749e-03  -3.5117375e-04  -1.0271387e-03
   6.1093149e-03   1.2073609e-02   1.5487953e-01  -2.0544277e-03  -3.4325968e-04  -8.6500591e-04
   6.6052812e-03   3.6812555e-03   1.3434536e-01  -2.5880430e-03  -8.6859490e-06  -1.0288769e-03
  -1.4255892e-03   1.1267873e-02   1.3024570e-01  -3.1334269e-03  -5.3681780e-04  -9.3630620e-04
   4.6184587e-03   8.1041856e-04   1.2348940e-01  -2.5118028e-03  -1.0826433e-04  -1.0101181e-03
   1.1938539e-02   2.5060444e-02   1.5750189e-01  -2.6902616e-03   1.4617505e-04  -9.5000716e-04
   1.9571903e-02  -1.6953423e-02   1.5663361e-01  -2.2201958e-03  -6.3322602e-05  -7.7909403e-04
   1.6322268e-02   2.1141601e-02   1.5802225e-01  -2.5905383e-03   3.8126815e-04  -8.6421276e-04
