   1.4210855e-14   0.0000000e+00   7.1054274e-15   2.7755576e-17   1.7347235e-18   0.0000000e+00
   8.9054389e-03   3.1798752e-02  -4.1772831e-02  -1.3655603e-03  -5.6249755e-05  -6.3008938e-04
   9.4071997e-04  -9.5702827e-02  -6.1694039e-02  -1.2922422e-03   2.0723550e-04  -3.1606449e-04
   3.3591183e-03  -2.7055610e-02  -8.2671593e-02  -2.2267210e-03   1.7026092e-04  -4.8490733e-05
   4.6812266e-03  -5.0087467e-02  -8.0896953e-02  -1.8287626e-03  -1.8976235e-04  -1.6468046e-05
   9.0014775e-03  -5.5002881e-02  -1.3289021e-01  -1.7053102e-03   2.8969752e-04   1.4483143e-05
   1.4647266e-02   1.1839624e-02  -1.4597522e-01  -2.0145660e-03   2.3206794e-04   1.5491580e-04
   1.4609504e-02   2.6392225e-02  -1.2150695e-01  -2.2948392e-03   3.8740383e-05   2.3940242e-04
   6.2025759e-03   3.0302570e-02  -7.2578793e-02  -1.8560945e-03  -3.0451060e-04   9.1785578e-05
   7.4642256e-03  -8.8862915e-03  -7.5804032e-02  -1.8889139e-03  -4.1682082e-04   8.7711031e-05
   1.1630123e-02  -9.3435920e-03  -8.1417681e-02  -2.4353038e-03  -9.4670725e-04  -1.0249833e-04
   1.0077878e-02   6.9269123e-03  -8.9744924e-02  -2.7598776e-03  -8.6669141e-04  -1.6213790e-04
   2.5922890e-03   1.1653690e-02  -1.0432801e-01  -2.7125688e-03  -1.1979840e-03  -2.0605788e-04
   1.6751144e-02  -4.2449165e-05  -1.4860578e-01  -3.7857846e-03  -1.5900932e-03  -4.9197453e-04
   1.1541526e-02   1.5470048e-02  -1.5808892e-01  -3.9863496e-03  -1.1940103e-03  -1.6715560e-04
   1.9453451e-02   5.5499008e-02  -1.4655905e-01  -3.7913708e-03  -1.6196390e-03  -1.9535153e-05
   2.1693143e-02  -8.2943964e-03  -1.1745968e-01  -3.6715446e-03  -1.7786563e-03  -1.3365318e-04
   2.1481288e-02   2.8099319e-02  -1.3328959e-01  -4.1308035e-03  -1.8153280e-03  -3.5348220e-04
   1.8855964e-02   3.0735306e-02  -8.0576117e-02  -3.1549469e-03  -2.2286871e-03  -4.6216601e-04
   2.8796887e-02   6.0296188e-03  -8.3085679e-02  -3.0072424e-03  -1.9891622e-03  -6.0715221e-04
   1.1496978e-02   8.8674506e-05  -7.0497087e-02  -3.4576381e-03  -1.8621954e-03  -9.0176940e-05
   1.5155753e-02   2.9456278e-02  -1.0254098e-01  -4.5101191e-03  -2.0282162e-03  -2.0948635e-04
   1.8868128e-02   7.3210245e-02  -1.0128777e-01  -4.7216616e-03  -2.1649950e-03  -1.1356060e-04
   1.9540071e-02   4.8331913e-02  -1.6753938e-01  -4.6183007e-03  -2.3741590e-03  -4.0264596e-04
   2.2577355e-02   3.2717820e-02  -1.5278132e-01  -5.3684750e-03  -2.3442862e-03  -5.4169008e-04
   2.1704538e-02   3.1246917e-02  -1.6555527e-01  -4.6994001e-03  -2.2450433e-03  -5.5974935e-04
   8.8942525e-03   8.3703083e-03  -1.6099033e-01  -4.7285393e-03  -2.3398863e-03  -6.5027871e-04
   2.5904294e-02   3.4651092e-02  -1.4615596e-01  -5.0957744e-03  -2.3266705e-03  -6.2750988e-04
   3.4590638e-02  -2.6204553e-02  -1.6431655e-01  -5.6502546e-03  -2.2759972e-03  -3.7273428e-04
   3.7945356e-02   2.9694004e-02  -1.3318479e-01  -5.4164460e-03  -1.9193970e-03  -6.0434063e-04
   1.4269287e-02   8.0701425e-03  -1.0125871e-01  -5.2942337e-03  -2.0003063e-03  -5.2519756e-04
   1.3233662e-02   3.2156584e-03  -1.2021963e-01  -5.2301872e-03  -2.0769031e-03  -3.9918796e-04
   2.2191623e-02   6.1103045e-03  -1.4928221e-01  -5.5631030e-03  -2.3597035e-03  -6.9204501e-04
   3.1877695e-02   4.9820987e-02  -1.2866490e-01  -5.1952909e-03  -1.9846745e-03  -7.1330869e-04
   3.1633730e-02   6.4902007e-02  -1.0211398e-01  -4.8047981e-03  -2.2683012e-03  -6.4601831e-04
   3.5030491e-02   1.6550549e-02  -7.4495818e-02  -4.3102268e-03  -2.2226084e-03  -7.8278418e-04
   2.0232805e-02   1.7799813e-02  -4.3646422e-02  -3.9571588e-03  -2.2671340e-03  -1.0103379e-03
   1.8728692e-02   1.7402853e-02  -5.0057390e-02  -4.7909801e-03  -2.1718220e-03  -9.0840648e-04
   3.2370799e-02   3.8464175e-02  -8.9646535e-02  -4.8318168e-03  -2.0300156e-03  -7.9302409e-04
   4.6033072e-02   2.7249379e-02  -3.7111394e-02  -3.8101324e-03  -1.8261353e-03  -7.0769249e-04
   4.5850751e-02   2.5834107e-02  -5.3441910e-02  -4.6577532e-03  -2.1291235e-03  -7.8125482e-04
   4.7771147e-02   1.9715260e-04  -1.5150164e-02  -4.4283284e-03  -2.2043714e-03  -8.2815725e-04
   4.9055689e-02   3.8669520e-02  -1.6981688e-02  -4.8084205e-03  -2.0781440e-03  -6.7520068e-04
   5.5649366e-02   5.0150025e-02  -1.5227111e-04  -3.9771806e-03  -2.2163535e-03  -8.5064396e-04
   4.1954099e-02   1.9749478e-02   2.0973365e-02  -2.9543218e-03  -2.3266212e-03  -7.2099672e-04
   4.2202571e-02   1.6034163e-02   2.3970105e-03  -3.9911951e-03  -2.3803107e-03  -8.1181678e-04
   4.7892626e-02   1.0198537e-02   1.1354235e-02  -4.5611481e-03  -2.1197879e-03  -6.6872573e-04
   5.0380088e-02   3.7119467e-02  -4.8015663e-03  -4.8679268e-03  -2.1417790e-03  -9.1113740e-04
   6.2035469e-02   2.8482029e-02   2.7212811e-02  -4.4079257e-03  -2.5390684e-03  -6.3938942e-04
   7.2544043e-02   2.6002030e-02   2.0040187e-03  -4.3756055e-03  -2.7433999e-03  -1.6534448e-03
   7.8310454e-02   9.7667670e-03  -8.2499374e-03  -4.8486949e-03  -2.4464104e-03  -1.9341633e-03
   4.4868731e-02  -1.1730518e-02  -2.9389054e-02  -5.1444276e-03  -2.4922334e-03  -1.0818555e-03
   6.5195481e-02   5.2719116e-02  -3.1739098e-02  -5.0611825e-03  -2.9135106e-03  -1.4341469e-03
   5.1447168e-02   6.0794820e-02   4.5118751e-02  -3.3272085e-03  -3.0156555e-03  -1.3204337e-03
   5.9723219e-02   1.9998325e-02   2.2297598e-02  -3.8926034e-03  -3.3205337e-03  -1.7434343e-03
   4.3144627e-02  -1.9494858e-02  -1.3433760e-02  -4.9719831e-03  -3.0773551e-03  -1.6914179e-03
   3.7654510e-02   1.7673125e-02   2.5708394e-02  -4.4806717e-03  -3.0519081e-03  -1.6090019e-03
   5.0150240e-02   2.6285499e-02  -1.2143855e-02  -5.1046138e-03  -3.1511128e-03  -1.3801229e-03
   5.7142595e-02  -4.9658802e-04   3.8568563e-02  -4.8695826e-03  -3.1953218e-03  -1.4464808e-03
   5.2204661e-02  -1.3706559e-02   1.0419544e-02  -5.0559868e-03  -2.9840217e-03  -1.5711213e-03
   4.7261814e-02  -9.7331493e-03  -4.0840250e-02  -4.7843342e-03  -3.0326899e-03  -1.6519542e-03
   5.9584815e-02  -7.2711019e-03  -1.1396061e-01  -4.5486486e-03  -3.1667182e-03  -1.6890408e-03
   5.2762418e-02  -2.8611585e-02  -1.4854203e-01  -4.6663761e-03  -3.3034070e-03  -1.7684191e-03
   4.8764073e-02  -3.2341772e-03  -1.3548387e-01  -5.1142589e-03  -3.8861460e-03  -1.6839104e-03
   3.7112896e-02  -4.0610931e-03  -7.4801059e-02  -4.1844157e-03  -4.3249802e-03  -1.8491554e-03
   4.9787489e-02  -1.5831442e-02  -1.0342762e-01  -4.8564902e-03  -3.6037646e-03  -1.5267509e-03
   4.8499467e-02  -2.3678362e-02  -1.1282615e-01  -5.0210281e-03  -4.0086043e-03  -1.5212160e-03
   5.9372719e-02   7.2407865e-03  -1.0684571e-01  -5.3173378e-03  -3.9179450e-03  -1.8960977e-03
   4.3046580e-02   3.1710602e-02  -1.5458453e-01  -5.3361806e-03  -4.2709107e-03  -1.7378428e-03
   5.5528189e-02   3.1320877e-03  -1.4497289e-01  -4.6764056e-03  -4.3603407e-03  -2.0392590e-03
   5.6392164e-02  -2.5622660e-02  -1.8102489e-01  -4.7006284e-03  -4.0362822e-03  -1.9640674e-03
   6.1326986e-02  -2.5933940e-03  -2.1180728e-01  -5.5820658e-03  -4.2523963e-03  -2.0158758e-03
   5.8218928e-02   1.5032171e-02  -1.7546156e-01  -4.5863966e-03  -4.4358251e-03  -2.1403541e-03
   5.0055515e-02   9.1952524e-03  -1.7116265e-01  -4.6935125e-03  -4.5136687e-03  -2.2844394e-03
   2.7660361e-02  -3.5866149e-02  -1.9401453e-01  -4.2576195e-03  -4.6500255e-03  -1.8804583e-03
   4.5284739e-02   3.9407099e-02  -2.5392978e-01  -4.5891155e-03  -4.7515520e-03  -2.3757927e-03
   5.4902381e-02   3.8208595e-02  -1.2154773e-01  -1.0393622e-03  -4.4687586e-03  -3.8529889e-03
   1.6733412e-02  -1.6714738e-01  -2.7518579e-01  -3.6220312e-03  -4.3394025e-03  -2.9212249e-03
   2.7586500e-02   2.2568453e-02  -2.1105349e-01  -3.4737563e-03  -4.3748174e-03  -2.8987416e-03
   1.6312329e-02  -7.6387037e-02  -1.4838387e-01  -2.6298177e-03  -5.0639180e-03  -2.7294454e-03
   2.0902597e-02  -8.5769993e-03  -2.1724265e-01  -4.2506428e-03  -4.7135297e-03  -3.0756365e-03
   2.2141836e-02   1.5360045e-02  -1.6542859e-01  -3.7228687e-03  -4.8926342e-03  -3.1783363e-03
   2.7268747e-02   1.4146652e-02  -1.5211881e-01  -3.5059827e-03  -4.8275683e-03  -3.4680388e-03
   1.8135292e-02  -1.3427285e-02  -1.1118229e-01  -3.3440598e-03  -5.3185680e-03  -3.4112998e-03
   2.2888970e-02  -2.3020390e-02  -1.2073914e-01  -3.5143930e-03  -5.3671488e-03  -3.6993200e-03
   1.8853420e-02  -2.2245481e-02  -1.2727476e-01  -3.7701056e-03  -5.4106760e-03  -3.7137322e-03
   2.0104456e-02  -1.9706784e-02  -1.4774791e-01  -3.3217836e-03  -5.2346582e-03  -3.8650173e-03
   2.1421465e-02  -9.3664696e-03  -1.7555097e-01  -4.1777050e-03  -5.5961137e-03  -3.9191965e-03
   3.5115811e-02  -9.5955683e-04  -2.0251297e-01  -4.3290802e-03  -5.9951304e-03  -3.8454818e-03
   4.1494195e-02  -3.2351022e-02  -2.0579483e-01  -4.3668669e-03  -6.0232371e-03  -3.7285532e-03
   3.6266286e-02   9.5802763e-03  -1.9397550e-01  -4.4650617e-03  -6.1084264e-03  -3.9255470e-03
   3.4443781e-02   1.3441551e-02  -2.0365690e-01  -4.3162396e-03  -6.4471240e-03  -4.0186461e-03
   3.0415238e-02   2.2848840e-02  -2.1046748e-01  -4.2925976e-03  -6.5081298e-03  -3.9928448e-03
   2.4493248e-02   1.5410712e-02  -2.3359309e-01  -4.8662291e-03  -6.5338190e-03  -3.9997739e-03
   2.2225239e-02   2.4931237e-02  -2.0133588e-01  -4.1095872e-03  -6.7057579e-03  -3.9496088e-03
   2.5940359e-02  -1.0103691e-02  -2.6022153e-01  -5.3020645e-03  -6.7824740e-03  -3.7881398e-03
   3.6742130e-02   8.9097378e-02  -2.6375481e-01  -4.7185147e-03  -6.6537884e-03  -4.0302528e-03
   4.7294102e-02   4.1696372e-02  -2.3210720e-01  -4.0253598e-03  -7.0249604e-03  -3.9856940e-03
   4.0877686e-02   3.8935432e-02  -2.0968777e-01  -4.5705230e-03  -6.5993444e-03  -4.0825253e-03
   3.2230745e-02   6.2524065e-02  -1.7825526e-01  -3.6346792e-03  -6.6567884e-03  -3.9026880e-03
   3.8507994e-02   3.6643482e-02  -2.1553717e-01  -4.8416977e-03  -6.2792515e-03  -4.0471504e-03
   4.0648367e-02   4.4107000e-03  -1.8893900e-01  -4.2205638e-03  -6.5450372e-03  -3.9094896e-03
   3.1013628e-02   3.3887990e-02  -2.1756966e-01  -5.3081640e-03  -6.5696490e-03  -4.1637791e-03
   2.0198201e-02   5.4459595e-02  -1.6659685e-01  -4.5246650e-03  -6.6407087e-03  -4.0255333e-03
   2.2987882e-02   6.4863224e-02  -1.8495510e-01  -4.9369484e-03  -6.8898526e-03  -4.0237934e-03
   2.2230973e-02   4.9586447e-02  -1.6207822e-01  -4.5632978e-03  -6.9540091e-03  -3.9709157e-03
   2.3557270e-02   5.2533922e-02  -1.6105316e-01  -4.9370704e-03  -6.7074310e-03  -4.1983690e-03
   2.2612269e-02   5.2859698e-02  -1.3026327e-01  -4.4789668e-03  -6.8472587e-03  -4.3021170e-03
   2.7286588e-02   4.2514530e-02  -1.0531888e-01  -4.2611972e-03  -6.9918512e-03  -4.4458512e-03
   3.5004115e-02   3.2844310e-02  -1.1554635e-01  -4.6563044e-03  -7.0443431e-03  -4.5328957e-03
   3.1545313e-02   2.2198320e-02  -1.0323793e-01  -4.5155038e-03  -6.7679983e-03  -4.5566106e-03
   1.9516609e-02   2.2483059e-02  -9.9008516e-02  -3.9147126e-03  -6.8332609e-03  -4.3755762e-03
   2.3185323e-02   4.2630065e-02  -1.4452918e-01  -5.1468087e-03  -6.9014987e-03  -4.4232086e-03
   3.2972222e-02   2.9783674e-02  -1.3572224e-01  -4.8710627e-03  -6.9614738e-03  -4.3112244e-03
   2.5825602e-02   5.9561891e-02  -1.2995670e-01  -5.2472829e-03  -6.9033621e-03  -4.3885073e-03
   2.4670697e-02   5.0206357e-02  -8.7521604e-02  -4.5405814e-03  -6.9949514e-03  -4.5648718e-03
   2.8348029e-02   3.3276098e-02  -1.1725110e-01  -5.4755358e-03  -6.9431655e-03  -4.8992150e-03
   3.4103939e-02   5.2995373e-02  -9.9086489e-02  -5.0559477e-03  -7.1879910e-03  -4.7979057e-03
   4.3476022e-02   6.6275734e-02  -1.1541150e-01  -5.1950558e-03  -7.3895965e-03  -4.8143827e-03
   4.5793819e-02   3.9868283e-02  -1.1501977e-01  -4.8129092e-03  -7.4879954e-03  -4.8390372e-03
   3.8849711e-02   4.8617235e-02  -1.2448585e-01  -5.2354247e-03  -7.5560166e-03  -4.6803586e-03
   3.7876566e-02   6.5643782e-02  -1.1484355e-01  -4.6694005e-03  -7.3983807e-03  -4.7515056e-03
   4.1835462e-02   3.5316874e-02  -1.0594487e-01  -4.2542063e-03  -7.5429900e-03  -4.8003145e-03
   3.0056284e-02   9.9067518e-02  -1.6792657e-01  -4.5224137e-03  -7.5284719e-03  -4.4438456e-03
   3.3633783e-02   8.1312223e-02  -1.5130747e-01  -4.8434384e-03  -7.3698459e-03  -4.8160793e-03
   2.8403066e-02   7.7918296e-02  -1.1197448e-01  -4.8793789e-03  -7.5025433e-03  -4.6604168e-03
   2.0253125e-02   4.7931406e-02  -1.2953234e-01  -5.2102505e-03  -7.6243795e-03  -4.5785720e-03
   1.4168515e-02   5.5492062e-02  -1.1833913e-01  -4.5966451e-03  -7.3106714e-03  -4.4734685e-03
   2.3473316e-02   3.6541411e-02  -1.0622739e-01  -3.5410653e-03  -7.1534431e-03  -4.4609664e-03
