   0.0000000e+00   0.0000000e+00  -7.1054274e-15  -1.3877788e-17   3.4694470e-18   4.8148249e-35
  -9.3819406e-03  -2.0091386e-02   4.0358756e-02   5.2084302e-04   2.8223271e-04  -6.5579424e-05
   1.9090659e-03   6.3053066e-03   1.2120414e-01   9.5108473e-04  -1.5951483e-05  -1.7647994e-04
   8.1023978e-03   3.2988894e-02   1.1264536e-01   8.2874574e-04  -1.4080714e-04  -1.9019821e-04
   1.1265783e-03  -2.0213404e-02   1.2697688e-01   1.0814789e-03  -2.2244338e-04  -7.0143762e-05
   1.9142840e-02   8.4699736e-03   1.2115549e-01   7.5936582e-04  -4.0511095e-04  -4.4087911e-05
   4.6848681e-02   1.1641502e-02   1.2340248e-01   1.3961095e-03  -6.7291399e-05  -3.2716677e-04
   5.5951430e-02   3.5913743e-03   1.2656959e-01   1.3089826e-03  -1.5995329e-04  -4.5649236e-04
   4.9347248e-02  -1.5923193e-02   1.4697322e-01   1.2714956e-03   3.6107431e-05  -6.0840743e-04
   5.6321168e-02   3.7462906e-02   1.9432069e-01   1.4284791e-03  -3.5693606e-05  -8.4671926e-04
   6.6143454e-02   4.9656716e-02   2.1130000e-01   1.8249362e-03   5.8757466e-07  -1.0102908e-03
   5.7832305e-02   2.0158789e-02   2.0296919e-01   1.6171327e-03   5.4332917e-05  -1.0453936e-03
   7.5767004e-02   3.3047748e-02   1.7159647e-01   1.3531628e-03   1.4015370e-04  -1.2475481e-03
   7.2416896e-02   4.5488146e-02   1.5680741e-01   1.4092161e-03   3.1908944e-04  -1.1725724e-03
   7.6796500e-02   6.5131107e-02   1.6063101e-01   1.4085382e-03   4.0905318e-04  -1.3837331e-03
   8.2521407e-02   5.0200273e-02   1.4426171e-01   1.3172612e-03   5.9630713e-04  -1.6292411e-03
   9.1515164e-02   7.3726350e-02   1.0316393e-01   3.2023519e-04   9.3937704e-04  -1.6938848e-03
   1.1715725e-01   9.2928920e-02   8.1778082e-02   3.5163060e-04   1.2404177e-03  -2.0339781e-03
   1.2020738e-01   2.3242936e-02   9.9332430e-02   4.7124875e-04   1.4491763e-03  -1.9354277e-03
   1.3203836e-01   4.8158513e-02   1.0172915e-01   4.2486125e-04   1.3911936e-03  -1.9657643e-03
   1.4571753e-01   8.2254776e-02   1.3779035e-01   8.3202957e-04   1.3372045e-03  -2.0858428e-03
   1.4013782e-01   2.5698567e-02   1.2252020e-01   7.9618032e-04   1.5081615e-03  -2.0095589e-03
   1.4900011e-01   2.1167892e-02   1.3803673e-01   9.1976484e-04   1.5770832e-03  -1.8830482e-03
   1.4523640e-01   7.1553254e-02   1.9312634e-01   1.4069643e-03   1.6429966e-03  -1.6406269e-03
   1.5518593e-01   6.5713750e-02   1.9052581e-01   1.1750056e-03   1.4534721e-03  -1.6975536e-03
   1.0073124e-01   3.1572830e-02   2.0684011e-01   8.4907929e-04   1.1772805e-03  -1.2002367e-03
   6.6923831e-02   1.9088545e-02   2.7830412e-01   6.4903616e-04   1.0390419e-03  -6.4707288e-04
   7.8310724e-02   5.7131506e-02   3.0063085e-01   9.4220925e-04   8.4641057e-04  -9.3283745e-04
   6.3886111e-02  -1.7199735e-02   3.0733349e-01   7.4796824e-04   7.2351597e-04  -6.7360899e-04
   6.7170427e-02   1.3860426e-02   3.2245076e-01   1.0810418e-04   7.3046849e-04  -8.0883071e-04
   7.0926804e-02   8.9205965e-03   3.0693648e-01   5.1710125e-04   6.4061940e-04  -7.9454050e-04
   9.5660331e-02  -2.9629729e-02   3.2500988e-01   6.7005807e-04   4.4333666e-04  -1.0922134e-03
   1.0604778e-01   4.3884088e-02   3.7493699e-01   9.0731836e-04   2.7890324e-04  -1.4740066e-03
   1.0293439e-01   3.9567511e-02   3.7850103e-01   1.3052138e-03   5.2727780e-04  -1.5016867e-03
   9.8037923e-02  -1.5333783e-02   4.4324415e-01   1.4792701e-03   5.9751425e-04  -1.3189080e-03
   1.1502857e-01   4.6969024e-02   4.4818596e-01   1.0128714e-03   5.3147313e-04  -1.4533951e-03
   1.0543324e-01   5.2616819e-03   4.1532260e-01   1.0473278e-03   3.9052082e-04  -1.4750007e-03
   1.2290237e-01   2.6518362e-02   4.6348436e-01   1.2879208e-03   3.4166806e-04  -1.8491865e-03
   1.2466346e-01   5.6685714e-02   4.7512534e-01   1.5114472e-03   3.0152865e-04  -1.8702761e-03
   1.1544733e-01   2.1919839e-02   4.4887262e-01   1.2322999e-03   1.4079273e-04  -1.8355128e-03
   1.1530995e-01   2.2745652e-02   4.6929565e-01   1.4349743e-03   1.6311090e-04  -1.7125662e-03
   1.3235922e-01   4.2221415e-02   4.7804121e-01   1.4013447e-03   5.7514929e-05  -1.9698952e-03
   1.2982249e-01   6.7828353e-02   4.5300127e-01   1.5118778e-03   2.3935694e-04  -1.9841133e-03
   1.2943087e-01   1.1556454e-02   4.3345775e-01   1.3511094e-03  -7.1065399e-05  -2.1178660e-03
   1.3510781e-01   6.4950455e-02   4.5843700e-01   1.5206296e-03   4.8011916e-05  -2.1740039e-03
   1.5417419e-01   6.2326883e-02   4.5831751e-01   1.6236521e-03   1.2329724e-04  -2.5471895e-03
   1.4684805e-01   5.4887958e-02   4.7603118e-01   1.7702429e-03  -1.4614343e-04  -2.5137825e-03
   1.3478088e-01  -1.7881714e-03   4.3336685e-01   1.4360081e-03   1.3236118e-04  -2.1988082e-03
   1.3862776e-01   5.3047339e-02   5.1739065e-01   2.0632631e-03   6.9988960e-05  -2.2544512e-03
   1.3746667e-01   5.0175698e-02   3.5975911e-01   1.8420025e-03   2.6594334e-04  -2.3062472e-03
   1.6164614e-01   3.1753374e-02   2.2313619e-01   1.0596763e-03  -1.0404080e-03  -3.2820412e-03
   1.2990035e-01  -4.9202854e-02   2.1437798e-01   4.3162104e-04  -2.0174379e-03  -2.3510606e-03
   8.3844988e-02  -5.6394608e-02   8.2362697e-02  -1.3634383e-03  -1.4863652e-03  -2.0419511e-03
   1.1279109e-01   6.8806515e-02   1.5329578e-01  -7.6593239e-04  -1.6154866e-03  -2.2684294e-03
   1.0785096e-01  -4.3040151e-02   1.4320082e-01  -1.1757443e-03  -1.6278930e-03  -2.1127356e-03
   1.3053969e-01   2.2868409e-02   2.0134140e-01  -7.7512577e-04  -1.4387483e-03  -2.4813399e-03
   1.3398523e-01   1.2463700e-03   1.9931590e-01  -8.9095651e-04  -1.2667481e-03  -2.4383194e-03
   1.2689750e-01  -6.6056890e-03   2.0453285e-01  -1.0395131e-03  -1.1813075e-03  -2.2906536e-03
   1.3015986e-01  -1.5717320e-03   2.0910958e-01  -1.0299480e-03  -1.1952043e-03  -2.1848973e-03
   1.4548792e-01   1.1651364e-02   2.7409205e-01  -6.8826891e-04  -1.2571094e-03  -2.0877056e-03
   1.3737833e-01   1.8616289e-02   2.7300270e-01  -6.9355209e-04  -1.0505706e-03  -1.8863684e-03
   1.2836517e-01   5.6818798e-03   2.7395380e-01  -5.9272786e-04  -1.1176090e-03  -1.6510825e-03
   1.3794497e-01  -8.7587277e-03   3.0509100e-01  -6.4777009e-04  -1.1822163e-03  -1.6358281e-03
   1.5119356e-01   2.5082716e-02   3.4004691e-01  -1.4185318e-04  -9.3996767e-04  -1.8049597e-03
   1.4798228e-01   1.8508662e-02   3.1514835e-01   1.2449707e-04  -6.0507271e-04  -1.7848611e-03
   1.3614646e-01  -4.6600548e-03   2.5064782e-01  -1.0168382e-03  -1.0764863e-03  -1.2955401e-03
   1.4026954e-01  -6.8297846e-04   3.0409651e-01  -2.8379222e-04  -7.9063017e-04  -1.4334336e-03
   1.4617213e-01   4.8315089e-02   2.5942652e-01  -6.8780874e-04  -8.2019881e-04  -1.4344811e-03
   1.4072807e-01  -9.8978369e-03   2.5373807e-01  -3.8946690e-04  -7.1203502e-04  -1.2707399e-03
   1.3726137e-01   2.9715238e-02   2.9516319e-01  -4.5380802e-04  -7.2860414e-04  -1.0985740e-03
   1.4517728e-01   5.6303298e-02   2.8398576e-01  -1.8472680e-04  -7.6710005e-04  -1.2310720e-03
   1.3690944e-01   8.1658560e-03   2.6516729e-01  -4.2170117e-04  -8.4879966e-04  -9.3599707e-04
   1.3811968e-01   2.4192579e-02   2.7039183e-01  -4.3355916e-04  -6.4247945e-04  -1.1171100e-03
   1.4953721e-01   5.7838248e-02   3.0928759e-01  -4.5582021e-05  -8.3351512e-04  -1.0069528e-03
   1.3930431e-01   2.8767804e-02   2.6538278e-01   9.7129407e-04  -1.5528952e-03  -6.8488901e-04
   5.9004906e-02  -5.3703338e-02   1.9985417e-01   5.6916223e-04  -1.8320560e-03   3.4115496e-04
   5.9077258e-02   7.8755948e-02   2.1595068e-01  -1.8202413e-04  -2.4206616e-03  -8.7311464e-05
   6.9784251e-02   5.2243873e-03   2.7698483e-01   1.1729190e-03  -2.2197374e-03  -1.4137547e-04
   6.1933252e-02   4.2685415e-02   2.2736282e-01   7.3283858e-05  -2.2339832e-03   2.1699345e-05
   7.4831045e-02   1.1252371e-02   2.1397563e-01  -5.4399116e-04  -2.5149108e-03  -7.5073326e-05
   8.4228520e-02  -1.8654273e-02   2.6388950e-01  -1.8616993e-04  -2.1550353e-03  -1.3193054e-04
   1.0118980e-01   1.2504886e-02   2.5111715e-01  -1.8724935e-04  -2.7765744e-03  -1.4555001e-04
   1.1104442e-01  -1.1914911e-02   3.2365239e-01   5.2184273e-04  -2.6475567e-03  -8.7638358e-05
   1.1446868e-01   4.4048094e-02   3.0568953e-01  -3.0272298e-04  -2.9050573e-03  -6.5713726e-05
   1.1159105e-01  -1.2873787e-02   3.9105429e-01   1.9125725e-04  -2.9133985e-03  -2.5143662e-04
   1.1851191e-01   4.1688779e-02   3.2243156e-01  -6.4943536e-04  -2.7991204e-03  -4.9429653e-04
   1.0738586e-01   2.3385312e-02   3.3434684e-01  -1.3043398e-04  -2.4678846e-03  -4.1296542e-04
   1.1592527e-01   9.7596251e-04   3.1790763e-01  -5.6127507e-04  -2.7085579e-03  -4.6444714e-04
   1.2528838e-01   2.4584301e-02   3.7493242e-01  -2.2867675e-06  -2.6652327e-03  -5.7070331e-04
   1.2672123e-01   4.5984390e-02   3.1589816e-01  -4.0671003e-04  -2.7310782e-03  -5.8567723e-04
   1.2443120e-01   1.0888525e-02   3.2241179e-01  -2.5508117e-04  -2.5778991e-03  -4.6399121e-04
   1.2860769e-01   1.9937678e-02   3.4225208e-01  -6.8890305e-05  -2.6472549e-03  -2.6059858e-04
   1.4216544e-01   3.4270650e-02   3.9088026e-01   8.0847854e-04  -2.5111619e-03  -2.6894764e-04
   1.3390176e-01   6.1898783e-02   2.5841576e-01  -1.2008026e-03  -2.6349424e-03  -1.4009356e-04
   1.3446696e-01  -7.5128330e-03   3.5042751e-01   7.9611811e-05  -2.5937852e-03  -4.8313974e-05
   1.4033265e-01   7.2930743e-02   3.0910215e-01  -6.8467288e-04  -2.6759411e-03  -2.5079669e-04
   1.4280792e-01   2.7218711e-02   3.6624754e-01   2.9216254e-04  -2.7786346e-03  -9.4261781e-05
   1.4709859e-01   3.2425164e-02   2.6210883e-01  -1.4825180e-03  -2.9623571e-03   2.2231385e-05
   1.5710052e-01   5.6599214e-02   5.0801859e-01   1.9571992e-03  -2.9961061e-03  -2.2684680e-04
   8.3457580e-02   9.5218305e-02  -1.6640429e-02   9.7518085e-05  -4.3807755e-03   9.2750768e-04
  -4.3826021e-02  -7.1597465e-02  -3.5262194e-01  -5.8870178e-03  -5.0033336e-03   3.2361759e-03
   7.6811081e-03   6.7462783e-04   1.2477069e-01  -1.6515347e-03  -5.4001472e-03   2.5316753e-03
   1.7541874e-02  -3.7369698e-02   4.0589996e-02  -4.6334710e-03  -4.7929169e-03   2.0326504e-03
   7.8286349e-02   8.3470397e-02   2.6973911e-01  -4.1620264e-03  -5.3494404e-03   7.1086572e-04
   6.6545499e-02   6.8020672e-02   2.0710531e-01  -5.1799655e-03  -5.2700245e-03   1.0161212e-03
   7.2498704e-02   3.6757517e-02   2.8509219e-01  -4.3698155e-03  -5.3065163e-03   8.4993930e-04
   6.9679102e-02   5.2669368e-02   2.8734027e-01  -4.7211462e-03  -5.3109172e-03   7.9942147e-04
   7.9601917e-02   7.2238697e-02   3.4580741e-01  -3.6775579e-03  -5.2463298e-03   6.2765051e-04
   8.2533631e-02   2.4397554e-02   2.3819581e-01  -4.4831559e-03  -5.0982420e-03   6.7774743e-04
   8.4235811e-02   4.1913988e-02   2.8617367e-01  -4.5582090e-03  -5.0425039e-03   6.6204490e-04
   8.8129089e-02   7.2250969e-02   2.7873107e-01  -4.3153911e-03  -5.0018418e-03   8.4636703e-04
   8.1079564e-02   3.6283523e-02   2.9526644e-01  -4.0112435e-03  -4.8736898e-03   9.2312292e-04
   7.3061688e-02   3.0293708e-03   2.9253987e-01  -4.1884834e-03  -4.7046474e-03   1.0554415e-03
   7.8599957e-02   5.4826839e-02   3.3326999e-01  -3.5917628e-03  -4.7428368e-03   1.0614931e-03
   7.4681800e-02   5.9597543e-02   2.6686570e-01  -3.7671922e-03  -4.7127523e-03   1.1388530e-03
   7.4138907e-02   3.7351608e-02   2.5577067e-01  -3.6762840e-03  -4.7553640e-03   1.2598854e-03
   9.0608426e-02   7.1715594e-02   2.9101989e-01  -3.5823334e-03  -4.8068179e-03   9.9906608e-04
   9.4625759e-02   1.0511029e-01   3.0498696e-01  -3.4268521e-03  -4.5671550e-03   9.3919350e-04
   9.9221798e-02   1.8544450e-02   2.9587464e-01  -3.5765340e-03  -4.6733580e-03   1.0316316e-03
   1.0428031e-01   8.0349066e-02   3.6033522e-01  -2.9919097e-03  -4.8039752e-03   8.7184274e-04
   1.0586526e-01   7.2647062e-02   3.1261302e-01  -3.3319537e-03  -4.8634586e-03   8.3068083e-04
   1.0852253e-01   5.3495842e-02   3.3884675e-01  -2.8932797e-03  -5.2868547e-03   6.0999935e-04
   1.1123337e-01   4.1500637e-02   3.7078971e-01  -2.6639572e-03  -5.6194360e-03   4.5583648e-04
   1.0708357e-01   9.8277666e-02   3.7849799e-01  -2.7207053e-03  -5.5961718e-03   5.6532419e-04
   8.6589110e-02   7.4933311e-02   3.3066835e-01  -3.0934103e-03  -5.6622131e-03   9.0418890e-04
   9.0694828e-02   3.8654203e-02   3.2489865e-01  -3.2784630e-03  -5.8192331e-03   7.5978005e-04
   7.9323138e-02   9.4849387e-02   3.3595571e-01  -3.0363586e-03  -5.9344135e-03   8.2374851e-04
   7.2808952e-02   7.3935841e-02   3.1053351e-01  -3.2746298e-03  -6.0837368e-03   9.7150399e-04
   7.2281167e-02   5.1276997e-02   3.1422743e-01  -3.1313470e-03  -6.2423294e-03   9.8523402e-04
