   0.0000000e+00   0.0000000e+00   0.0000000e+00   0.0000000e+00   0.0000000e+00   0.0000000e+00
   1.0388571e-02   1.3181433e-02  -1.9614703e-02  -4.0032710e-04  -3.1490207e-04  -8.2425723e-06
   1.0609153e-02   1.6693144e-03  -9.5029169e-05  -9.5807619e-05  -5.2062469e-04  -4.0954705e-05
   1.6682846e-02   2.4463481e-02   1.0844663e-02  -1.4757697e-04  -3.9034176e-04  -8.5334055e-05
   1.2756034e-02  -5.7957518e-03   3.3401190e-02   1.6725582e-04  -3.8993099e-04  -8.0709460e-05
   9.3263066e-03   1.2813832e-02  -1.6728762e-02   1.5379433e-05  -3.6470421e-04   1.1284233e-04
   2.4031248e-02   2.8018958e-02   5.0121973e-02  -2.9172114e-04  -5.4612282e-04   1.0517689e-04
   1.7664605e-02   1.5166643e-02  -7.4096517e-02   3.7130328e-04  -6.0757197e-04  -1.6645419e-06
   3.2194361e-02   4.5121889e-02   3.7872811e-03   5.3410573e-04  -7.6761461e-04  -1.8388607e-04
   3.5796248e-02   1.1095386e-02   7.5106402e-03   1.6019712e-03  -6.0553258e-04  -4.7742660e-04
   4.8219733e-02   4.3203785e-02   6.2715164e-02   1.4800533e-03  -9.3918590e-04  -5.2701355e-04
   5.7563916e-02  -3.1528033e-03   2.9079820e-02   1.8939657e-03  -9.9678944e-04  -7.9366054e-04
   6.4225420e-02   6.2394048e-02   1.1260664e-01   1.6809859e-03  -1.1058219e-03  -6.9383319e-04
   7.6812682e-02  -2.8922354e-03   4.1626616e-02   1.7377497e-03  -1.1028516e-03  -1.0151751e-03
   7.4609859e-02   3.1406586e-02   1.1217174e-01   1.5170408e-03  -1.2320610e-03  -7.5717850e-04
   9.5349170e-02   1.6437273e-03   9.7221268e-02   1.5513820e-03  -1.1803135e-03  -1.0071935e-03
   1.0079253e-01   3.4249150e-02   1.2590050e-01   1.5596546e-03  -1.2402737e-03  -8.9063820e-04
   9.7762891e-02   1.9890813e-02   1.0125016e-01   1.6630255e-03  -1.2354532e-03  -8.5788805e-04
   1.0809117e-01   3.9545130e-02   1.0025494e-01   1.6772670e-03  -1.4205208e-03  -8.9279042e-04
   1.0112258e-01   3.1113453e-02   1.1468724e-01   1.7324610e-03  -1.3075425e-03  -7.0868478e-04
   1.0279042e-01   4.5515967e-02   1.0207788e-01   1.6734812e-03  -1.3722848e-03  -7.4773914e-04
   8.6048615e-02   3.8687802e-02   1.2047601e-01   1.8355913e-03  -1.2596104e-03  -6.0729424e-04
   8.8226501e-02   3.0913793e-02   8.6228721e-02   1.6219288e-03  -1.3348687e-03  -6.6394060e-04
   8.5833314e-02   5.5782601e-02   1.8849442e-01   1.9172769e-03  -1.2274748e-03  -5.4197684e-04
   1.1979860e-01   6.7485922e-03   1.3117522e-01   2.2822692e-03  -1.5385062e-03  -1.1206781e-03
   8.3122037e-02   3.4437621e-02   2.7631706e-01   3.0196362e-03  -1.1025042e-03  -8.4137754e-04
   8.5753218e-02   1.1998374e-01   2.5287159e-01   1.1294715e-03  -1.0710073e-03  -9.2621724e-04
   7.6637410e-02   3.3324202e-02   2.1045381e-01   1.9603207e-03  -1.1759230e-03  -7.2348633e-04
   7.0889376e-02   3.6400901e-02   1.0054584e-01   1.2141083e-03  -1.3324638e-03  -6.6683013e-04
   6.7707489e-02   3.1966437e-02   2.5484638e-01   1.7329365e-03  -1.2049665e-03  -5.4398003e-04
   6.6293223e-02  -2.2048665e-02   8.3636429e-02   1.7899854e-03  -1.0364217e-03  -7.0365319e-04
   9.0293270e-02   8.3414519e-02   2.7677660e-01   1.8718118e-03  -1.0411220e-03  -8.3491112e-04
   8.4553973e-02  -1.8655606e-02   4.9153593e-02   2.4051030e-03  -1.1745443e-03  -8.8158375e-04
   1.0152731e-01   8.6079730e-02   2.2437749e-01   2.2862072e-03  -1.3727233e-03  -7.3368185e-04
   8.4093518e-02   1.3704713e-02   1.0319981e-01   2.5406683e-03  -1.1409611e-03  -8.0017371e-04
   1.0089704e-01   6.2815999e-02   1.7744735e-01   2.1868009e-03  -1.3740588e-03  -8.0027963e-04
   8.8945630e-02  -5.1903670e-03   1.0558103e-01   2.7155104e-03  -1.3348961e-03  -9.2213867e-04
   8.6224772e-02   6.6403548e-02   1.8359409e-01   1.8649286e-03  -1.2230604e-03  -6.6607176e-04
   7.4881736e-02   3.2761162e-02   1.2056246e-01   2.4198111e-03  -1.1970750e-03  -6.7880182e-04
   8.7706045e-02   5.1553312e-02   1.4217001e-01   1.8014509e-03  -1.2687033e-03  -6.5481725e-04
   7.7098320e-02   2.3569737e-02   1.1920101e-01   2.3312040e-03  -1.1204314e-03  -8.0442751e-04
   8.9625894e-02   4.9537510e-02   1.2225269e-01   1.6852646e-03  -1.3158493e-03  -6.2335686e-04
   8.3994839e-02   1.4867445e-02   1.2265989e-01   2.2693189e-03  -1.1205573e-03  -7.2896747e-04
   9.9733647e-02   2.7364373e-02   1.0090551e-01   1.9147880e-03  -1.3043221e-03  -8.1281917e-04
   9.6605889e-02   1.9758700e-02   1.2060013e-01   2.2272385e-03  -1.3029404e-03  -8.4630272e-04
   8.9138761e-02   3.6311609e-02   1.0313809e-01   1.8276642e-03  -1.1943001e-03  -7.3908419e-04
   9.3846367e-02   2.5281861e-02   1.4887090e-01   2.3428842e-03  -1.1631638e-03  -7.6993981e-04
   8.8923768e-02   4.8785201e-02   1.2641907e-01   2.0469931e-03  -1.1757349e-03  -5.8620531e-04
   9.0755685e-02   4.5444291e-02   1.9728273e-01   2.5629941e-03  -1.1858283e-03  -7.0450917e-04
   7.5810303e-02   3.8756882e-02   5.9203406e-02   2.2152837e-03  -1.2957164e-03  -6.3628735e-04
   8.5412731e-02   5.9135439e-02   2.2992051e-01   2.3557230e-03  -1.4811590e-03  -5.3750120e-04
   7.5539462e-02   3.7160087e-02   9.0402696e-02   2.5800270e-03  -1.5203444e-03  -5.8643166e-04
   9.6687875e-02   6.4829556e-02   2.0763996e-01   3.1497933e-03  -1.6801099e-03  -6.8945335e-04
   9.7663927e-02   7.6115835e-02   1.5939860e-01   3.0869061e-03  -1.5715945e-03  -7.4206646e-04
   1.0971320e-01   6.2801183e-02   2.1171120e-01   3.1517983e-03  -1.7314692e-03  -8.9853768e-04
   9.8530023e-02   4.3317927e-02   1.5621679e-01   3.1650741e-03  -1.4623336e-03  -9.0199648e-04
   9.9328182e-02   3.9276071e-02   1.8113527e-01   3.0308334e-03  -1.5998638e-03  -7.1019833e-04
   9.6281431e-02   5.3856643e-02   1.8095946e-01   3.4016279e-03  -1.7384179e-03  -7.4447083e-04
   9.3558265e-02   4.7524047e-02   1.7722624e-01   3.0983475e-03  -1.7478661e-03  -7.3623014e-04
   7.9051938e-02   5.1066317e-02   1.9728444e-01   3.5323435e-03  -1.5955971e-03  -7.5887614e-04
   7.9424148e-02   2.7295665e-02   1.3426969e-01   3.2350700e-03  -1.6680159e-03  -7.8504721e-04
   8.7570589e-02   7.2583041e-02   2.8783706e-01   3.6279826e-03  -1.6300942e-03  -5.0385944e-04
   9.4306105e-02  -5.7906607e-03   7.8632183e-02   3.1630716e-03  -1.7545139e-03  -7.5964147e-04
   1.0092140e-01   8.8526377e-02   2.8930457e-01   2.7458845e-03  -1.8307371e-03  -5.8680102e-04
   1.0423532e-01  -1.7419195e-02   1.2389345e-01   3.2646534e-03  -1.7895529e-03  -9.5334990e-04
   1.0249294e-01   6.8699725e-02   2.5202637e-01   3.3470125e-03  -2.0755876e-03  -6.8737442e-04
   1.0577628e-01   2.5473210e-02   2.2278053e-01   4.0848849e-03  -2.0650822e-03  -6.8949325e-04
   8.7911726e-02   5.4617590e-02   2.4553009e-01   4.2817579e-03  -2.0319937e-03  -4.0292404e-04
   9.2658449e-02   7.7611940e-02   2.9551350e-01   4.2467922e-03  -2.3343613e-03  -3.1901387e-04
   8.8964247e-02   4.9517675e-02   2.8592105e-01   4.8221601e-03  -2.1789360e-03  -2.7567013e-04
   1.0479047e-01   8.6471587e-02   3.3327854e-01   4.8767363e-03  -2.4999998e-03  -2.9763413e-04
   1.1636516e-01   6.5461385e-02   3.6138408e-01   5.1522229e-03  -2.6104804e-03  -4.2900240e-04
   1.0402575e-01   6.5501319e-02   3.2885296e-01   5.0689579e-03  -2.6809585e-03  -1.9310280e-04
   1.3345396e-01   7.3827131e-02   3.6215588e-01   4.8764696e-03  -2.9008808e-03  -5.6744745e-04
   8.7018589e-02   8.5632515e-02   3.2953840e-01   4.9614340e-03  -2.6229986e-03  -9.2017454e-05
   8.8696167e-02   8.4967568e-02   3.1894399e-01   4.6035984e-03  -2.5718610e-03  -9.2163073e-05
   8.2395434e-02   8.4357181e-02   3.2381354e-01   4.9129465e-03  -2.6121654e-03  -1.3640441e-04
   9.1338402e-02   9.4922344e-02   2.7634726e-01   4.3393662e-03  -2.7382640e-03  -3.0368940e-04
   9.9144795e-02   7.7388403e-02   3.4729419e-01   4.8648367e-03  -2.7000529e-03  -3.3026878e-04
   9.5507805e-02   6.3617038e-02   2.8000041e-01   4.9338442e-03  -2.5619176e-03  -2.5034631e-04
   8.9292014e-02   5.1988508e-02   4.0446072e-01   5.4216634e-03  -2.3887035e-03  -2.4310659e-04
   8.6259293e-02   8.2904386e-02   2.8162743e-01   4.7586387e-03  -2.5050219e-03  -1.4832119e-04
   8.9770533e-02   8.4024509e-02   3.7859429e-01   5.3574678e-03  -2.6359129e-03  -2.8729601e-04
   9.0649169e-02   4.9957784e-02   3.0926760e-01   5.8315180e-03  -2.5538840e-03  -3.4795327e-04
   9.5728254e-02   9.0244625e-02   3.6439810e-01   5.2500697e-03  -2.6285601e-03  -3.8727174e-04
   1.1122492e-01   6.8143260e-02   3.7629311e-01   5.6734928e-03  -2.7113376e-03  -5.0207150e-04
   1.1172964e-01   6.5213849e-02   4.1092357e-01   6.0069161e-03  -2.5698109e-03  -5.9034179e-04
   1.1541781e-01   1.0001283e-01   3.9615368e-01   5.1477381e-03  -2.8252676e-03  -3.6843485e-04
   1.3509148e-01   8.0729821e-02   3.9912989e-01   5.5071391e-03  -2.9461822e-03  -6.4931926e-04
   1.2610245e-01   1.1475301e-01   4.5072985e-01   5.4600898e-03  -3.0384056e-03  -1.7822845e-04
   1.3971305e-01   4.0179190e-02   3.6524853e-01   5.8779931e-03  -3.1045905e-03  -5.1446175e-04
   1.3090756e-01   1.3366616e-01   4.4447273e-01   5.0512740e-03  -3.1659535e-03  -2.5195896e-04
   1.1309938e-01   8.0661069e-02   3.5430183e-01   5.4892150e-03  -3.1455756e-03  -2.2470069e-04
   9.4342255e-02   1.0429947e-01   4.1214718e-01   5.6272504e-03  -2.7607720e-03   1.3380100e-05
   6.3165268e-02   2.4126179e-01   7.3630662e-01   6.4118709e-03  -2.1601033e-03   2.5207360e-04
   7.0378256e-02   7.3341411e-02   5.1894783e-01   7.2369126e-03  -2.2394117e-03   1.3204996e-04
   8.2081470e-02   5.9372318e-02   3.9755501e-01   6.8568923e-03  -2.3037745e-03  -1.8585037e-04
   8.4319654e-02   3.9840339e-02   3.2729906e-01   6.4319284e-03  -2.3379875e-03  -9.5368821e-05
   9.5406340e-02   9.7062383e-02   5.1415276e-01   6.4605945e-03  -2.3145963e-03  -8.9286987e-05
   6.1992956e-02   1.4925450e-01   6.7363281e-01   6.2047220e-03  -1.8434522e-03   1.7012934e-04
   4.7464878e-02   4.9951445e-02   5.2364063e-01   5.9838675e-03  -1.6658460e-03   2.0470572e-04
   3.9308153e-02   3.6611503e-02   4.0959826e-01   5.9025932e-03  -1.8375200e-03   2.0007873e-04
   5.5040290e-02   1.0998468e-02   4.2390360e-01   6.4401686e-03  -1.9542377e-03  -1.1033843e-05
   7.7970921e-02   2.3592721e-02   4.5426053e-01   6.1678091e-03  -1.9269451e-03  -2.5483715e-04
   8.1532630e-02   2.4663145e-02   4.6792867e-01   6.0025415e-03  -1.9274719e-03  -1.5761185e-04
   7.1808371e-02   4.7158306e-02   4.4256475e-01   5.6024018e-03  -1.8033715e-03  -1.1564455e-05
   6.6426548e-02   9.6929902e-02   5.2434476e-01   6.5078377e-03  -2.0326182e-03  -3.5467321e-05
   7.6034081e-02   2.7335632e-02   2.7760378e-01   6.3404882e-03  -2.1358765e-03  -1.0655236e-04
   1.0518735e-01   1.0150694e-01   5.1788920e-01   6.6621609e-03  -2.7296323e-03  -2.9170469e-04
   1.0634814e-01   4.7255769e-02   3.6927704e-01   6.8864360e-03  -2.6889999e-03  -3.9736550e-04
   1.0647680e-01   8.0305129e-02   4.5782322e-01   7.2143316e-03  -2.7099009e-03  -2.9355621e-04
   1.0849841e-01   7.3830651e-02   4.4141192e-01   7.0642642e-03  -2.8830779e-03  -5.0161693e-04
   1.1880559e-01   7.5401917e-02   5.4410765e-01   7.2012014e-03  -2.9289298e-03  -4.5503458e-04
   1.0821250e-01   6.0478637e-02   4.2896038e-01   7.0335635e-03  -2.8878536e-03  -3.5014045e-04
   1.1460661e-01   9.1935936e-02   4.9244315e-01   6.9544939e-03  -2.9803096e-03  -3.4105989e-04
   1.3902106e-01   6.2710498e-02   4.8674000e-01   7.4682915e-03  -3.1957336e-03  -8.4304805e-04
   1.4318167e-01   9.6441305e-02   5.8438628e-01   7.5931978e-03  -3.3365683e-03  -7.0415655e-04
   1.2347600e-01   8.2709587e-02   4.6965632e-01   7.5407250e-03  -3.0353596e-03  -3.6393266e-04
   1.3914941e-01   9.4307013e-02   5.0893244e-01   7.5997786e-03  -3.2326968e-03  -4.2333366e-04
   1.2372207e-01   8.7512871e-02   4.8362142e-01   7.4777925e-03  -3.0475248e-03  -2.6452286e-04
   1.3067620e-01   8.6033574e-02   4.8680117e-01   7.5339712e-03  -3.2840353e-03  -2.8352376e-04
   1.1660290e-01   9.1767929e-02   4.8206307e-01   7.6694408e-03  -3.0921297e-03  -2.7110244e-04
   1.1311280e-01   1.1134020e-01   4.5566666e-01   7.4438202e-03  -3.2167463e-03  -2.2828582e-04
   1.1016464e-01   1.0699220e-01   5.4756665e-01   8.0728188e-03  -2.8761878e-03  -4.3431426e-04
   7.9384909e-02   1.8288150e-01   5.0142708e-01   5.9812037e-03  -2.5099231e-03  -6.2479585e-05
   7.8504446e-02   1.7732810e-01   6.5729877e-01   6.8858402e-03  -2.7008707e-03  -2.5783214e-05
   6.0952619e-02   1.1372253e-01   3.8422996e-01   6.5415488e-03  -2.4703031e-03   1.0098992e-05
   6.5333125e-02   2.0029376e-01   6.0458324e-01   6.7420877e-03  -2.5597776e-03   5.3264850e-06
   7.4836205e-02   1.0112530e-01   4.4849686e-01   6.8215428e-03  -2.3813480e-03  -4.0560221e-04
