   0.0000000e+00   0.0000000e+00   7.1054274e-15   1.3877788e-17  -3.4694470e-18   4.8148249e-35
  -8.5588160e-03  -4.5761910e-02   4.7227175e-02   6.5228159e-05   4.2390490e-04   3.3080610e-04
   2.5422604e-02   1.3028224e-01   9.0371049e-02   2.9274331e-05  -2.3366000e-04  -6.7916554e-05
  -1.0133202e-02  -7.6538509e-02   1.6320658e-02  -3.2156454e-04   8.0862330e-04   7.1191522e-04
   2.6955858e-02   1.7028418e-01   1.1186292e-01   1.0170685e-04  -3.6672042e-04   5.1783083e-05
   2.8340495e-02   1.6447520e-02   1.6255034e-02  -3.3513425e-04   1.0318624e-04   3.0125098e-04
   1.6516097e-02   3.9792745e-02  -5.7475565e-03  -1.4926412e-03   1.5848577e-03   2.6671351e-04
  -2.6275854e-02   2.6958384e-02   7.7770176e-02  -1.2230113e-03   1.6689895e-03   5.6189065e-04
   2.7226753e-02   3.3016278e-02   4.3996025e-02  -1.3580394e-03   2.3550472e-03  -6.0954306e-04
   4.0264069e-02  -9.7037664e-02   2.8296009e-02  -2.9733272e-03   2.3372616e-03  -7.5943369e-04
   6.5914328e-02  -9.0084804e-02   1.7103131e-01  -2.4058760e-03   2.3711292e-03  -1.6390029e-03
   8.4187225e-02  -1.4886947e-01   1.6669975e-01  -2.5240054e-03   2.2595666e-03  -1.9169709e-03
   1.3421959e-01  -1.5729329e-01   1.8375497e-01  -2.5160501e-03   2.2364919e-03  -2.9245191e-03
   1.4452962e-01  -2.0417231e-01   1.5630057e-01  -2.9136805e-03   2.6993946e-03  -3.7821048e-03
   1.6719885e-01  -2.0386274e-01   1.8434865e-01  -2.3778003e-03   1.5727601e-03  -4.0055835e-03
   1.6849991e-01  -2.3658447e-01   1.0433868e-01  -2.6574833e-03   2.0024743e-03  -3.9600017e-03
   1.7331505e-01  -2.5187394e-01   1.8060439e-01  -1.9361291e-03   1.5636759e-03  -3.7868307e-03
   1.9848461e-01  -2.4582188e-01   1.4553869e-01  -1.8103235e-03   1.8542231e-03  -4.3638431e-03
   2.0617757e-01  -2.8428465e-01   1.0906720e-01  -1.8472441e-03   1.8785597e-03  -4.3895335e-03
   2.3230147e-01  -2.9066228e-01   8.0741548e-02  -1.8384503e-03   2.3220291e-03  -4.5992275e-03
   2.2030995e-01  -3.0276175e-01   6.3336970e-02  -2.1199754e-03   2.5890159e-03  -4.4182173e-03
   2.3796523e-01  -3.0666263e-01   5.1946135e-02  -2.3393077e-03   2.6217845e-03  -4.7718867e-03
   2.9336798e-01  -2.8326906e-01   1.5876172e-01  -1.7193164e-03   2.3884387e-03  -5.8114601e-03
   3.1652518e-01  -3.4550312e-01   1.3092259e-02  -2.6938241e-03   2.1363146e-03  -6.3057755e-03
   3.4067564e-01  -3.7116036e-01  -2.1782490e-02  -4.1949993e-03   1.3781758e-03  -6.6358183e-03
   3.3737216e-01  -3.1575933e-01   1.0569868e-01  -3.4717376e-03   9.1920146e-04  -7.2264147e-03
   3.5799708e-01  -2.8928004e-01   1.1910707e-01  -4.2948372e-03  -2.7479929e-04  -8.5967625e-03
   3.9416260e-01  -2.5859514e-01   1.6135539e-01  -3.5890857e-03  -8.4521197e-04  -9.6115724e-03
   3.7919967e-01  -3.3094680e-01   1.2151935e-01  -4.6755646e-03  -6.9117471e-04  -9.4844031e-03
   3.9909383e-01  -1.8382908e-01   2.0076264e-01  -4.3822994e-03  -1.9515605e-03  -1.0451167e-02
   3.7906337e-01  -3.0456303e-01   1.1394288e-01  -5.6322733e-03  -1.2352204e-03  -9.9944826e-03
   4.1485123e-01  -2.3081468e-01   1.7766434e-01  -5.8814101e-03  -8.9454731e-04  -1.0715111e-02
   3.6316700e-01  -2.3839808e-01   1.5663810e-01  -6.5759167e-03   3.6454746e-04  -1.1421529e-02
   3.5798867e-01  -2.0497868e-01   1.2845011e-01  -7.6439437e-03   8.1697749e-04  -1.1767738e-02
   3.2957617e-01  -2.8752741e-01   1.1807204e-01  -7.5237157e-03   1.2477386e-03  -1.1454464e-02
   3.4608564e-01  -2.7257065e-01   1.9454367e-01  -7.2944297e-03   1.1374004e-03  -1.1975486e-02
   3.3890765e-01  -2.8133346e-01   1.8066374e-01  -7.3548905e-03   1.6157668e-03  -1.1955165e-02
   3.6319836e-01  -2.8555330e-01   2.1805457e-01  -6.9576834e-03   1.9487943e-03  -1.1918972e-02
   3.8996171e-01  -3.0587052e-01   1.8373240e-01  -7.2006666e-03   2.4386526e-03  -1.1474193e-02
   4.2280966e-01  -3.1856318e-01   1.7220936e-01  -7.1738096e-03   3.3437375e-03  -1.1009422e-02
   4.7618744e-01  -3.6409147e-01   1.2022208e-01  -7.1839242e-03   5.4937941e-03  -1.1306419e-02
   5.0710430e-01  -4.1078011e-01   1.4239631e-01  -6.3321623e-03   7.2035568e-03  -1.1152541e-02
   5.3369787e-01  -4.0389192e-01   1.0053468e-01  -6.7735217e-03   8.2710152e-03  -1.1179136e-02
   5.7279073e-01  -3.7304043e-01   1.1662635e-01  -7.0166196e-03   8.5951278e-03  -1.1915649e-02
   5.7575129e-01  -3.9424845e-01   8.9387619e-02  -7.4052166e-03   8.9408222e-03  -1.2613726e-02
   5.7031008e-01  -4.5403971e-01   1.4539476e-01  -7.1794663e-03   9.4135157e-03  -1.3349876e-02
   5.6320027e-01  -4.3090670e-01   8.9723414e-02  -7.7969561e-03   1.0538006e-02  -1.3443322e-02
   5.8313240e-01  -4.3299348e-01   1.2668052e-01  -7.2523383e-03   1.0466678e-02  -1.3362670e-02
   5.8228218e-01  -4.0219153e-01   4.0302754e-02  -9.4125100e-03   1.0760194e-02  -1.3048410e-02
   5.6863297e-01  -3.6105508e-01   3.6021895e-02  -1.2664233e-02   1.0471437e-02  -1.3175749e-02
   5.2326859e-01  -2.8780276e-01  -2.5641192e-02  -1.3986925e-02   9.9721827e-03  -1.1930156e-02
   5.3334994e-01  -3.1003605e-01  -2.0036554e-01  -1.8581839e-02   9.4328938e-03  -1.1887685e-02
   6.1587039e-01  -1.8503108e-01  -2.9210868e-01  -2.0747283e-02   9.6560653e-03  -1.4358073e-02
   5.9789735e-01  -1.8410791e-01  -2.0248655e-01  -2.0095393e-02   8.6774847e-03  -1.4766416e-02
   4.8062297e-01  -3.3878259e-01  -3.7383410e-01  -1.7824427e-02   6.5644120e-03  -1.2725272e-02
   5.7398741e-01  -3.3254643e-01  -5.3242378e-01  -2.5969737e-02   9.2347624e-03  -1.4871069e-02
   6.6318355e-01  -3.2715535e-01  -3.5086363e-01  -2.5926275e-02   1.1446473e-02  -1.5984096e-02
   7.0587861e-01  -3.8555507e-01  -3.6000283e-01  -2.7518837e-02   1.2597282e-02  -1.6728321e-02
   7.3286307e-01  -4.2598758e-01  -2.5350614e-01  -2.8163319e-02   1.3314357e-02  -1.7212540e-02
   7.8069852e-01  -4.7780006e-01  -3.0749215e-01  -3.0311467e-02   1.4526748e-02  -1.7917678e-02
   7.8887507e-01  -5.0249231e-01  -3.3435180e-01  -3.1019558e-02   1.5937828e-02  -1.7647737e-02
   8.1629176e-01  -5.3201660e-01  -3.8869536e-01  -3.2378767e-02   1.7848757e-02  -1.7932184e-02
   8.6771477e-01  -5.4707364e-01  -3.7942591e-01  -3.1903567e-02   1.9946640e-02  -1.8682434e-02
   8.9627070e-01  -6.0761657e-01  -3.9972605e-01  -3.2305778e-02   2.0706274e-02  -1.8825270e-02
   9.0645002e-01  -6.1016841e-01  -3.9281801e-01  -3.2797679e-02   2.1468028e-02  -1.8831537e-02
   8.9419240e-01  -6.3154687e-01  -3.6709233e-01  -3.2694040e-02   2.2035280e-02  -1.8395270e-02
   9.1670686e-01  -6.1696503e-01  -3.5778068e-01  -3.2515580e-02   2.2351068e-02  -1.8654436e-02
   9.5031114e-01  -6.6722671e-01  -4.1834079e-01  -3.2960333e-02   2.2960125e-02  -1.8705534e-02
   9.6795557e-01  -6.8575589e-01  -3.7859765e-01  -3.2584011e-02   2.3369638e-02  -1.8437887e-02
   9.8788527e-01  -6.3928691e-01  -3.4223520e-01  -3.1916099e-02   2.3384848e-02  -1.8917663e-02
   9.9247581e-01  -6.6746603e-01  -3.7939398e-01  -3.1910301e-02   2.4231206e-02  -1.8831721e-02
   1.0088174e+00  -6.9422309e-01  -3.3546097e-01  -3.1455203e-02   2.4644793e-02  -1.9113352e-02
   1.0389135e+00  -7.0612629e-01  -2.9781454e-01  -3.1131984e-02   2.5110507e-02  -1.9109603e-02
   1.0825240e+00  -6.7110973e-01  -2.3826083e-01  -3.0481099e-02   2.5032150e-02  -1.9269565e-02
   9.6186628e-01  -5.1859508e-01  -1.5159396e-01  -2.8583484e-02   2.2920936e-02  -1.9385622e-02
   9.2159323e-01  -6.1853938e-01  -1.8362906e-01  -2.8700183e-02   2.1741135e-02  -1.9400792e-02
   9.4814612e-01  -3.8575309e-01  -6.6622181e-02  -2.8954388e-02   2.0302925e-02  -2.0535334e-02
   9.3541854e-01  -5.4678380e-01  -6.7562211e-02  -2.8816893e-02   1.9742426e-02  -2.1161030e-02
   9.3346044e-01  -5.3287681e-01  -3.2994814e-02  -2.8462557e-02   1.9772357e-02  -2.1105140e-02
   9.2821302e-01  -5.9733376e-01  -9.4785854e-04  -2.8649610e-02   2.0258501e-02  -2.0476863e-02
   9.7134481e-01  -6.1242322e-01  -5.9830503e-02  -2.9256655e-02   2.1801298e-02  -1.9746341e-02
   1.0011327e+00  -6.8139262e-01  -1.3016614e-01  -2.9554503e-02   2.2886797e-02  -1.9351582e-02
   1.0142021e+00  -7.0406957e-01  -2.0839348e-01  -3.0244146e-02   2.4061837e-02  -1.8757416e-02
   1.0304319e+00  -7.0871682e-01  -1.8098973e-01  -2.9842713e-02   2.5183326e-02  -1.8915407e-02
   1.0705579e+00  -7.1011050e-01  -1.7328910e-01  -2.9778505e-02   2.5982622e-02  -1.9289406e-02
   1.0743640e+00  -7.2850811e-01  -1.8219170e-01  -2.9629597e-02   2.6477673e-02  -1.9511939e-02
   1.0924815e+00  -7.8762311e-01  -1.9018719e-01  -2.9752069e-02   2.6867671e-02  -1.9414283e-02
   1.0966717e+00  -7.9256306e-01  -1.4138923e-01  -2.9219229e-02   2.7658688e-02  -1.9426233e-02
   1.1322711e+00  -7.5808580e-01  -1.1970818e-01  -2.8487812e-02   2.7383728e-02  -2.0089683e-02
   1.1358980e+00  -8.0636255e-01  -1.5113093e-01  -2.8501974e-02   2.7624270e-02  -2.0283747e-02
   1.1354283e+00  -8.2188044e-01  -1.6918225e-01  -2.8470596e-02   2.7517550e-02  -2.0227303e-02
   1.1506235e+00  -8.0679155e-01  -1.4896375e-01  -2.8022812e-02   2.7815909e-02  -2.0262027e-02
   1.1757455e+00  -7.7049872e-01  -1.3890716e-01  -2.7888587e-02   2.7807257e-02  -2.0213413e-02
   1.1932792e+00  -7.9031747e-01  -1.5644204e-01  -2.7668832e-02   2.8154354e-02  -2.0172193e-02
   1.2062795e+00  -8.0282198e-01  -1.5983444e-01  -2.7815340e-02   2.8268856e-02  -2.0318145e-02
   1.2282897e+00  -7.9897451e-01  -1.4360679e-01  -2.7762940e-02   2.8531139e-02  -2.0572129e-02
   1.2614880e+00  -7.5725496e-01  -1.2830642e-01  -2.7388684e-02   2.8121700e-02  -2.0894054e-02
   1.2903935e+00  -8.3165688e-01  -1.5889298e-01  -2.7416880e-02   2.8930916e-02  -2.1079691e-02
   1.2632690e+00  -7.7445536e-01  -8.3775247e-02  -2.6745165e-02   2.8015098e-02  -2.1229887e-02
   1.1251704e+00  -6.6755057e-01   3.1237637e-02  -2.2417382e-02   2.6004579e-02  -2.0540793e-02
   1.0182121e+00  -7.3097175e-01  -3.4822464e-01  -2.5895538e-02   2.4930300e-02  -1.8533836e-02
   1.0199319e+00  -4.7341600e-01  -2.1163613e-01  -2.6637132e-02   2.3420657e-02  -1.9355931e-02
   1.0653639e+00  -5.7238553e-01  -1.2152894e-01  -2.6713304e-02   2.4002588e-02  -2.0539281e-02
   1.0497135e+00  -5.0532335e-01  -1.4113657e-01  -2.7636880e-02   2.2613490e-02  -2.0392870e-02
   1.0688467e+00  -6.0095478e-01  -1.2933540e-01  -2.8524952e-02   2.3222158e-02  -2.0818822e-02
   1.0776699e+00  -6.1590379e-01  -1.9613017e-01  -3.0464130e-02   2.3821630e-02  -2.1286975e-02
   1.0774555e+00  -6.5502294e-01  -2.1023763e-01  -2.9790855e-02   2.4696382e-02  -2.0926779e-02
   1.0802796e+00  -6.7979497e-01  -2.2952740e-01  -2.9766364e-02   2.4503988e-02  -2.0564639e-02
   1.1031550e+00  -6.5608764e-01  -1.4022977e-01  -2.9203724e-02   2.4450766e-02  -2.0756143e-02
   1.1269559e+00  -6.6187903e-01  -1.5356592e-01  -2.9263841e-02   2.4512188e-02  -2.0712901e-02
   1.1555956e+00  -6.9619352e-01  -1.6671954e-01  -2.9318448e-02   2.4870452e-02  -2.1185717e-02
   1.1666496e+00  -7.0965481e-01  -1.6420607e-01  -2.9395025e-02   2.5191413e-02  -2.0897927e-02
   1.1979341e+00  -7.4112887e-01  -1.5055761e-01  -2.9316127e-02   2.5671769e-02  -2.1221597e-02
   1.2448490e+00  -7.2121345e-01  -1.3066155e-01  -2.9525467e-02   2.5877239e-02  -2.2001737e-02
   1.2571380e+00  -7.4738243e-01  -1.1026816e-01  -2.8989915e-02   2.6221619e-02  -2.1743504e-02
   1.2883609e+00  -7.4911144e-01  -1.3824670e-01  -2.8840428e-02   2.6402032e-02  -2.2256472e-02
   1.3023810e+00  -7.8050557e-01  -1.3702083e-01  -2.8520582e-02   2.6558515e-02  -2.2763062e-02
   1.3063022e+00  -7.4243541e-01  -1.0666823e-01  -2.7857805e-02   2.6203840e-02  -2.2805819e-02
   1.2990732e+00  -7.5724600e-01  -1.0975764e-01  -2.7744332e-02   2.6538173e-02  -2.2724223e-02
   1.3017214e+00  -7.4459931e-01  -1.3084489e-01  -2.7781743e-02   2.6701734e-02  -2.2708891e-02
   1.2888017e+00  -7.9007809e-01  -1.3009540e-01  -2.7887872e-02   2.6712347e-02  -2.2365303e-02
   1.2985539e+00  -7.4301371e-01  -6.9369747e-02  -2.7032795e-02   2.6704617e-02  -2.2363851e-02
   1.3102157e+00  -7.5984632e-01  -9.0753835e-02  -2.7126060e-02   2.6968494e-02  -2.2011567e-02
   1.1865526e+00  -5.2853891e-01   1.0477386e-01  -2.4200110e-02   2.5411476e-02  -2.2615627e-02
   1.1319523e+00  -6.1899628e-01   1.5765701e-01  -2.1634897e-02   2.3267383e-02  -2.1978571e-02
   1.0037655e+00  -7.0368778e-01   2.7647757e-02  -2.3209032e-02   2.3163818e-02  -1.9243961e-02
   1.0597304e+00  -4.4096957e-01   1.5639000e-01  -2.3474673e-02   2.2863351e-02  -2.1041827e-02
   1.0604126e+00  -3.7432308e-01   2.5180412e-01  -2.2653151e-02   2.1507864e-02  -2.1584829e-02
   1.0054113e+00  -4.8755420e-01   1.5212420e-01  -2.3664996e-02   2.0795644e-02  -2.1754690e-02
   1.0361512e+00  -3.6680152e-01   2.4606891e-01  -2.2851845e-02   2.0159396e-02  -2.1556234e-02
   9.5471185e-01  -4.3537093e-01   3.3508641e-01  -1.7256231e-02   1.6800206e-02  -2.1285652e-02
