   0.0000000e+00   0.0000000e+00  -7.1054274e-15  -5.5511151e-17  -6.5052130e-19  -3.6111186e-35
  -4.3813870e-03   4.3474232e-04  -1.5615700e-02  -1.1206764e-03  -5.0766279e-04  -3.9563210e-04
   5.7851711e-02  -3.5230495e-02   1.2709358e-01   3.2418761e-03   2.5286407e-03  -1.4517422e-03
   5.8873246e-02  -8.8955188e-02   4.1121462e-01   1.6039245e-02   6.1536170e-03  -2.1267821e-03
   2.2861225e-01  -3.6562335e-03   6.0380793e-01   2.2144873e-02   6.4203380e-03  -5.2401946e-03
   2.4878310e-01   4.8718813e-02   8.5917021e-01   2.7904925e-02   7.4029570e-03  -6.6097996e-03
   2.9366500e-01   5.6887912e-02   8.9334605e-01   2.8287888e-02   7.4231305e-03  -7.5655344e-03
   2.9460658e-01   5.1448413e-02   8.8687852e-01   2.9334129e-02   7.8364459e-03  -7.2677428e-03
   3.0249349e-01   3.3096625e-02   8.8731766e-01   2.8554175e-02   7.9972085e-03  -7.6912757e-03
   3.0473615e-01   9.0219693e-02   9.3173085e-01   2.9901813e-02   8.2033585e-03  -7.3525355e-03
   3.3913301e-01   2.7106021e-02   9.2691935e-01   2.9977426e-02   8.7960221e-03  -7.6827233e-03
   3.3058619e-01   9.2289976e-02   1.0223535e+00   3.1640386e-02   9.1565379e-03  -7.7292336e-03
   3.5259876e-01   5.8440765e-02   1.0069867e+00   3.2065923e-02   8.9491911e-03  -8.4678605e-03
   3.4388295e-01   7.5744698e-02   1.1174698e+00   3.4105883e-02   9.2281639e-03  -8.7817260e-03
   3.5776436e-01   5.4868476e-02   1.0424513e+00   3.3281317e-02   8.9956980e-03  -8.6786819e-03
   3.7225166e-01   1.7014537e-01   1.2923162e+00   3.6069576e-02   9.1345208e-03  -9.4913391e-03
   3.8373724e-01   1.5820847e-01   1.7894514e+00   4.0191647e-02   9.5594179e-03  -1.1084014e-02
   3.7347506e-01   1.2027941e-01   1.7282306e+00   4.3574376e-02   9.2917939e-03  -1.1059866e-02
   3.4048093e-01   1.3569935e-01   1.8236701e+00   4.5610330e-02   9.2749478e-03  -1.0658952e-02
   3.7518862e-01   1.5967971e-01   1.8609257e+00   4.7506735e-02   9.7441167e-03  -1.1864168e-02
   4.0760950e-01   1.0179012e-01   1.9331617e+00   4.8070519e-02   9.9817356e-03  -1.2359798e-02
   4.0264889e-01   1.5699981e-01   1.8969222e+00   4.8705872e-02   9.9873955e-03  -1.2200862e-02
   4.0735851e-01   1.0097191e-01   1.9995532e+00   4.8327369e-02   1.0313772e-02  -1.2793720e-02
   3.8594680e-01   2.1209986e-01   1.9007351e+00   4.9266518e-02   1.0010320e-02  -1.2555732e-02
   4.2871079e-01   2.9912391e-02   1.9679528e+00   4.7935304e-02   1.0356113e-02  -1.2918047e-02
   3.3360323e-01   4.1051473e-01   1.7493164e+00   5.1486343e-02   9.1534114e-03  -1.1468248e-02
   9.4271749e-02   6.0915135e-01   1.7995814e+00   5.8361388e-02   7.9421997e-03  -9.4288552e-03
   2.1783437e-01   2.9358750e-01   1.8864669e+00   4.4642058e-02   9.0178412e-03  -1.2302432e-02
   1.9668575e-01   3.1363615e-01   1.9146247e+00   4.9142958e-02   1.0103310e-02  -1.1593551e-02
   2.5878943e-01   2.0225755e-01   1.8741119e+00   4.7967157e-02   1.0601172e-02  -1.2817644e-02
   2.4158936e-01   2.6092509e-01   1.9278671e+00   4.9817509e-02   1.1079525e-02  -1.2574870e-02
   2.3662852e-01   2.1756369e-01   1.9819740e+00   4.9506826e-02   1.1327702e-02  -1.2468997e-02
   2.6864944e-01   2.4173813e-01   1.9979286e+00   5.0134728e-02   1.1624940e-02  -1.2593621e-02
   2.7640796e-01   1.7862085e-01   2.0438048e+00   5.0352925e-02   1.2021575e-02  -1.3046732e-02
   2.8735947e-01   2.3349999e-01   2.0880934e+00   5.1365346e-02   1.2169445e-02  -1.2970064e-02
   3.2667327e-01   1.8158511e-01   2.0890706e+00   5.0643220e-02   1.2460658e-02  -1.3107797e-02
   3.2412022e-01   2.1655431e-01   2.0677284e+00   5.1269332e-02   1.2128735e-02  -1.2896779e-02
   3.2662213e-01   2.1482882e-01   2.0763293e+00   5.1401660e-02   1.2592382e-02  -1.2955536e-02
   3.4360029e-01   2.0162548e-01   2.1659699e+00   5.3030842e-02   1.2472670e-02  -1.2839708e-02
   3.4791213e-01   2.5599030e-01   2.1182739e+00   5.2607846e-02   1.2292941e-02  -1.2907738e-02
   3.6540066e-01   1.9467511e-01   2.1804797e+00   5.2690808e-02   1.2288261e-02  -1.2721691e-02
   3.6422738e-01   2.0324593e-01   2.2176055e+00   5.2380914e-02   1.2150561e-02  -1.2259767e-02
   3.5409193e-01   2.2592840e-01   2.1951712e+00   5.2884705e-02   1.2733423e-02  -1.2083310e-02
   3.6534598e-01   1.6721821e-01   2.2057606e+00   5.2728502e-02   1.2360138e-02  -1.1918582e-02
   3.9023871e-01   2.2207753e-01   2.2503122e+00   5.2547806e-02   1.2538475e-02  -1.2040311e-02
   3.6063168e-01   2.2481984e-01   2.2029462e+00   5.2635601e-02   1.2747485e-02  -1.2216951e-02
   3.6948567e-01   1.5740991e-01   2.2610476e+00   5.3786589e-02   1.3262512e-02  -1.2133743e-02
   3.8804974e-01   2.2245047e-01   2.2764049e+00   5.3741509e-02   1.2905543e-02  -1.2187447e-02
   3.9423786e-01   1.6266928e-01   2.3553692e+00   5.3902678e-02   1.3612775e-02  -1.1987232e-02
   3.5610388e-01   1.8346143e-01   2.3494769e+00   5.3770253e-02   1.3384612e-02  -1.1881390e-02
   3.9922554e-01   1.5407107e-01   2.2898217e+00   5.2426294e-02   1.3169529e-02  -1.1694541e-02
   3.7062294e-01   2.3356456e-01   2.0854274e+00   4.7275029e-02   1.1838090e-02  -1.1130796e-02
   4.3113696e-01   1.2641386e-01   2.3237825e+00   5.0988756e-02   1.2323466e-02  -1.0924762e-02
   2.0291792e-01   1.3494095e+00   9.7297621e-01   6.1614240e-02   5.5330432e-03  -1.4084864e-02
   4.1388528e-02   8.1566323e-01   1.2615390e+00   6.2603908e-02   5.5812563e-03  -1.2829560e-02
   1.7294333e-01   5.9974898e-01   1.6111613e+00   6.3256603e-02   8.2576223e-03  -1.3129579e-02
   1.6684839e-01   6.2663859e-01   1.4763764e+00   6.3346912e-02   8.0071353e-03  -1.3290642e-02
   2.1840973e-01   5.2100603e-01   1.6282021e+00   6.4133927e-02   9.3992882e-03  -1.3524947e-02
   2.3358666e-01   5.9030751e-01   1.6344849e+00   6.4179703e-02   9.0787478e-03  -1.3509702e-02
   2.7990272e-01   4.8887480e-01   1.7441931e+00   6.4494527e-02   9.8239779e-03  -1.3617896e-02
   2.7994237e-01   5.1526424e-01   1.8584054e+00   6.5449704e-02   9.6218737e-03  -1.3488856e-02
   3.1034011e-01   4.8489164e-01   1.8877030e+00   6.4524977e-02   1.0386218e-02  -1.3302202e-02
   3.0550939e-01   4.5849232e-01   1.9964690e+00   6.4758846e-02   1.0449332e-02  -1.3170490e-02
   3.3448906e-01   4.5273892e-01   1.9365718e+00   6.2257302e-02   1.0745918e-02  -1.3454551e-02
   3.1165365e-01   4.5215153e-01   1.9305989e+00   6.2165457e-02   1.1181593e-02  -1.3751440e-02
   3.1615815e-01   3.9131239e-01   2.0540452e+00   6.3864270e-02   1.1718268e-02  -1.3612773e-02
   3.4861933e-01   4.4660869e-01   2.0124274e+00   6.3758795e-02   1.1567514e-02  -1.3768463e-02
   3.4549879e-01   3.7707464e-01   2.0970974e+00   6.4130224e-02   1.2334121e-02  -1.3995051e-02
   3.2301901e-01   4.0771730e-01   2.1201431e+00   6.4488428e-02   1.2345743e-02  -1.3951208e-02
   3.4585761e-01   3.8874748e-01   2.1056431e+00   6.4251992e-02   1.2497560e-02  -1.3823355e-02
   3.4286762e-01   3.7153726e-01   2.1479566e+00   6.4595780e-02   1.2647692e-02  -1.3866617e-02
   3.5038910e-01   3.8924820e-01   2.1282300e+00   6.3789166e-02   1.2374703e-02  -1.3609561e-02
   3.3015718e-01   3.8287713e-01   2.1235585e+00   6.3412357e-02   1.2623630e-02  -1.3767332e-02
   3.0805903e-01   3.6607722e-01   2.1474594e+00   6.3652411e-02   1.2812891e-02  -1.3729084e-02
   3.0223987e-01   4.2542475e-01   2.0892480e+00   6.3472932e-02   1.2456673e-02  -1.3626311e-02
   3.1558515e-01   3.5447799e-01   2.0886657e+00   6.2456847e-02   1.2529233e-02  -1.3768797e-02
   3.1243333e-01   4.5439708e-01   2.0104808e+00   5.9892498e-02   1.1959813e-02  -1.3855343e-02
   3.2521079e-01   3.7733044e-01   1.9853077e+00   6.0919320e-02   1.2283977e-02  -1.3849187e-02
   2.8849765e-01   3.5558419e-01   2.0208524e+00   6.2347386e-02   1.2065641e-02  -1.3389676e-02
   3.0095570e-01   4.1845075e-01   1.9186015e+00   6.2262193e-02   1.2434394e-02  -1.3721312e-02
   3.1332882e-01   4.0143927e-01   1.9296811e+00   6.2292800e-02   1.2886221e-02  -1.4016317e-02
   3.0287308e-01   4.2409028e-01   1.8582554e+00   6.2067399e-02   1.3378725e-02  -1.3781494e-02
   3.1686428e-01   4.2911943e-01   1.9179228e+00   6.2552253e-02   1.3270959e-02  -1.3902571e-02
   3.0643510e-01   4.0845505e-01   2.0279554e+00   6.2430867e-02   1.4128248e-02  -1.3884023e-02
   2.9479899e-01   4.1328997e-01   2.1421236e+00   6.2454510e-02   1.4356856e-02  -1.3358279e-02
   3.1565771e-01   3.7640204e-01   2.1349130e+00   6.2207049e-02   1.4588442e-02  -1.3696108e-02
   3.0081887e-01   3.8140811e-01   2.2079125e+00   6.2335456e-02   1.4294825e-02  -1.3883238e-02
   3.1278503e-01   3.7799899e-01   2.1389463e+00   6.1218556e-02   1.4401387e-02  -1.3745370e-02
   2.6892634e-01   3.7594224e-01   2.2401727e+00   6.0510595e-02   1.4108054e-02  -1.3838535e-02
   2.9317782e-01   3.8312197e-01   2.2411931e+00   6.0738377e-02   1.4138673e-02  -1.4285710e-02
   2.4994670e-01   3.8231169e-01   2.2849529e+00   6.0981607e-02   1.3771902e-02  -1.4732401e-02
   2.6103077e-01   2.6872613e-01   1.9874657e+00   6.3319413e-02   1.3386307e-02  -1.5143094e-02
   2.6038311e-01   2.0651638e-01   1.9541376e+00   6.5885761e-02   1.2752284e-02  -1.6447115e-02
   2.0566402e-01   2.9346484e-01   2.4484016e+00   6.5278902e-02   1.0622364e-02  -1.4184087e-02
   2.0465807e-01   2.6092221e-01   2.7999164e+00   6.4906726e-02   8.3995660e-03  -1.3198767e-02
   1.9089058e-01   1.5226377e-01   2.6389536e+00   6.5190157e-02   9.4991538e-03  -1.4227088e-02
   1.6893978e-01   9.5113373e-02   2.9629071e+00   6.4941438e-02   8.8606582e-03  -1.4324713e-02
   2.3220606e-01   1.1751647e-01   2.8291647e+00   6.3329737e-02   1.0003631e-02  -1.5166780e-02
   2.0384394e-01   5.6675235e-02   3.0608334e+00   6.1311198e-02   9.0630182e-03  -1.4641289e-02
   2.9886129e-01   1.0752690e-01   2.1422297e+00   6.2501040e-02   9.9045917e-03  -1.6440736e-02
   2.3387767e-01   1.5748442e-01   1.6843369e+00   6.8814831e-02   7.3691059e-03  -1.2795977e-02
   1.5024206e-01   4.0046185e-01   6.7617276e-01   5.7963865e-02   8.5458347e-03  -1.1036934e-02
  -1.3694581e-02   2.7093968e-01  -8.5304841e-01   4.3093887e-02   1.2176401e-02  -2.2533432e-03
   5.9871388e-03   3.2806956e-01  -3.1181635e-01   4.8084051e-02   1.2748262e-02  -1.9261159e-03
   1.0323617e-01   3.6382956e-01  -3.2992831e-01   5.1518841e-02   1.4406148e-02  -5.1038806e-03
   1.2745713e-01   3.0803549e-01  -8.8987963e-02   5.3183749e-02   1.4430235e-02  -5.6246701e-03
   1.6071610e-01   3.5118747e-01  -1.2521818e-01   5.3868544e-02   1.4537347e-02  -6.2465226e-03
   1.7953024e-01   3.4830089e-01  -1.8861952e-02   5.4626511e-02   1.4553165e-02  -6.5782774e-03
   2.0950811e-01   3.5334983e-01  -1.4183953e-02   5.4986314e-02   1.4587550e-02  -7.0093756e-03
   2.1208900e-01   3.5244947e-01   8.6715766e-02   5.6101422e-02   1.5143093e-02  -7.2670062e-03
   2.5078327e-01   3.5941254e-01   5.6061081e-03   5.5842660e-02   1.4893027e-02  -7.6084911e-03
   2.5937852e-01   3.5357932e-01   1.1594845e-01   5.5408679e-02   1.3828733e-02  -7.4464288e-03
   2.5920608e-01   4.1559001e-01   1.5948731e-01   5.4420586e-02   1.3411712e-02  -7.8746289e-03
   2.6392907e-01   4.0545631e-01   4.0263354e-01   5.6748511e-02   1.4257209e-02  -9.1864759e-03
   2.6587471e-01   4.1304121e-01   4.8956651e-01   5.8209777e-02   1.3755541e-02  -9.5473491e-03
   2.6342554e-01   4.6656806e-01   6.0402201e-01   5.8777167e-02   1.3953546e-02  -9.9341129e-03
   3.0596714e-01   3.9689371e-01   5.5039427e-01   5.6903682e-02   1.3577725e-02  -1.0200257e-02
   3.3649079e-01   4.2163789e-01   6.9372200e-01   5.7283898e-02   1.3039187e-02  -1.0540593e-02
   2.8963653e-01   4.4950627e-01   6.7401362e-01   5.7451060e-02   1.3458916e-02  -1.0784784e-02
   2.8049304e-01   3.9857390e-01   8.0321807e-01   5.7484531e-02   1.3924650e-02  -1.0820794e-02
   2.9560366e-01   4.4566474e-01   6.7708209e-01   5.5539981e-02   1.3050888e-02  -1.0573476e-02
   2.8081935e-01   3.9396036e-01   6.2643789e-01   5.4466795e-02   1.3038551e-02  -1.0344277e-02
   2.5199696e-01   4.0168545e-01   7.5552674e-01   5.5648167e-02   1.3739055e-02  -1.0568523e-02
   2.7448304e-01   4.4307572e-01   7.2018555e-01   5.6315102e-02   1.3517937e-02  -1.0833728e-02
   2.4529913e-01   3.8435855e-01   7.9076463e-01   5.5694185e-02   1.3594436e-02  -1.0580263e-02
   2.1533593e-01   3.7017638e-01   6.9368837e-01   5.4441797e-02   1.3789844e-02  -9.9520319e-03
   2.1016148e-01   4.4199066e-01   1.3348658e+00   5.7493105e-02   1.3435110e-02  -1.0493619e-02
   2.3059608e-01   3.9890248e-01   2.4325623e+00   5.8817409e-02   1.1060571e-02  -1.2403119e-02
   2.2840362e-01   2.1252927e-01   2.5946963e+00   5.9566382e-02   1.1544102e-02  -1.2716150e-02
