   0.0000000e+00   0.0000000e+00  -7.1054274e-15  -5.5511151e-17  -8.6736174e-19  -4.8148249e-35
   6.7622112e-03   2.5283630e-02   1.5325903e-03  -4.6242879e-05   9.6600460e-04   3.2859731e-04
   4.3036574e-03   4.3492301e-02   1.6512462e-02   3.2388228e-04   9.9996867e-04   5.9387556e-04
   3.6914313e-03   2.5467906e-02   3.7104866e-02   1.4846253e-04   1.2000538e-03   7.6584854e-04
   8.3718419e-03   3.5339762e-02   5.2171068e-02   8.8497463e-06   1.4283605e-03   7.7729070e-04
   1.2687362e-02   2.3778148e-02   5.4084212e-02   9.0717933e-05   1.4656472e-03   1.0381843e-03
   2.7325776e-02   1.0113433e-02   4.5428975e-02   8.5322308e-05   1.7780200e-03   1.1674504e-03
   3.5781174e-02   2.2308086e-02   2.1720741e-02  -2.1144107e-04   2.2247776e-03   1.4904895e-03
   3.0289598e-02   4.6011350e-02   1.3191548e-02   3.2215067e-05   2.0807455e-03   1.6686652e-03
   3.4631809e-02   4.5242729e-02   2.2459862e-02  -1.8105018e-05   2.4204444e-03   2.0466346e-03
   4.3613110e-02   3.4684849e-02   1.5111724e-02  -6.8374123e-04   2.7111752e-03   1.9882286e-03
   4.4461468e-02   3.6160423e-02   2.2750269e-02  -1.3987988e-03   2.8179130e-03   1.9515348e-03
   4.4679180e-02   2.3981799e-02   2.3298128e-02  -9.6338595e-04   2.6064339e-03   2.0480724e-03
   5.2307144e-02   2.3570043e-02   2.1356585e-02  -1.5893806e-03   2.8944951e-03   2.0039759e-03
   5.3207178e-02   3.8328616e-02   1.9844610e-02  -1.1985596e-03   2.9198297e-03   2.1929538e-03
   5.2094387e-02   1.8218338e-02   1.8979707e-02  -1.7527986e-03   3.0138763e-03   2.1701319e-03
   5.1706305e-02   1.9193933e-02   2.1362245e-02  -1.6026226e-03   2.8715605e-03   2.1693578e-03
   5.0023514e-02   3.9162156e-02   1.3715247e-02  -1.5992020e-03   2.7907353e-03   2.2834698e-03
   5.4013967e-02   1.6326610e-02   6.8187323e-03  -1.7117011e-03   2.8763693e-03   2.1157070e-03
   4.7775209e-02   3.5875427e-02  -1.1475707e-03  -1.5515981e-03   2.9179130e-03   1.8606670e-03
   4.7047728e-02   3.7868052e-02   5.9944366e-03  -1.8812147e-03   2.8232032e-03   1.9850608e-03
   5.3089331e-02   1.8446365e-02   3.9381621e-02  -3.2697452e-03   3.1124510e-03   2.1138370e-03
   5.3623579e-02   4.7386839e-02   5.9261015e-02  -2.5270847e-03   3.5464917e-03   2.0961211e-03
   5.5602522e-02   1.5306511e-02   4.7960647e-02  -2.6224526e-03   3.5003848e-03   2.3883206e-03
   6.5068202e-02   2.4569639e-02   4.6786317e-02  -2.4298268e-03   3.9252896e-03   2.4067170e-03
   6.1960128e-02   2.9268840e-02   6.9346805e-02  -2.3338258e-03   4.0025907e-03   2.0938507e-03
   5.9178025e-02   1.2680257e-02   5.4191116e-02  -2.6846439e-03   3.6250625e-03   2.0598370e-03
   6.0521526e-02   1.0956049e-03   6.1375282e-02  -2.9126634e-03   3.6785028e-03   2.0482297e-03
   5.4756374e-02   1.7332747e-02   3.3169339e-02  -3.4501104e-03   3.1125492e-03   1.9430382e-03
   5.7119216e-02   2.6065645e-03   3.0854992e-02  -3.5098928e-03   3.0664412e-03   1.8125163e-03
   5.5923785e-02   1.9720755e-02   3.5416459e-02  -3.4889300e-03   2.9945454e-03   1.9742475e-03
   6.7246419e-02  -6.0537696e-03   1.2043405e-02  -3.1293380e-03   3.3208586e-03   2.3243174e-03
   7.1700143e-02   1.4903788e-02   3.1605491e-02  -2.8797583e-03   3.0543931e-03   2.6098886e-03
   6.5872778e-02   2.6035887e-02   2.9373383e-02  -3.0404800e-03   2.9697729e-03   2.7199271e-03
   5.8836073e-02   2.3321954e-02   4.5196138e-02  -2.7828666e-03   3.0780801e-03   2.7478126e-03
   6.5607514e-02   2.3198369e-02   5.5084704e-02  -2.8738587e-03   3.1026481e-03   2.7278721e-03
   5.9043316e-02   2.7690068e-02   4.5032922e-02  -2.7890847e-03   2.8920459e-03   2.7163820e-03
   5.8928496e-02   1.8994648e-02   5.0069272e-02  -2.7986260e-03   2.7899604e-03   2.8427379e-03
   5.9701782e-02   2.5253315e-02   5.6287595e-02  -2.6444242e-03   3.1385175e-03   2.7773019e-03
   6.3114121e-02   2.7763555e-02   4.6208617e-02  -3.0120397e-03   3.0684549e-03   2.8616079e-03
   6.6477155e-02   2.3964269e-02   4.2787539e-02  -2.5256471e-03   3.0891779e-03   2.9062478e-03
   6.7774048e-02   2.0604274e-02   3.1335182e-02  -2.6565715e-03   3.0148406e-03   2.9352552e-03
   5.9824151e-02   3.8015067e-02   5.7730756e-02  -2.3280428e-03   2.8771282e-03   2.9143049e-03
   5.4354133e-02   2.7524394e-02   3.3695578e-02  -2.2371760e-03   2.3494457e-03   3.0075525e-03
   4.8801787e-02   3.6244350e-02   4.0774462e-02  -1.8290566e-03   2.3587580e-03   2.9363330e-03
   4.1092370e-02   6.5753426e-02   4.6174684e-02  -1.9567815e-03   2.3049440e-03   2.7932730e-03
   4.2764456e-02   5.2977359e-02   4.7157218e-02  -2.1072375e-03   2.2523542e-03   2.6775829e-03
   4.4499876e-02   2.4730720e-02   6.2537635e-02  -2.8369482e-03   2.3106965e-03   2.5252914e-03
   4.4848935e-02   4.6766378e-02   6.9525729e-02  -2.6192180e-03   2.3840915e-03   2.3993460e-03
   4.2566894e-02   2.3647496e-02   5.6519607e-02  -3.0109793e-03   2.2300429e-03   2.0094684e-03
   5.5620266e-02   1.1209627e-02   1.1322136e-01  -2.5318719e-03   2.2732814e-03   1.8893101e-03
   4.7326180e-02   6.5543421e-02   1.0816527e-01  -3.3761460e-03   2.4312712e-03   2.1443072e-03
   4.7365316e-02  -3.0868354e-03   7.4358758e-02  -3.4057974e-03   2.4032652e-03   2.0451034e-03
   3.7739859e-02   5.2040318e-02   1.2278376e-01  -4.1045893e-03   1.6765097e-03   1.8658482e-03
   4.0989489e-02  -3.3625204e-02   3.4430073e-02  -5.2910658e-03   1.7834108e-03   2.0733579e-03
   4.2827481e-02  -7.0045568e-03   1.4877142e-02  -5.2354123e-03   2.4512303e-03   2.3468334e-03
   4.4227204e-02  -8.4493995e-03   2.3608701e-02  -4.6056247e-03   2.4173149e-03   2.4645083e-03
   4.1630795e-02  -6.4458226e-03   4.2112133e-02  -4.6406453e-03   2.4767710e-03   2.3500742e-03
   3.8192882e-02  -1.3954480e-04   4.1315716e-02  -4.4623798e-03   2.4165840e-03   2.2512897e-03
   4.0609718e-02  -6.6193077e-04   1.4499708e-01  -5.0035689e-03   2.1611270e-03   2.2192625e-03
   4.1998280e-02   8.3014004e-03   1.6428046e-01  -4.7251835e-03   2.0691811e-03   2.3730855e-03
   3.7421695e-02  -3.7514550e-03   1.0554450e-01  -5.4206454e-03   2.2550490e-03   2.4357135e-03
   3.5230746e-02  -5.7984058e-03   1.3421799e-01  -4.6089594e-03   2.1535823e-03   2.3927935e-03
   3.8281615e-02  -4.3948271e-03   1.3471682e-01  -4.8447096e-03   2.3189990e-03   2.2384340e-03
   3.4101880e-02   1.1517993e-02   1.4233303e-01  -4.3920796e-03   2.1001897e-03   2.2582005e-03
   3.3756387e-02  -1.4344099e-02   1.3063546e-01  -4.6024165e-03   2.0241268e-03   2.1613792e-03
   3.4206455e-02  -2.9226298e-04   1.3757269e-01  -4.3788419e-03   2.1031264e-03   2.0022405e-03
   2.6591142e-02   7.6167038e-03   1.1025242e-01  -4.6026885e-03   1.9843298e-03   2.0751392e-03
   3.0751486e-02  -8.9217631e-04   1.3866294e-01  -4.3724135e-03   1.8437986e-03   1.9384666e-03
   2.8206808e-02   1.9341896e-02   1.3428787e-01  -4.8722649e-03   1.6396746e-03   1.7679464e-03
   2.9530274e-02  -1.1538977e-02   1.3618245e-01  -4.0286298e-03   1.5842540e-03   1.9877752e-03
   3.0082435e-02  -3.0327579e-03   1.2787000e-01  -4.9749576e-03   1.5007082e-03   1.7785596e-03
   2.7298420e-02   1.0875961e-02   1.2193037e-01  -4.4977230e-03   1.4597262e-03   1.7381851e-03
   3.2534498e-02  -1.6132922e-03   1.1337741e-01  -5.0796818e-03   1.5066366e-03   1.7598089e-03
   3.3842482e-02   2.6498389e-02   1.4275848e-01  -3.3557440e-03   2.2394998e-03   1.3879656e-03
   2.1563572e-02   1.0603079e-02   1.2003491e-01  -3.6702420e-03   1.8935981e-03   9.5906928e-04
   3.2469681e-02  -7.4124180e-03   1.0892486e-01  -3.8574595e-03   1.6125925e-03   9.9995023e-04
   4.3443918e-02   3.5756923e-02   1.6166154e-01  -4.1431346e-03   2.5703862e-03   8.4806734e-04
   3.0908514e-02   3.3518316e-05   1.1191382e-01  -6.3797214e-03   1.5288272e-03   1.0436572e-03
   4.0664031e-02   8.1564190e-03   7.9626825e-02  -5.8223332e-03   1.8702931e-03   1.8368099e-03
   3.3845906e-02  -6.2376504e-03   1.0419838e-01  -5.5053059e-03   1.5394144e-03   2.0099001e-03
   3.1134486e-02   1.4864706e-02   1.0974802e-01  -5.5008492e-03   1.5075941e-03   2.3380435e-03
   4.9003811e-02   1.6571131e-02   1.0328923e-01  -4.8338002e-03   1.8781910e-03   2.8978553e-03
   5.0423397e-02  -8.2093171e-05   1.6724514e-01  -5.7905084e-03   2.1666004e-03   2.6581160e-03
   4.6804556e-02   7.1643752e-03   1.6616521e-01  -5.3881685e-03   2.2657202e-03   2.5871677e-03
   4.8638799e-02   1.6736459e-03   1.6390195e-01  -4.8844057e-03   2.1612704e-03   2.8491073e-03
   4.4715323e-02   6.5845281e-03   1.6800074e-01  -4.9728428e-03   2.0375538e-03   2.4159558e-03
   4.3143659e-02   2.5782292e-02   1.6034160e-01  -4.6584750e-03   1.9282744e-03   2.8180953e-03
   4.3500967e-02   1.0159227e-02   1.5634662e-01  -4.9867853e-03   2.2005676e-03   2.6002828e-03
   4.8057037e-02   6.0577575e-03   1.5394235e-01  -4.9845436e-03   2.0502637e-03   2.8985306e-03
   4.2329256e-02   1.6295659e-02   1.5995271e-01  -5.1750680e-03   1.9865269e-03   2.4371679e-03
   4.8691509e-02  -1.0983716e-02   1.7340814e-01  -4.6330280e-03   2.0619015e-03   2.5951245e-03
   4.3070724e-02  -2.7959774e-03   1.5669319e-01  -5.2456297e-03   1.9192872e-03   2.4968350e-03
   4.1873573e-02  -2.7805706e-03   1.4748671e-01  -5.1420350e-03   1.5958187e-03   2.5462053e-03
   4.0591086e-02  -3.2670394e-03   1.3037619e-01  -5.1282806e-03   1.5665196e-03   2.3418512e-03
   3.9694066e-02  -6.7264407e-03   1.3982457e-01  -5.2571177e-03   1.5017036e-03   2.6034674e-03
   3.8658226e-02   1.3054727e-02   1.4548367e-01  -5.3867252e-03   1.6264208e-03   2.3505001e-03
   4.2674470e-02  -1.6410939e-02   1.3847427e-01  -5.5502837e-03   1.7576909e-03   2.5826675e-03
   4.4043221e-02  -4.7418438e-03   1.4627863e-01  -4.8693505e-03   1.5723220e-03   2.0949461e-03
   5.1116190e-02   1.7692470e-02   1.8916008e-01  -2.5567953e-03   1.2155872e-03   2.1272273e-03
   3.4485674e-02   6.2018891e-02   1.3989650e-01  -5.2139146e-03   1.6021895e-03   1.6990842e-03
   3.2957326e-02   6.8408712e-03   2.3073203e-01  -7.0317581e-03   3.5369032e-04   2.3352204e-03
   3.6822883e-02   1.5446147e-02   1.9306552e-01  -7.5131948e-03   1.1140015e-03   2.1145688e-03
   4.0909587e-02  -3.0687258e-02   2.1023699e-01  -7.2241816e-03   8.8035965e-04   2.6443776e-03
   3.6548344e-02   4.1109082e-03   1.6243121e-01  -7.1851951e-03   1.6007169e-03   2.6746778e-03
   3.2036491e-02   4.3980705e-05   1.5619830e-01  -7.5158679e-03   2.8400165e-04   3.7728132e-03
   2.2942596e-03   2.1352523e-03   4.7483211e-02  -7.1606912e-03   2.9707709e-03   1.3224194e-05
  -2.3212072e-03  -2.8817795e-02   1.0111057e-02  -1.9838244e-03   6.3071387e-03  -3.0370933e-03
   1.3154063e-02   1.8768767e-02   2.0978564e-03  -4.9445101e-03   3.9786328e-03  -5.3064556e-05
   2.2877069e-02   2.6351073e-02   1.0318577e-01  -5.7089953e-03   4.7627346e-03  -4.5797789e-04
   3.0753824e-02   2.1241936e-02   1.5282729e-01  -6.2876309e-03   4.3116238e-03   7.5599720e-04
   3.9920632e-02   1.7805978e-02   1.6705542e-01  -6.3501689e-03   4.7252432e-03   8.4358872e-04
   3.5448810e-02   6.1000568e-03   1.8361108e-01  -6.4608073e-03   4.2996056e-03   1.3156334e-03
   3.5013457e-02  -2.2785982e-03   1.7881514e-01  -6.2897204e-03   4.4574356e-03   9.6716428e-04
   3.5490395e-02   5.3591092e-03   1.7387272e-01  -6.4309510e-03   4.2382262e-03   1.4270175e-03
   4.1501375e-02  -1.1888795e-02   1.6475995e-01  -6.6075165e-03   4.6260718e-03   1.0832799e-03
   3.6338484e-02  -8.1443849e-03   1.6894947e-01  -6.5326731e-03   4.1813768e-03   1.3492398e-03
   3.4684333e-02   1.0585802e-02   1.6592995e-01  -6.4413882e-03   4.1598576e-03   1.0607170e-03
   2.6482659e-02  -1.0858153e-02   1.6540569e-01  -6.6902271e-03   3.9036179e-03   1.2145135e-03
   2.2930398e-02  -6.5421270e-03   1.8329597e-01  -6.6089311e-03   3.9214952e-03   9.6812487e-04
   2.2160946e-02   2.8747341e-02   1.7404165e-01  -6.7513004e-03   3.6123921e-03   1.1185330e-03
   1.8375445e-02   7.0948400e-03   1.7465297e-01  -6.5710129e-03   3.7108351e-03   7.8449157e-04
   2.1800983e-02   1.4529548e-02   1.8739867e-01  -6.4043356e-03   3.7477468e-03   7.4516884e-04
   2.5636649e-02   2.7120108e-02   2.1901789e-01  -6.3794525e-03   3.8412891e-03   3.3394252e-04
   2.4801056e-02   1.9218228e-02   2.5362327e-01  -6.4736869e-03   3.0007511e-03   6.8778027e-04
   6.0985499e-02  -7.0891027e-03   2.6943060e-01  -6.2178333e-03   3.9050652e-03   9.0148667e-04
   6.5252436e-02   5.1646877e-02   3.0038566e-01  -5.8498089e-03   4.4852870e-03   1.3525196e-03
   5.0424620e-02   2.2004935e-04   2.8252138e-01  -7.3317720e-03   3.9011341e-03   1.2566733e-03
   3.4606805e-02   5.1540393e-03   9.1757393e-02  -7.1063859e-03   4.5972789e-03   3.7849676e-04
   6.6557719e-02   1.6711983e-03   1.1477376e-01  -4.7699028e-03   5.1725532e-03   1.5967754e-03
   6.7359625e-02   4.2980884e-02   1.5835311e-01  -6.7282808e-03   4.8348846e-03   1.8913020e-03
   5.7996619e-02   1.7172475e-02   1.8126686e-01  -5.0772738e-03   4.5310715e-03   2.3715320e-03
   6.4055055e-02   1.6995414e-02   1.9745588e-01  -6.2665686e-03   4.4395714e-03   2.3659218e-03
   6.9595821e-02   2.2701431e-02   1.9261166e-01  -6.2084549e-03   4.6442402e-03   2.2573769e-03
   7.0755807e-02  -5.0490641e-02   2.0376002e-01  -6.0156058e-03   4.2465881e-03   2.3783083e-03
   5.9780020e-02   3.3404739e-02   1.6808754e-01  -6.6282039e-03   4.3019383e-03   2.0386089e-03
   5.3627891e-02  -3.1285641e-02   2.2796430e-01  -5.6812364e-03   3.8875670e-03   2.3315106e-03
   5.8857546e-02  -3.7180284e-03   2.1699341e-01  -6.5088366e-03   4.2454858e-03   1.7500592e-03
   6.5523092e-02  -4.7832043e-02   1.9746727e-01  -7.2791359e-03   4.1885534e-03   1.7267798e-03
   6.3700986e-02  -4.4731897e-02   2.1568852e-01  -6.3077991e-03   3.8795308e-03   1.7799439e-03
   6.1690859e-02   2.0418082e-02   2.5905182e-01  -6.1627383e-03   3.9349416e-03   1.5980697e-03
