   0.0000000e+00   0.0000000e+00   0.0000000e+00   0.0000000e+00   0.0000000e+00   0.0000000e+00
  -5.4976628e-02   2.0957474e-02  -9.3620122e-02  -4.7434704e-03  -3.4525146e-06  -1.0666315e-03
  -1.3269276e-01  -3.5323162e-02   3.5425989e-02  -2.8920115e-03  -4.7828127e-04  -1.1125453e-04
  -8.8319964e-02  -4.9066992e-02   1.6763315e-01  -3.9820107e-03  -2.7832579e-04  -4.1412164e-04
  -1.0974720e-01   4.6252051e-02   1.4994756e-01  -3.9988704e-03  -4.5056275e-04  -5.3422979e-04
  -7.2595611e-02  -6.9302479e-02   2.0226032e-01  -3.6080753e-03  -8.5622081e-04  -4.1635173e-04
  -1.0722838e-01   6.4918905e-03   2.0321230e-01  -2.9100747e-03   2.4700475e-04  -7.9203725e-04
  -9.5929672e-02   5.2142605e-04   2.1808251e-01  -3.4058783e-03  -3.8015828e-04  -1.3887194e-03
  -8.9216676e-02  -2.3071485e-02   2.9742762e-01  -3.1788406e-03   4.9756119e-05  -1.3077465e-03
  -8.6520161e-02   4.5064609e-02   3.1664748e-01  -4.5256228e-03  -7.0611214e-04  -1.0233540e-03
  -9.1338712e-02  -3.2896475e-02   4.0688176e-01  -3.9780916e-03  -5.2780271e-04  -1.0788967e-03
  -1.0464413e-01  -3.2545285e-02   5.2501767e-01  -3.6784546e-03  -1.1782383e-03  -1.2957700e-03
  -5.9284143e-02  -1.0191613e-01   6.6594027e-02  -9.2101455e-04  -1.2270217e-03  -1.6498078e-03
  -4.3416726e-02   9.5199922e-02   1.8293028e-01  -5.1792159e-03  -8.8177591e-04  -1.4248074e-03
   3.2079721e-02  -6.5686864e-02   3.3226938e-01  -4.8330675e-03  -1.4185908e-03  -1.7867288e-03
   2.3205373e-03   3.1340416e-02   3.6589507e-01  -5.2446164e-03  -1.3294509e-03  -2.8924386e-03
  -2.1611166e-02  -5.2267691e-02   4.2487814e-01  -5.4294495e-03  -1.2180726e-03  -3.0275078e-03
  -4.5991938e-02   2.3288585e-02   4.1666027e-01  -5.8284899e-03  -3.4076353e-04  -3.0276234e-03
  -5.1869885e-02   1.6978223e-02   4.8851107e-01  -5.1247266e-03  -1.0230543e-03  -3.5978307e-03
  -8.1224164e-02  -2.1050870e-02   5.9286011e-01  -6.6999225e-03   3.4389477e-04  -3.7285139e-03
  -1.0067882e-01   2.2885462e-01   5.4786126e-01  -7.7036028e-03   2.0691198e-03  -4.9968542e-03
  -1.2057607e-01  -3.7619900e-02   5.2430578e-01  -5.5733912e-03   8.8801982e-04  -5.2110303e-03
  -6.6549887e-02  -1.1878572e-03   4.8629887e-01  -5.7700559e-03  -7.5058822e-04  -4.1322952e-03
  -7.6760606e-02  -5.8660086e-03   5.7594913e-01  -6.0376912e-03   2.9503158e-04  -4.0019262e-03
  -3.0754368e-02   5.8190823e-04   6.1596842e-01  -5.3405316e-03  -7.4394786e-04  -3.7680481e-03
  -8.6378596e-02   5.4638466e-03   6.4982161e-01  -6.8462952e-03   4.0393582e-04  -4.2839570e-03
  -1.5903557e-01   9.8356982e-02   7.2855240e-01  -8.5290860e-03   5.7786582e-04  -2.6442096e-03
  -1.0109205e-01  -2.9871522e-01   2.8793948e-01  -3.5475772e-03  -6.8865002e-03  -5.8267250e-03
  -8.9254883e-02  -1.0975011e-01  -1.4014554e-01  -3.0344361e-03  -1.4999149e-03  -3.0648427e-03
  -7.6139950e-02  -2.5736727e-03   1.4771281e-01  -2.5898198e-03  -6.9819954e-04  -2.1625747e-03
  -1.1936312e-01   2.0938645e-02   3.8570833e-01  -3.7527930e-03  -2.4045710e-04  -1.9459411e-03
  -9.7107409e-02  -7.5940913e-02   4.6249270e-01  -3.0753725e-03  -4.7631893e-04  -2.5878131e-03
  -9.7023240e-02  -5.6851821e-02   4.2274778e-01  -3.8775249e-03   4.3942612e-04  -2.7294805e-03
  -5.9917065e-02  -5.7003922e-02   5.1275522e-01  -3.5663002e-03  -1.0752757e-04  -3.3711677e-03
  -9.1009671e-02  -6.0630870e-02   4.4600240e-01  -3.5524059e-03   8.4844587e-04  -3.2991155e-03
  -1.2358697e-01   2.5575048e-02   5.9450401e-01  -5.0091214e-03   1.2896926e-03  -3.0371855e-03
  -1.0571865e-01  -1.2102208e-01   4.9914308e-01  -3.8167201e-03  -6.3689591e-05  -3.1051768e-03
  -8.4612086e-02  -8.5469089e-03   5.9631695e-01  -3.6593083e-03  -1.8279789e-04  -2.9111694e-03
  -7.9485420e-02  -8.2214227e-02   5.1115020e-01  -3.4253229e-03  -2.9281055e-04  -2.8561577e-03
  -6.6044720e-02   4.5009749e-02   5.7632240e-01  -5.8213110e-03  -2.0319270e-04  -2.6468416e-03
  -8.2417902e-02  -2.0184159e-02   5.4002016e-01  -4.3184458e-03  -2.3323576e-04  -3.0897547e-03
  -3.3034903e-02  -2.9812046e-02   5.3257468e-01  -4.7725886e-03  -1.3941739e-03  -2.9667312e-03
  -2.6654951e-02   9.3307345e-03   7.0361109e-01  -6.2664482e-03   3.8345946e-04  -3.3319932e-03
  -7.6123964e-02   1.0493469e-01   7.1682677e-01  -7.6090095e-03   5.8039912e-04  -2.2814207e-03
  -6.0567964e-02  -6.7379248e-02   8.1348083e-01  -6.2798487e-03  -3.4290568e-04  -2.3766521e-03
  -7.6589039e-02  -1.8994312e-02   8.4296034e-01  -7.0474637e-03  -7.8498211e-04  -3.0125312e-03
  -7.2323834e-02  -3.2988367e-02   1.0244283e+00  -7.1064919e-03  -5.4950532e-04  -2.0754852e-03
  -6.5836759e-02  -2.4347357e-02   8.5283864e-01  -7.1740294e-03  -1.1353406e-03  -1.6128867e-03
  -6.8123954e-02  -4.5148295e-02   9.6775972e-01  -6.6775624e-03  -4.5402544e-04  -1.5142621e-03
  -8.2992963e-02   1.3292856e-02   5.6042923e-01  -7.1342933e-03  -1.5852481e-03  -2.1092959e-03
  -9.2400448e-02   8.2267229e-02   5.3679501e-01  -7.3564051e-03  -3.4436869e-04  -1.6712457e-03
  -1.5951611e-01   6.2070989e-02   8.1200140e-01  -5.0767296e-03  -1.0529901e-03  -8.1319984e-04
  -6.7571673e-02  -3.0135063e-01   2.9058797e-01   2.5987220e-04  -2.9333013e-03  -1.7366963e-03
  -5.7284628e-02  -5.5448972e-02  -1.1199008e-01   1.2682521e-03   3.0365668e-04  -2.0203666e-04
  -5.9882032e-02   4.0472136e-02  -2.1575759e-02  -8.2870376e-04  -1.2798364e-03  -8.4351063e-04
  -3.0751193e-02  -1.6079589e-03   3.0784420e-01  -4.1482545e-04   2.5176033e-04  -6.6872683e-04
  -9.1132078e-02  -3.2507397e-02   4.1043640e-01  -1.1623112e-03  -8.7934806e-04  -1.5448723e-03
  -7.9332634e-02   4.5912122e-03   5.8710316e-01  -2.0864033e-03  -2.3999483e-04  -1.8993889e-03
  -9.0679682e-02  -3.7811859e-02   4.9557025e-01  -1.8052569e-03  -1.1638062e-03  -1.9209030e-03
  -1.2998303e-01   1.6028265e-02   7.1744668e-01  -3.4437507e-03  -6.7335221e-04  -1.0594406e-03
  -1.0997813e-01  -4.9561226e-02   7.6038094e-01  -3.2520413e-03  -2.4627057e-03  -4.9279873e-04
  -8.9705937e-02  -3.0335531e-02   6.5090887e-01  -3.0305379e-03  -1.9213934e-03  -5.0243461e-04
  -1.0119297e-01  -5.2883121e-02   7.2931773e-01  -2.4537277e-03  -2.0455809e-03  -3.8707145e-04
  -1.1029654e-01  -4.3401922e-02   7.6306071e-01  -2.6841472e-03  -2.1493105e-03  -7.6859748e-04
  -1.0713446e-01  -5.5636440e-02   7.6966880e-01  -3.1617017e-03  -1.5739830e-03  -7.5041106e-04
  -1.2378922e-01   1.7020717e-02   7.6414499e-01  -4.7636688e-03  -5.1015983e-04  -4.2682543e-04
  -1.0788248e-01  -5.0825152e-02   7.8119023e-01  -4.0830683e-03  -7.0808303e-04  -4.1318607e-04
  -1.2537154e-01   2.6951587e-02   7.5963599e-01  -5.1084410e-03  -6.5578302e-04  -5.5906533e-04
  -1.0141861e-01  -3.3789394e-02   9.2387439e-01  -5.4754433e-03  -8.6969213e-04  -1.2918233e-04
  -1.1090578e-01   5.2457774e-02   8.6832285e-01  -6.6574481e-03  -1.1746508e-03  -1.3845066e-04
  -9.8599808e-02  -6.7087698e-02   8.8400745e-01  -6.4938188e-03  -2.0590047e-03  -9.5996052e-04
  -1.1343208e-01   8.1031593e-02   8.6069223e-01  -5.3536216e-03  -6.9964495e-04  -1.2914739e-04
  -6.3237225e-02   1.9187415e-02   8.3661730e-01  -5.5393029e-03  -1.8236633e-03   6.1769943e-04
  -7.1087211e-02   7.7978180e-02   8.7676445e-01  -5.1343837e-03  -2.0346771e-03  -7.2073027e-05
  -9.8272212e-02  -2.3854231e-03   7.8008227e-01  -4.1679731e-03  -2.1907178e-03   2.4362432e-04
  -1.3287943e-01   1.6698279e-01   8.7346260e-01  -7.3228872e-03  -7.1993569e-04  -3.6328421e-04
  -4.9457512e-02  -1.2630295e-01   6.1669979e-01  -3.9449689e-03  -3.4943809e-03   1.4553248e-04
  -4.7507024e-02   8.9463300e-02   6.3737191e-01  -6.1014526e-03  -1.7115530e-03   1.2831445e-03
  -6.8880266e-02   1.2930476e-01   7.9295260e-01  -8.0053071e-03  -1.5218597e-03  -7.7475049e-05
  -1.1719591e-02  -7.1299375e-02   7.8935520e-01  -6.4723688e-03  -3.2635696e-03   2.1745933e-04
  -7.6217903e-03   6.5233566e-03   9.2518240e-01  -6.6866933e-03  -3.3159007e-03   1.6351167e-04
  -1.8215773e-02   1.3295724e-03   8.5089482e-01  -6.9153032e-03  -1.9864772e-03   1.3634848e-04
  -3.9392350e-02   4.2578006e-02   9.5606520e-01  -7.1416644e-03  -1.8190001e-03   3.6379103e-05
  -6.5420003e-03  -4.5735496e-02   9.6079090e-01  -6.1555548e-03  -1.6875420e-03  -1.4993162e-05
  -3.7230662e-02   3.9543898e-02   1.0252988e+00  -6.7738169e-03  -1.6384989e-03   5.2365376e-05
  -1.3501479e-02  -4.8381804e-02   1.0551353e+00  -6.7123626e-03  -1.9146544e-03   3.6409559e-04
  -9.9418735e-03   1.8263033e-02   1.0706083e+00  -7.9097568e-03  -1.1608152e-03   1.3978016e-04
  -3.3893201e-03  -1.0851363e-01   1.0971166e+00  -7.2658737e-03  -2.0564648e-03   5.0603309e-04
  -7.7435362e-02   1.1933876e-01   1.0939042e+00  -7.3965875e-03  -4.3295726e-04  -2.2738211e-05
  -5.4619874e-02  -9.4318099e-02   9.0201975e-01  -4.0165144e-03  -2.6984281e-03   9.3738894e-05
   4.7432518e-03  -1.1387906e-01   8.9937750e-01  -5.0210861e-03  -2.3307898e-03  -7.5201537e-05
   1.5995536e-02   1.0512904e-02   9.3280791e-01  -5.0329540e-03  -7.2611168e-04   3.3923343e-05
   1.3622462e-02  -2.5456154e-02   9.4343262e-01  -4.8466049e-03  -2.8905487e-03  -1.6572216e-04
   1.6422353e-03   3.4943636e-02   9.6372268e-01  -5.8161835e-03  -1.9113825e-03  -3.0546952e-04
   1.7057510e-02  -6.9988337e-02   1.1243550e+00  -5.7895716e-03  -2.5322244e-03  -3.4902449e-04
   1.1402128e-02  -4.6025189e-02   1.0608450e+00  -6.1135663e-03  -2.2423880e-03  -6.2857666e-05
   3.7458833e-03  -1.1081111e-01   1.2814075e+00  -6.3366217e-03  -2.6865695e-03  -2.2569895e-04
  -2.6829271e-02  -2.0980104e-02   9.5481006e-01  -5.7417735e-03  -2.0987767e-03  -5.6137562e-06
  -1.4109172e-02  -5.1982495e-02   1.1350138e+00  -6.3847306e-03  -3.4852633e-03  -1.1569175e-03
  -8.8913565e-02  -8.5674745e-02   5.6281374e-01  -2.7910912e-03  -6.1740261e-03  -2.8116698e-03
  -1.0212196e-01   3.5545293e-04   6.9129824e-01  -4.0669601e-03  -1.6431083e-03  -6.1978683e-04
  -1.2111108e-01  -7.5494531e-02   5.2517120e-01  -2.5127325e-03  -1.5226767e-03  -1.9900182e-03
  -1.4978362e-01  -1.8135288e-02   6.8643263e-01  -4.0402325e-03  -1.5582083e-03  -1.4081461e-03
  -8.0680035e-02  -2.9994127e-02   9.9946554e-01  -4.8187666e-03  -2.9142569e-03  -1.6903208e-03
  -8.3764777e-02  -3.1080728e-02   9.6979385e-01  -4.8119803e-03  -2.9024256e-03  -1.8189781e-03
  -8.2980854e-02  -7.9748404e-02   9.5262445e-01  -5.0214967e-03  -2.6771162e-03  -1.6791827e-03
  -1.3614155e-01   2.7808479e-02   9.8567657e-01  -6.0066339e-03  -2.6149271e-03  -1.0652018e-03
  -1.0731004e-01  -7.7842895e-02   9.8022563e-01  -3.9774356e-03  -3.1143443e-03  -1.4297724e-03
  -1.3368925e-01   2.8065640e-02   9.2912525e-01  -5.1194113e-03  -3.0063383e-03  -6.3128153e-04
  -1.4483973e-01  -7.2837725e-02   1.1638949e+00  -5.9979065e-03  -3.1125826e-03  -9.9189984e-04
  -1.4416103e-01   2.8779627e-02   1.1730485e+00  -6.7438424e-03  -3.5257747e-03  -1.2975404e-03
  -1.3201446e-01  -8.6238287e-02   1.3725010e+00  -7.7389226e-03  -3.4632709e-03  -2.0192090e-03
  -1.3172278e-01  -3.4272875e-02   1.3627614e+00  -7.6032787e-03  -3.2010199e-03  -1.8680085e-03
  -1.0221186e-01  -1.5095615e-01   1.3484573e+00  -7.5351489e-03  -4.6235979e-03  -1.7609860e-03
  -1.1279249e-01  -6.6899479e-02   1.4026479e+00  -7.4832987e-03  -4.5354671e-03  -1.3928078e-03
  -1.0992821e-01  -1.2323230e-01   1.4463929e+00  -8.1772440e-03  -4.9332375e-03  -1.6582194e-03
  -1.3856516e-01  -1.1708001e-01   1.4617026e+00  -8.1094768e-03  -4.3865646e-03  -1.1824135e-03
  -1.4358781e-01  -5.6324173e-02   1.5602134e+00  -8.7936751e-03  -4.8469195e-03  -1.8575584e-03
  -1.4410716e-01  -1.3467896e-01   1.6090818e+00  -9.3365800e-03  -4.7909262e-03  -1.5416395e-03
  -1.2624986e-01  -8.8252036e-02   1.6114745e+00  -9.4759817e-03  -5.0864906e-03  -1.2876293e-03
  -1.0973078e-01  -1.4169319e-01   1.5643719e+00  -9.7608283e-03  -4.3186450e-03  -1.1847070e-03
  -1.6757297e-01   7.8117788e-02   1.5144728e+00  -9.3838941e-03  -3.2570046e-03  -2.1264745e-04
  -1.4474005e-01  -2.5476956e-01   1.0233514e+00  -4.8070315e-03  -4.7348424e-03  -2.0849804e-03
  -1.2169032e-01  -1.7009966e-01   1.1158660e+00  -5.3014162e-03  -4.5289529e-03  -2.0832231e-03
  -1.2749019e-01  -4.9398177e-02   1.1787234e+00  -5.4960986e-03  -4.3609136e-03  -1.6863810e-03
  -8.2581151e-02  -1.0263143e-01   1.1349760e+00  -5.3882958e-03  -5.2270653e-03  -1.4045131e-03
  -1.1837550e-01   5.7414245e-02   1.1990989e+00  -7.3952111e-03  -5.1278786e-03  -8.2765696e-04
  -1.2475138e-01  -4.9467829e-02   1.0159232e+00  -6.8625352e-03  -4.9954589e-03  -1.1803572e-03
  -1.3715974e-01   6.5988809e-03   1.0316004e+00  -7.5694547e-03  -4.2433171e-03  -9.0445054e-04
