   0.0000000e+00   0.0000000e+00   0.0000000e+00   0.0000000e+00   0.0000000e+00   0.0000000e+00
  -8.3623640e-03  -1.4654822e-04  -1.6390314e-02  -3.0264949e-04  -9.0559667e-05   6.0418781e-05
  -1.1119239e-02  -2.3259961e-02   3.4579993e-03  -7.4003663e-04  -3.9334116e-04  -8.1844737e-05
  -1.9634613e-02   1.6162848e-02  -7.9904035e-02  -9.2810603e-04  -7.1630431e-04   1.7499303e-04
  -3.8930241e-02  -4.3461203e-03  -8.3483910e-02  -1.4183753e-03  -5.0721270e-04  -3.0201531e-04
  -5.1358387e-02   1.3538743e-02  -9.2992788e-02  -9.6915935e-04  -9.7678245e-04  -2.0056028e-04
  -5.2966899e-02   5.2070186e-02  -1.1811805e-01   1.1961439e-04  -1.2114019e-03   8.9299062e-05
  -4.2912690e-02   3.2501697e-02  -6.4526960e-02  -8.9358057e-05  -9.3553259e-04  -7.9292574e-05
  -1.7474750e-02   5.0048349e-02  -9.4273054e-02   2.2831248e-04  -8.4430257e-04   1.0927622e-05
  -1.4839285e-02   5.8120996e-02  -1.2936655e-01  -8.5546690e-05  -8.2360281e-04   1.9083198e-04
  -1.3342143e-02   4.9157216e-02  -9.3425435e-02   5.8993844e-05  -6.5246350e-04   1.7928324e-04
  -1.5309204e-02   7.6773885e-02  -1.3298144e-01   7.0709617e-04  -4.9728011e-04   4.0053324e-04
  -1.2773887e-02   5.8917587e-02  -1.8396090e-01  -3.8584124e-04  -2.5906545e-04   4.4804037e-04
  -1.6450180e-02   5.0578306e-02  -1.3154834e-01   3.9333898e-05  -3.3967586e-04   3.9385499e-04
  -1.5403592e-02   8.2320744e-02  -1.5648759e-01  -1.1878338e-06  -2.4789752e-04   4.5590254e-04
  -2.2969460e-02   5.9431607e-02  -1.5473263e-01   2.1815645e-04  -2.3590961e-04   2.7232216e-04
  -2.0325894e-02   8.3802375e-02  -1.2018984e-01   5.3855648e-04  -1.4790813e-04   2.8506775e-04
  -2.2832409e-02   9.7103136e-02  -1.5410732e-01   5.4176964e-04  -1.3890298e-05   1.9566249e-04
  -3.0046227e-02   7.5585727e-02  -1.5222673e-01  -3.7180446e-04   3.0483358e-05   1.8302268e-04
  -3.4002864e-02   9.8343995e-02  -1.5994174e-01   2.5115270e-04   5.4817224e-05   5.0685576e-05
  -5.0636386e-02   1.0507535e-01  -1.8511483e-01   3.2587281e-04  -2.7648077e-04   4.0889232e-05
  -5.1851415e-02   9.5998901e-02  -1.3786779e-01   3.2790054e-04  -4.4973858e-04   9.9531917e-05
  -5.5425229e-02   1.3432678e-01  -1.4500168e-01   7.5332077e-04  -5.9637760e-04   6.8811940e-05
  -3.7127508e-02   9.2162635e-02  -1.5946382e-01   6.3087585e-04  -3.2384267e-04  -3.4372738e-05
  -3.1651161e-02   8.0608664e-02  -1.0370842e-01   6.4076846e-04  -5.7655585e-04   9.2359252e-05
  -2.5061560e-02   1.2288105e-01  -1.4882010e-01   9.7405854e-04  -4.5875168e-04   1.3256202e-04
  -5.2861890e-02   8.7529469e-02  -1.0718806e-01   3.1691984e-04  -2.2337139e-04   6.9511387e-05
  -4.5827819e-02   9.8324476e-02  -2.4796696e-01   9.8915741e-04  -6.2475007e-04  -2.4475493e-04
  -4.8372840e-02   1.3903683e-01  -2.3458542e-01   7.4765788e-04  -6.9268615e-04  -1.4422786e-04
  -1.4560010e-02   6.3996160e-02  -2.8705226e-01  -1.4450012e-03   6.5055563e-05   6.6086460e-04
   3.9877059e-02   8.0546673e-02  -4.6547656e-01  -1.2542994e-03   9.7320201e-04   9.6156839e-04
   2.7465898e-02   1.1783380e-01  -2.3188722e-01   4.3580551e-04   9.2330061e-04   9.3635298e-04
  -8.3107980e-04   1.5485632e-01  -2.5216822e-01   3.1259405e-04   1.6900285e-04   2.3194349e-04
  -2.5000473e-03   9.2318053e-02  -2.1662586e-01   1.3080948e-04   3.9873979e-04  -2.0335160e-05
  -1.4421034e-03   1.1283485e-01  -2.0667572e-01   4.1749847e-04   2.8134827e-04  -1.9170849e-04
   1.2693070e-02   9.1666611e-02  -2.4609074e-01   7.6933513e-04   3.7510386e-04  -2.5339524e-04
   1.9366366e-02   8.6395251e-02  -2.1669336e-01   7.9003870e-04   4.4896167e-04  -4.5919913e-04
   5.5752860e-03   1.0357474e-01  -2.0938548e-01   1.1011032e-03   3.8185494e-04  -4.3419244e-04
  -1.9237742e-03   1.1908065e-01  -2.3953555e-01   1.1261359e-03   2.3918228e-04  -5.9262194e-04
  -2.8563166e-03   6.6861052e-02  -2.1342264e-01   8.5933471e-04   2.7392992e-04  -4.4835097e-04
  -8.1984720e-03   1.2449997e-01  -2.0531252e-01   1.3070534e-03   1.6704374e-04  -7.3916107e-04
  -1.1929385e-02   1.0825695e-01  -2.0392886e-01   1.3991318e-03   2.6214700e-04  -5.1860200e-04
  -1.1444816e-02   1.1148531e-01  -1.9177217e-01   8.2018269e-04   2.8730462e-04  -3.5699643e-04
  -5.6523410e-03   9.8681598e-02  -2.2750357e-01   1.5626812e-03   2.8722972e-04  -5.4558839e-04
  -2.0501705e-02   1.3610630e-01  -2.1298819e-01   7.4238773e-04  -2.6137555e-05  -6.4994079e-04
  -1.2446351e-02   1.0822084e-01  -2.0956362e-01   1.6317007e-03  -4.1916160e-07  -6.3875675e-04
  -2.1120278e-02   1.8590663e-01  -2.2123465e-01   9.4702163e-04   4.5944386e-06  -7.7570752e-04
  -1.4317544e-02   7.2608527e-02  -2.1604372e-01   1.7412982e-03  -3.8089922e-05  -8.1742989e-04
  -2.8260687e-02   2.5101744e-01  -1.5271371e-01   2.5544431e-03  -8.7503143e-05  -8.7472967e-04
  -3.3409057e-02  -5.1154108e-02  -4.1679990e-01  -1.8341407e-03  -7.2409036e-04  -7.5689601e-04
  -7.9184197e-01  -1.4470502e-01  -2.1822364e+00  -5.1234867e-02  -1.4013767e-02  -9.0438322e-03
  -6.1721038e-01   2.8812727e-01  -3.1252513e-01  -2.2029297e-02  -1.3080590e-02  -1.1872016e-02
  -4.6510969e-01  -4.7032591e-02  -2.4306541e-01  -8.0035015e-03  -6.7831266e-03  -8.7780145e-03
  -4.6280154e-01   1.6064225e-01  -2.7321266e-01  -9.2848798e-03  -6.4537760e-03  -8.7304890e-03
  -4.1426342e-01   6.5355664e-02  -1.9187159e-01  -6.5642598e-03  -5.5130307e-03  -8.0621756e-03
  -3.9192416e-01   1.5928561e-01  -2.1244312e-01  -6.1412898e-03  -5.7751715e-03  -8.0916182e-03
  -3.6264728e-01   8.6300142e-02  -1.4290303e-01  -4.9154085e-03  -5.1711363e-03  -8.0796539e-03
  -3.4285831e-01   1.4197279e-01  -1.0717108e-01  -4.3415139e-03  -5.1374357e-03  -8.1039281e-03
  -3.2322177e-01   1.1153491e-01  -1.3347146e-01  -4.0173477e-03  -4.9106691e-03  -7.6389644e-03
  -3.3250860e-01   1.6046680e-01  -9.7432198e-02  -4.3023005e-03  -4.9960480e-03  -7.6237739e-03
  -3.2978386e-01   1.5536702e-01  -1.0109081e-01  -3.7373703e-03  -4.6576027e-03  -7.3294937e-03
  -3.3425419e-01   1.7546405e-01  -1.0796241e-01  -4.2444241e-03  -4.7454821e-03  -7.4119445e-03
  -3.0652534e-01   1.3090373e-01  -1.4359646e-01  -4.0028112e-03  -4.3359492e-03  -6.9481021e-03
  -3.1000015e-01   1.8754614e-01  -1.6360510e-01  -3.7215887e-03  -4.3036511e-03  -6.5412057e-03
  -3.0713040e-01   1.4517581e-01  -1.9092861e-01  -3.8101212e-03  -4.1226304e-03  -6.4776231e-03
  -3.0994223e-01   2.0900364e-01  -1.3051852e-01  -2.9915868e-03  -4.5854934e-03  -6.6108734e-03
  -2.9386377e-01   1.7771914e-01  -1.3234568e-01  -2.4340240e-03  -4.1340029e-03  -6.7872134e-03
  -2.8764263e-01   2.0152908e-01  -3.7539910e-02  -2.3112648e-03  -4.4274498e-03  -6.6703038e-03
  -2.7719909e-01   1.9686459e-01  -8.7028766e-02  -2.4774561e-03  -3.7554959e-03  -6.5848690e-03
  -2.7947059e-01   1.7975807e-01  -8.0000402e-02  -2.1868884e-03  -4.0772882e-03  -6.6544367e-03
  -2.9235513e-01   2.2097999e-01  -7.9621513e-02  -1.6568403e-03  -3.8420474e-03  -6.3027128e-03
  -2.9271153e-01   2.4533210e-01  -8.3388382e-02  -1.9215176e-03  -3.9056135e-03  -6.1251362e-03
  -2.5213090e-01   1.8084592e-01  -6.0570015e-02  -1.6726708e-03  -3.3710778e-03  -5.8231715e-03
  -2.3379155e-01   2.2412999e-01  -9.2578247e-02  -1.8747965e-03  -3.2240869e-03  -5.7154514e-03
  -2.0190883e-01   1.6630306e-01  -9.6431174e-02  -2.1942716e-03  -3.0307673e-03  -5.1880774e-03
  -2.0674043e-01   2.1861950e-01  -5.5528075e-02  -1.7303190e-03  -2.8409122e-03  -5.3322760e-03
  -2.0662295e-01   1.8857680e-01  -1.2821488e-01  -2.3588931e-03  -2.5862495e-03  -5.0359095e-03
  -2.1895184e-01   1.8368238e-01  -8.2127451e-02  -2.1658772e-03  -3.1780716e-03  -5.0181661e-03
  -2.1565778e-01   2.0831031e-01  -1.0158243e-01  -1.5952161e-03  -3.2707734e-03  -4.8851450e-03
  -2.0601260e-01   1.6118923e-01  -9.4760213e-02  -2.4084944e-03  -2.7462441e-03  -4.9352393e-03
  -1.8827537e-01   1.8569867e-01  -1.2701327e-01  -1.7626168e-03  -3.0223977e-03  -4.7990694e-03
  -1.9212166e-01   2.1929551e-01  -1.0284783e-01  -1.5492663e-03  -2.8713827e-03  -5.1139594e-03
  -1.9280770e-01   1.8110282e-01  -1.2911549e-01  -2.5840056e-03  -2.7990961e-03  -5.1500363e-03
  -1.9554212e-01   2.2838658e-01  -1.0026983e-01  -1.9539042e-03  -2.8920166e-03  -5.1804593e-03
  -1.8476118e-01   1.8095910e-01  -1.0947755e-01  -2.3776428e-03  -2.3869523e-03  -4.9869305e-03
  -1.7574079e-01   2.1915252e-01  -6.2521499e-02  -1.5959113e-03  -2.2548429e-03  -4.8783881e-03
  -1.7936965e-01   2.0598498e-01  -1.3758391e-01  -2.0722494e-03  -2.2116066e-03  -4.7556686e-03
  -1.7515675e-01   1.9446255e-01  -5.3522843e-02  -1.8724690e-03  -2.2549278e-03  -4.5615911e-03
  -1.6201855e-01   2.1099461e-01  -1.2032469e-01  -2.0417211e-03  -1.8344185e-03  -4.6350644e-03
  -1.7199114e-01   2.1766291e-01  -9.8114826e-02  -2.3939982e-03  -1.7962281e-03  -4.5858851e-03
  -1.7081679e-01   2.1349245e-01  -1.0764907e-01  -2.1251698e-03  -1.7830981e-03  -4.5384651e-03
  -1.8232794e-01   2.5396983e-01  -1.4929465e-01  -1.8378136e-03  -1.6459501e-03  -4.4789102e-03
  -1.7764301e-01   2.2724068e-01  -9.5645275e-02  -1.8543917e-03  -1.7033154e-03  -4.3353984e-03
  -1.7764234e-01   2.6333572e-01  -7.4404992e-02  -1.0572393e-03  -1.8531825e-03  -4.2551087e-03
  -1.7354200e-01   2.2416185e-01  -9.2122207e-02  -1.8923665e-03  -1.5340711e-03  -4.2653385e-03
  -1.7246717e-01   2.5018267e-01  -8.9162749e-02  -2.2704778e-03  -1.3548702e-03  -4.0543846e-03
  -1.5714654e-01   2.4620172e-01  -2.2666602e-01  -2.4635188e-03  -1.0134233e-03  -3.6558738e-03
  -1.9642930e-01   2.4178693e-01  -7.3079358e-02  -2.1837510e-03  -1.1120718e-03  -3.3455617e-03
  -1.7905655e-01   2.8151923e-01  -2.3130249e-01  -2.3682876e-03  -1.1092427e-03  -3.2359925e-03
  -1.6781277e-01   2.2452418e-01  -8.0349399e-02  -2.9365006e-03  -8.9183098e-04  -2.9568047e-03
  -1.0548487e-01   2.0173961e-01  -2.0757988e-01  -2.2754608e-03   7.9319719e-04  -2.3928276e-03
  -1.1457633e-01   2.2669345e-01  -1.1159381e-01  -2.1429280e-03   7.6616104e-04  -2.5047958e-03
  -1.4261865e-01   2.7240808e-01  -5.6296482e-02  -1.3558607e-03   1.4112725e-04  -2.7787160e-03
  -1.2337116e-01   2.1827229e-01  -8.5654657e-02  -1.5668829e-03   1.3599314e-03  -2.8675254e-03
  -1.3442919e-01   2.1792573e-01  -1.8460794e-02  -1.7820013e-04   3.9437165e-04  -3.0787302e-03
  -1.2621014e-01   2.2298535e-01  -1.3685350e-01  -1.0277933e-03   1.2585039e-03  -3.2887646e-03
  -1.0651398e-01   2.2673890e-01  -5.3534960e-02  -3.1281321e-04   1.4268080e-03  -2.7179033e-03
  -1.2108742e-01   2.7560060e-01  -9.5291298e-02   6.2681383e-04   1.3303587e-03  -2.8853769e-03
  -1.2803162e-01   2.4682606e-01  -8.7977480e-02  -8.8142662e-04   1.1258403e-03  -3.0512101e-03
  -1.1324351e-01   2.4846409e-01  -6.2145628e-02   2.0868220e-04   1.4040956e-03  -2.9159871e-03
  -1.0942326e-01   2.3634899e-01  -8.6487032e-02   1.0635802e-04   1.2749956e-03  -3.2083887e-03
  -1.0448473e-01   2.2094384e-01  -4.1924454e-02   5.3240363e-04   1.8885415e-03  -3.1474817e-03
  -1.0088537e-01   2.5167188e-01  -8.5297731e-02  -2.7524909e-05   1.6222709e-03  -3.1223331e-03
  -1.2174331e-01   2.3289491e-01  -5.8186841e-02   2.4037197e-05   2.0573835e-03  -3.1851629e-03
  -1.4308921e-01   2.5530824e-01  -8.7144779e-02   5.6611284e-05   1.8286598e-03  -3.1736089e-03
  -1.4380402e-01   2.6475467e-01  -6.5025677e-02   2.2363821e-04   2.0986157e-03  -3.1489090e-03
  -1.3422637e-01   2.4113637e-01  -1.0749182e-01  -1.9053616e-04   1.9639927e-03  -3.4042775e-03
  -1.2501591e-01   2.7386971e-01  -9.4239973e-02   2.1770481e-05   2.1098648e-03  -3.0520329e-03
  -1.2592779e-01   2.5687650e-01  -8.5122517e-02  -3.3931805e-04   2.0004381e-03  -3.1269932e-03
  -1.2516099e-01   2.8997367e-01  -8.5564153e-02   1.0187536e-03   2.2163103e-03  -3.0783960e-03
  -1.2393741e-01   2.5458581e-01  -9.3624971e-02  -5.1349969e-04   2.1206135e-03  -3.3858390e-03
  -1.1034440e-01   2.7127994e-01  -5.5550311e-02   8.8259964e-04   3.0097583e-03  -3.1312957e-03
  -1.1599549e-01   2.8497937e-01  -1.1921498e-01   2.6637108e-04   2.4121105e-03  -3.2767787e-03
  -1.3634923e-01   3.0046216e-01   1.2114762e-02   2.3145552e-03   3.1249545e-03  -2.8664338e-03
  -1.7904139e-01   2.6100441e-01  -2.6680291e-01  -4.2838791e-03  -2.6078160e-04  -3.7277876e-03
  -2.6265494e-01   2.6660734e-02  -9.1327924e-01  -8.3509149e-03  -5.3482160e-03  -5.4273404e-03
  -2.4462312e-01   3.5964941e-01  -2.2962035e-01  -2.7954835e-04  -1.9384144e-03  -2.4710789e-03
  -1.9022170e-01   2.0286736e-01  -4.2202656e-01  -2.5251066e-03  -1.2900820e-03  -2.6552271e-03
  -1.7016550e-01   2.8635012e-01  -3.0453386e-01  -1.3652457e-03  -6.2788873e-05  -1.6360520e-03
