   0.0000000e+00   0.0000000e+00   0.0000000e+00   0.0000000e+00   0.0000000e+00   0.0000000e+00
  -1.6533777e-02   4.9973233e-02   2.0068843e-02   4.7806437e-06  -4.0472461e-04   7.7430755e-05
  -1.2912673e-02   4.3678461e-02   1.0738424e-02  -9.5354647e-05  -4.7344725e-04  -7.1166620e-06
  -1.9387609e-02   3.9410980e-02   2.2040681e-02   1.0504595e-04  -5.6248837e-04   1.1191008e-04
  -9.6235300e-03   4.8873359e-02   1.0638295e-02  -2.1550043e-04  -6.0695562e-04  -2.6994977e-05
  -1.2130425e-02   5.3726425e-02   2.4248725e-02   8.7889270e-05  -5.7180533e-04   4.7630690e-05
   8.4377928e-03   3.2567608e-02   1.1892604e-01   8.5903610e-04   9.1824270e-05  -1.0372028e-04
   3.1223105e-02   2.5267863e-02   1.6639618e-01   1.3564456e-03  -1.1928046e-04  -4.6639035e-04
   5.5997948e-02   4.3449406e-02   1.4343873e-01   1.3102572e-03   1.0461766e-04  -8.8788067e-04
   6.5511850e-02   8.3251396e-02   1.5303246e-01   1.5299245e-03  -1.2856040e-04  -1.2072913e-03
   6.4033773e-02   8.2067829e-02   1.2393172e-01   1.6352736e-03  -4.7179084e-04  -1.4732911e-03
   5.6872081e-02   9.7839678e-02   1.3415597e-01   1.9265249e-03  -7.1153317e-04  -1.5450197e-03
   7.9760030e-02   1.0800165e-01   1.6809681e-01   2.0227835e-03  -8.1467813e-04  -1.7885903e-03
   6.8041356e-02   1.0099998e-01   2.0070010e-01   2.2182120e-03  -6.7522971e-04  -1.6059519e-03
   5.6528384e-02   1.0889692e-01   1.9636630e-01   2.5250621e-03  -8.3751880e-04  -1.5334766e-03
   7.6971273e-02   9.3459933e-02   1.5200614e-01   2.1940065e-03  -5.1723493e-04  -1.5839225e-03
   6.6165325e-02   1.1987157e-01   1.6059183e-01   2.6222320e-03  -4.8085078e-04  -1.4849033e-03
   4.3946926e-02   1.2796076e-01   1.4594608e-01   2.5667178e-03  -8.8925855e-04  -1.3846743e-03
   7.2311749e-02   1.2285296e-01   1.6752834e-01   2.7285415e-03  -5.6697096e-04  -1.6137530e-03
   8.0369076e-02   1.1268062e-01   1.6774234e-01   2.8232710e-03  -2.9744638e-04  -1.4708828e-03
   7.2725622e-02   1.2383496e-01   1.7075523e-01   2.6451247e-03  -3.8962385e-04  -1.5042662e-03
   9.1591117e-02   1.2930366e-01   1.7142734e-01   2.7398939e-03  -1.7678411e-04  -1.8090915e-03
   7.2857041e-02   1.6556774e-01   1.9421652e-01   3.1019426e-03  -3.9562557e-04  -1.7596979e-03
   8.9445435e-02   1.4738576e-01   1.9152479e-01   3.1650023e-03  -1.8440328e-04  -1.8590328e-03
   1.0563483e-01   1.3951789e-01   2.2004558e-01   3.4771108e-03  -1.4919346e-04  -2.0127127e-03
   9.9321677e-02   1.5162393e-01   2.6704440e-01   4.0815699e-03   1.7476899e-04  -1.7297162e-03
   8.6395241e-02   1.4068811e-01   1.8732989e-01   3.3321798e-03  -1.3535311e-04  -1.5020658e-03
   9.8347949e-02   1.6225933e-01   1.8438571e-01   3.6475273e-03   2.0649913e-04  -1.5889487e-03
   8.4032422e-02   1.1090074e-01   1.9372465e-01   3.1860456e-03  -2.6748103e-04  -1.4481796e-03
   5.9872514e-02   1.0609896e-01   1.3505386e-01   2.5599485e-03  -2.0891899e-04  -1.0944522e-03
   5.6088863e-02   1.4241339e-01   1.5427210e-01   2.7221992e-03  -2.5917292e-04  -1.0975664e-03
   8.9550696e-02   1.2535308e-01   2.4096607e-01   3.7376089e-03   2.0925454e-04  -1.6368178e-03
   1.1329326e-01   1.2837895e-01   2.5671330e-01   4.1817720e-03   2.0950083e-04  -2.0041084e-03
   1.0552556e-01   1.2675364e-01   2.2646860e-01   3.6944471e-03  -2.9863381e-04  -2.0949788e-03
   1.0622195e-01   1.5949669e-01   2.7607694e-01   4.2724987e-03  -1.5236479e-04  -2.0778385e-03
   9.9128358e-02   1.5408211e-01   2.6820091e-01   4.5216623e-03  -2.2839119e-04  -2.1304794e-03
   1.0621537e-01   1.3885719e-01   2.4700150e-01   4.4623125e-03   1.1669911e-05  -2.1782855e-03
   1.0205465e-01   1.4912574e-01   2.7562947e-01   4.8543230e-03  -6.1634164e-05  -2.1186737e-03
   9.9936467e-02   1.6456514e-01   2.5747266e-01   5.1103077e-03  -2.7901127e-04  -2.1459077e-03
   8.0354322e-02   1.9593919e-01   2.3296250e-01   4.4998480e-03  -3.2497122e-04  -1.8546623e-03
   1.0248570e-01   1.8531658e-01   2.5365756e-01   4.9797368e-03  -1.9142341e-04  -2.3094393e-03
   1.1479511e-01   1.9424055e-01   3.1467323e-01   5.7582726e-03   3.7154609e-05  -2.4570173e-03
   9.9135198e-02   1.7603317e-01   2.4743272e-01   5.0317586e-03  -3.9473928e-04  -2.2725749e-03
   1.0842015e-01   2.0116149e-01   2.8266379e-01   5.5707003e-03  -4.2738815e-04  -2.4556524e-03
   1.0799114e-01   1.9000235e-01   2.8885086e-01   5.4810244e-03  -4.0795062e-04  -2.3907830e-03
   1.0183876e-01   2.0036043e-01   2.4119339e-01   5.3074021e-03  -1.3703004e-04  -2.2111653e-03
   1.0467180e-01   2.0599584e-01   2.8325149e-01   5.7431012e-03  -3.7751289e-04  -2.4976882e-03
   1.0034311e-01   2.0463742e-01   3.0910856e-01   6.0255486e-03  -5.5420226e-04  -2.4502240e-03
   9.8266527e-02   2.1457431e-01   3.1768938e-01   6.6354426e-03  -2.2278078e-04  -2.1893639e-03
   6.9057029e-02   2.0990694e-01   2.8021219e-01   5.6580055e-03  -5.4840831e-04  -1.8628706e-03
   5.8989044e-02   2.0529393e-01   2.7163013e-01   5.6921275e-03  -3.3358310e-04  -1.5093134e-03
   5.6328785e-02   2.1723404e-01   2.8986822e-01   5.7324246e-03  -3.2218315e-04  -1.7103110e-03
   4.9383653e-02   1.7249666e-01   2.6668481e-01   6.0373722e-03  -7.0012064e-04  -1.7035295e-03
   6.3957678e-02   1.8623391e-01   2.5047963e-01   5.6913520e-03  -2.9964791e-04  -1.7487536e-03
   5.2714898e-02   1.6745211e-01   2.1860786e-01   4.9082910e-03  -4.0896780e-04  -1.5251690e-03
   4.5841098e-02   2.0223932e-01   3.1410133e-01   6.1033838e-03  -2.4913266e-04  -1.6705219e-03
   5.7276413e-02   1.8341185e-01   3.1720325e-01   6.6342731e-03  -4.3162971e-04  -1.9203487e-03
   6.3327815e-02   1.8894409e-01   3.4512197e-01   6.7946338e-03  -2.9260368e-04  -2.0025895e-03
   7.5372957e-02   2.0968806e-01   2.9831179e-01   6.8684520e-03  -3.6882717e-04  -2.3028538e-03
   9.3901689e-02   2.0738610e-01   3.1883916e-01   6.9794059e-03  -4.3537846e-04  -2.6580228e-03
   9.6290980e-02   2.1114014e-01   3.3575762e-01   7.1587785e-03  -3.9274105e-04  -2.7141006e-03
   1.0813126e-01   2.1795268e-01   3.6407336e-01   7.2018939e-03  -3.6322346e-04  -2.9157932e-03
   1.2012443e-01   2.0491856e-01   3.6999242e-01   7.5738477e-03  -5.9975092e-04  -3.1733231e-03
   1.4005171e-01   1.9739637e-01   4.0318360e-01   7.9568209e-03  -6.8301047e-04  -3.6313325e-03
   1.2970100e-01   2.2752582e-01   3.9508868e-01   8.1595521e-03  -7.1066298e-04  -3.4031138e-03
   1.3292773e-01   2.1890782e-01   3.7820307e-01   7.4188317e-03  -9.3575785e-04  -3.3693738e-03
   1.3483743e-01   2.2413924e-01   4.1154287e-01   8.0223449e-03  -5.5979885e-04  -3.3840052e-03
   1.3231466e-01   2.4217146e-01   3.7882023e-01   7.9115841e-03  -5.4401574e-04  -3.2457594e-03
   1.1216180e-01   2.5099820e-01   3.3620401e-01   7.7635464e-03  -1.0992727e-03  -3.2009806e-03
   1.2365404e-01   2.5150647e-01   3.4421180e-01   7.9411685e-03  -7.6822825e-04  -3.2995623e-03
   1.4783383e-01   2.4832121e-01   3.8035439e-01   8.0028565e-03  -1.0392857e-03  -3.7016327e-03
   1.4995752e-01   2.5661316e-01   3.7963997e-01   8.1167158e-03  -7.9186970e-04  -3.5840742e-03
   1.5795285e-01   2.4088580e-01   3.8624199e-01   8.3259717e-03  -5.9592456e-04  -3.7571320e-03
   1.3288024e-01   2.5642155e-01   3.7324648e-01   8.2500051e-03  -9.0221936e-04  -3.4642651e-03
   1.1095570e-01   2.6232048e-01   3.8347846e-01   9.1549392e-03  -9.1235227e-04  -2.9872554e-03
   1.0014375e-01   2.5388619e-01   3.6377824e-01   8.9483840e-03  -8.1029268e-04  -2.8403400e-03
   8.7560337e-02   2.2084297e-01   2.3810359e-01   7.0365118e-03  -1.2761743e-03  -2.5136162e-03
   8.3705691e-02   2.2145595e-01   2.0916191e-01   6.6355985e-03  -1.3864142e-03  -2.5638652e-03
   7.5146826e-02   2.1836480e-01   2.3768128e-01   6.8494663e-03  -1.7686980e-03  -2.5464438e-03
   7.9921031e-02   2.1676839e-01   2.5485701e-01   6.8652719e-03  -1.9655798e-03  -2.7370855e-03
   1.3835663e-01   2.1711640e-01   2.8987916e-01   7.1156969e-03  -1.4537212e-03  -3.6151782e-03
   1.3884918e-01   2.0196214e-01   3.3334094e-01   7.7415857e-03  -1.9509035e-03  -4.0206856e-03
   1.3806854e-01   2.3524308e-01   3.1787292e-01   7.8018135e-03  -1.8069267e-03  -3.9271361e-03
   1.2091736e-01   2.4232674e-01   3.4285328e-01   7.8900137e-03  -1.7234771e-03  -3.6315895e-03
   1.2056123e-01   2.3392617e-01   3.3435121e-01   8.0293620e-03  -1.6881926e-03  -3.6193018e-03
   1.2757678e-01   2.3496739e-01   3.2945252e-01   7.9900775e-03  -1.7556783e-03  -3.7587892e-03
   1.2026096e-01   2.5735195e-01   3.4568119e-01   8.1554702e-03  -1.9265608e-03  -3.6514771e-03
   1.3831120e-01   2.4673245e-01   3.4026962e-01   8.3262637e-03  -1.5443566e-03  -3.7939488e-03
   1.0567115e-01   2.4018064e-01   3.0104102e-01   8.1531969e-03  -1.5908051e-03  -3.3399822e-03
   1.2982553e-01   2.6484084e-01   3.3023986e-01   8.5726856e-03  -1.3323891e-03  -3.5315212e-03
   1.1945199e-01   2.6188833e-01   3.4549065e-01   8.8332081e-03  -1.5077121e-03  -3.4059552e-03
   1.4541937e-01   2.6091443e-01   3.4403747e-01   8.7461261e-03  -1.4275657e-03  -3.8381679e-03
   1.2354000e-01   2.7417273e-01   3.7941316e-01   9.0923690e-03  -1.7452198e-03  -3.6230733e-03
   1.3655987e-01   2.8859952e-01   3.8112610e-01   9.4145808e-03  -1.4983027e-03  -3.7306361e-03
   1.0294920e-01   2.8247015e-01   3.1438487e-01   8.6072978e-03  -1.8964227e-03  -3.2935419e-03
   1.4772749e-01   2.7063196e-01   3.4355699e-01   8.8043624e-03  -1.5053640e-03  -3.9564400e-03
   1.2642523e-01   2.8644456e-01   3.4178517e-01   9.1057078e-03  -1.5618745e-03  -3.6007760e-03
   1.3522278e-01   2.6455957e-01   3.6450867e-01   8.8656364e-03  -1.5780096e-03  -3.7035705e-03
   1.2575930e-01   2.5547504e-01   2.7735282e-01   8.5512658e-03  -1.4768692e-03  -3.5349785e-03
   9.6799295e-02   2.8772520e-01   3.0708855e-01   8.9191261e-03  -1.6012703e-03  -2.8873245e-03
   7.5503138e-02   2.7151184e-01   3.0624392e-01   8.8071423e-03  -1.7281284e-03  -2.7383530e-03
   7.2732498e-02   2.4314996e-01   2.6294971e-01   8.2623670e-03  -1.3773687e-03  -2.5588472e-03
   6.0388070e-02   2.7556311e-01   3.1614674e-01   9.1379917e-03  -1.2457165e-03  -2.3625821e-03
   3.4964530e-02   2.6253119e-01   2.4441890e-01   7.9295441e-03  -1.6478551e-03  -2.3007775e-03
   6.4548737e-02   2.7985871e-01   3.4474270e-01   9.1924646e-03  -7.7726991e-04  -2.5735181e-03
   9.7218058e-02   2.5353515e-01   3.7691494e-01   9.8574932e-03  -9.3756583e-04  -3.2489767e-03
   9.7675720e-02   2.5680986e-01   3.5004050e-01   9.5300076e-03  -1.1629554e-03  -3.2498451e-03
   1.1154141e-01   2.8691225e-01   3.6380270e-01   9.7013873e-03  -1.1855704e-03  -3.5031906e-03
   1.2576445e-01   2.6501915e-01   3.8586357e-01   9.5283541e-03  -1.3047929e-03  -3.7121633e-03
   1.0544948e-01   2.8157078e-01   3.9035601e-01   9.8170542e-03  -1.5377494e-03  -3.6744707e-03
   1.2961931e-01   2.7809246e-01   4.4061066e-01   1.0058997e-02  -1.3284140e-03  -3.7834156e-03
   1.2103926e-01   2.6717025e-01   3.9977463e-01   9.6984265e-03  -1.5760505e-03  -3.8383554e-03
   1.0469527e-01   2.7803063e-01   3.5277094e-01   9.4038875e-03  -1.6938864e-03  -3.4498017e-03
   1.2618977e-01   2.7338968e-01   3.5434185e-01   9.7800289e-03  -1.1909408e-03  -3.7226656e-03
   1.2434703e-01   2.7634152e-01   3.7144431e-01   9.8400214e-03  -1.4173395e-03  -3.8487818e-03
   1.1144338e-01   2.7552751e-01   3.6107219e-01   9.9665268e-03  -1.4731023e-03  -3.5748113e-03
   1.3569979e-01   2.8109656e-01   3.7011597e-01   1.0012927e-02  -1.5556251e-03  -3.9691793e-03
   1.3059209e-01   2.8974205e-01   3.3741935e-01   9.6450383e-03  -1.6872653e-03  -3.9802968e-03
   1.3061939e-01   3.0305193e-01   3.6677093e-01   1.0022038e-02  -1.5920358e-03  -3.9756200e-03
   1.4671957e-01   2.7860496e-01   3.9122654e-01   1.0243778e-02  -1.4143598e-03  -4.2852877e-03
   1.1988136e-01   2.8742710e-01   3.3427866e-01   9.7278539e-03  -1.2669278e-03  -3.7744734e-03
   1.4435100e-01   2.8861686e-01   3.5473653e-01   1.0060388e-02  -1.0208145e-03  -4.0554381e-03
   1.1200211e-01   2.8449526e-01   3.9068555e-01   1.0148634e-02  -1.4460850e-03  -3.7226108e-03
   1.1976796e-01   3.0196670e-01   4.3180456e-01   1.0992420e-02  -1.2833032e-03  -3.7734721e-03
   1.0018791e-01   3.0257686e-01   3.5035931e-01   9.5871884e-03  -1.7078888e-03  -3.4370510e-03
   6.3097193e-02   2.5092186e-01   2.0711327e-01   7.7585838e-03  -1.5858606e-03  -2.9879571e-03
   8.8928748e-02   2.8216381e-01   2.8926020e-01   9.3756230e-03  -1.0732285e-03  -3.4435495e-03
   8.3204733e-02   2.4972618e-01   2.4272312e-01   8.8575258e-03  -1.3047576e-03  -3.4026369e-03
   1.0152055e-01   2.1462786e-01   2.2667009e-01   7.9936400e-03  -1.0558409e-03  -3.3788825e-03
