   0.0000000e+00   0.0000000e+00   0.0000000e+00   0.0000000e+00   0.0000000e+00   0.0000000e+00
  -3.7130452e-03   8.6176684e-03   8.7459483e-03  -5.2105547e-04  -8.5114855e-05  -1.3177466e-05
  -2.0878821e-02  -2.5531644e-02   1.7274705e-01   2.3071139e-03  -7.7695716e-05   2.0673573e-04
  -7.3896579e-02  -1.1045607e-01   2.4827290e-01   8.0618981e-03  -1.5021905e-04   1.5409684e-04
  -2.7495281e-02  -9.2071913e-03   1.9847261e-01   3.3413061e-03   1.1185895e-05  -7.1172625e-04
  -2.2893535e-02   5.8132340e-03   1.5900444e-01   3.4856895e-03  -2.8968264e-04  -5.3085236e-04
  -2.6186379e-02   3.9626187e-02   4.6629758e-02   2.6110218e-03  -3.4856192e-04  -7.3863313e-04
  -3.2842552e-02   2.0930273e-02   1.3218941e-01   2.8942849e-03  -4.4958398e-04  -5.0286697e-04
  -3.1668528e-02   2.3430537e-02   1.2228046e-01   2.8475881e-03  -5.1196767e-04  -6.1093287e-04
  -4.0448257e-02   2.8281523e-02   9.4826432e-02   2.5915076e-03  -6.8860066e-04  -7.4808211e-04
  -4.1811917e-02   2.3162388e-02   1.0864954e-01   2.3568239e-03  -6.1444902e-04  -9.7209467e-04
  -4.3171610e-02   3.7597213e-02   1.2957228e-01   3.1178649e-03  -5.1763329e-04  -1.0116631e-03
  -4.6219643e-02   2.1899799e-02   1.3681963e-01   3.0023475e-03  -5.2434328e-04  -8.9582194e-04
  -4.5712655e-02   1.8168780e-02   1.2675014e-01   2.3180271e-03  -5.4241569e-04  -9.4500964e-04
  -5.1427788e-02   3.1340195e-02   8.6789627e-02   2.2828996e-03  -5.9638282e-04  -9.7186611e-04
  -4.0218544e-02   1.3211229e-02   1.1825452e-01   2.5779664e-03  -6.3789284e-04  -1.2020467e-03
  -5.4120854e-02   4.9449753e-03   1.3472317e-01   3.1471360e-03  -3.8686851e-04  -1.0305626e-03
  -5.6279146e-02  -2.5395446e-02   1.6754402e-01   3.6575155e-03  -1.3251703e-04  -1.0433140e-03
  -3.7786808e-02   3.5404825e-02   7.6668440e-02   2.3175309e-03  -5.1165390e-04  -1.4645774e-03
  -3.2831689e-02   2.7219086e-02   9.3403004e-02   3.1195216e-03  -7.7514537e-04  -1.2915680e-03
  -4.0666351e-02   3.5936805e-02   7.1566607e-02   2.2746927e-03  -7.2170162e-04  -1.1504171e-03
  -3.0320781e-02   2.7678483e-02   7.5855582e-02   2.2581331e-03  -6.4823353e-04  -1.2740026e-03
  -2.5245434e-02   4.6797375e-02   5.3508919e-02   2.3595357e-03  -9.9057988e-04  -1.3774228e-03
  -2.1852070e-02   6.5857632e-02   5.0621455e-02   2.3771587e-03  -1.1715149e-03  -1.4001555e-03
  -3.3796274e-02   3.3877566e-02   1.2685343e-01   2.9547259e-03  -9.3703778e-04  -1.2898106e-03
  -2.9264426e-02   3.0964364e-02   1.6018569e-01   3.1060795e-03  -9.2748309e-04  -1.2478453e-03
  -2.6189881e-02   4.3858297e-02   8.7402531e-02   2.3155736e-03  -1.0629625e-03  -1.3317929e-03
  -2.0337118e-02   3.7832203e-02   1.3004146e-01   2.5188002e-03  -9.3411587e-04  -1.4240043e-03
  -6.7349358e-03   4.2012997e-02   6.5318334e-02   1.7393458e-03  -1.1958435e-03  -1.5194769e-03
  -8.8557895e-03   5.7806927e-02   3.7401355e-02   1.3019433e-03  -1.3208809e-03  -1.4150993e-03
  -1.2676582e-02   4.3671298e-02   1.0556488e-01   1.8891703e-03  -1.1626857e-03  -1.4554771e-03
  -9.2914531e-03   4.4022034e-02   7.8335864e-02   1.7592248e-03  -1.1084775e-03  -1.5885254e-03
  -1.4301507e-02   5.2592600e-02   5.8374678e-02   1.5308538e-03  -1.1888038e-03  -1.4957581e-03
  -1.8778967e-02   4.0880015e-02   1.1057849e-01   2.3484503e-03  -1.0748396e-03  -1.5506151e-03
  -1.5553375e-02   5.1618726e-02   8.4845352e-02   1.8650684e-03  -8.9758627e-04  -1.6163724e-03
  -2.6035088e-02   1.2305733e-02   1.4089979e-01   2.7865828e-03  -7.7272482e-04  -1.4161969e-03
  -2.4750396e-02   2.2913611e-02   1.1927906e-01   2.9872883e-03  -7.1576827e-04  -1.4142659e-03
  -2.3953638e-02   2.1180026e-02   1.0099337e-01   2.2009605e-03  -7.0349871e-04  -1.5299762e-03
  -2.0413554e-02   3.3399525e-02   8.7086440e-02   2.0272446e-03  -8.5697126e-04  -1.6391084e-03
  -1.9371818e-02   3.3486863e-02   7.3651549e-02   1.9565607e-03  -6.7980093e-04  -1.6809454e-03
  -1.6718932e-02   3.5462296e-02   1.0628655e-01   1.8351238e-03  -6.8233091e-04  -1.8023393e-03
  -2.0434178e-02   3.9301318e-02   1.9937075e-02   1.2810871e-03  -8.4486466e-04  -1.7057072e-03
   1.0895984e-03   3.3389249e-02   7.8034224e-02   1.7982930e-03  -7.3543708e-04  -1.8581398e-03
   2.0371819e-02   7.1672747e-02   6.3557734e-02   2.1744674e-03  -1.0200606e-03  -1.9747609e-03
  -7.7500637e-03   5.0220038e-02   9.6417569e-02   1.9426197e-03  -8.2015227e-04  -1.9541444e-03
  -1.4452877e-02   3.3063411e-02   1.3294357e-01   2.5536839e-03  -4.7018895e-04  -1.8331487e-03
  -4.8086003e-03   7.6174907e-02   2.6142093e-02   1.0572117e-03  -7.4591057e-04  -2.1222407e-03
  -1.3980391e-02   6.5457111e-02   8.0150710e-02   1.4370519e-03  -7.2302795e-04  -2.0269737e-03
  -7.1518659e-03   7.6644286e-02   4.4540123e-02   1.0659532e-03  -5.0974808e-04  -2.1934989e-03
  -3.1615758e-03   7.9653349e-02   3.7570342e-02   1.0065455e-03  -6.9360725e-04  -2.0620526e-03
   6.4642032e-03   8.5968153e-02   7.4277305e-02   1.1191715e-03  -8.6423176e-04  -2.1400073e-03
   1.3142655e-02   9.8056727e-02   2.8636039e-02   6.4483255e-04  -1.0598822e-03  -2.2385602e-03
  -1.5398185e-02   5.1613994e-02   1.2561650e-01   1.4229811e-03  -5.7269954e-04  -1.9206732e-03
  -1.6217241e-02   3.6075189e-02   1.1651485e-01   2.9846907e-03  -5.3546187e-04  -1.8803820e-03
  -1.7448130e-02   3.9031993e-02   1.1655101e-01   2.3780245e-03  -6.5328945e-04  -1.7651643e-03
  -1.5948560e-02   4.1666539e-02   7.4364076e-02   6.5346957e-04  -7.0937831e-04  -2.0383470e-03
  -1.8984209e-02   3.5561928e-02   2.6974455e-02   7.8989267e-04  -6.1117873e-04  -1.8222657e-03
  -4.9187451e-03   5.5165138e-02   5.4818878e-02   1.3583607e-03  -5.9749751e-04  -2.0523830e-03
   3.5082066e-03   9.6400731e-02   2.5503420e-03   8.4382766e-04  -9.8409502e-04  -2.1630899e-03
  -7.9010453e-03   7.1485293e-02   8.4345616e-02   1.2930313e-03  -6.2161517e-04  -2.0461473e-03
  -1.2993387e-02   6.7244645e-02   6.9399778e-02   1.3797669e-03  -6.6357635e-04  -2.1209629e-03
  -6.8079817e-03   1.0088716e-01   3.8491117e-02   1.0469383e-03  -7.6277619e-04  -2.2008106e-03
  -1.1620610e-02   8.5565090e-02   8.3691141e-02   1.1834466e-03  -8.9390134e-04  -1.9964731e-03
  -1.6905579e-02   6.7567848e-02   1.0034147e-01   1.7052129e-03  -7.3010637e-04  -2.0271127e-03
  -1.5503723e-02   8.1808283e-02   8.8523896e-02   1.8046840e-03  -7.7752477e-04  -2.1501743e-03
  -2.3770021e-02   7.9316876e-02   1.3700923e-01   2.0637681e-03  -4.0417583e-04  -2.1324328e-03
  -1.3685706e-02   8.4822045e-02   5.8167399e-02   1.3641116e-03  -6.5171188e-04  -2.2424070e-03
  -2.1868057e-02   6.9682199e-02   7.0357399e-02   1.7693455e-03  -6.1217844e-04  -2.1095100e-03
  -1.6505722e-02   9.2138045e-02   1.4837311e-02   7.5238770e-04  -6.7937628e-04  -2.1879757e-03
  -1.4720117e-02   6.3689255e-02   3.6498186e-02   1.0910681e-03  -5.8887706e-04  -2.0511079e-03
  -1.2066102e-03   9.8663140e-02  -8.2629812e-03   8.5507662e-04  -8.8185297e-04  -2.2627531e-03
  -7.5904733e-03   1.1692288e-01  -2.5256275e-02   8.9278924e-04  -1.1713046e-03  -2.1951423e-03
  -1.5579377e-02   1.0096095e-01   5.3649310e-02   1.2381544e-03  -1.0427258e-03  -2.2522421e-03
  -1.1795644e-02   9.5029935e-02   5.6631218e-02   1.4909909e-03  -1.0312914e-03  -2.1891577e-03
   4.3804400e-03   1.1399210e-01   2.4923806e-03   6.1030768e-04  -1.3214643e-03  -2.1758677e-03
  -3.6030940e-03   9.1562765e-02   4.5982622e-02   1.3810252e-03  -1.1268041e-03  -2.1909559e-03
  -6.8530383e-03   1.0118012e-01   2.2874892e-02   1.7638211e-03  -1.2279881e-03  -2.1403204e-03
  -1.2649007e-02   8.7649279e-02   1.0462338e-01   2.1406330e-03  -7.4622326e-04  -2.0968696e-03
  -7.5162930e-03   8.2044946e-02   6.6147128e-02   1.4903048e-03  -9.8553728e-04  -2.2293625e-03
  -2.1613680e-02   6.5270921e-02   3.7511668e-02   6.8903954e-04  -9.2212021e-04  -2.1009747e-03
  -1.5356576e-02   7.6730674e-02   2.5566304e-02   7.6118714e-04  -9.1745236e-04  -2.1958016e-03
  -1.4520679e-02   9.8564444e-02  -4.4157522e-02   2.2704824e-04  -1.0596129e-03  -2.1589531e-03
  -9.6281775e-03   9.2917922e-02   1.3454983e-02   9.9688278e-04  -9.4422798e-04  -2.2288596e-03
  -8.4360796e-03   1.1091595e-01  -7.1672244e-03   1.2910397e-03  -9.2653492e-04  -2.2354518e-03
  -6.7351831e-03   1.0686693e-01   6.5672936e-02   1.9253434e-03  -8.1173680e-04  -2.0815417e-03
  -7.3759718e-03   1.0471233e-01   1.7330925e-02   1.8163265e-03  -9.0148307e-04  -2.1727950e-03
  -1.2835709e-02   1.0959436e-01  -1.7885997e-03   6.4486932e-04  -8.5654510e-04  -2.2466415e-03
  -2.0082130e-02   8.7831396e-02   6.4424620e-03   9.6938855e-04  -8.2805417e-04  -2.2152482e-03
  -5.3176360e-03   1.3100105e-01  -5.8929053e-02   3.6094108e-04  -1.1593681e-03  -2.3836423e-03
  -1.8572910e-02   1.1781326e-01   2.0500756e-02   1.1174763e-03  -9.7915736e-04  -2.2189722e-03
  -2.2287118e-02   1.0338324e-01   2.7639801e-02   1.3605878e-03  -9.9971871e-04  -2.2204892e-03
  -1.9690143e-02   1.1550955e-01   2.0939195e-02   9.3266020e-04  -1.0820678e-03  -2.3176054e-03
  -2.3188213e-02   1.0311274e-01   6.7245707e-02   1.6138408e-03  -7.7597993e-04  -2.2990912e-03
  -1.1796216e-02   1.2015708e-01   1.6958739e-02   1.4177078e-03  -8.6115669e-04  -2.1990689e-03
  -2.7826669e-02   1.1393848e-01   1.0928656e-02   9.1161625e-04  -9.6199788e-04  -2.3312021e-03
  -3.7466220e-02   1.1031111e-01  -1.7899521e-02   8.7505495e-04  -1.1591907e-03  -2.4367814e-03
  -1.4013648e-02   1.2864473e-01  -6.8445904e-02   2.5427113e-04  -1.3496704e-03  -2.4259937e-03
  -1.1227538e-02   1.3508497e-01  -2.1141767e-02   1.3435247e-03  -1.2198114e-03  -2.4506113e-03
  -5.4011641e-03   1.6910759e-01  -2.7225723e-02   1.0824309e-03  -1.3882334e-03  -2.4281748e-03
  -2.1823737e-02   1.1361745e-01   6.7932515e-02   1.5751611e-03  -1.0225167e-03  -2.2212613e-03
  -2.0848005e-02   9.8395682e-02   4.3520179e-02   1.8932290e-03  -1.0172452e-03  -2.2013796e-03
  -1.2692803e-02   1.3226156e-01   2.1691711e-02   8.2489815e-04  -9.9093539e-04  -2.3418630e-03
  -2.6258167e-02   1.1646284e-01   7.6306147e-02   2.5529881e-03  -6.0878758e-04  -2.1877601e-03
  -1.3963397e-02   1.3670041e-01  -3.4176775e-02   6.6989778e-04  -1.0612541e-03  -2.4199127e-03
  -2.7146966e-02   1.2570886e-01   2.2182826e-02   1.3204799e-03  -8.1001296e-04  -2.3504285e-03
  -1.6044877e-02   1.4029343e-01  -1.5830460e-02   1.1885686e-03  -1.0988600e-03  -2.3621703e-03
  -1.7358677e-02   1.5919207e-01  -3.0396235e-02   1.0519025e-03  -1.1380071e-03  -2.3955150e-03
  -2.4210276e-02   1.2776852e-01   1.6773030e-02   1.4783076e-03  -1.0252484e-03  -2.3900113e-03
  -1.6142185e-02   1.5222992e-01   3.8775828e-02   1.4014202e-03  -9.0671176e-04  -2.5749652e-03
  -1.7589758e-02   1.4465710e-01  -8.6089332e-03   9.6946942e-04  -1.1094239e-03  -2.4809610e-03
  -1.9731236e-02   1.3731763e-01   5.6994420e-02   1.5333764e-03  -9.2428475e-04  -2.4417808e-03
  -1.3034118e-02   1.5065703e-01   1.9822045e-02   1.5110222e-03  -1.1392636e-03  -2.5736395e-03
  -2.5441025e-02   1.3411454e-01   7.8719589e-02   1.9038438e-03  -6.1311243e-04  -2.4153245e-03
  -1.7498353e-02   1.2983866e-01   5.8730165e-02   2.1699528e-03  -8.2211461e-04  -2.3830150e-03
  -2.2920553e-02   1.5558961e-01   8.8047126e-03   1.2113330e-03  -1.0330207e-03  -2.5582039e-03
  -2.6866334e-02   1.3441167e-01   5.3516685e-02   2.1159443e-03  -9.6992714e-04  -2.2724393e-03
  -2.4611485e-02   1.3855959e-01   3.4567035e-03   1.7552027e-03  -1.0305745e-03  -2.3371495e-03
  -2.6504210e-02   1.4332299e-01   1.8295106e-02   9.3357744e-04  -9.6679620e-04  -2.3851768e-03
  -1.7902301e-02   1.2946349e-01  -4.8994756e-02   1.1674462e-03  -1.0139109e-03  -2.4202779e-03
  -1.3853598e-02   1.6229124e-01  -6.5677119e-02   4.7013739e-04  -1.3834817e-03  -2.5348980e-03
  -1.4690646e-02   1.5669556e-01  -2.6307888e-02   1.6041601e-03  -1.1789650e-03  -2.4260272e-03
  -1.5776543e-02   1.7443542e-01  -5.0787643e-02   6.1992435e-04  -1.1200178e-03  -2.4537269e-03
  -2.1489594e-02   1.4105948e-01   2.9812783e-02   1.8294302e-03  -1.3407767e-03  -2.3454461e-03
  -1.4978029e-02   1.5414183e-01  -2.7727508e-03   1.7660227e-03  -1.6089271e-03  -2.3413366e-03
  -4.8209639e-03   1.7114568e-01  -2.5422912e-02   5.5580887e-04  -1.8166623e-03  -2.4603884e-03
  -1.2257579e-02   1.6587866e-01   1.4416542e-02   1.1415662e-03  -1.6338731e-03  -2.4455829e-03
  -4.3284025e-03   1.7979720e-01  -2.4215806e-02   6.4331341e-04  -1.6889184e-03  -2.4559463e-03
  -1.4638112e-02   1.3541951e-01   8.1369213e-02   1.8820663e-03  -1.1273355e-03  -2.3252238e-03
  -4.8595069e-03   1.4100503e-01   4.4550199e-02   1.7089948e-03  -1.3245150e-03  -2.5132478e-03
