   0.0000000e+00   0.0000000e+00   0.0000000e+00   0.0000000e+00   0.0000000e+00   0.0000000e+00
   4.6612213e-02   2.3432666e-02   1.3275377e-02   1.6219275e-03   8.7125268e-04  -2.1616707e-03
   1.7483298e-01   2.4673296e-02   1.6918245e-01   1.0487992e-02   2.2645056e-03  -4.1072541e-03
   2.3548727e-01   7.7235776e-02   1.5526428e-01   1.1045212e-02   3.4307141e-03  -3.8938403e-03
   2.5330122e-01   4.7626028e-02   2.7666030e-01   1.0318709e-02   3.5708407e-03  -4.6138573e-03
   2.4613724e-01  -4.1623535e-02   2.9434860e-01   1.1565852e-02   1.2736447e-03  -6.0036058e-03
   4.1352145e-01  -7.2647708e-03   2.7721016e-01   1.2140139e-02   3.3661802e-03  -6.2166167e-03
   5.1018355e-01   1.3575116e-02   2.8266040e-01   1.3124395e-02   4.1697029e-03  -7.4380262e-03
   5.6017046e-01   1.3586425e-02   2.6717268e-01   1.3418003e-02   4.3412648e-03  -8.1007435e-03
   5.6212154e-01  -1.6771178e-02   2.3037911e-01   1.4811250e-02   4.4669058e-03  -8.3570778e-03
   6.2215431e-01   1.6083830e-02   4.1342617e-01   1.6282032e-02   4.0008756e-03  -1.1213590e-02
   6.3976573e-01   2.3065037e-02   3.0235784e-01   1.7003458e-02   4.9467401e-03  -1.0746500e-02
   6.8551272e-01   7.6011507e-02   3.6761553e-01   1.6419513e-02   5.8829330e-03  -1.3151678e-02
   4.9848461e-01   4.1028072e-02   1.8436220e-01   1.7361504e-02   2.8558596e-03  -1.6004997e-02
   6.4519491e-01   1.9277512e-03   2.3606032e-01   1.8703640e-02   1.6946950e-03  -1.7364021e-02
   6.5675757e-01   9.1089988e-02   2.3619583e-01   1.8757419e-02   3.2020355e-03  -1.8382217e-02
   7.4750547e-01   9.3633860e-02   3.0663846e-01   1.8753305e-02   2.2406846e-03  -1.9317926e-02
   7.1309535e-01   7.9705052e-02   1.8745144e-01   1.9093870e-02   4.0974617e-03  -1.9712322e-02
   7.6754546e-01   8.0318027e-02   3.1350775e-01   1.8840970e-02   3.0945648e-03  -2.0705718e-02
   7.5805641e-01   8.0444530e-02   2.1137172e-01   1.9209922e-02   4.4048788e-03  -2.0417950e-02
   8.0946828e-01   1.1183572e-01   3.6108428e-01   1.8669153e-02   3.4476506e-03  -2.1493783e-02
   6.6115593e-01   1.6723584e-01   1.8106632e-01   1.8774093e-02   4.6693421e-03  -2.1059316e-02
   8.7575923e-01   1.9557945e-01   4.1351995e-01   1.8122843e-02   3.0230750e-03  -2.2620859e-02
   7.7750741e-01   2.0806263e-01   1.8703287e-01   1.9623288e-02   5.8046572e-03  -2.1854247e-02
   9.4959203e-01   2.5263701e-01   7.4093466e-01   2.0393073e-02   1.8489061e-03  -2.4442358e-02
   3.9411362e-01   7.8846027e-02  -1.4093544e+00   2.7076020e-02   7.3333939e-03  -1.7547559e-02
  -2.0729082e+00  -9.7703219e-01  -2.6897066e+00   1.3209769e-02   1.7581958e-02   1.9053677e-02
  -3.8870140e-01  -3.0210566e-01  -1.6096318e+00   6.7103223e-03  -5.7990168e-03  -1.9969615e-03
  -9.8075971e-01  -2.2304415e-01  -1.2754781e+00   1.3543324e-02  -1.1620268e-04   4.5705208e-04
  -8.1582437e-01  -1.8128529e-01  -8.3223162e-01   1.1646653e-02  -5.0169478e-03  -3.5549133e-03
  -8.2416068e-01  -2.2269324e-01  -8.8581525e-01   1.3109382e-02  -2.1951994e-05   1.1389022e-04
  -5.6451884e-01  -1.8803801e-01  -7.4561490e-01   1.5696830e-02   2.6621785e-04  -1.7597623e-03
  -5.1503917e-01  -1.6447783e-01  -6.9279962e-01   1.6736283e-02   2.5158387e-03  -3.7317598e-03
  -3.8465427e-01  -1.2769974e-01  -7.7138101e-01   1.7477439e-02   2.6071218e-03  -6.4402994e-03
  -4.1146642e-01  -1.8319033e-01  -9.6822879e-01   1.8480908e-02   4.5136277e-03  -5.9324651e-03
  -3.4601798e-01  -1.2355351e-01  -9.5140652e-01   1.7853247e-02   3.8266464e-03  -7.0918120e-03
  -4.0269570e-01  -1.4423829e-01  -1.0636352e+00   1.8754833e-02   4.8394034e-03  -6.5333751e-03
  -3.7802154e-01  -1.0438128e-01  -1.0214859e+00   1.8433614e-02   4.2246792e-03  -7.8527163e-03
  -4.1419066e-01  -1.1724987e-01  -1.0741445e+00   1.9243257e-02   5.1341579e-03  -7.7984435e-03
  -3.8542307e-01  -9.5881525e-02  -9.6117958e-01   1.8664555e-02   4.8219963e-03  -8.3676936e-03
  -4.4373312e-01  -8.9309811e-02  -9.5530196e-01   1.9345230e-02   4.8953392e-03  -8.4375779e-03
  -4.2650983e-01  -9.1338123e-02  -9.4389576e-01   1.8731194e-02   4.2986654e-03  -9.1563687e-03
  -4.4446285e-01  -1.2137999e-01  -9.7442414e-01   1.9270513e-02   4.3614895e-03  -8.9575205e-03
  -4.0448315e-01  -1.1682865e-01  -9.1083799e-01   1.9286342e-02   3.9066624e-03  -9.3381011e-03
  -4.1318383e-01  -9.9399221e-02  -9.3284559e-01   1.9506227e-02   4.5117653e-03  -9.1531470e-03
  -4.0118702e-01  -1.0761138e-01  -1.0229754e+00   1.9247393e-02   3.7442468e-03  -9.8213283e-03
  -4.0859784e-01  -1.6661475e-01  -1.2431339e+00   2.0783815e-02   4.2818996e-03  -9.8093210e-03
  -4.0393281e-01  -1.2279129e-01  -1.1936442e+00   2.0221539e-02   4.0257300e-03  -1.0411272e-02
  -4.3135355e-01  -8.4320678e-02  -1.2130531e+00   2.0895259e-02   4.2553245e-03  -1.0259268e-02
  -4.0835420e-01  -1.1192494e-01  -1.2148508e+00   1.9892079e-02   3.4896376e-03  -1.1541334e-02
  -5.4649702e-01  -1.8533602e-01  -1.2956132e+00   2.2069680e-02  -4.8323893e-03  -1.4728768e-02
  -7.6337474e-01  -2.2462463e-01  -1.4286937e+00   2.3363712e-02  -1.1592555e-02  -9.2630012e-03
  -1.0012948e+00   6.7272022e-02  -1.2467004e+00   1.7459275e-02  -1.0615444e-02  -6.1155748e-03
  -8.1829918e-01   7.8286158e-02  -1.1492432e+00   1.9295856e-02  -6.6995889e-03  -1.1213765e-02
  -8.1156311e-01  -3.6374185e-02  -1.0958575e+00   2.2419261e-02  -5.0459382e-03  -8.0307961e-03
  -6.1722983e-01   1.7590622e-02  -1.1024611e+00   2.3841540e-02  -5.0294746e-03  -6.6338912e-03
  -6.2199421e-01  -4.5954707e-02  -1.1217113e+00   2.5494906e-02  -2.3976350e-03  -9.2172342e-03
  -5.8365803e-01  -5.6367014e-02  -1.1520790e+00   2.6678169e-02  -3.4281596e-03  -1.3113060e-02
  -5.8594330e-01  -4.9740800e-02  -1.1750745e+00   2.8000588e-02  -3.6420488e-03  -1.5218772e-02
  -5.4077028e-01  -7.2870854e-03  -1.2267765e+00   2.8111843e-02  -3.6361665e-03  -1.5561306e-02
  -5.6152558e-01  -1.0916488e-02  -1.2048793e+00   2.7957721e-02  -2.9656095e-03  -1.5822532e-02
  -5.4366148e-01   1.7793412e-04  -1.1565227e+00   2.7681365e-02  -2.9659521e-03  -1.6179372e-02
  -5.6772859e-01  -1.5612026e-02  -1.1897196e+00   2.7827291e-02  -2.0016099e-03  -1.6229837e-02
  -5.3035741e-01  -1.2958153e-03  -1.2021525e+00   2.7392054e-02  -2.8638056e-03  -1.6827556e-02
  -5.3133594e-01  -2.9671369e-02  -1.1801340e+00   2.9751514e-02  -9.7117442e-04  -1.7085220e-02
  -4.9671975e-01  -3.5431760e-02  -1.1388014e+00   2.9733792e-02  -2.4170690e-04  -1.6585542e-02
  -4.9225501e-01  -3.2030699e-02  -1.1387569e+00   2.9832238e-02  -3.0620366e-04  -1.7226230e-02
  -4.8024241e-01  -1.9512143e-02  -1.1937874e+00   2.9436117e-02  -3.3945647e-04  -1.7543244e-02
  -4.9591778e-01  -3.3761713e-02  -1.2197496e+00   2.9229867e-02  -4.2621639e-04  -1.7788293e-02
  -4.7858306e-01  -4.4665506e-02  -1.1941848e+00   2.8804298e-02  -5.9298345e-04  -1.7895358e-02
  -4.8971992e-01  -3.2460784e-02  -1.1906653e+00   2.8871924e-02  -2.8774593e-04  -1.7963757e-02
  -4.5028615e-01  -2.1928156e-02  -1.2113564e+00   2.8900804e-02  -7.2926063e-04  -1.8007212e-02
  -4.7171002e-01  -5.0199205e-02  -1.2850285e+00   2.9618724e-02   2.0345655e-04  -1.8094078e-02
  -4.4226913e-01  -7.8269021e-02  -1.3551039e+00   2.9635445e-02  -5.2373328e-04  -1.8160223e-02
  -4.9442946e-01  -6.9142280e-03  -1.1447665e+00   2.9272900e-02  -9.9094239e-04  -1.7555947e-02
  -6.3089610e-01   6.9222087e-02  -9.2681150e-01   2.2360525e-02  -5.6356760e-03  -1.0492855e-02
  -6.9504507e-01  -3.1298556e-02  -1.0754023e+00   2.1103771e-02  -8.8834515e-03  -1.0716769e-02
  -7.0279154e-01   2.3050260e-01  -9.3189191e-01   2.1467854e-02  -8.6578225e-03  -1.1081024e-02
  -7.3291102e-01   3.6479219e-02  -8.9053523e-01   2.5016090e-02  -7.4960745e-03  -9.6746034e-03
  -7.1382200e-01  -2.8581604e-02  -9.2924193e-01   2.4571770e-02  -4.5013369e-03  -7.7398696e-03
  -6.4347709e-01  -1.4928324e-02  -8.7290268e-01   2.5639917e-02  -3.6610446e-03  -8.2517904e-03
  -5.6178760e-01  -1.1977044e-02  -8.9846222e-01   2.5637597e-02  -2.8451267e-03  -8.8746561e-03
  -5.1994104e-01  -6.0895344e-02  -8.9305655e-01   2.6200599e-02  -4.0700154e-04  -9.7285236e-03
  -4.5558489e-01  -1.0216164e-01  -8.8880218e-01   2.6499395e-02   5.8215845e-04  -1.1552634e-02
  -4.4928186e-01  -5.0855313e-02  -8.4873840e-01   2.7473481e-02   1.3513945e-03  -1.2664521e-02
  -3.8731194e-01  -8.3999647e-02  -9.6583368e-01   2.7586963e-02   7.6853875e-04  -1.3541292e-02
  -3.7405640e-01  -8.7799237e-02  -9.6638361e-01   2.8685566e-02   8.6615231e-04  -1.3796286e-02
   1.8791331e-03  -7.1424685e-02  -1.0750637e+00   2.8414273e-02   8.6916511e-04  -1.5714168e-02
   2.4825190e-01   8.3973048e-03  -9.7092064e-01   2.8876113e-02  -9.4082084e-04  -1.8026673e-02
   2.5445005e-01   2.3857567e-02  -9.5297509e-01   2.8647637e-02  -4.3879996e-04  -1.8654320e-02
   2.8601228e-01   2.8540529e-02  -9.1702140e-01   2.9872733e-02   4.3041324e-05  -1.8785364e-02
   2.7501621e-01  -2.1417773e-03  -9.4238322e-01   2.8916620e-02  -2.2960320e-04  -1.9443703e-02
   3.2092517e-01   2.0706456e-02  -8.7554700e-01   3.0459365e-02   1.0580401e-04  -1.9631318e-02
   3.2873468e-01   3.6316850e-02  -8.9780403e-01   3.0377519e-02   2.3250703e-04  -1.9216822e-02
   3.1953966e-01   5.0590874e-02  -8.1677209e-01   3.1568381e-02   4.3968052e-04  -1.9485498e-02
   3.2182910e-01  -3.6377874e-02  -9.0935769e-01   2.9568535e-02   2.7212717e-04  -2.0462276e-02
   3.2983195e-01   5.7301994e-02  -7.1094756e-01   3.1757170e-02   7.1495650e-04  -2.0335750e-02
   2.7565520e-01  -3.6737312e-02  -1.0630717e+00   2.8867702e-02   6.9076126e-04  -2.0414204e-02
   2.5054071e-01   1.3735110e-01  -5.0447527e-01   3.6614016e-02   1.3994850e-03  -1.8913986e-02
  -7.0522115e-01   3.5855326e+00  -1.1874611e+00   6.3197980e-02  -7.9033613e-03  -7.0467072e-03
  -6.5668115e-01   1.4495090e+00  -1.7891488e+00   5.0295443e-02  -5.4777324e-03  -5.5420233e-03
  -4.9613425e-01   1.4982298e+00  -1.0408101e+00   4.8906907e-02  -4.5625019e-03  -7.2310443e-03
  -5.5482211e-01   1.4194848e+00  -1.4453270e+00   4.7088476e-02  -2.0826371e-03  -5.0238566e-03
  -7.8185474e-01   1.2322745e+00  -1.1625828e+00   3.9634140e-02   6.3788714e-04   4.1757024e-04
  -6.6905239e-01   9.6647792e-01  -1.5679277e+00   3.6865498e-02  -1.2118573e-04  -7.2693819e-05
  -5.7786768e-01   1.1098857e+00  -1.3524944e+00   4.2726926e-02   1.4883162e-03  -2.3002771e-03
  -5.4545666e-01   1.0288799e+00  -1.4712715e+00   4.2246220e-02   7.8874490e-04  -2.9647053e-03
  -5.1062237e-01   1.0409320e+00  -1.2885616e+00   4.4956584e-02   1.7131547e-03  -3.9553639e-03
  -4.7454590e-01   1.0001952e+00  -1.3655649e+00   4.3859071e-02   1.6514906e-03  -4.6328876e-03
  -4.7453881e-01   1.0189463e+00  -1.2836345e+00   4.4386718e-02   2.5598279e-03  -4.0564461e-03
  -4.7537947e-01   9.7837561e-01  -1.3816842e+00   4.4239288e-02   2.5287190e-03  -5.0556787e-03
  -4.6633963e-01   9.9558940e-01  -1.2943670e+00   4.5230111e-02   2.7294503e-03  -5.3758834e-03
  -4.4333490e-01   9.8590140e-01  -1.3801818e+00   4.5481388e-02   2.2897278e-03  -5.6570126e-03
  -4.4242341e-01   9.7790070e-01  -1.3112543e+00   4.6194396e-02   2.3318453e-03  -6.2584462e-03
  -4.1143061e-01   9.6024887e-01  -1.3475585e+00   4.6584490e-02   2.7374038e-03  -5.9149977e-03
  -4.0968148e-01   9.9415343e-01  -1.2603544e+00   4.7043977e-02   3.1788984e-03  -5.9496618e-03
  -4.1460146e-01   9.6475483e-01  -1.3600089e+00   4.7089281e-02   2.7844040e-03  -6.7228137e-03
  -4.2222918e-01   9.7898351e-01  -1.2719752e+00   4.7627090e-02   3.0276694e-03  -6.2723464e-03
  -4.3509900e-01   9.4709243e-01  -1.3785015e+00   4.7632771e-02   2.9711605e-03  -6.5676598e-03
  -4.3823429e-01   1.0028147e+00  -1.2343348e+00   4.7780376e-02   2.8195451e-03  -6.7423936e-03
  -4.4317036e-01   9.6787160e-01  -1.3415145e+00   4.7448582e-02   1.9682159e-03  -6.5926780e-03
  -4.5087640e-01   9.6010266e-01  -1.1958088e+00   4.7199408e-02   1.5639928e-03  -6.9202197e-03
  -4.5936463e-01   9.5472571e-01  -1.3385485e+00   4.8093569e-02   1.7470987e-03  -7.6301500e-03
  -4.6312737e-01   1.0257742e+00  -1.2845662e+00   4.5980765e-02   3.6544085e-04  -9.5102143e-03
  -5.1502790e-01   1.0885948e+00  -1.4632920e+00   4.5528913e-02  -1.8014138e-03  -1.0341871e-02
  -6.5184208e-01   1.2332727e+00  -1.9692929e-01   3.3856017e-02  -1.3151639e-03  -9.8339717e-03
  -8.7598870e-01   1.0308616e+00  -9.3279792e-01   3.2739467e-02   4.0683528e-04  -4.3090644e-03
  -9.8708837e-01   8.4663248e-01  -1.9141894e+00   3.4021078e-02  -3.0254586e-03  -3.2389200e-03
  -9.0850743e-01   9.2114790e-01  -1.4762650e+00   3.2646207e-02  -5.0947253e-03  -5.7292007e-03
