   0.0000000e+00   0.0000000e+00   7.1054274e-15   1.3877788e-17   1.7347235e-18  -2.4074124e-35
  -5.2310173e-04   6.9016731e-02   2.7086263e-02  -1.2716543e-04  -6.8585133e-05  -9.8889993e-05
  -3.8380754e-03   2.9445814e-02   3.7069982e-02   4.5245909e-05  -1.4160440e-04   1.7968931e-04
   2.0486682e-02   1.0167967e-01   9.5833155e-03  -6.4255349e-04  -3.4085997e-04   2.0646500e-04
   2.3201448e-02   3.7554046e-02   4.2968005e-02  -5.7918048e-04  -7.4875086e-04   6.1511649e-04
   3.0884140e-02   1.0222985e-01  -8.7174190e-04  -2.1716333e-03  -1.2534633e-03   6.7609105e-04
   1.3615267e-02   2.6844215e-02   4.6895829e-02  -1.9027006e-03  -8.8565813e-04   8.9986262e-04
   5.7570188e-03   1.0394395e-01   4.4948981e-02  -2.3254113e-03  -6.8649103e-04   7.9656147e-04
   1.2926129e-02   8.2521007e-02   6.1013002e-02  -2.8222179e-03  -9.5424597e-04   1.0278023e-03
   1.0442387e-02   9.1791905e-02   9.9941705e-02  -3.0271596e-03  -6.2772922e-04   9.5014619e-04
   6.8156161e-03   1.4965871e-01   2.9305132e-02  -3.6887100e-03  -7.0868511e-04   1.0166892e-03
   5.8836543e-03   7.7476860e-02   6.2845465e-02  -3.6812676e-03  -8.2477472e-04   1.3051934e-03
   2.1424073e-02   1.3001812e-01   3.0060057e-02  -3.8435440e-03  -1.0438752e-03   1.2670709e-03
   2.5452150e-02   8.9491495e-02   2.0679609e-02  -4.2185542e-03  -1.3361950e-03   1.4686082e-03
   3.1551568e-02   1.2307333e-01   3.7909207e-02  -4.4079327e-03  -1.6106974e-03   1.4370843e-03
   3.4625676e-02   1.4795409e-01   3.4763872e-03  -4.2474240e-03  -1.5849203e-03   1.3925537e-03
   3.2338596e-02   6.0928085e-02   1.7915836e-02  -3.8849895e-03  -1.9139924e-03   1.6260598e-03
   4.4591146e-02   1.5805481e-01  -2.4308624e-03  -4.5069561e-03  -1.7036189e-03   1.5269857e-03
   4.2104749e-02   9.5643408e-02   2.4471991e-02  -4.4973958e-03  -1.1288919e-03   1.8162810e-03
   3.6577664e-02   1.3345878e-01   3.5732281e-02  -4.1524585e-03  -7.0121896e-04   1.5762177e-03
   2.8927390e-02   1.1038508e-01   1.4186467e-02  -4.4522902e-03  -6.1408015e-04   1.7211687e-03
   2.6455775e-02   1.2483349e-01   2.5568373e-02  -4.4937309e-03  -4.6706634e-04   1.6037868e-03
   2.1146200e-02   1.5850241e-01  -5.0850276e-03  -5.1983982e-03  -5.8992390e-04   1.7727576e-03
   1.3481563e-02   1.0968059e-01   3.7071138e-02  -5.0285668e-03   6.6895897e-05   1.7468442e-03
   1.0819530e-02   1.8777902e-01   1.2875183e-02  -5.5423276e-03  -1.9808619e-04   2.0337329e-03
  -2.6806298e-03   9.9521145e-02   6.7077389e-02  -4.5994899e-03   3.0814131e-04   2.0579970e-03
  -8.2396646e-03   1.7916869e-01   5.7624119e-02  -5.1698161e-03   9.9345564e-04   1.6100889e-03
  -6.9777213e-03   3.1671072e-02   6.3123479e-02  -4.4872169e-03   1.5045546e-03   1.6383966e-03
  -3.5708263e-02   1.8116647e-01   9.6183146e-02  -6.5785524e-03   2.1929850e-03   1.3641638e-03
  -1.8985819e-02   1.6014190e-01   1.2458315e-01  -5.8189010e-03   1.7337940e-03   1.3418271e-03
  -5.5299497e-03   1.7037396e-01   8.0980369e-02  -5.9916779e-03   1.4578775e-03   1.5001773e-03
  -1.5879867e-02   1.1791556e-01   1.1582047e-01  -6.4091855e-03   1.6898688e-03   1.8545009e-03
  -2.9302858e-02   1.5007822e-01   7.9625174e-02  -6.2501586e-03   2.4365461e-03   1.8479207e-03
  -2.1851402e-02   1.7449290e-01   2.9303527e-02  -6.9134281e-03   2.0176766e-03   2.1904690e-03
  -1.3285029e-02   1.3446201e-01   7.4820406e-02  -6.5047018e-03   1.8525559e-03   2.5009836e-03
   8.3889579e-04   1.9643729e-01   7.6168120e-02  -6.8377993e-03   1.7959264e-03   2.7611215e-03
  -9.6462418e-03   1.2885982e-01   7.0743768e-02  -7.4465735e-03   2.0919567e-03   3.1533079e-03
  -1.3439785e-03   1.5353277e-01   8.9087223e-02  -7.1312162e-03   2.1124157e-03   3.0985606e-03
  -1.1539577e-03   2.0314164e-01   3.5532257e-02  -7.8355715e-03   2.1989582e-03   3.1577062e-03
   1.1566750e-03   1.3328266e-01   9.1381677e-02  -7.7780838e-03   2.4579775e-03   3.3541466e-03
  -7.3882910e-04   2.0626912e-01   2.3551611e-02  -7.6139668e-03   2.6028262e-03   3.4865031e-03
  -1.2439655e-02   1.6001755e-01   4.2268491e-02  -7.6730795e-03   2.4350453e-03   3.8913917e-03
  -1.0684270e-03   1.5224353e-01   1.8118984e-02  -7.3675038e-03   2.4941207e-03   3.8462884e-03
   5.2973914e-03   1.8104606e-01  -1.2842861e-02  -7.5066090e-03   2.0608303e-03   4.1328825e-03
   4.2316479e-03   1.3302603e-01   3.1677765e-02  -7.5532338e-03   2.2498254e-03   4.0807754e-03
   1.3538931e-02   1.9707537e-01  -1.9821263e-03  -7.0416522e-03   1.3002754e-03   4.0086279e-03
   9.0232395e-03   1.0568988e-01  -1.2058533e-02  -7.0925735e-03   1.1228161e-03   4.2332524e-03
   8.3352595e-03   2.0328707e-01  -1.1747477e-02  -7.8739009e-03   2.3311968e-03   4.1361915e-03
  -4.6627400e-03   1.3737541e-01  -3.7309004e-02  -8.2326952e-03   2.3491496e-03   4.2263632e-03
  -1.3418180e-02   1.7253132e-01  -7.8195784e-03  -7.5125277e-03   2.2995674e-03   4.1243326e-03
  -2.0377619e-02   2.1040334e-01  -6.5916176e-04  -7.2172345e-03   2.1437114e-03   3.9192623e-03
  -1.8232469e-02   1.5460306e-01  -6.8315614e-03  -7.9349903e-03   2.7952525e-03   3.6634729e-03
  -2.4318804e-02   2.1809207e-01  -6.0635747e-02  -8.1047449e-03   2.3602965e-03   3.5078509e-03
  -5.4070669e-02   1.7133552e-01   7.1569099e-02  -8.5191962e-03   3.3485489e-03   3.1963535e-03
  -6.2531446e-02   2.1949554e-01   1.3915833e-02  -8.0508172e-03   3.5467028e-03   3.0227449e-03
  -4.9765335e-02   1.5356873e-01  -9.3304773e-03  -8.5156683e-03   3.3344359e-03   3.3826642e-03
  -4.6995668e-02   1.8303492e-01  -1.3128584e-02  -8.3239433e-03   3.4801557e-03   3.5341753e-03
  -4.1106337e-02   1.7276306e-01  -3.4895927e-02  -8.2293905e-03   3.2156637e-03   3.9182140e-03
  -3.0064124e-02   1.5828832e-01   3.0899413e-02  -7.6288113e-03   3.3902852e-03   3.9503141e-03
  -2.7993542e-02   2.4891302e-01  -3.7421979e-02  -8.7455406e-03   3.3248790e-03   4.1388304e-03
  -4.2426843e-02   1.6385919e-01   2.6954419e-02  -8.3931866e-03   3.9749192e-03   4.3524685e-03
  -3.2906058e-02   2.3145672e-01  -1.7242887e-02  -8.6025341e-03   3.4197178e-03   4.4547130e-03
  -4.9482355e-02   1.7151074e-01   7.3979430e-03  -8.5686134e-03   3.6777783e-03   4.7910854e-03
  -3.5882224e-02   2.3570170e-01  -3.9109737e-03  -8.9923736e-03   3.6115140e-03   5.0172663e-03
  -5.4892414e-02   2.2282117e-01  -5.5707963e-03  -9.0321325e-03   3.6715931e-03   5.2352575e-03
  -5.6651850e-02   2.0539347e-01  -1.7643669e-02  -8.5499082e-03   3.6479756e-03   5.0167918e-03
  -5.7404782e-02   2.3723829e-01  -7.0872789e-02  -9.0338092e-03   3.6745591e-03   5.1364194e-03
  -7.2144660e-02   2.0666254e-01   4.7737511e-03  -9.5705774e-03   4.6525897e-03   5.2880348e-03
  -7.5667431e-02   2.4422275e-01  -4.0326875e-02  -8.6407974e-03   4.3106021e-03   5.3746343e-03
  -8.1981271e-02   2.0181952e-01  -4.5211558e-03  -9.0213573e-03   4.7436966e-03   5.5102719e-03
  -8.1302709e-02   2.3842242e-01  -4.6081762e-02  -8.6332403e-03   4.9228984e-03   5.3898338e-03
  -8.0961891e-02   2.2361592e-01  -1.6114116e-02  -9.0924800e-03   4.8209240e-03   5.6679154e-03
  -8.0717934e-02   2.1898979e-01  -4.4124442e-02  -9.3435256e-03   4.8975117e-03   5.5955084e-03
  -1.1499894e-01   1.5138610e-01   8.2773944e-03  -8.0335878e-03   5.3688069e-03   6.3378180e-03
  -1.6159828e-01   2.7491153e-01  -4.8772757e-02  -8.8904110e-03   6.5735223e-03   6.4372133e-03
  -1.0209640e-01   1.9513015e-01   2.7023124e-01  -7.6739971e-03   5.6431088e-03   5.7725308e-03
  -4.2368865e-02   2.4226661e-01   3.3560531e-01  -6.7832910e-03   4.7950771e-03   3.4205061e-03
  -7.9046715e-02   2.5601599e-01   6.7777181e-02  -8.4753887e-03   5.4929621e-03   3.2887886e-03
  -7.7790613e-02   2.0937053e-01   1.3768110e-01  -8.1143312e-03   5.7843604e-03   3.4028846e-03
  -7.8802912e-02   2.2453912e-01   2.9840027e-02  -8.2304312e-03   5.2516245e-03   3.6804916e-03
  -7.3127634e-02   2.0248006e-01   9.6775153e-02  -8.4768797e-03   5.6935115e-03   3.8401741e-03
  -7.2419138e-02   2.2952705e-01   5.6082745e-02  -7.7850410e-03   6.0887516e-03   3.9495031e-03
  -8.3067173e-02   2.1372109e-01   1.1387593e-01  -8.3956686e-03   6.2986283e-03   4.3162909e-03
  -7.9029715e-02   2.2995835e-01   6.6644906e-02  -8.2110008e-03   6.1806460e-03   4.3574738e-03
  -8.9229512e-02   2.2773148e-01   8.2371018e-02  -8.4876506e-03   6.0283118e-03   4.7828610e-03
  -9.5449281e-02   2.2462948e-01   8.2406089e-02  -8.3544213e-03   6.4178948e-03   4.8246025e-03
  -9.1115596e-02   2.6008480e-01   6.8556010e-02  -8.2925605e-03   5.4558126e-03   4.9909969e-03
  -8.2223238e-02   2.1148671e-01   8.9256476e-02  -8.1031771e-03   5.3377197e-03   4.9924895e-03
  -8.2910803e-02   2.7418207e-01   6.6063689e-02  -9.2896872e-03   5.9781515e-03   5.1972677e-03
  -8.2575572e-02   2.3512598e-01   7.1160424e-02  -9.2786695e-03   6.3066927e-03   5.2348693e-03
  -9.1843600e-02   2.8382912e-01   6.3747241e-02  -9.1831930e-03   6.4872484e-03   5.4682708e-03
  -9.9741932e-02   2.4611280e-01   6.3417160e-02  -9.6865933e-03   7.0119715e-03   5.4388287e-03
  -1.0754175e-01   2.7373246e-01   6.9932472e-02  -8.8328790e-03   6.9768058e-03   5.4427319e-03
  -1.1655836e-01   2.1755099e-01   5.5047367e-02  -9.3132222e-03   6.9838444e-03   5.6132974e-03
  -1.1014408e-01   2.8639005e-01   6.0031117e-02  -9.1289315e-03   7.1030737e-03   5.5675180e-03
  -1.1659442e-01   2.5772667e-01   2.5596882e-02  -9.7965600e-03   6.8841621e-03   5.8631276e-03
  -1.1198610e-01   2.4383793e-01   5.7078524e-02  -9.2536022e-03   7.0315640e-03   5.8488071e-03
  -1.1140034e-01   2.9407814e-01   3.0492843e-02  -1.0271144e-02   6.9861018e-03   5.9636879e-03
  -1.1877718e-01   2.5832349e-01   8.5260721e-02  -9.5685856e-03   7.3603253e-03   5.9585157e-03
  -1.3657398e-01   2.9524005e-01   5.3740566e-02  -9.4585136e-03   7.3629551e-03   5.8505963e-03
  -1.4247701e-01   2.3437341e-01   7.0027147e-02  -9.7712675e-03   7.6115995e-03   5.7500456e-03
  -1.5412153e-01   3.2718120e-01   2.7271665e-02  -1.0146373e-02   7.8192607e-03   5.4044504e-03
  -1.4260972e-01   1.9150764e-01   4.9271275e-02  -9.6132190e-03   7.4688357e-03   5.5081454e-03
  -1.6080697e-01   3.6340856e-01   1.2640487e-02  -1.1129791e-02   8.4009999e-03   5.3386218e-03
  -1.3304022e-01   1.6456615e-01   4.9189987e-02  -9.2572338e-03   7.8064547e-03   5.5892831e-03
  -1.2670358e-01   2.4241149e-01   9.6194866e-02  -9.4763963e-03   8.0896413e-03   5.6763475e-03
  -1.3521760e-01   3.4416663e-01   1.0142596e-01  -1.0085366e-02   8.5066648e-03   5.5210804e-03
  -1.4944322e-01   2.3293523e-01   8.7270272e-02  -9.7400836e-03   8.5050089e-03   5.9401117e-03
  -1.4631578e-01   3.2086545e-01   9.7886916e-02  -1.0108878e-02   8.4422293e-03   5.7196636e-03
  -1.5143845e-01   2.7483861e-01   7.7045157e-02  -1.0218891e-02   8.1197122e-03   5.9498401e-03
  -1.4727933e-01   2.6559284e-01   1.0975689e-01  -1.0445713e-02   8.7209340e-03   6.0511296e-03
  -1.5468143e-01   3.1980603e-01   6.4743911e-02  -1.0430984e-02   8.6025442e-03   6.2345442e-03
  -1.6372629e-01   2.4464037e-01   8.7379139e-02  -1.0577137e-02   8.7829555e-03   6.4239563e-03
  -1.7093279e-01   3.2438273e-01   5.8288706e-02  -1.0274809e-02   8.9291122e-03   6.7971820e-03
  -1.6848239e-01   2.6065396e-01   1.0067551e-01  -1.0673623e-02   8.7686890e-03   7.0924862e-03
  -1.6209304e-01   2.9231367e-01   6.2126354e-02  -9.9535164e-03   8.7524389e-03   7.4820414e-03
  -1.7501412e-01   2.6971576e-01   9.3250773e-02  -1.0677846e-02   9.0726966e-03   7.7433643e-03
  -1.6547233e-01   2.6742019e-01   5.8787882e-02  -9.9396469e-03   8.8970792e-03   7.8261030e-03
  -1.7255439e-01   2.8614782e-01   9.2611702e-02  -1.0665046e-02   9.2758824e-03   7.9697522e-03
  -1.7453939e-01   2.6449393e-01   6.1238426e-02  -9.9398830e-03   9.5038033e-03   8.0074496e-03
  -2.0336913e-01   2.2746039e-01   1.8966375e-01  -9.8154534e-03   1.0253901e-02   8.4602127e-03
  -2.1501189e-01   3.0681178e-01   1.8942539e-01  -1.0042764e-02   1.0842860e-02   8.6120952e-03
  -2.1917999e-01   2.9158112e-01   1.4531336e-01  -1.0195351e-02   1.0775261e-02   8.4973925e-03
  -2.0679668e-01   2.4067740e-01   1.4977840e-01  -9.0490999e-03   1.0331781e-02   8.5658843e-03
  -1.9071467e-01   3.2049163e-01   1.9004772e-01  -9.4063399e-03   1.0231284e-02   7.7929931e-03
  -2.0685745e-01   1.4331167e-01   1.5585412e-01  -7.0148208e-03   1.0492480e-02   7.5490861e-03
  -2.1380636e-01   1.5510913e-01   2.7884375e-01  -3.4967567e-03   9.9856621e-03   6.6330632e-03
  -1.9289278e-01   3.0486301e-01   1.9018461e-01  -4.7631913e-03   1.0189533e-02   4.9977272e-03
  -1.8959772e-01   2.0794087e-01   3.8782132e-01  -4.9748153e-03   9.5667080e-03   5.3577284e-03
