   0.0000000e+00   0.0000000e+00   0.0000000e+00   0.0000000e+00   0.0000000e+00   0.0000000e+00
  -9.9131869e-03  -2.0657022e-02   1.8474253e-02   7.9978614e-04   2.0475134e-04  -6.6805047e-05
  -6.1691945e-03   3.8440278e-02  -3.8574958e-03  -2.3991255e-04  -2.6808625e-04  -4.3516921e-05
  -9.7238624e-03  -5.2317758e-02  -2.5188078e-02  -2.4362457e-04   2.0264631e-04   1.3082832e-04
   4.0408168e-03   1.1849805e-02   1.5710945e-02   1.0320836e-04   4.0048983e-04  -1.0195266e-04
  -2.3859341e-03   1.1815485e-02   5.7613402e-02   6.6701587e-04   1.6698503e-04   1.9883896e-04
  -1.2946554e-02  -1.9033006e-02   8.7453643e-02   4.7606754e-04   7.8155432e-04  -1.0561586e-04
  -1.8927921e-02   5.0288814e-03   1.0565407e-01   1.1540939e-03   9.0219559e-04  -3.3685895e-04
  -1.6271152e-02   3.9359816e-03   8.4537239e-02   8.9083101e-04   7.9078466e-04  -5.0208347e-04
  -1.5397711e-02   6.6195632e-03   6.6165281e-02   1.3346365e-03   7.8326307e-04  -6.0199544e-04
  -1.0288227e-02   4.4095800e-02   7.5722032e-02   1.0576609e-03   1.0486867e-03  -7.6656851e-04
  -3.0593099e-03   9.9142626e-03   6.3371583e-02   1.9598246e-03   7.3355983e-04  -5.0451686e-04
  -8.0708533e-04  -2.1788950e-03   5.9462266e-02   1.7745097e-03   1.0974687e-03  -3.8749075e-04
  -6.0817231e-03   4.3314489e-02   7.2757675e-02   2.0714143e-03   1.2372390e-03  -6.8536098e-04
  -6.0523715e-03   3.3439054e-02   7.6488332e-02   1.9613977e-03   1.0970847e-03  -5.7290053e-04
   8.2427839e-04   2.8978790e-02   5.0163616e-02   1.2639756e-03   1.4687584e-03  -9.3966899e-04
  -3.7702258e-03   6.9119506e-02   1.2647300e-01   1.9824271e-03   1.8609616e-03  -1.2851921e-03
  -3.4385561e-03   8.8499515e-03   1.5864025e-01   3.5627878e-03   1.9522304e-03  -1.0838436e-03
   1.7319054e-03  -9.2320734e-03   1.9415938e-01   3.3836912e-03   2.3058131e-03  -5.7873709e-04
   1.2722411e-02   2.1519996e-01   2.0516846e-01   4.7838104e-03   1.0116950e-03  -2.2645365e-03
   5.9694993e-03  -2.3918007e-01   1.5188343e-01   5.1623711e-03   1.0030355e-03  -1.6176769e-03
   2.9326983e-03   1.7190320e-02   1.5063307e-01   3.2430655e-03   6.5211884e-04  -6.4292546e-04
   9.9970890e-03   3.9575589e-02   1.7798359e-01   4.8720926e-03   1.1644618e-03  -8.1645223e-04
   6.7731554e-03   6.3647413e-02   2.1868266e-01   4.7758315e-03   8.9959052e-04  -1.0267935e-03
  -1.9797697e-03  -5.2982080e-02   2.6680814e-01   5.8786350e-03   1.4436074e-03  -9.5813408e-04
  -1.3929964e-02  -4.0203296e-02   2.3429616e-01   5.1649216e-03   1.5105705e-03  -6.3267542e-04
  -1.8502542e-02  -4.5421795e-02   1.4925892e-01   4.0556069e-03   1.2434986e-03  -3.1703735e-04
  -1.9183525e-02   9.7386810e-02   9.1577592e-02   3.1864450e-03   1.0542239e-03  -1.0038026e-03
  -1.5782967e-02  -2.9628136e-02   1.2567713e-01   3.2481859e-03   1.2029475e-03  -7.5808580e-04
  -1.2224213e-02   1.5148267e-02   1.7166258e-01   3.3885297e-03   1.7814093e-03  -7.7353673e-04
  -1.1159244e-02   2.8501465e-02   2.3722194e-01   4.6539526e-03   1.2708677e-03  -1.0137205e-03
  -2.4192562e-02  -6.5610210e-02   1.8700128e-01   4.1181288e-03   1.6528634e-03  -9.1380970e-04
  -2.3270928e-02  -7.7323961e-03   1.5989203e-01   4.7602673e-03   1.2598454e-03  -1.3654376e-03
  -2.3742475e-02   4.1128339e-03   1.8947057e-01   5.3225205e-03   1.4990421e-03  -1.2939780e-03
  -1.2108653e-02   9.9536890e-03   1.8551303e-01   5.1494993e-03   1.6452756e-03  -1.4888430e-03
  -2.0854282e-02  -4.5086361e-05   1.9192032e-01   5.0828476e-03   1.7817463e-03  -1.5035721e-03
  -2.2458298e-02   1.0206875e-02   1.8071304e-01   5.6085267e-03   1.8351397e-03  -1.5347417e-03
  -1.5759922e-02  -1.7757615e-02   1.6410636e-01   5.0511536e-03   2.0289387e-03  -1.3337510e-03
  -1.4225570e-02   2.0956687e-02   1.8350224e-01   5.4315857e-03   1.9899067e-03  -1.4365245e-03
  -1.4485547e-02   2.4318861e-02   1.5800164e-01   5.4558162e-03   1.9090065e-03  -1.3501714e-03
  -1.0941231e-02   1.4813640e-02   1.5217202e-01   5.1239961e-03   1.9612961e-03  -1.4245127e-03
  -1.2833568e-02   3.9063730e-02   1.5509214e-01   4.8956367e-03   2.2982522e-03  -1.3996245e-03
  -8.5888621e-03   9.1618519e-02   1.6878661e-01   5.0748972e-03   2.0206347e-03  -1.4618102e-03
  -6.9171178e-03   3.0663702e-03   2.0705995e-01   5.7826137e-03   2.0404308e-03  -1.4737887e-03
  -1.2690248e-02   3.3726115e-02   1.8826927e-01   5.7537419e-03   2.1678345e-03  -1.5479609e-03
  -2.5927371e-02   4.7114560e-02   2.0859568e-01   5.7981400e-03   1.9776554e-03  -1.6362238e-03
  -1.3104356e-02   3.5316203e-02   1.9480942e-01   5.3858290e-03   1.7517646e-03  -2.4639308e-03
  -2.2150993e-02  -6.4307403e-03   1.9930791e-01   5.2985971e-03   1.6098740e-03  -2.3770575e-03
  -1.1449993e-02   3.2616009e-02   2.0416417e-01   5.2598962e-03   1.8032331e-03  -2.4913978e-03
  -1.6962688e-02   3.5436315e-02   1.9378031e-01   5.6589540e-03   1.4400617e-03  -1.8628858e-03
  -3.1143529e-02   6.3839242e-02   2.4642245e-01   5.3946974e-03   1.5454942e-03  -1.7458735e-03
  -5.6300642e-02   9.3126300e-02   2.1443826e-01   3.7593362e-03   1.8470414e-03  -2.6205458e-03
  -4.9150664e-02   7.2802095e-02   1.7575624e-01   3.5443515e-03   1.2688127e-03  -2.3345913e-03
  -4.2663902e-02   9.7906443e-02   2.7991676e-01   3.2426516e-03   1.2713365e-03  -2.4011819e-03
  -4.3378107e-02   6.5345364e-02   2.1987972e-01   3.7198666e-03   9.9728937e-04  -2.6156620e-03
  -4.7146013e-02   7.0197956e-02   3.4345267e-01   3.4681800e-03   1.0323302e-03  -3.1561240e-03
  -4.6486208e-02   4.0389356e-02   4.7281673e-01   4.3221626e-03   1.5439032e-03  -2.9721402e-03
  -8.2636605e-02   3.2428578e-02   3.2735858e-01   3.0660543e-03   1.2220052e-03  -2.4726793e-03
  -9.1536904e-02   8.1654239e-02   3.3906869e-01   1.7273550e-03   1.3398956e-03  -2.6015800e-03
  -5.8141567e-02   2.7814383e-02   4.5517185e-01   3.0431691e-03   1.4958189e-03  -3.2654062e-03
  -1.0559673e-01   5.0453999e-02   3.4529357e-01   2.2966357e-03   1.1331713e-03  -3.0778095e-03
  -1.1726506e-01   6.9690570e-02   3.6004295e-01   2.6940232e-03   1.2429560e-03  -2.8250299e-03
  -9.9984443e-02   3.6646148e-02   3.3894532e-01   2.3427478e-03   1.6809082e-03  -2.9641313e-03
  -1.0354213e-01   2.4228888e-02   3.4578133e-01   2.8163200e-03   1.4769162e-03  -2.9021107e-03
  -1.0131103e-01   4.7315016e-02   3.1045972e-01   3.3699843e-03   1.1511375e-03  -2.9357455e-03
  -9.5848277e-02   2.5277817e-02   3.0589879e-01   2.8446266e-03   9.5635358e-04  -3.2639042e-03
  -1.0625367e-01   5.7133002e-02   2.6088991e-01   2.1317653e-03   8.2850441e-04  -3.0931438e-03
  -8.9542771e-02   8.6773308e-02   2.4105937e-01   1.5936444e-03   1.2073693e-03  -3.5881802e-03
  -8.3682670e-02   5.7784599e-02   2.5910776e-01   2.5311544e-03   1.0277341e-03  -3.2900380e-03
  -7.9241965e-02   3.8614725e-02   2.9439611e-01   2.3392176e-03   9.1035471e-04  -3.5079176e-03
  -8.2324993e-02   6.8800359e-02   2.8265048e-01   2.5194286e-03   2.3237722e-04  -3.6125739e-03
  -7.5044205e-02   5.4972009e-02   3.3017399e-01   2.9882259e-03   2.9456264e-04  -3.9881322e-03
  -7.7869565e-02   4.0799870e-02   3.0666103e-01   2.5861499e-03   1.1426766e-04  -4.0615579e-03
  -7.4914524e-02   4.4753144e-02   2.8727937e-01   2.6287992e-03   2.7775700e-04  -4.0921560e-03
  -9.4095346e-02   1.1850558e-01   2.3583549e-01   3.9035037e-03  -1.7647737e-04  -3.1634863e-03
  -1.0284064e-01   7.7947760e-02   2.0121465e-01   2.6787100e-03   5.1880176e-04  -2.9253338e-03
  -8.6103975e-02   1.0638669e-01   1.7486585e-01   1.6317656e-03  -9.6004177e-05  -3.6234188e-03
  -7.7832113e-02   1.5630979e-01   1.7681074e-01   1.4980328e-03   3.6011756e-04  -2.9242002e-03
  -7.4347888e-02   2.8796735e-01   4.0868139e-01   4.6741065e-03  -1.1633198e-03  -3.7103159e-03
  -8.4649822e-02  -4.6173769e-02   4.4542108e-01   4.9542048e-03  -2.0063111e-03  -3.5023056e-03
  -1.0143948e-01   6.3623775e-02   3.9762896e-01   3.0666218e-03  -1.5100341e-03  -3.0785300e-03
  -8.2409854e-02   9.6395824e-02   3.8599449e-01   3.5515177e-03  -1.2260768e-03  -3.5025069e-03
  -7.8869464e-02   1.1188266e-01   4.2741960e-01   3.5984707e-03  -8.2724965e-04  -3.9454898e-03
  -7.1535393e-02   7.7264285e-02   4.1743575e-01   3.3667170e-03  -4.8621849e-04  -4.2691554e-03
  -7.9735374e-02   8.1245122e-02   4.6448856e-01   4.3851990e-03  -5.3945058e-04  -4.5889268e-03
  -8.4242907e-02   6.3066084e-02   4.7264591e-01   5.1438838e-03  -9.2017228e-04  -4.8180839e-03
  -8.6786990e-02   5.6386831e-02   4.0711043e-01   3.8207390e-03  -6.5449162e-04  -4.8823568e-03
  -8.6265381e-02   9.0841010e-02   3.8295962e-01   3.9664689e-03  -4.2862165e-04  -4.7472567e-03
  -6.8041419e-02   1.3667371e-01   3.5074660e-01   3.0814440e-03  -7.3196949e-04  -4.3540628e-03
  -6.3543114e-02   8.4626913e-02   3.8862118e-01   3.8497413e-03  -6.6784568e-04  -5.3929965e-03
  -8.1581229e-02   1.1700394e-01   4.1121409e-01   4.1303525e-03  -7.2633275e-04  -5.9311198e-03
  -8.8111793e-02   9.7960461e-02   4.3997992e-01   5.0108099e-03  -9.7396267e-04  -5.9482037e-03
  -8.5933314e-02   1.4300882e-01   3.9293445e-01   4.7810624e-03  -7.4784537e-04  -6.1695470e-03
  -7.4315364e-02   1.1086651e-01   3.1772640e-01   3.5159975e-03  -1.1095211e-03  -5.9569962e-03
  -5.9340173e-02   1.1790628e-01   3.3728641e-01   3.0950010e-03  -1.0244344e-03  -6.0250004e-03
  -5.7525181e-02   1.0867122e-01   2.6802331e-01   2.9619078e-03  -1.0262415e-03  -6.0629110e-03
  -7.4779793e-02   1.5454238e-01   3.0954835e-01   3.8776707e-03  -5.1340296e-04  -6.1903926e-03
  -6.1325606e-02   1.3279260e-01   2.8624018e-01   4.4070875e-03  -7.0302617e-04  -5.5951764e-03
  -6.9843989e-02   1.7104117e-01   2.7441590e-01   2.2621649e-03  -7.0281956e-04  -5.5962327e-03
  -6.6020800e-02   1.5568507e-01   2.6945629e-01   2.9668773e-03  -1.1343443e-03  -5.4622539e-03
  -8.3337021e-02   1.3553496e-01   3.2973394e-01   1.1529297e-03  -9.4860660e-04  -5.3969804e-03
  -9.2680721e-02   1.5727558e-01   4.8023374e-01   2.5131564e-03  -3.8631010e-04  -5.5238418e-03
  -8.3529666e-02   1.5148896e-01   4.8499534e-01   2.9378556e-03  -5.1633329e-04  -6.0199900e-03
  -7.1182488e-02   1.7519615e-01   4.6309456e-01   2.0780407e-03  -4.1459643e-04  -5.9436679e-03
  -7.0353045e-02   1.5925665e-01   4.6957863e-01   2.6545002e-03  -7.7516944e-04  -6.0265110e-03
  -8.4954696e-02   1.2562874e-01   5.0952111e-01   3.2979108e-03  -9.5644399e-04  -6.0376883e-03
  -6.6758210e-02   1.3999322e-01   4.7938408e-01   2.5022898e-03  -1.0259989e-03  -6.1257913e-03
  -6.2708854e-02   1.6131653e-01   5.0906302e-01   3.0868062e-03  -1.0035696e-03  -5.8292990e-03
  -5.8134415e-02   1.1957991e-01   5.0474772e-01   3.3055413e-03  -8.9704023e-04  -5.7537243e-03
  -4.0914187e-02   1.0235362e-01   5.3893136e-01   3.9028915e-03  -4.8999615e-04  -5.8687505e-03
  -3.6730453e-02   1.1463543e-01   5.2052205e-01   2.6339442e-03  -6.2321572e-04  -6.0462442e-03
  -4.2253386e-02   1.3718800e-01   5.6928392e-01   3.6687621e-03  -8.8709815e-04  -6.3872515e-03
  -4.3981071e-02   1.3058578e-01   5.4848610e-01   4.5479662e-03  -1.0914896e-03  -6.0161494e-03
  -4.5729539e-02   1.2014820e-01   5.6689545e-01   2.8722225e-03  -1.0776545e-03  -6.1126770e-03
  -5.6529811e-02   1.3675742e-01   5.6470302e-01   2.6867402e-03  -7.2586392e-04  -6.2397697e-03
  -5.0012669e-02   1.8713123e-01   5.4724003e-01   2.7747625e-03  -1.1139259e-03  -6.1884665e-03
  -6.2433277e-02   9.7053051e-02   5.7329899e-01   3.7965429e-03  -2.0573731e-03  -6.4497887e-03
  -6.8148794e-02   1.4863950e-01   5.8966609e-01   3.4381300e-03  -2.2577317e-03  -6.7034367e-03
  -8.2425854e-02   1.4970659e-01   5.6798876e-01   3.2602070e-03  -2.1907451e-03  -6.4621880e-03
  -9.0606906e-02   1.4034870e-01   5.5482461e-01   2.9618648e-03  -2.0050287e-03  -6.6487645e-03
  -7.0755768e-02   1.5144694e-01   4.9405312e-01   2.6812893e-03  -2.0956847e-03  -6.7005544e-03
  -8.7007907e-02   1.3822333e-01   5.2004476e-01   3.2591194e-03  -1.9742360e-03  -6.5705679e-03
  -8.4876395e-02   1.4740244e-01   5.2597834e-01   3.9458332e-03  -1.9437441e-03  -6.1920632e-03
  -8.1631977e-02   1.6164574e-01   5.9428769e-01   4.7147744e-03  -1.7376714e-03  -6.0986000e-03
  -8.3792673e-02   1.4284481e-01   5.3818787e-01   2.7452861e-03  -1.8746579e-03  -5.9804632e-03
  -6.9354976e-02   1.3902073e-01   5.3515325e-01   2.5681765e-03  -2.0246231e-03  -6.3816255e-03
  -8.1330181e-02   1.3756281e-01   5.5803818e-01   2.6414993e-03  -1.8861893e-03  -6.1265128e-03
  -9.9538295e-02   1.4360551e-01   6.0509154e-01   1.7507026e-03  -1.8701229e-03  -5.7133819e-03
  -1.0993021e-01   1.1791052e-01   3.9998819e-01   3.6031676e-04  -2.3597137e-03  -5.6730993e-03
