   0.0000000e+00   0.0000000e+00   0.0000000e+00   0.0000000e+00   0.0000000e+00   0.0000000e+00
  -3.2958773e-02  -1.8412085e-02  -2.1254529e-02  -1.3600218e-03   8.4564301e-04   5.9539582e-04
  -3.7399268e-02   1.2073633e-01  -2.9594968e-02   1.0798569e-03   8.7211049e-04   1.0077296e-03
  -2.5891179e-02  -2.9851319e-02  -1.3851810e-02  -3.2224556e-06   1.0786069e-03   6.4082760e-04
  -3.7366149e-02   7.1167776e-02   8.5242762e-02   1.1803597e-03   1.2853250e-03   9.4593416e-04
  -1.8390123e-02  -1.1903644e-02   5.3102318e-02   1.1227843e-03   1.6599100e-03   1.4971644e-03
  -2.2688521e-02   2.0177468e-02   1.1244035e-01   1.3453148e-03   2.4610636e-03   1.8617179e-03
  -6.7163920e-03   5.3174063e-02   1.0965466e-01   1.6132438e-03   2.5129406e-03   2.3927740e-03
  -1.4259831e-02  -8.7585832e-03   1.7876643e-01   2.5482894e-03   2.4767011e-03   2.8582137e-03
  -2.6265017e-02   4.6715364e-02   2.7260443e-01   3.4630409e-03   2.4464291e-03   3.0664546e-03
  -2.1703686e-02   5.5638021e-02   3.4460120e-01   3.6026354e-03   2.5657562e-03   3.0946915e-03
  -3.5174261e-02   2.6322804e-02   3.3044723e-01   3.4102074e-03   3.2419406e-03   3.2340419e-03
  -3.1342348e-02   7.6545350e-02   3.0294200e-01   3.1108378e-03   3.0969536e-03   3.2053058e-03
  -1.4106357e-02   1.6593780e-03   4.7380411e-01   3.2408635e-03   3.3348674e-03   3.5123388e-03
  -1.8741297e-02   6.8885376e-02   4.2748323e-01   3.2532231e-03   3.2429009e-03   3.3651827e-03
  -1.1196838e-02  -5.4306946e-03   4.2279227e-01   3.5183009e-03   3.4422451e-03   3.6013874e-03
  -1.0737382e-02   7.7457685e-02   4.1154686e-01   3.7271471e-03   3.1639331e-03   3.5473787e-03
   7.1853956e-04  -3.2794246e-02   4.8763415e-01   3.2139916e-03   3.8197112e-03   3.5389608e-03
  -7.8596934e-02   2.2342868e-01   6.0277596e-01   3.0150280e-03   4.3663292e-03   4.1967123e-03
  -1.5797597e-01   9.2752058e-02   4.8317976e-01   5.4532422e-03   4.1423191e-03   5.3716235e-03
  -9.4581812e-02  -9.9524384e-02   4.4224254e-01   7.3288533e-03   3.3368384e-03   5.4379930e-03
  -8.4841611e-02   5.3086202e-02   5.5301693e-01   7.1175170e-03   2.1629191e-03   4.8718716e-03
  -6.3673827e-02   8.3442485e-02   5.5103863e-01   6.7404522e-03   2.8156092e-03   4.6950061e-03
  -1.0627242e-01   3.5350874e-02   4.8280101e-01   6.0888129e-03   2.9413985e-03   4.7543116e-03
  -7.6009544e-02   6.2253682e-02   6.0358203e-01   6.9123765e-03   2.6006497e-03   4.7994815e-03
  -8.9872256e-02  -7.4354758e-03   5.5946549e-01   6.7532115e-03   2.5270111e-03   4.6871558e-03
  -9.1842795e-02   6.8451689e-02   5.4456181e-01   5.9186990e-03   1.9527985e-03   4.2003044e-03
  -9.1461587e-02   3.3838833e-02   5.9877004e-01   5.8991769e-03   1.8482304e-03   4.1281237e-03
  -9.8882258e-02   5.0822138e-02   6.3216709e-01   6.2610608e-03   1.6853941e-03   3.2412639e-03
  -1.0122473e-01   3.7196124e-02   5.4035301e-01   6.7771976e-03   4.4425912e-04   3.3277624e-03
  -9.7410383e-02   3.1312569e-02   5.5997535e-01   6.8209715e-03   1.4424571e-03   3.7380496e-03
  -7.6008604e-02   1.0531928e-01   6.8491767e-01   7.2052850e-03   9.5473641e-04   3.4061907e-03
  -7.4427440e-02   4.1783908e-02   7.4470984e-01   7.1480992e-03   1.4112494e-03   3.6130837e-03
  -1.0522671e-01   5.2022412e-02   5.4280425e-01   9.3357738e-03   4.8824879e-04   3.3897495e-03
  -1.1207322e-01  -1.8103578e-02   4.3574403e-01   1.2321263e-02   1.0428055e-04   2.9101667e-03
  -1.3201221e-01   7.6111449e-02   5.1281924e-01   1.0860820e-02  -4.2290690e-04   2.8206346e-03
  -9.6915983e-02   4.3505374e-02   4.9235829e-01   1.1705747e-02   5.7745103e-04   3.0863925e-03
  -5.4877548e-02   1.0506870e-01   6.5860232e-01   1.0360016e-02  -5.0230877e-04   2.2886451e-03
  -8.2404370e-02   2.4602143e-02   6.9582087e-01   1.0691882e-02  -9.2517942e-04   3.0654966e-03
  -1.1911998e-01   9.8720997e-02   6.6260648e-01   9.4302150e-03  -3.1302332e-04   3.1551816e-03
  -1.2747579e-01   2.1083704e-02   6.9649690e-01   9.5859585e-03  -8.2953080e-04   3.1414902e-03
  -1.1624213e-01   9.5221620e-02   7.0192433e-01   9.9071900e-03  -5.2101947e-04   2.5752994e-03
  -1.0356827e-01   1.8317693e-02   8.0366792e-01   9.9966731e-03  -1.0631024e-03   2.6145580e-03
  -1.0667290e-01   7.3345009e-02   7.9119014e-01   9.8207112e-03  -7.5797086e-04   2.6611728e-03
  -1.0369719e-01   6.4082407e-02   8.3909412e-01   9.3090780e-03  -1.0460319e-03   2.5985602e-03
  -1.0936753e-01   5.0073006e-02   9.0103993e-01   9.3733024e-03  -6.6777931e-04   2.8212570e-03
  -1.3008299e-01   5.1983704e-02   8.2747828e-01   1.0550945e-02  -6.7724486e-04   3.0068056e-03
  -1.1490337e-01  -3.2464597e-04   8.0586100e-01   1.0306484e-02  -5.2878441e-04   2.7192528e-03
  -1.0825319e-01   5.9717805e-02   8.0842707e-01   1.0873425e-02  -9.6343167e-04   2.2910057e-03
  -1.0731810e-01   1.4859706e-02   8.7107364e-01   1.0117562e-02  -9.8244903e-04   2.5221009e-03
  -1.5411639e-01   1.7865767e-02   8.9399845e-01   1.0701380e-02  -1.5754503e-03   1.7716594e-03
  -1.4244516e-01   7.8176242e-02   7.8456836e-01   9.1878038e-03  -1.1009649e-03   2.2256188e-03
  -1.3818677e-01   4.0856708e-02   7.8276727e-01   9.3673354e-03  -1.4568269e-03   2.0949851e-03
  -1.0823396e-01   1.4291070e-01   7.3559011e-01   9.4754275e-03  -2.8563490e-03   1.6266311e-04
  -1.1572451e-01  -3.9292369e-02   7.7503836e-01   1.0073401e-02  -2.7534283e-03  -3.6089293e-04
  -1.2143790e-01   1.1191468e-01   8.6388216e-01   1.0816818e-02  -2.7936516e-03   3.1750700e-04
  -1.0586941e-01   1.4429595e-02   8.0027026e-01   1.1035654e-02  -3.4894369e-03   3.5058507e-04
  -8.9039180e-02   6.1256078e-02   9.1395581e-01   1.1557297e-02  -2.9848067e-03   9.1380838e-04
  -9.5798062e-02   1.1606081e-01   9.0608568e-01   1.1220447e-02  -2.8134868e-03   9.6526310e-04
  -9.5442259e-02   3.4950667e-02   1.0000276e+00   1.0757511e-02  -2.6660342e-03   8.1456017e-04
  -1.2437140e-01   1.0360010e-01   1.0029626e+00   1.0653367e-02  -2.4653271e-03   1.0412942e-03
  -1.0453319e-01   6.5132050e-02   9.4292856e-01   9.8994146e-03  -2.9686809e-03   1.3749376e-03
  -1.0548103e-01   1.0225021e-01   1.0149833e+00   1.0316646e-02  -2.6755134e-03   1.1584799e-03
  -1.0884153e-01   4.6765512e-02   9.4151982e-01   9.5960647e-03  -3.1879919e-03   1.2922625e-03
  -1.2273556e-01   5.2097967e-02   9.8536189e-01   1.0336109e-02  -2.7508943e-03   1.5042862e-03
  -1.1623321e-01   1.0219029e-01   1.0495085e+00   9.5618545e-03  -3.1761539e-03   1.7854448e-03
  -9.9774454e-02   2.5495684e-02   1.1092714e+00   1.0478778e-02  -2.6696646e-03   1.6373997e-03
  -1.1450912e-01   8.4207580e-02   9.3437242e-01   1.1321387e-02  -2.2900062e-03   1.9542668e-03
  -8.9853998e-02   5.4648254e-04   9.5975818e-01   1.1793540e-02  -2.0613690e-03   1.9003198e-03
  -1.1893010e-01   4.0776969e-02   9.9678341e-01   1.2409130e-02  -1.3524360e-03   1.7368199e-03
  -1.0422978e-01   6.6456906e-02   1.0131944e+00   1.2177730e-02  -2.0635481e-03   1.5831806e-03
  -1.3176199e-01   3.9071644e-02   1.0635251e+00   1.2532239e-02  -1.7434778e-03   1.7288529e-03
  -1.1568687e-01   7.1486972e-02   1.0154548e+00   1.2166365e-02  -2.6050036e-03   1.7195092e-03
  -1.1145086e-01   2.4743269e-02   1.0927471e+00   1.1414134e-02  -2.4409500e-03   1.5764442e-03
  -1.2111697e-01   7.6696954e-02   1.2248661e+00   1.0843101e-02  -2.4277042e-03   1.9048663e-03
  -1.3679456e-01   5.4326719e-02   1.0339716e+00   1.1131380e-02  -2.9185666e-03   1.8660554e-03
  -1.1233910e-01  -2.2946170e-02   8.7518050e-01   1.3676324e-02  -2.5952648e-03   1.4458845e-03
  -1.2238984e-01   6.9108053e-02   8.0784334e-01   1.3224333e-02  -2.5764898e-03   1.5401036e-03
  -1.0004028e-01   3.9024919e-02   7.6603590e-01   1.3855608e-02  -3.7690868e-03   1.4387198e-03
  -8.9003490e-02   7.5980418e-02   6.8211903e-01   1.4959699e-02  -5.1502212e-03   1.4594038e-03
  -1.0826403e-01   2.4059143e-02   7.6383481e-01   1.4476853e-02  -4.9809177e-03   1.6818261e-03
  -1.3659189e-01   2.7161472e-01   9.5040986e-01   1.3396602e-02  -3.5423573e-03   2.6603624e-03
  -1.7570921e-01   8.0589922e-02   8.4400810e-01   1.4486821e-02  -3.9134427e-03   2.5417028e-03
  -1.4539066e-01  -8.2715489e-02   8.3137764e-01   1.6037048e-02  -4.9896266e-03   2.5416616e-03
  -1.3479672e-01   3.1234936e-02   7.1799214e-01   1.4721239e-02  -5.8449223e-03   2.2640935e-03
  -1.4599632e-01   6.1187941e-02   6.8600754e-01   1.5953121e-02  -4.6400157e-03   2.2807306e-03
  -1.4217360e-01   1.4097412e-02   7.4337603e-01   1.8046400e-02  -4.6958638e-03   1.7013228e-03
  -1.5156762e-01   3.6393006e-03   8.9258497e-01   1.6871514e-02  -4.1057753e-03   1.6198115e-03
  -1.4583474e-01   1.8250447e-02   8.8558295e-01   1.7199407e-02  -4.4297595e-03   1.9053044e-03
  -1.4740287e-01   3.6787274e-02   9.2445173e-01   1.6048346e-02  -4.1603994e-03   1.6635680e-03
  -1.2474102e-01   5.7779868e-02   8.7003586e-01   1.5888356e-02  -5.5395942e-03   1.8088524e-03
  -1.3974525e-01   8.5621937e-02   8.5799618e-01   1.5088406e-02  -5.7788637e-03   1.9509728e-03
  -1.5503306e-01   2.1891333e-02   9.1245624e-01   1.5399024e-02  -5.5399227e-03   1.0984890e-03
  -1.5953336e-01   7.8415730e-02   7.7221540e-01   1.4878202e-02  -5.9287291e-03   1.5407657e-03
  -1.5986731e-01  -9.5427674e-03   8.3984748e-01   1.5445564e-02  -5.7908719e-03   1.4170718e-03
  -1.5598128e-01   9.5040388e-02   9.1479810e-01   1.5223091e-02  -5.6142500e-03   1.4903749e-03
  -1.5541178e-01   5.8350366e-03   9.5323432e-01   1.5124095e-02  -5.6027198e-03   1.2045375e-03
  -1.7715303e-01   6.2244299e-02   9.5636583e-01   1.5453794e-02  -5.4382015e-03   1.2704578e-03
  -1.6737021e-01   4.5775615e-02   8.8218321e-01   1.6011222e-02  -5.6806249e-03   1.3888860e-03
  -1.5958101e-01   2.5721380e-02   8.4700269e-01   1.5565995e-02  -5.5507984e-03   1.7167187e-03
  -1.9718223e-01   1.0158866e-01   8.0852077e-01   1.5028514e-02  -4.5254063e-03   1.7711019e-03
  -1.4167036e-01  -2.5794845e-02   7.4615457e-01   1.6543795e-02  -5.4168565e-03   1.9498286e-03
  -1.5384515e-01   7.7193893e-02   7.9247510e-01   1.5689303e-02  -6.2600979e-03   1.8001594e-03
  -1.2203293e-01   2.5249316e-02   8.2848157e-01   1.6516285e-02  -7.2417321e-03   1.9320699e-03
  -1.2984194e-01   1.0680520e-01   8.7115994e-01   1.6341885e-02  -5.9333322e-03   2.0086552e-03
  -1.3507741e-01   5.1222360e-03   8.5592473e-01   1.6872177e-02  -5.7981829e-03   2.2224004e-03
  -1.5305850e-01   1.1361087e-01   8.6927442e-01   1.6238452e-02  -5.6907065e-03   2.3650744e-03
  -1.4345843e-01  -5.6929812e-03   9.2988866e-01   1.6953547e-02  -6.1916804e-03   2.3042288e-03
  -1.4708702e-01   9.5598788e-02   9.2286576e-01   1.6849601e-02  -6.2516700e-03   2.2582303e-03
  -1.5144072e-01  -9.9937593e-03   9.1949155e-01   1.6926696e-02  -6.1972598e-03   2.2598434e-03
  -1.4962470e-01   7.2156274e-02   9.0424136e-01   1.6578244e-02  -6.3387389e-03   2.0599593e-03
  -1.6224294e-01  -2.5767240e-03   8.9249899e-01   1.6462122e-02  -6.2534564e-03   2.3009835e-03
  -1.7392796e-01   7.1749300e-02   9.1842419e-01   1.6750130e-02  -6.3563560e-03   2.4273480e-03
  -1.4191461e-01   1.8601687e-02   9.1610641e-01   1.6566577e-02  -6.5974922e-03   2.1271197e-03
  -1.6755664e-01   4.4754180e-02   9.1568525e-01   1.6830047e-02  -6.2992255e-03   2.1429242e-03
  -1.5802748e-01   6.3326168e-02   9.1164545e-01   1.6130200e-02  -6.7460442e-03   1.9956232e-03
  -1.6865788e-01   2.7014833e-02   9.5584509e-01   1.6464452e-02  -6.4162670e-03   2.0122737e-03
  -1.6214113e-01   8.0546018e-02   9.5707938e-01   1.6359831e-02  -6.4736096e-03   1.9057643e-03
  -1.6210780e-01   2.9778283e-02   9.2171168e-01   1.6625439e-02  -6.5229590e-03   2.1444093e-03
  -1.6150590e-01   7.0006469e-02   8.8426626e-01   1.7028844e-02  -6.4785661e-03   2.4908134e-03
  -1.6488689e-01   1.6861879e-02   8.7627317e-01   1.7173883e-02  -6.6031779e-03   2.3398178e-03
  -1.7118910e-01   2.8599255e-02   9.1370979e-01   1.7508665e-02  -6.5730654e-03   2.5137769e-03
  -1.6041725e-01   6.8968474e-02   9.0752432e-01   1.7324666e-02  -7.0854813e-03   2.4040208e-03
  -1.6640204e-01   2.0309875e-03   9.3163862e-01   1.7832829e-02  -7.0746914e-03   2.6962803e-03
  -1.5399452e-01   7.4054743e-02   7.4966091e-01   1.7061686e-02  -7.4310918e-03   2.3489516e-03
  -1.4076088e-01  -3.9430481e-02   6.8616505e-01   1.8709657e-02  -7.4438926e-03   2.0958385e-03
  -1.9895255e-01   1.1007949e-01   7.4871369e-01   2.2142125e-02  -7.1427062e-03   3.4042167e-03
  -1.7853880e-01  -1.1816136e-01   5.4773428e-01   2.2382696e-02  -8.2912131e-03   3.1420921e-03
  -1.6254482e-01  -3.9447185e-02   5.4638439e-01   2.1133567e-02  -8.1219802e-03   3.6306245e-03
