   0.0000000e+00   0.0000000e+00   4.4408921e-16   0.0000000e+00   0.0000000e+00   0.0000000e+00
   6.9832472e-03   6.9986860e-03   3.2663331e-02   5.7154088e-04  -1.5521449e-04  -7.2419355e-05
   3.4046338e-02   5.7317509e-02  -6.0389077e-02  -2.2129359e-03  -4.7596851e-04  -8.2974882e-04
   2.0922163e-02   5.2619869e-02  -2.2705383e-02  -1.9048016e-03  -6.7685459e-04  -5.2310053e-04
   5.7018058e-02   1.0811578e-01  -5.0407034e-02  -2.1465665e-03  -9.8630770e-04  -1.1931406e-03
   3.3353761e-02   1.3225533e-01  -7.7724121e-02  -3.1772926e-03  -1.0700190e-03  -5.3217188e-04
   5.3528733e-02   1.1133169e-01  -1.1090587e-01  -2.7797443e-03  -1.3524488e-03  -1.0290367e-03
   6.3874120e-02   1.0385583e-01  -1.4369821e-01  -3.0193220e-03  -1.7668434e-03  -9.3826112e-04
   7.6000187e-02   1.1320059e-01  -1.2435345e-01  -2.9170995e-03  -1.6925868e-03  -1.2470885e-03
   6.9883356e-02   1.0691268e-01  -1.4896462e-01  -3.3189396e-03  -1.8094399e-03  -9.2917792e-04
   8.8982393e-02   1.1775300e-01  -1.2089671e-01  -2.9654503e-03  -1.8649389e-03  -1.2200053e-03
   9.8098677e-02   1.6284070e-01  -1.2738273e-01  -3.3379501e-03  -1.9998725e-03  -1.3432208e-03
   1.0109416e-01   1.5372875e-01  -1.4340079e-01  -3.3994158e-03  -2.1826217e-03  -1.2938617e-03
   1.1794381e-01   1.3798986e-01  -1.3163329e-01  -3.1134213e-03  -2.3409290e-03  -1.5175251e-03
   1.2969556e-01   1.6013077e-01  -1.0162065e-01  -3.2046535e-03  -2.5101714e-03  -1.6030471e-03
   1.2540256e-01   1.1784153e-01  -7.9967803e-02  -2.9365636e-03  -2.5089163e-03  -1.5220553e-03
   1.2198076e-01   1.4392203e-01  -9.3410806e-02  -3.0491334e-03  -2.5830084e-03  -1.4453249e-03
   1.1141133e-01   1.6604092e-01  -1.0264404e-01  -3.3388245e-03  -2.4214516e-03  -1.4194305e-03
   1.1773235e-01   1.8530728e-01  -1.0610371e-01  -3.2898877e-03  -2.4666252e-03  -1.4256769e-03
   1.2481979e-01   1.3950634e-01  -5.8050972e-02  -2.5542131e-03  -2.7727871e-03  -1.4474347e-03
   1.3045545e-01   1.6121054e-01  -1.4390344e-01  -3.2054281e-03  -2.5951650e-03  -1.7974845e-03
   1.4652643e-01   2.0571149e-01  -2.3246657e-01  -5.0740083e-03  -3.1530784e-03  -2.0588323e-03
   1.2124340e-01   1.3594604e-01  -1.3660600e-01  -3.4169850e-03  -3.1832111e-03  -1.5962151e-03
   1.4361679e-01   1.5834151e-01  -1.4792718e-01  -4.0079081e-03  -3.3397723e-03  -2.0570074e-03
   1.3942243e-01   1.9313946e-01  -1.3935028e-01  -3.5510691e-03  -3.1812141e-03  -1.9253643e-03
   1.4168083e-01   1.8604288e-01  -1.1722238e-01  -3.8399252e-03  -3.0826765e-03  -1.8261024e-03
   1.3607810e-01   1.5741536e-01  -9.5381920e-02  -3.6430722e-03  -3.6095339e-03  -1.5547204e-03
   1.3924832e-01   1.7354528e-01  -1.0221594e-01  -3.3893243e-03  -3.5518057e-03  -1.5259618e-03
   1.4713746e-01   1.5137304e-01  -1.1168073e-01  -4.1236724e-03  -3.6400965e-03  -1.7739432e-03
   1.6156452e-01   2.0665964e-01  -1.2832154e-01  -4.2809227e-03  -3.8016516e-03  -1.8622006e-03
   1.5718596e-01   1.6168944e-01  -1.2217861e-01  -4.4247275e-03  -4.1107881e-03  -1.5974700e-03
   1.4696076e-01   1.7786916e-01  -1.4795251e-01  -4.2641786e-03  -3.9485754e-03  -1.6235012e-03
   1.4343826e-01   1.9731603e-01  -1.5378161e-01  -4.4184703e-03  -3.6894335e-03  -1.7501572e-03
   1.4475158e-01   2.0979032e-01  -1.4749257e-01  -4.3617325e-03  -3.6259118e-03  -1.5685089e-03
   1.4490072e-01   1.7966661e-01  -1.4090507e-01  -4.5650138e-03  -3.7534917e-03  -1.5790331e-03
   1.4438917e-01   1.8793659e-01  -1.5006576e-01  -4.5617256e-03  -3.7515381e-03  -1.4674854e-03
   1.4678726e-01   1.7178625e-01  -1.3974572e-01  -4.5686759e-03  -3.7305519e-03  -1.6457199e-03
   1.5411545e-01   1.8015875e-01  -1.5370736e-01  -4.7820355e-03  -3.9658975e-03  -1.5499593e-03
   1.5611219e-01   1.9947885e-01  -1.8499234e-01  -4.9848466e-03  -4.1249991e-03  -1.6082966e-03
   1.6412040e-01   2.0299241e-01  -1.9388135e-01  -5.0093173e-03  -4.0953499e-03  -1.7166682e-03
   1.7125839e-01   1.7440642e-01  -1.6829865e-01  -4.8444121e-03  -4.1506073e-03  -1.8715100e-03
   1.6725636e-01   1.9536149e-01  -1.7058624e-01  -4.7203431e-03  -4.0527444e-03  -1.9419964e-03
   1.7208738e-01   2.0462806e-01  -1.7501600e-01  -4.8170506e-03  -4.2317279e-03  -2.0201406e-03
   1.7042695e-01   2.0777320e-01  -1.7466900e-01  -4.8226719e-03  -4.1452106e-03  -1.8713268e-03
   1.7208733e-01   2.1969846e-01  -1.7504193e-01  -5.1388758e-03  -4.2351768e-03  -1.7965086e-03
   1.8120433e-01   2.2031786e-01  -1.7587062e-01  -5.0446746e-03  -4.3474772e-03  -1.9290697e-03
   1.7894811e-01   2.2965990e-01  -1.7705600e-01  -5.0935038e-03  -4.6245938e-03  -2.0026395e-03
   1.7466236e-01   2.6556990e-01  -1.7863419e-01  -5.4178904e-03  -4.8336662e-03  -1.8291012e-03
   1.6078328e-01   2.6690062e-01  -1.9628869e-01  -5.9564606e-03  -4.4111885e-03  -1.6212075e-03
   1.6429025e-01   2.0822475e-01  -1.6104987e-01  -5.5390394e-03  -4.5486872e-03  -1.5350824e-03
   1.9689469e-01   1.4332979e-01  -2.5645282e-01  -4.0911239e-03  -3.8997386e-03  -2.4462529e-03
   1.9216572e-01   2.5355265e-01  -3.0701230e-01  -5.3829567e-03  -3.8611132e-03  -2.6001795e-03
   1.8423783e-01   2.4012109e-01  -2.8107119e-01  -5.6724814e-03  -3.9716388e-03  -2.3569853e-03
   1.9774106e-01   2.5360552e-01  -2.6644817e-01  -5.3972972e-03  -3.9146777e-03  -2.8025277e-03
   1.8355585e-01   2.4491032e-01  -2.5110951e-01  -5.8797525e-03  -3.9432520e-03  -2.6118090e-03
   1.9259063e-01   2.6597655e-01  -2.7472468e-01  -5.8319947e-03  -3.8788331e-03  -2.9882546e-03
   1.9054279e-01   1.9968454e-01  -2.5883685e-01  -5.7019879e-03  -3.8822526e-03  -2.7525254e-03
   2.0522896e-01   2.5591780e-01  -2.5062672e-01  -5.4565097e-03  -3.9601029e-03  -3.1675428e-03
   1.7870576e-01   2.5604542e-01  -2.4328109e-01  -6.0751126e-03  -3.7654192e-03  -2.6720829e-03
   1.9600312e-01   2.8268403e-01  -2.5205311e-01  -6.0212210e-03  -3.7224495e-03  -3.0624641e-03
   1.9436278e-01   2.5608893e-01  -2.5909406e-01  -6.1008572e-03  -3.6985873e-03  -2.9948271e-03
   2.0807354e-01   2.6579605e-01  -2.7767200e-01  -6.0118029e-03  -3.9802258e-03  -3.0635042e-03
   2.2143305e-01   2.6523013e-01  -2.7663607e-01  -5.7907103e-03  -4.0774425e-03  -3.2689896e-03
   2.0972720e-01   2.6428176e-01  -2.9007598e-01  -6.2919693e-03  -3.9776605e-03  -3.1587039e-03
   2.0317157e-01   2.7617603e-01  -3.0984685e-01  -6.3451689e-03  -4.0698544e-03  -3.0353897e-03
   2.1596012e-01   2.7935431e-01  -3.0487883e-01  -6.3834237e-03  -4.1992160e-03  -3.2765878e-03
   2.3301194e-01   2.8548363e-01  -3.0083509e-01  -6.5792408e-03  -4.4891354e-03  -3.4431092e-03
   2.3136361e-01   2.8682655e-01  -3.1099164e-01  -6.4766089e-03  -4.6867540e-03  -3.3309825e-03
   2.4023880e-01   2.8498800e-01  -3.2101553e-01  -6.8167929e-03  -4.8747303e-03  -3.4350912e-03
   2.3643518e-01   2.9011279e-01  -3.4681842e-01  -7.1224730e-03  -5.0754530e-03  -3.2126485e-03
   2.5139072e-01   2.9615855e-01  -3.3082603e-01  -6.9235359e-03  -5.2368690e-03  -3.3654354e-03
   2.6494563e-01   3.0486078e-01  -3.2430403e-01  -6.7169972e-03  -5.4991765e-03  -3.5611582e-03
   2.6486696e-01   2.8597849e-01  -3.2348711e-01  -7.0930316e-03  -5.3677201e-03  -3.4899460e-03
   2.6834020e-01   3.1661425e-01  -3.5947226e-01  -7.2551188e-03  -5.6384474e-03  -3.3552513e-03
   2.8280323e-01   2.9704861e-01  -3.1207989e-01  -7.2066081e-03  -5.9285738e-03  -3.3385016e-03
   2.8708786e-01   2.7663449e-01  -2.9196970e-01  -7.2279541e-03  -5.8263829e-03  -3.6072643e-03
   2.8089458e-01   3.2105413e-01  -3.2372480e-01  -7.8608261e-03  -5.9673447e-03  -3.4131084e-03
   2.8619497e-01   3.4271699e-01  -3.3866182e-01  -7.9205830e-03  -6.2410235e-03  -3.4461147e-03
   2.6939311e-01   3.0644252e-01  -2.9278394e-01  -7.6530049e-03  -5.9878650e-03  -3.5304062e-03
   2.7138961e-01   3.2623002e-01  -3.0787231e-01  -7.6572580e-03  -6.0724310e-03  -3.5447802e-03
   2.7148535e-01   2.9615370e-01  -2.5417200e-01  -6.6075290e-03  -5.7425125e-03  -3.8772230e-03
   2.7013601e-01   3.1823265e-01  -2.6309600e-01  -6.8792962e-03  -5.6390388e-03  -3.8838518e-03
   2.7412136e-01   3.5637217e-01  -2.9501700e-01  -7.3843500e-03  -5.7587645e-03  -3.8463661e-03
   2.6293576e-01   3.0392769e-01  -2.4287379e-01  -6.3342159e-03  -5.7354520e-03  -3.6690786e-03
   2.4606723e-01   2.8254894e-01  -2.4125356e-01  -6.3928410e-03  -5.6529656e-03  -3.2915859e-03
   2.6559810e-01   2.8319906e-01  -2.6547594e-01  -6.5305743e-03  -5.7884919e-03  -3.5402209e-03
   2.5887514e-01   2.9266082e-01  -2.6648852e-01  -6.6762761e-03  -5.7739704e-03  -3.5390302e-03
   2.5684178e-01   2.9209108e-01  -2.7323242e-01  -6.9008510e-03  -5.8718389e-03  -3.5212160e-03
   2.6906250e-01   3.3706266e-01  -2.8432602e-01  -6.9756537e-03  -6.0173886e-03  -3.6291258e-03
   2.6279907e-01   2.8215364e-01  -2.8231695e-01  -6.7010390e-03  -5.8155074e-03  -3.6360176e-03
   2.6937642e-01   3.1348701e-01  -2.9441602e-01  -6.9526351e-03  -5.7121217e-03  -3.7460638e-03
   2.7218792e-01   3.3045715e-01  -3.1951152e-01  -7.1944680e-03  -5.7490713e-03  -3.8139549e-03
   2.7419526e-01   3.1779500e-01  -3.1467106e-01  -7.2399932e-03  -5.9750879e-03  -3.7612402e-03
   2.6828834e-01   2.7520689e-01  -2.9538039e-01  -6.6127134e-03  -5.9099467e-03  -3.7736518e-03
   2.7487987e-01   3.0872101e-01  -3.3283147e-01  -7.1018473e-03  -5.9853993e-03  -3.8503819e-03
   2.7586879e-01   3.3120586e-01  -3.5213599e-01  -7.1880045e-03  -5.9466648e-03  -3.9623332e-03
   2.7924883e-01   3.3087044e-01  -3.3076603e-01  -6.8817641e-03  -6.1838764e-03  -3.9223173e-03
   2.7251623e-01   3.2331341e-01  -3.5558301e-01  -7.2987538e-03  -6.0722236e-03  -3.8026614e-03
   2.7885628e-01   2.9855885e-01  -3.2117466e-01  -7.0956832e-03  -6.1074241e-03  -3.8244786e-03
   3.0559692e-01   3.2907319e-01  -3.3320242e-01  -7.8705484e-03  -6.5358182e-03  -4.0063364e-03
   3.0575253e-01   2.8226084e-01  -3.1495878e-01  -7.7653940e-03  -6.6547901e-03  -3.9764324e-03
   3.0932878e-01   3.5993791e-01  -3.4294591e-01  -8.0075615e-03  -6.6587022e-03  -4.0444228e-03
   3.0718776e-01   3.2576616e-01  -2.9836967e-01  -7.4241360e-03  -6.8531103e-03  -3.8444553e-03
   3.1529918e-01   3.3455764e-01  -2.8726704e-01  -7.5387978e-03  -7.0454962e-03  -4.0155130e-03
   3.0189334e-01   3.3236786e-01  -2.7326489e-01  -7.1745951e-03  -6.9457227e-03  -3.9487270e-03
   3.1167698e-01   3.2593575e-01  -2.9816452e-01  -7.3196640e-03  -6.7041674e-03  -4.2623002e-03
   3.2513269e-01   3.8277125e-01  -3.9942163e-01  -9.0915399e-03  -6.8007765e-03  -4.4876389e-03
   3.1489953e-01   2.9436018e-01  -3.1977365e-01  -7.2335360e-03  -6.8649771e-03  -4.1042991e-03
   3.2613647e-01   3.2888645e-01  -3.3487572e-01  -7.9388365e-03  -6.9700280e-03  -4.1698716e-03
   3.1995502e-01   2.9123767e-01  -3.1383069e-01  -7.2839143e-03  -6.9131783e-03  -4.0968769e-03
   3.2757906e-01   3.3799275e-01  -3.3070277e-01  -7.6034339e-03  -7.0414254e-03  -4.1644681e-03
   3.2126614e-01   3.3731293e-01  -3.4734362e-01  -7.8622405e-03  -6.9267606e-03  -4.2059548e-03
   3.1665713e-01   3.3400731e-01  -3.3063861e-01  -7.9729832e-03  -6.8941836e-03  -4.1796405e-03
   3.1793239e-01   3.3373367e-01  -3.3030534e-01  -7.8785695e-03  -6.9663668e-03  -4.1839925e-03
   3.1501500e-01   3.5036207e-01  -3.3712853e-01  -7.9723105e-03  -6.8926711e-03  -4.2807165e-03
   3.2180622e-01   3.5603146e-01  -3.5912871e-01  -7.9844631e-03  -6.9897372e-03  -4.3124292e-03
   3.1407806e-01   3.3629911e-01  -3.2583798e-01  -7.9495876e-03  -6.9938086e-03  -4.1562500e-03
   3.1691816e-01   3.2858426e-01  -3.4943542e-01  -8.0449157e-03  -7.1275859e-03  -4.1661259e-03
   3.1380701e-01   3.5112245e-01  -3.4384558e-01  -8.0041637e-03  -7.0968795e-03  -4.0032780e-03
   3.1939820e-01   3.4558591e-01  -3.6136258e-01  -8.1178593e-03  -7.0569431e-03  -4.1300825e-03
   3.1722570e-01   3.5151301e-01  -3.2926022e-01  -8.1136845e-03  -7.1157098e-03  -4.0726864e-03
   3.1312222e-01   3.3089725e-01  -3.6410814e-01  -8.1543363e-03  -7.2178174e-03  -3.8802855e-03
   3.2545111e-01   4.2228388e-01  -3.2279342e-01  -8.3500278e-03  -7.2284413e-03  -4.1445763e-03
   3.4830752e-01   1.6944760e-01  -3.8836730e-01  -5.5992742e-03  -7.6595764e-03  -4.0150931e-03
   4.0721362e-01   3.3650255e-01  -4.2911301e-01  -7.4936963e-03  -8.8727575e-03  -4.3969469e-03
   3.9639482e-01   4.1039919e-01  -3.3743262e-01  -7.9410170e-03  -8.4257715e-03  -4.5741879e-03
   3.8201684e-01   3.3917235e-01  -3.8195113e-01  -8.1052691e-03  -8.4696063e-03  -4.3774380e-03
   3.7872681e-01   3.9577566e-01  -3.5654765e-01  -8.3597950e-03  -8.5935200e-03  -4.2550115e-03
   3.7528385e-01   3.4386486e-01  -3.4964424e-01  -7.9128766e-03  -8.4370068e-03  -4.2478577e-03
