   1.4210855e-14   0.0000000e+00  -7.1054274e-15  -1.3877788e-17  -8.6736174e-19   0.0000000e+00
  -3.7363063e-02  -2.8989749e-02  -3.5873480e-02   1.2489260e-03   6.7426013e-04   3.6944911e-04
  -3.2530852e-02  -7.7127386e-02  -1.9182700e-02   1.0566062e-03   3.4058299e-04   2.5483420e-04
  -4.0740221e-02  -4.0767543e-02   3.0078250e-02   1.2868760e-03   9.7625411e-04  -1.5612591e-04
  -4.2474831e-02  -3.7662185e-02   4.3432790e-02   7.6374579e-04   7.3570504e-04   4.7292964e-05
  -5.0272118e-02  -9.5275861e-02   1.3707790e-01   1.2634780e-03   1.4436595e-03  -1.1406431e-04
  -6.4098503e-02  -4.6466917e-02   8.6960960e-02   1.4281019e-03   6.6011194e-04   9.8000465e-05
  -4.7097227e-02  -1.5285580e-01   1.1209325e-01   4.7735279e-03   1.3732509e-03   4.0020586e-04
  -6.8192827e-02  -1.1261607e-01   1.1343113e-01   5.8814257e-03   1.9513581e-03   5.3583714e-05
  -5.3664518e-02  -1.0320675e-01   3.4200810e-02   4.9177410e-03   1.3530073e-03  -5.5247125e-04
  -4.2583665e-02  -1.5642135e-01   9.7008484e-02   6.1290412e-03   8.4735724e-04  -9.8705082e-04
  -2.8997842e-02  -5.2532858e-02   7.5679831e-02   5.4858177e-03   4.7380591e-04  -1.0640531e-03
  -2.3640399e-02  -1.3881554e-01   9.8555757e-02   5.6092124e-03   4.9988540e-04  -9.1290649e-04
  -1.7272422e-02  -9.5091399e-02   1.2733941e-01   5.7102711e-03   1.0154262e-03  -3.9820190e-04
  -1.2179250e-02  -9.8573504e-02   8.5929483e-02   5.3234178e-03   1.2202006e-03  -3.8262740e-04
  -2.4489187e-02  -1.6203997e-01   1.2263259e-01   5.6776166e-03   1.6347937e-03  -4.0040677e-04
  -1.8237484e-02  -7.7017435e-02   1.4112574e-01   5.5960887e-03   9.5907892e-04  -5.5277763e-04
  -1.0289617e-02  -1.3832091e-01   8.6575191e-02   5.5868467e-03   9.0048948e-04  -4.4658680e-04
  -1.0070732e-02  -1.1622837e-01   1.5919807e-01   5.9753800e-03   6.4415793e-04  -4.0028837e-04
   6.2505663e-04  -8.1697429e-02   9.6820157e-02   5.5446134e-03   5.9025825e-04  -5.9121128e-04
   7.4545156e-03  -1.6184130e-01   1.4722153e-01   5.7103004e-03   8.9168806e-04  -5.6368959e-04
   3.8534545e-02  -1.1049517e-01   5.6174745e-02   6.3411837e-03   1.3936243e-03  -1.7681757e-04
   1.0928361e-02  -3.8853255e-02   8.7023110e-02   6.0505756e-03   1.7083377e-03   2.9413156e-04
   9.7682599e-03  -1.4778067e-01   6.1482878e-02   6.9716712e-03   1.2265781e-03   8.3870037e-04
   2.3806820e-02  -5.4661988e-02   6.2227477e-02   6.7883058e-03   6.2378312e-04   4.9011161e-04
   3.6531249e-02  -1.5467446e-01  -3.8784641e-04   6.4880599e-03   9.2076151e-04   5.2790570e-06
  -7.0744406e-02   7.2067297e-02   3.3469652e-01   5.4594411e-03   2.2768207e-03   1.0570427e-03
  -4.9105989e-02  -1.1106069e-01   3.7384559e-01   5.2996077e-03   1.3650512e-03   1.9896309e-03
  -9.3168241e-03  -3.0682366e-01   7.3329892e-02   5.8481329e-03  -1.8155782e-04   1.6480085e-03
  -2.0682256e-02  -2.4473023e-01  -2.9846740e-02   6.3511726e-03   2.6835216e-04   1.3162509e-03
   1.4456489e-02  -1.3308808e-01  -3.7534938e-02   7.2564871e-03   1.2165159e-04   1.0209376e-03
   1.9459259e-02  -1.5077878e-01   8.1500776e-02   7.6229515e-03   5.2480285e-05   3.8125231e-04
   3.3116211e-02  -1.5229253e-01   4.3614715e-02   7.0453150e-03   2.7804501e-04   3.8154755e-04
   2.5934019e-02  -2.1139756e-01   8.8439073e-02   7.5942506e-03   6.0889494e-04   4.1129645e-04
   9.1910989e-03  -1.4830616e-01   4.4741579e-02   7.7744388e-03   1.4175914e-04  -4.3042157e-05
   7.4040384e-03  -2.0408734e-01   8.8030724e-02   8.0801053e-03  -2.2549234e-04  -6.3041761e-04
  -1.8838012e-03  -1.2198309e-01   2.2792552e-02   8.4835793e-03   3.8722613e-04  -2.6561842e-04
   7.6125625e-03  -1.5925195e-01   1.4301007e-04   7.8152828e-03   2.8056892e-04  -5.1841652e-04
   1.0290917e-02  -1.4207767e-01   2.6687983e-02   8.1362277e-03   1.0077493e-03  -7.9388313e-04
   4.1392682e-02  -1.2164580e-01   2.4400482e-02   8.6307032e-03   1.2371942e-03  -6.2011407e-04
   4.7485587e-02  -2.0552856e-01   2.9102118e-02   8.4269986e-03   1.3154293e-03  -1.0491453e-03
   2.2966220e-02  -1.2099189e-01   2.4453849e-02   8.4958597e-03   1.1486116e-03  -9.5552507e-04
   2.6427889e-02  -1.7882257e-01  -2.4140939e-02   8.2901883e-03   8.9627421e-04  -1.2338928e-03
   1.5399294e-02  -1.6322944e-01   3.0080287e-02   8.6721818e-03   8.5179376e-04  -7.8995711e-04
   1.7397192e-02  -1.0287351e-01  -3.6153866e-02   8.6719278e-03   1.1753513e-03  -1.1082890e-03
   5.1934169e-02  -2.1074876e-01   1.5805172e-02   8.9150623e-03   1.6604797e-03  -9.0213177e-04
   4.7254872e-02  -1.5691140e-01   2.6386831e-02   9.5977788e-03   2.0730113e-03  -1.3098006e-03
   3.3180209e-02  -1.3311492e-01   6.4602093e-02   8.9444852e-03   2.6488089e-03  -7.0216723e-04
   2.9495559e-03  -1.7260138e-01   7.8775493e-02   8.3161064e-03   2.9238394e-03  -5.4843035e-04
   2.0124029e-02  -8.6350880e-02   1.5590331e-01   9.1666224e-03   2.7202898e-03  -7.4464109e-04
   7.5285410e-02  -1.4166971e-01   4.1093377e-03   9.2359465e-03   1.8473877e-03  -2.0106314e-04
   5.9968923e-02  -1.9013232e-01  -3.6859040e-02   9.2433072e-03   2.9010541e-03   6.5878501e-04
   2.1278874e-02  -2.9169749e-02  -2.3813408e-01   9.2939977e-03   1.2232300e-03   1.5469217e-03
   4.9508187e-02  -1.6100494e-01  -2.4704163e-01   1.0834161e-02   1.0573212e-03   1.9709089e-04
   2.2938183e-02  -1.1022373e-01  -2.1314375e-01   1.0872988e-02   2.1600562e-03   5.5383599e-04
   9.0706427e-03  -1.9127709e-01  -1.8084334e-01   1.2001529e-02   2.3256726e-03  -5.2327875e-04
   2.4783796e-03  -1.3717819e-01  -6.2597065e-02   1.2697222e-02   3.5929232e-03  -1.2874625e-03
  -9.4668657e-03  -2.0560385e-01  -8.2824957e-02   1.2340510e-02   2.7160823e-03  -1.4881574e-03
  -1.1972159e-02  -1.7773175e-01  -3.6564880e-02   1.2843901e-02   2.4311586e-03  -9.7212284e-04
  -1.0679509e-03  -1.3178723e-01  -1.2479381e-01   1.2488262e-02   2.3296761e-03  -1.3621199e-03
   1.2365241e-02  -2.0949199e-01  -1.0279446e-01   1.2811589e-02   2.5412256e-03  -1.0962827e-03
   3.1427137e-02  -1.2427500e-01  -6.9190043e-02   1.3549289e-02   2.4408171e-03  -1.0481851e-03
   4.0131693e-02  -1.3702684e-01  -2.6687448e-02   1.1744308e-02   2.7745590e-03  -4.8977573e-04
   4.0024537e-02  -1.7418437e-01  -9.0615661e-03   1.2113823e-02   3.1198740e-03  -1.1054539e-04
   3.0453890e-02  -1.1327664e-01  -4.2371043e-03   1.2391716e-02   2.5944344e-03  -1.1020563e-04
   4.9409417e-02  -2.1943273e-01  -1.5052321e-02   1.2261865e-02   2.5716309e-03  -3.2299824e-05
   6.6432013e-02  -1.8830389e-01   2.7296853e-03   1.2842056e-02   3.3819225e-03  -4.1011117e-04
   5.6492316e-02  -1.5897036e-01  -2.2540681e-03   1.3015740e-02   2.2337774e-03  -6.0628165e-04
   5.3416103e-02  -2.4753261e-01  -1.0883466e-02   1.3429604e-02   2.2882429e-03  -5.6684641e-04
   5.4849107e-02  -1.5873665e-01   1.4184147e-02   1.3459676e-02   2.7117714e-03  -3.9850656e-04
   6.0701083e-02  -1.3715298e-01  -5.2023323e-02   1.2340558e-02   2.6044583e-03  -3.1769195e-04
   5.8422590e-02  -1.8260094e-01  -2.0591620e-02   1.2831009e-02   3.0137182e-03  -2.6089963e-04
   6.1483901e-02  -1.3184791e-01   1.4384850e-02   1.2307530e-02   2.5187029e-03   6.0130372e-06
   6.4014607e-02  -1.8426096e-01   5.5278868e-02   1.2562330e-02   3.0229600e-03  -2.8432063e-04
   7.8374962e-02  -1.4181957e-01   8.2203377e-02   1.2617782e-02   2.3040894e-03  -5.0441077e-06
   5.8655104e-02  -1.6335882e-01   1.0112853e-02   1.2223041e-02   3.6707537e-03   2.0903769e-03
   5.1621345e-02  -1.5302021e-01  -1.4831274e-01   1.3978399e-02   4.3475776e-03   3.5105937e-03
   8.2666888e-02  -2.6587497e-01  -2.3282468e-01   1.4858211e-02   2.8856921e-03   2.6739954e-03
   9.1773141e-02  -1.0041106e-01  -7.7800760e-02   1.5219473e-02   3.0199878e-03   2.6816657e-03
   1.1671619e-01  -1.9788775e-01  -2.8690656e-02   1.4754190e-02   2.7970490e-03   2.4617580e-03
   4.5458180e-02  -1.6751505e-01   6.8688112e-02   1.5497552e-02   3.1928973e-03   1.8705182e-03
   8.1316762e-02  -2.5975259e-01   2.6036188e-02   1.6294543e-02   2.3519390e-03   2.4452023e-03
   1.0433656e-01  -1.9354192e-01   5.3707218e-02   1.6473246e-02   2.9169477e-03   2.1494767e-03
   1.2739535e-01  -2.4401767e-01  -5.3856055e-02   1.6793804e-02   2.8798816e-03   2.3588204e-03
   1.2110091e-01  -2.5030966e-01  -8.5938043e-02   1.7998134e-02   3.2777452e-03   2.2675572e-03
   1.1129377e-01  -2.1366862e-01  -1.0261414e-01   1.8030217e-02   2.7742199e-03   1.7904454e-03
   1.0231134e-01  -2.6975093e-01  -8.9604960e-02   1.8185697e-02   3.4200411e-03   1.8799328e-03
   9.7459268e-02  -2.0605638e-01  -7.1153530e-02   1.7938090e-02   3.5919188e-03   1.7675071e-03
   9.9245390e-02  -2.5700275e-01  -8.1768863e-02   1.8020496e-02   3.8393535e-03   2.1226747e-03
   9.6323320e-02  -2.3195208e-01  -8.4760440e-02   1.8683228e-02   3.8532986e-03   1.7118339e-03
   7.9797182e-02  -2.0124200e-01  -7.7942289e-02   1.8265370e-02   3.9793142e-03   1.8848375e-03
   6.9571555e-02  -2.6302341e-01  -4.1566248e-02   1.8398516e-02   4.1797299e-03   1.8620552e-03
   5.7798266e-02  -2.0238293e-01  -1.0603615e-01   1.8947490e-02   4.5618779e-03   1.7988593e-03
   9.7702432e-02  -2.3936453e-01  -1.3396333e-01   1.8514294e-02   4.0436029e-03   1.6364338e-03
   9.0514275e-02  -2.5660658e-01  -1.2281802e-01   1.8786728e-02   4.9858452e-03   2.3343387e-03
   5.5334514e-02  -1.8935254e-01  -1.7997211e-01   1.8368452e-02   5.2001258e-03   2.4503987e-03
   8.0002765e-02  -2.5702592e-01  -1.4682010e-01   1.8835976e-02   4.9523959e-03   2.1148434e-03
   7.7477877e-02  -2.1106481e-01  -1.4728387e-01   1.9292825e-02   4.7638029e-03   1.7401299e-03
   8.5043008e-02  -2.3784920e-01  -2.0242019e-01   1.9478354e-02   4.4975438e-03   1.6452809e-03
   1.0415347e-01  -1.7278563e-01  -1.9131152e-01   1.7415581e-02   4.8624090e-03   1.6518296e-03
   3.9802859e-02  -7.0972450e-02  -1.5042045e-01   1.6458695e-02   5.6514258e-03   1.9510054e-03
   5.8447557e-02  -1.2765726e-01   2.1737443e-02   1.2319450e-02   7.0502669e-03   1.7690993e-03
   5.4362949e-02  -2.5019293e-01  -2.9642804e-01   9.4217987e-03   5.7847696e-03   1.4882598e-03
   1.0967748e-01  -1.9005045e-01  -2.3768419e-01   1.2166071e-02   5.7681678e-03   1.4964018e-03
   1.7794861e-01  -1.9464294e-01  -1.4788770e-01   1.2507872e-02   6.7425485e-03   9.1339854e-04
   1.8881821e-01  -2.3319068e-01  -9.9224321e-02   1.2486213e-02   5.9894148e-03   7.1773737e-04
   1.6303747e-01  -2.2155698e-01  -1.0204556e-02   1.3696089e-02   6.6073601e-03   1.0876389e-05
   1.5977395e-01  -2.3132965e-01  -4.4144452e-02   1.3848796e-02   6.3873155e-03   1.7863086e-04
   1.4870981e-01  -2.4702800e-01  -2.9040053e-02   1.4070123e-02   6.7877575e-03   6.6700477e-04
   1.6420367e-01  -1.8866076e-01  -8.8894955e-02   1.4028887e-02   6.7402161e-03   8.6538563e-04
   1.5657564e-01  -2.6849628e-01  -6.8481180e-02   1.4239930e-02   7.0447829e-03   1.1233256e-03
   1.4259685e-01  -1.8392968e-01  -1.0611567e-01   1.4155700e-02   6.6263488e-03   1.0036769e-03
   1.5241025e-01  -2.1939450e-01  -9.5711234e-02   1.3842105e-02   6.7354444e-03   1.0225448e-03
   1.4952828e-01  -2.0591963e-01  -1.1329058e-01   1.4354216e-02   6.9776932e-03   1.5435887e-03
   1.4340666e-01  -1.9092501e-01  -1.3742510e-01   1.4105295e-02   6.9946458e-03   1.7336476e-03
   1.4846764e-01  -2.3441531e-01  -8.8001070e-02   1.4277802e-02   7.2814756e-03   1.8522319e-03
   1.7268985e-01  -1.5704685e-01  -6.3306230e-02   1.4295993e-02   7.6233802e-03   2.7430964e-03
   1.5674733e-01  -2.4567298e-01  -5.7978749e-02   1.3625939e-02   7.9329379e-03   2.7252281e-03
   1.6547323e-01  -1.9443422e-01   2.6140898e-03   1.3774827e-02   8.5993606e-03   3.0603406e-03
   1.6657329e-01  -1.8962773e-01  -6.6581985e-02   1.3292359e-02   8.2651368e-03   2.5737364e-03
   1.4724187e-01  -2.6003394e-01  -1.8436262e-02   1.3878841e-02   8.1926571e-03   2.5789777e-03
   1.6721278e-01  -1.8280782e-01   1.2608970e-02   1.4361603e-02   7.9072008e-03   2.8663435e-03
   2.0417800e-01  -2.3000350e-01   3.0991207e-02   1.4087891e-02   7.9017174e-03   3.3696350e-03
   1.6620362e-01  -2.4445583e-01   2.8216846e-02   1.4757869e-02   7.9769710e-03   2.8268856e-03
  -2.9548361e-02  -3.7859074e-02   1.5522030e-01   1.1886760e-02   8.0407196e-03   3.2542318e-03
  -2.0076008e-02  -1.5571812e-01   3.1611774e-02   1.5156739e-02   6.9555228e-03   3.9167611e-03
   8.4865631e-02  -3.5244433e-01  -1.2552582e-01   1.6983643e-02   5.6915982e-03   4.1951083e-03
   6.6799545e-02  -2.5212706e-01  -1.8070278e-01   1.8114851e-02   5.5235143e-03   4.3387364e-03
   1.0224446e-01  -1.6373471e-01  -1.3383378e-01   1.5980183e-02   5.8783764e-03   6.0083792e-03
