   0.0000000e+00   0.0000000e+00  -2.6645353e-15   2.7755576e-17   1.7347235e-18  -4.8148249e-35
   3.0015645e-04   2.8938335e-02   1.9606302e-02  -3.8037865e-04   2.4114169e-07  -2.2927230e-04
   6.9834777e-03   1.3303276e-02   5.8775453e-02   1.2206139e-04  -2.1795596e-04  -1.3434512e-04
  -1.3368239e-03   1.2584069e-02   4.2174172e-02  -3.9092427e-04  -3.5541369e-05  -1.6643257e-04
   1.3853496e-02  -3.1537137e-03   6.0733499e-02   5.1228851e-04  -7.0959242e-04  -1.2641310e-04
   3.9775650e-02   1.0947768e-02   6.7625921e-02   8.7174788e-04  -9.8201264e-04  -3.5357963e-04
   1.7264046e-02   2.6628714e-04   1.0527334e-01   1.3587824e-04  -4.8341094e-04  -3.0469402e-04
   1.4939227e-02   1.7519817e-02   5.9276906e-02   2.3847213e-04  -3.2057520e-04  -4.3770045e-04
   1.1455525e-03   5.2567649e-02   3.5832426e-02  -4.9849456e-05  -1.4681840e-04  -3.6733117e-04
   1.1662884e-02   6.4752937e-02   4.2521879e-02  -8.0541985e-05  -4.7378985e-04  -2.5568857e-04
   2.2287935e-03   2.5333705e-02   6.5101693e-02   1.8479709e-04  -3.6438170e-04  -1.9566977e-04
   1.7147625e-02   4.3653949e-02   4.5635428e-02  -1.6253106e-04  -5.0151693e-04  -4.2209850e-04
   1.3962470e-02   1.8683176e-02   5.1222174e-02   2.1132844e-05  -5.0219500e-04  -4.2081110e-04
   1.1699772e-02   5.3862866e-02   4.4833760e-02  -2.4383612e-04  -5.6768222e-04  -3.1126823e-04
   1.9934968e-02   3.8339258e-02   3.5938374e-02  -3.4786059e-04  -4.2951478e-04  -5.5516739e-04
   2.2891289e-02   2.8232900e-02   4.0772549e-02  -2.4213956e-04  -6.6299337e-04  -3.9846578e-04
   2.7088445e-02   4.5521930e-02   3.3953029e-02  -5.0305889e-04  -5.5736104e-04  -5.3076054e-04
   1.9992003e-02   4.2889371e-02   6.8682135e-02  -1.0895438e-04  -4.4263615e-04  -6.8254646e-04
   1.4382042e-02   4.1831669e-02   5.8550204e-02  -4.5952042e-04  -4.9095471e-04  -4.8447721e-04
   3.7587086e-02   5.5118022e-02   3.2704958e-02  -5.9960422e-04  -7.2698204e-04  -6.5824814e-04
   6.0907759e-02   5.7529856e-02   1.3537194e-03  -6.3811474e-04  -1.1101360e-03  -9.6507285e-04
   5.9463402e-02   5.6210103e-02  -1.2207662e-02  -8.9925292e-04  -1.0466424e-03  -9.7744590e-04
   8.5495654e-02   6.8027985e-02  -1.2306012e-02  -8.6017213e-04  -1.1401240e-03  -1.2692499e-03
   8.1593951e-02   8.0040592e-02  -2.8247540e-02  -1.1093987e-03  -1.3691543e-03  -1.1428757e-03
   1.0421066e-01   8.2726393e-02  -1.7980789e-02  -6.3548501e-04  -1.6384159e-03  -1.2927168e-03
   9.5199867e-02  -2.1484904e-03   6.2080618e-02   7.1600995e-04  -1.7779730e-03  -3.8402120e-04
   8.2767117e-02   4.2546675e-02   1.8808281e-02  -8.4019174e-04  -1.6613881e-03  -1.2012821e-04
   1.0545251e-01   7.0284766e-02  -2.1556627e-03  -9.8826934e-04  -1.9308084e-03  -3.1382696e-04
   1.2371233e-01   7.9136662e-02   9.3464833e-03  -1.0900311e-03  -2.0935531e-03  -1.7384096e-04
   1.0809054e-01   7.1142196e-02   5.6575201e-02  -5.3364704e-04  -2.0654914e-03  -5.6638746e-05
   8.1595929e-02   7.5084535e-02   1.5460503e-02  -1.0582015e-03  -1.4630949e-03  -2.7601707e-05
   7.0549577e-02   8.0113042e-02   8.7123733e-03  -7.8758506e-04  -1.0490221e-03  -1.6517448e-04
   6.3807569e-02   5.8381467e-02  -1.1325974e-02  -7.4135265e-04  -9.4125341e-04   5.6239383e-05
   6.0581372e-02   6.9441313e-02   2.8085753e-03  -4.6446855e-04  -7.8439358e-04  -1.4495700e-04
   6.6806223e-02   7.0813641e-02  -1.3899639e-04  -5.7727040e-04  -8.9972830e-04  -1.0220993e-04
   6.6112245e-02   5.9679578e-02  -4.7021700e-03  -6.5980419e-04  -8.1321202e-04  -1.7928767e-04
   7.0076770e-02   5.0455304e-02   9.1466655e-03  -7.1813502e-04  -9.3367449e-04  -1.4778207e-04
   7.3548087e-02   5.8838336e-02  -7.6287883e-03  -6.6526640e-04  -9.5724141e-04  -2.1991492e-04
   7.1586420e-02   5.7417983e-02   3.9375005e-03  -7.9699067e-04  -6.8749251e-04  -4.0419486e-04
   7.9321036e-02   7.4548341e-02   9.6298657e-03  -6.6544763e-04  -7.8173063e-04  -3.5325261e-04
   9.7739377e-02   7.0500927e-02  -2.1278549e-02  -9.4783718e-04  -1.2486875e-03  -2.3510011e-04
   8.9460458e-02   8.9983739e-02  -2.0495842e-02  -8.4543861e-04  -1.0947890e-03  -3.0379395e-04
   7.9626292e-02   7.6224994e-02   2.9205576e-03  -5.0673496e-04  -8.5754859e-04  -1.4970981e-04
   8.0778807e-02   8.6419480e-02  -2.1486522e-02  -8.4328737e-04  -8.3700206e-04  -1.6778039e-04
   8.7560660e-02   7.1918633e-02  -7.6791484e-03  -8.9348953e-04  -7.4638807e-04  -3.9106557e-04
   8.7355377e-02   6.5501950e-02   3.4666273e-03  -8.5849644e-04  -8.0855199e-04  -4.0704869e-04
   9.0625394e-02   6.5266359e-02   1.3958600e-03  -7.9882574e-04  -8.4571930e-04  -1.6644613e-04
   1.0220556e-01   7.0690156e-02   2.2455017e-02  -7.5874195e-04  -1.0789644e-03  -3.0311909e-04
   1.0874469e-01   9.1545205e-02  -2.6440037e-03  -7.2711578e-04  -1.0003734e-03  -5.3613814e-04
   1.0796315e-01   7.1524701e-02   6.5462684e-03  -1.0459132e-03  -1.1973473e-03   5.5279441e-06
   1.5283970e-01  -4.0605629e-03   1.2568692e-02   5.2421650e-04  -1.6338122e-03   5.1963243e-04
   1.4834051e-01   6.1702378e-02  -2.8595889e-03   6.1784187e-04  -1.8897598e-03   3.5933942e-04
   1.4566115e-01   1.7541537e-02   1.2526713e-02   4.0052825e-05  -1.8784374e-03   6.9025772e-05
   1.5784509e-01   3.8788945e-02   4.1987312e-03  -7.3757607e-05  -1.8158371e-03   4.1100106e-05
   1.4271310e-01   5.2131917e-02   8.2106337e-03  -5.5540667e-04  -1.7131477e-03   2.1205163e-04
   1.2910485e-01   7.3595806e-02  -3.7582191e-03  -4.0125284e-04  -1.2748238e-03   2.3804302e-04
   1.3996119e-01   9.4466054e-02  -1.6058320e-02  -6.2823116e-04  -1.5906265e-03   1.2183294e-04
   1.3709689e-01   6.1526476e-02  -1.1074743e-02  -2.7497715e-04  -1.3586657e-03  -1.0188074e-04
   1.3895931e-01   7.5596123e-02  -1.3304506e-02  -3.2909900e-04  -1.6627848e-03   6.6076720e-05
   1.3449804e-01   8.1963191e-02   3.4026396e-03  -6.1860256e-04  -1.4158988e-03  -1.8262881e-04
   1.2371191e-01   4.8828925e-02   2.6323906e-02  -3.5222421e-04  -1.3997290e-03   1.3675562e-04
   1.2711946e-01   4.8723741e-02   1.4899258e-02  -5.0136692e-04  -1.4282554e-03   1.8907704e-04
   1.1922174e-01   4.1451306e-02   4.4145078e-02  -3.3864972e-04  -1.3985478e-03   1.6441556e-04
   1.3651932e-01   7.2217189e-02   1.2572333e-02  -4.3998918e-04  -1.6603210e-03   8.1460426e-05
   1.2197539e-01   2.3067759e-02   2.1892972e-02  -3.7553218e-04  -1.6612098e-03   4.0004695e-04
   1.3292861e-01   3.1761897e-02   2.4623319e-02  -4.0373162e-04  -1.5706812e-03   2.1550734e-04
   1.3690696e-01   2.6021364e-02   3.3006522e-02  -2.3482161e-04  -1.5855089e-03   7.1424211e-05
   1.2504109e-01   6.7838263e-02   3.4137540e-02  -3.3581783e-04  -1.7646017e-03   1.0311136e-04
   1.3268227e-01   9.5437230e-02   1.9224925e-02  -5.1299417e-04  -1.7031239e-03  -2.5170224e-04
   1.3117926e-01   4.4054013e-02   1.5990402e-02  -1.0111302e-04  -1.6251458e-03  -1.6587920e-04
   1.3000541e-01   6.8619750e-02   1.4586856e-02  -4.3708634e-04  -1.4629559e-03  -1.7291925e-04
   1.1887073e-01   8.1345618e-02   1.4807507e-02  -6.1386612e-04  -1.3746232e-03   1.7239667e-05
   1.2232914e-01   1.0124365e-01  -1.5736586e-03  -1.1810824e-03  -1.9259027e-03   7.0995798e-05
   1.3452827e-01   9.0274730e-02   1.4367115e-02  -7.2015983e-04  -2.1352154e-03   2.7761458e-04
   1.4932828e-01   8.3204900e-02   6.0761382e-02   1.1571074e-03  -2.1002394e-03   9.2923413e-04
   1.5160929e-01   5.5794791e-02   3.8136232e-02   5.0721821e-04  -2.4184883e-03   1.0283462e-03
   1.4980845e-01   4.5883147e-02   2.0049635e-02  -4.6782120e-04  -2.5581168e-03   9.1787985e-04
   1.3650315e-01   7.0282802e-02   1.7902574e-02  -1.2170962e-04  -2.6248934e-03   1.3869477e-03
   1.5582425e-01   1.7984277e-02   3.0049908e-02  -2.2178259e-05  -2.7213853e-03   1.0854807e-03
   1.3934209e-01   4.8236691e-02   1.8167393e-02  -1.7931087e-04  -2.5365880e-03   1.4158200e-03
   1.4134756e-01   7.0840123e-02  -3.3592783e-04  -4.5211408e-04  -2.7513792e-03   1.2251209e-03
   1.5385624e-01   7.1266745e-02   1.0698681e-03  -3.5947870e-05  -2.6143870e-03   9.4635797e-04
   1.4696662e-01   5.3548234e-02   2.5998024e-02  -1.8694641e-04  -2.4643520e-03   6.6132187e-04
   1.4023373e-01   2.9154507e-02   6.7485151e-02   3.6779975e-04  -2.2484994e-03   6.4202767e-04
   1.4274195e-01   1.8675195e-02   7.3710842e-02   2.3998143e-04  -2.4929293e-03   6.6087916e-04
   1.4052228e-01   4.5808285e-02   6.8859459e-02   1.9010477e-04  -2.3774676e-03   5.9220493e-04
   1.5517846e-01   4.6208908e-02   8.1991992e-02   1.6498902e-04  -2.7503091e-03   4.5764023e-04
   1.4730122e-01   3.6494373e-02   8.3280756e-02   2.0032127e-04  -2.6258783e-03   4.3529213e-04
   1.4805795e-01   5.8617045e-02   6.8973416e-02   1.7578088e-04  -2.5557448e-03   3.6855852e-04
   1.3297851e-01   3.8632006e-02   5.2547644e-02   1.6019893e-04  -2.6208552e-03   7.2500125e-04
   1.4823438e-01   5.3179380e-02   4.7582599e-02  -2.6649139e-04  -2.6029979e-03   3.5885775e-04
   1.4731154e-01   6.9084421e-02   6.8848277e-03  -1.1895340e-04  -2.6510778e-03   5.7863908e-04
   1.4489399e-01   8.1657551e-02   1.0909792e-02  -4.5428031e-04  -2.8202681e-03   6.8394214e-04
   1.3627313e-01   3.2688622e-02   4.2333410e-02   1.1275983e-04  -2.5470331e-03   8.8486301e-04
   1.5027303e-01   3.7979522e-02   3.6596847e-02   1.8206495e-04  -2.8405562e-03   8.7611465e-04
   1.4276659e-01   2.1674693e-02   4.3048034e-02   2.3598972e-04  -2.6456327e-03   8.8060828e-04
   1.4405476e-01   4.5924830e-02   3.4129747e-02  -3.1304719e-05  -2.6834089e-03   8.2192716e-04
   1.3136120e-01   5.1127985e-02   5.3661803e-02   5.4078572e-04  -2.4551124e-03   7.8380187e-04
   1.5115920e-01   4.9516693e-02   9.4676530e-03  -5.3947407e-04  -2.9746707e-03   7.3589079e-04
   1.6234998e-01   1.0364347e-01   2.7551715e-02   5.1324961e-04  -3.2015784e-03   1.1489253e-03
   1.6380388e-01   6.9817008e-03   9.1037633e-02   1.5908218e-03  -3.4525865e-03   1.4808727e-03
   1.8458748e-01   1.4095816e-02   1.8770595e-02  -2.7358466e-04  -3.7309044e-03   1.2163997e-03
   1.8240817e-01   5.7410703e-02   4.9035893e-02   2.2585792e-04  -3.6354313e-03   1.1150948e-03
   1.8467410e-01   4.0340395e-02   4.5350058e-02   1.2906987e-04  -4.1553505e-03   1.1197437e-03
   1.5963819e-01   6.5390055e-02   7.6884609e-02   1.9718549e-04  -3.7531963e-03   9.6339622e-04
   1.6524620e-01   4.1851524e-02   6.4809785e-02   1.7651121e-04  -3.4648858e-03   8.2321335e-04
   1.5052307e-01   5.4160997e-02   5.4354849e-02   4.3228459e-04  -3.2151141e-03   1.0036652e-03
   1.6280334e-01   4.7034886e-02   4.1631224e-02   5.6763874e-04  -3.2349826e-03   8.3531597e-04
   1.5353782e-01   3.3223036e-02   6.3507436e-02   6.1415090e-04  -2.9601979e-03   7.9439472e-04
   1.6180237e-01   4.1045469e-02   4.3730533e-02   3.9059455e-04  -3.0704001e-03   8.0610231e-04
   1.5532473e-01   3.0085200e-02   6.5508033e-02   6.7334052e-04  -3.0048929e-03   1.0220554e-03
   1.6182102e-01   3.0957199e-02   1.7407739e-02   4.7844810e-04  -3.0811187e-03   1.0273974e-03
   1.5484162e-01   6.7188825e-02   2.6592764e-02  -7.1988875e-05  -3.1250585e-03   1.0847143e-03
   1.5532425e-01   1.0786541e-02  -2.6504130e-03   3.1992988e-04  -3.1411441e-03   1.2296859e-03
   1.4457461e-01   7.2141974e-02   2.5560274e-02   1.1036682e-04  -3.0485628e-03   1.2011079e-03
   1.6128484e-01  -8.0230855e-02  -1.2915277e-01   1.6218762e-03  -3.2638373e-03   1.4009242e-03
   1.8078198e-01  -3.9004456e-02  -7.5932157e-02   2.8808347e-03  -3.7769245e-03   1.2913596e-03
   1.7171008e-01   5.1454290e-02  -1.4818642e-02   6.7746039e-04  -3.8068169e-03   1.0502395e-03
   1.7048002e-01   6.0331635e-02  -4.5122601e-02   8.9595972e-04  -3.8185699e-03   1.1998778e-03
   1.6818836e-01   6.1260409e-02  -7.0656748e-03   7.1890837e-04  -3.7818191e-03   1.0138874e-03
   1.6966454e-01   6.6817587e-02  -7.5967677e-02   5.6117008e-04  -3.8977998e-03   1.2419927e-03
   1.5678640e-01   5.2025066e-02  -3.4955631e-02   3.6892665e-04  -3.5452277e-03   1.1599022e-03
   1.7273286e-01   7.6221421e-02  -3.4581832e-02   5.6100319e-04  -3.7994362e-03   1.2551166e-03
   2.0175835e-01   5.9259931e-02  -2.0769245e-02   6.7362930e-04  -4.3916314e-03   1.3054291e-03
   1.9256795e-01   2.4412878e-02  -3.6289399e-02   6.7439352e-04  -4.1401229e-03   1.5985896e-03
   2.0282746e-01   5.9916141e-02  -5.5827370e-02   1.9652309e-04  -4.3331705e-03   1.5267677e-03
   2.0853584e-01   3.0127532e-02  -4.7173719e-02   3.0669281e-04  -4.6006710e-03   1.7072632e-03
   2.0475859e-01   3.0110718e-02   7.3847026e-04   8.6145858e-04  -4.4339761e-03   1.5171791e-03
   1.9360200e-01   3.1494204e-02  -2.4451148e-02   4.9442285e-04  -4.5615218e-03   1.7259377e-03
