   0.0000000e+00   0.0000000e+00   0.0000000e+00   0.0000000e+00   0.0000000e+00   0.0000000e+00
   4.2740449e-03   1.9637526e-02   9.2281369e-04  -4.4016456e-04  -1.0814583e-04  -6.9711443e-05
   3.4756852e-03  -3.1348998e-02  -1.0108358e-02  -5.7175571e-04  -3.3866526e-04   1.5100694e-04
   2.9603928e-02   1.3986677e-02   3.6943471e-02   1.1637823e-04  -5.6225747e-04  -8.0295160e-05
   2.1159993e-02   1.5422696e-02   3.2185573e-02   2.6567963e-04  -5.6125779e-04  -2.9205940e-05
   1.5801983e-02  -9.1442525e-03  -1.3413585e-02  -6.3629061e-04  -4.3107790e-04  -6.0303794e-05
   8.5163754e-02   6.7384647e-02   3.6524635e-02   4.3236593e-04   9.5813197e-04  -2.5814691e-04
   1.1450299e-01  -2.2498248e-02   2.8326653e-02  -1.7794126e-05   2.5296780e-03   3.8462182e-04
   1.2595017e-01   2.9762298e-02   2.4243878e-02   7.3399112e-05   2.7130263e-03   1.5315751e-04
   1.1858330e-01  -1.6571024e-02   3.2887240e-03   6.8221782e-05   2.9496556e-03   4.8457761e-04
   1.2187936e-01   1.9819030e-02   4.5101224e-02   4.4250396e-04   2.6692578e-03   5.5495492e-04
   1.1702560e-01   5.3014395e-02   4.0752222e-02   3.2756887e-04   2.9016437e-03   6.6178896e-04
   1.0434099e-01  -2.3462376e-02   4.3322650e-02   5.1354860e-04   2.8474178e-03   8.5433094e-04
   1.1652036e-01   2.2131843e-02   8.6026572e-02   5.6228506e-04   2.7280079e-03   8.2836161e-04
   1.2404955e-01   5.1998917e-02   7.1883109e-02   4.7991559e-04   2.7836447e-03   9.2769315e-04
   1.3365677e-01   9.4250831e-04   8.1664543e-02   3.4525843e-04   2.9693272e-03   1.1167555e-03
   1.4380063e-01   4.3715941e-03   1.1171766e-01   4.8958901e-04   2.9650041e-03   1.1041069e-03
   1.4956275e-01   3.4935646e-02   1.0969356e-01   4.3414530e-04   2.7033106e-03   1.2293713e-03
   1.3985611e-01  -2.0502678e-02   7.4138017e-02   5.3430315e-04   2.8432718e-03   1.4337601e-03
   1.4706067e-01   5.7466540e-03   1.0122121e-01   6.2754878e-04   2.5974643e-03   1.3283905e-03
   1.3896365e-01   3.7698566e-02   9.8426943e-02   5.8518538e-04   2.7647370e-03   1.5434150e-03
   1.3648601e-01   5.3477482e-03   1.1907251e-01   4.4500549e-04   2.6970901e-03   1.6724473e-03
   1.3095846e-01   7.9792313e-03   1.3035285e-01   6.5807919e-04   2.6157103e-03   1.8731157e-03
   1.2670762e-01   5.9653643e-02   1.0403500e-01   3.4346996e-04   2.6496937e-03   1.9734984e-03
   9.8995030e-02  -2.7450782e-02   9.3669336e-02   4.0848679e-04   2.6844663e-03   2.3296580e-03
   8.3993942e-02   6.4738712e-02   1.1862237e-01   5.3461833e-04   1.7519214e-03   2.3626108e-03
   7.9703823e-02   6.1277531e-02   6.4451003e-02   9.1816883e-04   2.0860729e-03   2.4819162e-03
   5.2917342e-02  -4.1161323e-03   1.0971357e-01   5.1083740e-04   2.3700466e-03   2.5385279e-03
   6.7260086e-02   7.2821246e-02   2.8733489e-02  -1.8993998e-04   1.6148241e-03   2.9155314e-03
   6.4715091e-02  -1.8347330e-02   6.2120052e-02  -1.9334705e-04   1.6435020e-03   2.9994560e-03
   1.2998031e-01   1.3954700e-01   3.2913389e-02  -2.8781913e-04   2.2596827e-03   2.1898755e-03
   8.1481487e-02  -4.2526448e-02   2.8406659e-02  -2.3301469e-04   3.4760045e-03   2.8873981e-03
   8.1144170e-02   3.0873402e-02   2.0248188e-01   1.4088078e-04   2.9006715e-03   2.6569023e-03
   8.7102320e-02   2.6096545e-02   1.3697651e-01   9.1541511e-05   3.5662830e-03   2.4462155e-03
   9.2442277e-02  -1.3601393e-02   1.8307117e-01   4.4035624e-04   3.3935904e-03   2.7324781e-03
   9.0764216e-02   2.8955632e-02   2.0000550e-01   5.1304897e-04   3.6099299e-03   2.7673638e-03
   9.1117923e-02   2.3583364e-02   2.0000023e-01   5.1638990e-04   3.5296903e-03   2.6428879e-03
   8.3372702e-02  -2.8096644e-02   2.2740815e-01   7.9485686e-04   3.6014463e-03   2.5374630e-03
   8.1192954e-02   4.6422962e-03   2.3372998e-01   1.0597763e-03   3.0916661e-03   2.4351492e-03
   7.3607505e-02  -3.8735529e-03   2.1987051e-01   1.0486371e-03   3.4237853e-03   2.4847538e-03
   8.1144195e-02   2.6882265e-02   2.1654958e-01   9.0017875e-04   2.8909606e-03   2.4373987e-03
   6.5080753e-02  -1.1845242e-02   1.6281552e-01   5.7669629e-04   3.1994333e-03   2.5921854e-03
   8.3052672e-02   2.0513161e-02   2.2706244e-01   9.5148548e-04   3.0181479e-03   2.3810622e-03
   6.9076119e-02   2.2427276e-02   2.2300347e-01   1.2210289e-03   2.7892257e-03   2.3326483e-03
   7.8472973e-02   7.5227119e-03   2.1425974e-01   1.3368152e-03   2.9744214e-03   2.3764347e-03
   8.6463680e-02   5.3909956e-02   1.7734960e-01   1.0635478e-03   3.2082250e-03   2.2300351e-03
   7.4614040e-02   1.1193160e-02   1.5862005e-01   1.0183330e-03   3.1907839e-03   2.4520926e-03
   9.7588182e-02   7.7494272e-02   1.9382094e-01   1.0690638e-03   3.1659186e-03   2.1622372e-03
   8.4471645e-02   8.5103468e-02   1.6508862e-01   1.1267608e-03   3.0550279e-03   2.3577484e-03
   7.4096621e-02   2.6160402e-02   1.6485371e-01   1.0167859e-03   2.5426386e-03   2.3883437e-03
   7.2600085e-02   1.3366859e-01   1.4354606e-01   6.6797520e-04   2.3573809e-03   2.3509103e-03
   5.1623896e-02  -9.6732999e-03   1.1566288e-01   7.2011153e-04   2.2560097e-03   2.7035053e-03
   6.0356355e-02   1.6440933e-01   1.2371744e-01   5.1992845e-04   1.8496849e-03   2.4824342e-03
   3.5119400e-02   5.2147096e-03   8.7170606e-02   6.5600677e-04   1.8212296e-03   2.8368834e-03
   5.3773667e-02   1.4333486e-01   1.1028350e-01   3.3201492e-04   1.6477946e-03   2.3847198e-03
   7.0522074e-02   7.0795006e-02   1.4815988e-01   8.8495075e-04   2.5790210e-03   2.1226720e-03
   8.6461691e-02   7.4598975e-02   1.9034150e-01   1.0209134e-03   2.6816070e-03   1.9606380e-03
   7.7988398e-02   2.1845563e-02   1.7381832e-01   7.4735139e-04   2.5644456e-03   2.5739057e-03
   9.8588643e-02   5.7043235e-02   2.3837629e-01   1.1056730e-03   2.6380836e-03   2.3574480e-03
   1.0258969e-01   5.3019807e-02   2.5111013e-01   1.2337840e-03   2.7560838e-03   2.5485726e-03
   1.1250518e-01   2.3940388e-02   2.4223303e-01   9.3574272e-04   2.7106473e-03   2.6018984e-03
   1.1773505e-01   4.1829659e-02   2.8783745e-01   1.3325988e-03   2.9166155e-03   2.7972309e-03
   1.1767506e-01   5.0964914e-02   2.6301640e-01   1.1837165e-03   2.9830861e-03   2.7234825e-03
   1.1307944e-01   1.3813749e-03   2.7239955e-01   1.4750501e-03   2.6125600e-03   3.0183727e-03
   1.2160969e-01   7.8769426e-02   2.7471155e-01   1.4320052e-03   2.4731755e-03   2.8456395e-03
   1.0354454e-01   1.1672708e-02   2.4205727e-01   1.2360418e-03   2.4263222e-03   2.9119907e-03
   9.5940776e-02   5.4296301e-02   3.0237675e-01   1.4433373e-03   2.2509930e-03   2.7590375e-03
   9.1432692e-02   6.2733549e-02   2.0985958e-01   1.0822944e-03   2.1130226e-03   2.5779251e-03
   7.5398192e-02   5.2681909e-02   2.2814106e-01   1.1829259e-03   1.8689279e-03   2.5243902e-03
   1.0045003e-01   1.0173662e-01   2.3860383e-01   1.1537577e-03   2.0231667e-03   2.5432535e-03
   9.5313853e-02   7.7889700e-02   2.2587965e-01   9.1062317e-04   2.1039128e-03   2.7000916e-03
   1.1087482e-01   7.5390502e-02   2.6069215e-01   1.5563033e-03   2.2682623e-03   2.7390039e-03
   1.0293902e-01   9.2106205e-02   2.0606931e-01   9.9757566e-04   2.5812748e-03   2.8955878e-03
   1.1248840e-01   6.4784150e-02   3.1086656e-01   1.9238713e-03   2.3759367e-03   2.5541099e-03
   9.7307437e-02   7.1426706e-02   2.5233793e-01   1.7957928e-03   1.8063980e-03   2.9483033e-03
   8.4444004e-02   6.8701947e-02   1.8290189e-01   6.5458937e-04   1.6761385e-03   3.0690288e-03
   9.2556379e-02   8.8369987e-02   2.2865896e-01   8.4063168e-04   1.3111656e-03   2.7666348e-03
   7.7508802e-02   1.2605790e-01   1.6256107e-01   2.9505900e-04   1.3166742e-03   3.1722068e-03
   7.3759590e-02   7.1768185e-02   2.2395041e-01   6.1378978e-04   7.9421557e-04   3.1514631e-03
   8.4779686e-02   1.1046995e-01   1.7849734e-01   4.8563117e-04   1.3272323e-03   3.0730491e-03
   8.9934636e-02   5.7107578e-02   1.9034023e-01   5.2251451e-04   1.6424311e-03   2.8932576e-03
   9.7806921e-02   9.1060016e-02   2.6027719e-01   9.7821370e-04   1.2050720e-03   3.0170651e-03
   1.0544002e-01   1.1617815e-01   2.5502386e-01   9.0412361e-04   1.1439861e-03   2.8301621e-03
   8.4541654e-02   7.5512500e-02   2.3198859e-01   1.1191744e-03   1.0799121e-03   3.0422472e-03
   8.2894605e-02   4.2159223e-02   2.9412082e-01   1.6891784e-03   1.2052363e-03   3.1396076e-03
   6.3528059e-02   7.6788879e-02   3.3664791e-01   1.9662907e-03   8.2325773e-04   3.0083522e-03
   8.2262070e-02   5.2481847e-02   3.4307556e-01   2.4092863e-03   1.2278735e-03   2.7235669e-03
   7.1675092e-02   7.8720003e-02   3.2551571e-01   2.3151216e-03   1.1413538e-03   2.6024591e-03
   5.5770226e-02   5.9431969e-02   3.3161257e-01   2.9347519e-03   1.1606229e-03   2.4827270e-03
   5.5135036e-02   8.1235044e-02   3.4123078e-01   3.5325414e-03   9.5867871e-04   2.1244378e-03
   5.9044672e-02   1.2175313e-01   4.2449307e-01   4.2077404e-03   6.4386747e-04   1.7981573e-03
   6.6575066e-02   1.1209206e-01   4.0358718e-01   5.0934993e-03   5.5170939e-04   1.6563135e-03
   6.4093539e-02   9.3166030e-02   4.1690755e-01   5.7882827e-03   6.2666193e-04   1.6091126e-03
   5.2373578e-02   1.1311863e-01   4.8043627e-01   5.7933248e-03   1.9762705e-04   1.4724906e-03
   6.7497878e-02   1.3980705e-01   5.0202431e-01   6.3997371e-03   5.1761783e-04   1.3443867e-03
   7.0230867e-02   9.3478595e-02   4.5104595e-01   6.0530815e-03   5.3243746e-04   1.2079085e-03
   6.3172784e-02   7.9138665e-02   4.9118401e-01   6.3932389e-03   4.7528390e-04   1.1279345e-03
   6.8523077e-02   1.6643515e-01   5.4126454e-01   7.3170623e-03   2.4305750e-04   6.2686024e-04
   4.7825176e-02   1.1951682e-01   4.9095979e-01   7.2150966e-03   2.5380729e-04   5.6656224e-04
   5.0478187e-02   1.0241735e-01   5.0230010e-01   7.0614542e-03  -6.6829665e-05   4.5230129e-04
   4.9089481e-02   1.3523416e-01   5.1057778e-01   7.0627261e-03  -3.1774462e-04   5.9438489e-04
   3.9334262e-02   1.3951002e-01   4.7179439e-01   6.6989109e-03  -3.2937533e-04   4.9113424e-04
   2.8001296e-02   9.5672528e-02   5.2092826e-01   6.8479276e-03  -7.9687514e-04   4.6608818e-04
   1.6400167e-02   1.6056622e-01   4.9519316e-01   6.6776143e-03  -1.5300355e-03  -7.9845363e-05
   3.9444043e-02   1.2488416e-01   4.8846670e-01   6.8233434e-03  -5.7438854e-04   1.0865503e-04
   7.6646156e-02   6.5211981e-02   5.2335342e-01   6.8247260e-03   7.6083387e-04  -8.2907679e-05
   5.7366545e-02   1.2611212e-01   4.9049262e-01   6.8304062e-03  -1.7645844e-05   2.5467934e-04
   4.1728307e-02   7.9145190e-02   4.8450925e-01   7.0481894e-03  -4.8473651e-04   4.9226321e-04
   3.2023235e-02   1.4485367e-01   5.5767887e-01   7.4587122e-03  -6.5741619e-04   6.9458912e-04
   3.8443164e-02   1.5889067e-01   5.5285080e-01   7.5163886e-03  -1.0595970e-03   3.0787753e-04
   1.7053539e-02   1.2076187e-01   5.8011397e-01   7.7673917e-03  -1.4206035e-03   3.6874260e-04
   3.8062582e-02   1.3234106e-01   5.6121694e-01   7.4058950e-03  -5.8980565e-04  -9.1384025e-05
   3.6560230e-02   1.3308827e-01   6.0703680e-01   7.8208631e-03  -8.5121046e-04   1.0638697e-04
   4.0552280e-02   1.6768611e-01   5.6760707e-01   7.5301352e-03  -6.0776897e-04  -1.8706662e-04
   3.6280221e-02   1.0969879e-01   5.7464555e-01   7.6229520e-03  -9.9560425e-04  -9.1805656e-05
   1.3664595e-02   1.0931835e-01   6.0198956e-01   7.9761154e-03  -1.1991642e-03  -6.1052194e-05
  -2.6205529e-03   1.3324764e-01   6.1003262e-01   8.2379350e-03  -1.4836442e-03   1.3493119e-04
   1.0300829e-02   1.2943444e-01   5.7943414e-01   7.9692471e-03  -9.3563079e-04  -1.6564254e-04
  -2.5536772e-03   1.2481682e-01   5.1423768e-01   7.9643997e-03  -1.0578342e-03  -2.8150234e-04
  -3.2592442e-03   1.1881520e-01   5.4573175e-01   8.3958184e-03  -1.3764171e-03  -6.8048742e-04
   6.0446783e-03   1.7623431e-01   6.4668183e-01   9.6445597e-03  -1.4530721e-03  -9.3956046e-04
   1.4890478e-02   1.8090308e-01   6.4938216e-01   1.1148540e-02  -1.2395896e-03  -1.1660804e-03
  -2.9967351e-02   8.0123203e-02   6.3695326e-01   1.0377334e-02  -2.2800626e-03  -9.0100308e-04
  -4.8788978e-02   1.2345312e-01   7.6298799e-01   1.0719811e-02  -3.5035525e-03  -6.4008053e-04
  -2.9651372e-02   1.6198607e-01   6.3749956e-01   9.5418826e-03  -2.4633743e-03  -7.2112234e-04
  -2.9257514e-02   8.8588233e-02   6.0611729e-01   9.1774457e-03  -2.7070603e-03  -1.0162048e-03
  -1.4723893e-02   2.0882952e-01   4.9673528e-01   6.6863594e-03  -3.4678541e-03  -8.3201482e-04
  -7.1610873e-02   6.0845514e-02   4.1009344e-01   5.7710475e-03  -4.1049022e-03   5.8381481e-04
  -6.3972045e-02   1.0453976e-01   5.0337225e-01   6.5851667e-03  -4.1268472e-03   3.4417626e-05
