   0.0000000e+00  -7.1054274e-15   0.0000000e+00   0.0000000e+00   0.0000000e+00  -1.7347235e-18
   1.0483443e-02  -2.2509619e-02   3.1121958e-02   9.7350704e-04   3.8503078e-04  -3.9241173e-04
   1.1844728e-02   8.5888217e-02   3.5458084e-02   3.3170427e-04   2.2391408e-04  -7.6791494e-04
   1.7387175e-02   4.6411315e-02   1.1040384e-01   4.7885258e-04   3.5640354e-04  -6.4331810e-04
   2.7388637e-02  -2.2588227e-03   7.3884346e-02   8.9222813e-04   1.0497176e-03  -6.4534300e-04
   2.9769791e-02   6.4725919e-03   1.7073419e-02  -1.6346401e-04   7.3737810e-04  -8.6769027e-04
   1.8662345e-02   9.1491200e-03   9.4356462e-02   1.7188461e-03   1.0393809e-03  -4.1899866e-04
   2.4774791e-02   1.3820321e-02   1.9382038e-02  -1.7018940e-04   1.5838037e-03  -6.2442514e-04
   2.5078221e-02   2.5262680e-02   1.0507414e-01   1.3947268e-03   1.6649723e-03  -5.0550643e-04
   3.1922252e-02   1.5650439e-02   8.3294338e-02   1.5461629e-03   1.1468451e-03  -5.7440215e-04
   5.2461764e-02   5.6783504e-02   1.4171242e-01  -1.6805268e-04   1.1458905e-03  -6.6299691e-04
   5.6581959e-02   2.7337821e-02  -1.0197886e-02   1.2327327e-03   1.4900021e-03  -3.6257184e-04
   6.0453292e-02   1.3822384e-02  -6.1353761e-02   5.6420144e-04   1.4304997e-03  -1.9602651e-04
   6.7805642e-02   5.0415415e-02   4.5584599e-02   1.3338919e-03   1.9393746e-03  -3.6612826e-04
   5.8697149e-02   1.2453702e-01   1.0390700e-01   1.8682910e-03   1.6165600e-03  -2.7031694e-04
   6.8992625e-02  -1.3279051e-02   1.6281188e-01   8.6929660e-04   1.9309757e-03  -5.1649519e-04
   7.9563562e-02   7.1523907e-02   1.1577665e-01   1.1431531e-03   2.0094048e-03  -4.4305897e-04
   7.4781384e-02   3.8232194e-02   1.5376293e-01   2.2037794e-03   2.1320516e-03  -2.9851066e-04
   6.6546392e-02   6.1601686e-02   1.9131301e-01   2.2218856e-03   2.1572711e-03  -2.7507578e-04
   7.0164821e-02   5.4986052e-02   1.3976527e-01   1.2962597e-03   1.8881515e-03  -3.8348962e-04
   7.8409386e-02  -1.5735298e-02   1.2772125e-01   6.8960917e-04   1.9026533e-03  -4.2312661e-04
   7.3427996e-02   1.8786395e-02   1.8263212e-01   1.6058602e-03   1.4293987e-03  -2.9900741e-04
   7.8662523e-02  -1.0263447e-02   1.5857120e-01   1.6668866e-03   1.5593501e-03  -5.0781748e-04
   8.2074923e-02   4.4287833e-02   1.4747451e-01   1.8279977e-03   1.4509932e-03  -4.1782778e-04
   8.7334084e-02  -2.0593074e-02   1.7815515e-01   2.2983434e-03   1.6200084e-03  -4.4287675e-04
   8.4730658e-02   1.0603674e-02   8.8347754e-02   1.3415686e-03   1.6345758e-03  -4.6583529e-04
   6.9303512e-02   1.0210945e-01   1.4956938e-01   3.0109429e-03   1.4634801e-03  -3.2542101e-04
   7.6894858e-02  -7.3945672e-02   6.5604374e-02   1.0531244e-03   1.2539623e-03  -6.7898565e-04
   8.3875175e-02   2.1874717e-02   6.3911323e-02   1.5329631e-03   1.6783703e-03  -4.8717331e-04
   1.0626633e-01   2.9406415e-02   1.0332294e-01   1.8258480e-03   1.8376890e-03  -4.7430463e-04
   1.1614380e-01  -3.4022340e-03   1.2393811e-01   1.9186511e-03   1.8879843e-03  -5.4126399e-04
   1.0880923e-01  -1.0790653e-02   1.2795969e-01   2.2060151e-03   1.7601499e-03  -4.6403324e-04
   1.1141480e-01   3.3581219e-02   1.2213566e-01   1.8843558e-03   1.9284118e-03  -8.1378739e-04
   1.0007162e-01  -9.4055692e-03   1.5496158e-01   2.9641474e-03   1.6785966e-03  -7.8979783e-04
   1.0679128e-01  -3.1498219e-02   1.3623110e-01   2.6202501e-03   1.9148024e-03  -6.5427424e-04
   1.1618192e-01   2.0393249e-02   8.5285155e-02   1.9096116e-03   2.0223507e-03  -7.5273244e-04
   1.2116786e-01   5.1492431e-02   1.2810179e-01   1.7695238e-03   2.2287117e-03  -7.7924475e-04
   1.3752987e-01   4.5179189e-02   1.1511637e-01   3.3707292e-03   1.9869940e-03  -2.3256135e-04
   1.5464306e-01   3.1564525e-02   1.4956385e-01   3.0137426e-03   2.2070085e-03  -5.4820112e-04
   1.1714820e-01   1.7080446e-01   2.7217781e-01   5.0581000e-03   1.7785340e-03  -2.0965753e-03
   1.0459869e-01  -1.9783735e-01   1.5981363e-01   2.3834332e-03   2.0671056e-03  -2.0849213e-04
   6.5586143e-02   2.2503066e-01   3.5787362e-01  -9.7517827e-04   2.1730063e-03  -7.2981873e-04
   6.7924756e-02   1.2053967e-01   4.4559980e-01   6.3938599e-04   2.2615253e-03  -4.2820310e-04
   7.5447971e-02   1.1799065e-01   3.8376211e-01  -9.0529946e-04   2.1649330e-03  -4.4867324e-04
   9.2558989e-02   1.4431024e-01   4.1609815e-01   2.3936365e-04   2.7965304e-03  -3.6040149e-04
   9.4872240e-02   1.1223042e-01   4.4390753e-01   5.6111090e-04   2.8080024e-03  -6.7918666e-05
   1.1408631e-01   7.6026415e-02   4.4925883e-01   1.1291388e-04   2.4376446e-03  -5.1307520e-04
   1.1818940e-01   9.1947268e-02   4.3923075e-01  -1.9754615e-04   2.6833676e-03  -4.6047102e-04
   1.1392812e-01   8.7594340e-02   4.1627241e-01   7.4620523e-04   2.9073042e-03  -1.8072554e-04
   1.0978323e-01   7.2445826e-02   3.8428135e-01   7.9252489e-04   2.9968306e-03   4.0829429e-04
   1.2735949e-01   1.0106888e-01   3.7200759e-01   4.9478938e-05   2.5095743e-03   2.8851004e-04
   1.2038529e-01   9.2928799e-02   4.3862040e-01   1.7903166e-03   1.8473402e-03   4.8669478e-05
   1.4559644e-01   9.1860254e-02   3.6736242e-01   3.0225454e-04   2.2747896e-03  -1.1938721e-04
   1.5593271e-01   1.2777873e-01   3.6902948e-01  -6.8085240e-04   2.8831217e-03  -8.0317094e-05
   1.3348577e-01   9.7069459e-02   4.2735773e-01   6.1239028e-04   3.2051258e-03  -3.6877895e-04
   1.3410668e-01   6.5030186e-02   3.8349043e-01  -3.1843156e-04   3.6948388e-03  -7.9535608e-07
   1.4031852e-01   7.6879268e-02   4.0460418e-01   8.2386813e-04   3.5924331e-03   6.2578157e-05
   1.3649771e-01   8.6487499e-02   3.7266548e-01   5.5987142e-04   3.4492439e-03  -3.1167002e-04
   1.4989717e-01   7.5572906e-02   4.1639414e-01   1.9093966e-03   3.4094395e-03  -1.3592780e-04
   1.5758613e-01   7.3964337e-02   3.7619197e-01   8.2686285e-04   3.7126856e-03  -1.8999522e-04
   1.6066681e-01   5.6442479e-02   4.0417330e-01   1.4775419e-03   3.7729067e-03  -5.0359763e-05
   1.6267388e-01   7.9726297e-02   3.6541272e-01   1.3855993e-03   4.0574681e-03  -1.6762193e-04
   1.7346149e-01   7.3608235e-02   4.0794083e-01   2.2563110e-03   3.7736671e-03   2.9413260e-04
   1.8218821e-01   7.1000915e-02   3.5801664e-01   1.2499093e-03   3.5841192e-03   1.3391566e-04
   1.8575785e-01   1.2651823e-01   3.8487768e-01   7.8045509e-04   3.6134837e-03  -1.4649781e-04
   1.8622351e-01   1.1694644e-01   2.9188561e-01   1.2650042e-03   4.0985961e-03  -1.1608616e-05
   1.6497539e-01   1.6948620e-01   6.0240188e-01   1.7376277e-03   3.8631990e-03   1.1650298e-04
   1.5981115e-01   9.1072571e-02   2.5161141e-01   1.2611073e-03   3.4265178e-03  -3.4165302e-04
   1.7565912e-01   2.7004645e-02   6.6207835e-02   2.3587123e-03   3.9952292e-03  -1.2784639e-05
   1.6848477e-01   2.9522891e-02   2.1167575e-01   2.7235759e-03   4.4761633e-03   8.1110651e-06
   1.7755579e-01   6.1235690e-02   1.0028204e-01   2.5548721e-03   4.3361654e-03  -2.8458652e-05
   1.8069331e-01   7.1160218e-02   1.4417749e-01   2.3418908e-03   4.3496998e-03  -3.0210544e-04
   1.8364926e-01   2.0672236e-02   1.1183748e-01   3.8495935e-03   4.2969753e-03  -1.2564348e-04
   1.9326749e-01   3.0613851e-02   1.7407436e-01   2.8592281e-03   4.0435306e-03  -1.3341043e-05
   1.9599407e-01   6.8016285e-02   2.6604720e-02   2.2538471e-03   3.8085610e-03  -7.5661677e-05
   1.9721106e-01   4.5012824e-02   9.5357609e-02   2.5492333e-03   4.1921939e-03  -1.6644729e-04
   2.0054323e-01   7.4843237e-02   1.4805209e-01   2.3989881e-03   3.6379468e-03  -4.9966587e-05
   2.0892062e-01   5.4978253e-02   1.6384417e-01   2.4619323e-03   4.0021319e-03  -2.4054751e-04
   2.0265676e-01   6.5949210e-02   1.6344951e-01   2.3302480e-03   4.0061318e-03  -5.2867967e-04
   2.0565436e-01   9.2427652e-02   1.7456726e-01   2.8151482e-03   4.2229490e-03  -3.1314669e-04
   2.0277814e-01   6.2757541e-02   1.8943406e-01   3.3231828e-03   4.6104814e-03  -5.5632189e-04
   1.9889981e-01   2.8469903e-02   2.3155351e-01   3.7891417e-03   4.5989707e-03  -5.9512679e-04
   2.2098898e-01   7.1190257e-02   1.7753381e-01   2.2545650e-03   4.9042767e-03  -6.6992197e-04
   2.1516984e-01   8.4503158e-02   1.7011602e-01   2.4471007e-03   4.6788856e-03  -6.5176205e-04
   2.1782957e-01   6.5693613e-02   1.6897950e-01   2.2946083e-03   4.7851026e-03  -6.9212709e-04
   2.1413483e-01   6.3448348e-02   1.9289411e-01   2.4442889e-03   4.8844723e-03  -4.7989124e-04
   2.2352324e-01   9.3014001e-02   1.6349541e-01   2.6152670e-03   5.6129461e-03  -4.2036410e-04
   2.2822462e-01   1.5244469e-01   2.3464284e-01   2.8036329e-03   5.3192452e-03  -3.9528945e-04
   2.5041371e-01   8.4750261e-02   2.7653199e-01   3.1092979e-03   5.3435655e-03  -6.0300952e-04
   2.5642495e-01   8.4884214e-02   2.6815155e-01   2.6218327e-03   5.9477877e-03  -6.3147875e-04
   2.8627915e-01   1.0272439e-01   3.2783487e-01   2.8693945e-03   5.8571459e-03  -9.9706612e-04
   2.7506534e-01   7.8529958e-02   2.6199685e-01   4.6177076e-03   5.4666235e-03  -9.5336977e-04
   2.3374840e-01   6.5794168e-02   1.9668203e-01   2.8117176e-03   5.1193047e-03  -1.0465622e-03
   2.3936432e-01   3.3085578e-02   2.8892332e-01   3.7798678e-03   5.3807264e-03  -1.1428281e-03
   2.5461345e-01   6.9974766e-02   2.0325259e-01   3.2542556e-03   5.7019319e-03  -1.2763030e-03
   2.5162950e-01   1.1189602e-01   2.4970473e-01   3.1798496e-03   5.4086100e-03  -1.1844290e-03
   2.5804379e-01   5.6842719e-03   2.1597169e-01   2.6386250e-03   5.7125661e-03  -6.2705141e-04
   2.5506236e-01   1.1734698e-01   2.7340224e-01   3.0755314e-03   5.3058009e-03  -8.5828976e-04
   2.5031153e-01   6.1005806e-02   2.0101175e-01   1.9540653e-03   4.7749523e-03  -6.8473366e-04
   2.6197207e-01   5.5053759e-02   2.7785742e-01   3.3107785e-03   5.1113048e-03  -9.1685045e-04
   2.5490548e-01  -1.2729266e-02   2.2795731e-01   3.4992770e-03   5.6304068e-03  -8.3341998e-04
   2.4884717e-01   7.7187702e-02   2.3374526e-01   3.7562984e-03   5.7388533e-03  -6.9420131e-04
   2.4394069e-01   4.1101689e-02   1.7286416e-01   3.8479477e-03   5.6028989e-03  -1.0759696e-03
   2.4942971e-01   9.4052276e-02   2.6614625e-01   4.0871944e-03   5.1297149e-03  -7.8564337e-04
   2.6099806e-01   3.9815653e-02   1.8997235e-01   3.4505477e-03   5.3064733e-03  -1.1752288e-03
   2.6690590e-01   8.6590783e-02   2.9142361e-01   4.3741775e-03   5.5177952e-03  -1.2629502e-03
   2.6982977e-01   4.2338804e-02   1.1843820e-01   3.8520214e-03   5.5715670e-03  -1.2787977e-03
   2.7939300e-01   1.3076737e-01   4.4266075e-01   3.3084996e-03   5.7010909e-03  -7.9525946e-04
   2.5416620e-01   1.3050635e-01   2.3746282e-01   3.6781340e-03   5.1793518e-03  -1.1344684e-03
   2.7642585e-01   4.5808380e-02  -4.9525006e-02   2.7837197e-03   5.4552829e-03  -1.6281836e-03
   2.8216597e-01   4.3022772e-02   9.2111910e-02   3.8271212e-03   5.2404206e-03  -1.0301734e-03
   2.7373489e-01   2.0454726e-02   5.3848598e-02   4.5687682e-03   5.7400499e-03  -8.7774408e-04
   2.8636429e-01   6.3880209e-02   2.1556413e-02   4.0340737e-03   5.9881374e-03  -8.4016057e-04
   2.9857064e-01   5.7656223e-02   3.7925011e-02   3.6758864e-03   5.9282973e-03  -1.2761916e-03
   2.9333534e-01   7.6013104e-03   9.6201657e-02   3.3459374e-03   5.5090632e-03  -1.0710749e-03
   3.0311199e-01   6.1500174e-02   1.6501842e-02   2.9858237e-03   5.4409516e-03  -1.0480975e-03
   3.0837478e-01   6.2417068e-02   3.1194778e-02   2.7775977e-03   5.8667527e-03  -1.3366074e-03
   3.0831923e-01   5.9306454e-02   6.0897859e-02   3.9098969e-03   5.8470799e-03  -9.9484373e-04
   3.2382292e-01   4.0308351e-02   1.0132194e-01   3.8464553e-03   6.3136056e-03  -1.1037225e-03
   3.3673509e-01   3.7669779e-02   9.9715951e-02   3.4207533e-03   7.1240216e-03  -1.3325118e-03
   3.3804144e-01   2.9835533e-02   6.2612776e-02   3.3776346e-03   6.6112539e-03  -1.6894802e-03
   3.1043040e-01   4.1390816e-02   5.6561853e-02   2.6079993e-03   6.6497948e-03  -1.3529981e-03
   3.0948465e-01   2.1162345e-02   2.9422142e-02   2.2450683e-03   6.3988588e-03  -1.2279369e-03
   2.9856204e-01   1.2026595e-01   3.5551363e-01   3.5661838e-03   6.1082544e-03  -4.1055524e-03
   3.0967982e-01  -1.4564860e-02   5.0204681e-01   4.4293778e-03   6.7938102e-03  -4.8664890e-03
   3.3770879e-01   5.8478004e-02   4.5131830e-01   3.7843415e-03   7.2108546e-03  -4.7607958e-03
   2.5936437e-01   8.3712289e-02   3.7932945e-01   1.8347033e-03   7.2601939e-03  -3.0311595e-03
   2.6585055e-01   8.5002490e-02   3.3694642e-01   1.2780763e-03   7.9441676e-03  -3.6865763e-03
   2.4168466e-01   1.1286087e-01   2.2418868e-01   3.4289470e-04   8.5491490e-03  -3.5401679e-03
