   0.0000000e+00   0.0000000e+00   0.0000000e+00   0.0000000e+00   0.0000000e+00   0.0000000e+00
   1.2529111e-02   2.7732412e-02  -4.7245863e-02  -8.7225080e-04  -4.0074758e-05   2.8368843e-05
  -1.0059769e-03   2.9573696e-02  -1.2129084e-01  -2.4060106e-03   1.3853389e-04   8.3778748e-05
  -3.2700332e-03   4.1201718e-02  -8.1009864e-02  -2.2887257e-03   9.4693352e-06   7.8941869e-05
   7.0071865e-03   4.9296714e-02  -1.1137183e-01  -2.8728954e-03  -2.1888911e-04   1.2008520e-04
   1.9094406e-04   5.0268031e-02  -1.4292620e-01  -3.4320035e-03  -2.6375790e-04   7.1844142e-05
  -3.1693756e-03   4.2406798e-02  -1.0931612e-01  -3.2086034e-03  -2.9058740e-04   1.5863641e-04
   9.0402938e-03   6.0213207e-02  -1.2987727e-01  -3.1158805e-03  -3.8155608e-04   1.9371219e-04
  -9.9709013e-03   4.0928782e-02  -1.0687024e-01  -3.2520994e-03  -5.0933319e-04   3.6028781e-04
  -2.5808456e-03   2.4884037e-02  -4.9673404e-02  -2.4620160e-03  -5.1815274e-04   3.8912608e-04
  -2.5959646e-02   4.7812217e-02  -7.2021870e-02  -2.3758968e-03   1.5699282e-04   9.5695216e-04
  -5.9455739e-02   4.0518643e-02  -1.0983804e-01  -2.8661462e-03   5.8910014e-04   1.4432362e-03
  -6.2593692e-02   4.3541882e-02  -5.7494926e-02  -2.3264287e-03   7.0583809e-04   1.7010991e-03
  -6.4254183e-02   7.1512701e-02  -9.1804409e-02  -2.5277182e-03   1.1731712e-03   1.8780121e-03
  -7.1937777e-02   6.8097362e-02  -1.3837071e-01  -3.4830973e-03   1.4273576e-03   2.0472067e-03
  -6.6216909e-02   8.6650461e-02  -1.4720556e-01  -3.9249485e-03   1.3720063e-03   2.0931410e-03
  -6.6381134e-02   1.0883671e-01  -1.7637982e-01  -4.1341674e-03   1.5159076e-03   2.2844958e-03
  -6.7439726e-02   1.0594477e-01  -1.7571813e-01  -4.5784136e-03   1.6063756e-03   2.4556437e-03
  -6.1617778e-02   9.2496016e-02  -1.6918530e-01  -4.2200259e-03   1.6067554e-03   2.5773464e-03
  -6.2858083e-02   1.1599883e-01  -1.9661000e-01  -4.5101720e-03   1.7463219e-03   2.6080297e-03
  -8.2417715e-02   1.0196432e-01  -1.7118013e-01  -4.3831738e-03   1.7156426e-03   2.8891083e-03
  -7.0280215e-02   1.0416574e-01  -1.9697787e-01  -4.3832886e-03   1.6558147e-03   3.0198521e-03
  -7.3996073e-02   1.0994049e-01  -2.0918215e-01  -4.5650442e-03   1.8082598e-03   2.9380001e-03
  -6.6667757e-02   1.1616301e-01  -1.6412555e-01  -4.7715209e-03   1.6989025e-03   2.9019274e-03
  -7.3875019e-02   9.7940247e-02  -1.5510042e-01  -3.7259368e-03   1.8293244e-03   3.1103549e-03
  -7.5823305e-02   9.2951127e-02  -1.7902876e-01  -3.8700416e-03   1.8178869e-03   3.0940542e-03
  -7.2694196e-02   9.3012044e-02  -1.3719581e-01  -3.8733823e-03   1.8653373e-03   3.0275351e-03
  -6.8762406e-02   8.5456221e-02  -1.0543375e-01  -3.0799138e-03   1.6296181e-03   3.0138382e-03
  -7.2152825e-02   8.1549855e-02  -1.4372403e-01  -3.5036233e-03   1.6636351e-03   2.9775703e-03
  -7.0611632e-02   8.3713990e-02  -1.3136324e-01  -3.5777220e-03   1.4949655e-03   2.8313341e-03
  -7.6037707e-02   5.9658651e-02  -1.0159156e-01  -3.0632975e-03   1.5595720e-03   2.9685511e-03
  -7.4874017e-02   8.9546356e-02  -1.5115999e-01  -3.4702706e-03   1.5934158e-03   2.9822407e-03
  -9.1258150e-02   7.2940223e-02  -1.2478812e-01  -3.3615473e-03   1.7793581e-03   3.1169141e-03
  -7.3240776e-02   7.2290499e-02  -1.0624024e-01  -3.0870186e-03   1.7321072e-03   3.0457443e-03
  -6.8472464e-02   7.1758949e-02  -1.6315983e-01  -3.2386914e-03   1.8676842e-03   2.9617754e-03
  -5.9623716e-02   8.3208153e-02  -1.8789565e-01  -3.8005609e-03   1.5944737e-03   2.9037894e-03
  -7.3650928e-02  -2.5046299e-02  -1.6358550e-01  -1.6243568e-03   2.0205183e-03   3.0989545e-03
  -4.5011977e-02  -7.8858456e-02  -3.6373328e-01  -3.4063679e-05   1.8671892e-03   1.7774846e-03
  -1.4709439e-02  -7.6009800e-02  -3.4221936e-01  -2.6547577e-03   6.3888590e-04   1.5627531e-03
  -2.3399349e-02   3.1299942e-04  -3.0509366e-01  -2.6325125e-03   4.2405710e-04   1.8222850e-03
  -2.3314580e-02   1.0357649e-02  -3.4841646e-01  -2.9359575e-03   3.7119489e-04   1.7682290e-03
  -2.0363427e-02  -6.6579854e-04  -2.5577696e-01  -2.4684985e-03   1.0514184e-04   1.9011363e-03
  -1.8923019e-02   2.2002317e-02  -3.2437309e-01  -3.1726734e-03  -8.8991937e-05   1.5066104e-03
  -5.7011663e-03   1.0889188e-03  -3.2784298e-01  -3.3434991e-03  -4.2408885e-04   1.0919498e-03
  -1.6811556e-03   8.1735377e-03  -3.0409816e-01  -3.1280755e-03  -5.9000292e-04   1.1038382e-03
   4.7758343e-03   3.2661222e-02  -3.2942502e-01  -3.7705889e-03  -7.8908697e-04   1.0271149e-03
   5.9624569e-03   3.5716399e-02  -3.4244726e-01  -4.1651149e-03  -1.0275584e-03   8.4142649e-04
   2.4070731e-02   3.9550970e-02  -3.1116329e-01  -4.0637937e-03  -1.2566119e-03   9.6618066e-04
   3.4342880e-02   4.4084284e-02  -3.3717177e-01  -3.7128260e-03  -1.6007507e-03   6.9020456e-04
   5.1962481e-02   2.4796629e-02  -3.1944304e-01  -3.8418833e-03  -1.9217372e-03   4.1247716e-04
   3.0762145e-02   3.5954050e-02  -3.3337025e-01  -3.8064003e-03  -1.6571446e-03   3.7135678e-04
   2.5314624e-02   3.2345309e-02  -3.5803743e-01  -4.0582692e-03  -1.3072783e-03   6.1715194e-05
   3.8997486e-02   3.5203902e-02  -3.2267052e-01  -4.2416848e-03  -1.2934516e-03   1.9669582e-04
   6.0982259e-02   5.2944554e-02  -3.3680738e-01  -4.2164682e-03  -1.4917874e-03  -2.6284132e-04
   5.8009371e-02   4.1229179e-02  -3.6844966e-01  -4.6784449e-03  -1.6579036e-03  -4.7335100e-04
   5.6964814e-02   3.4233112e-02  -3.3989052e-01  -4.1457642e-03  -1.6087595e-03  -2.4077037e-04
   4.6654403e-02   5.3465128e-02  -4.0095448e-01  -4.7667902e-03  -1.3055960e-03  -2.3888128e-04
   3.5983801e-02   6.2895164e-02  -4.0061524e-01  -5.4189351e-03  -9.8761800e-04  -4.0636650e-04
   5.4918641e-02   7.0664446e-02  -3.6379304e-01  -4.9205960e-03  -1.4572475e-03  -3.4745720e-04
   5.9464159e-02   6.8489429e-02  -4.5108942e-01  -5.3029240e-03  -1.5449259e-03  -3.2835211e-04
   8.5237381e-02   7.2574435e-02  -4.7541780e-01  -5.9119832e-03  -1.7255607e-03  -6.7953923e-04
   8.5576071e-02   6.6077915e-02  -4.5621146e-01  -5.4701935e-03  -1.6739820e-03  -5.5149851e-04
   1.1035412e-01   1.0372084e-01  -5.0908603e-01  -6.1332663e-03  -1.9250166e-03  -8.2744622e-04
   1.2849097e-01   7.0847457e-02  -4.6461612e-01  -5.9277332e-03  -2.0241010e-03  -9.4459111e-04
   1.2742033e-01   7.8189174e-02  -4.7500091e-01  -5.9876180e-03  -2.0652617e-03  -9.4258425e-04
   1.1919779e-01   9.0017926e-02  -5.1444367e-01  -6.1476659e-03  -2.2007611e-03  -8.9542721e-04
   1.4104729e-01   8.8293523e-02  -4.7921859e-01  -6.1473333e-03  -2.1801258e-03  -1.0686158e-03
   1.4052570e-01   9.0524345e-02  -4.9208220e-01  -5.6913721e-03  -2.2307655e-03  -1.0129135e-03
   1.3860266e-01   8.5049417e-02  -5.0738944e-01  -5.8153258e-03  -2.4785398e-03  -1.0769742e-03
   1.6983741e-01   8.6256808e-02  -4.1946980e-01  -4.9709124e-03  -2.4101520e-03  -1.3211762e-03
   1.5826905e-01   8.0081303e-02  -4.1619267e-01  -4.9533648e-03  -2.3701047e-03  -1.2561022e-03
   1.4516754e-01   5.1170774e-02  -4.5528880e-01  -4.8808080e-03  -2.3187302e-03  -1.2553305e-03
   1.4743147e-01   8.3275338e-02  -4.5841147e-01  -5.4290119e-03  -2.3780431e-03  -1.2026261e-03
   1.6115818e-01   5.9971850e-02  -4.3895176e-01  -3.8268793e-03  -2.2762523e-03  -1.4494726e-03
   1.4104666e-01   9.1345652e-02  -3.5633097e-01  -4.9396787e-03  -2.8809940e-03  -1.1262360e-03
   1.5058101e-01   1.4285168e-01  -3.3254757e-01  -5.6717961e-03  -3.2973424e-03  -1.0235168e-03
   1.5300315e-01   7.6801740e-02  -3.9734660e-01  -4.9730277e-03  -3.3302631e-03  -1.3282916e-03
   1.4770105e-01   9.6705494e-02  -3.8651022e-01  -5.6211522e-03  -3.4343113e-03  -1.2897263e-03
   1.7638849e-01   8.6353877e-02  -3.4151210e-01  -4.6183336e-03  -3.6255790e-03  -1.3597810e-03
   1.6883304e-01   8.6720317e-02  -3.6132229e-01  -4.7683164e-03  -3.5538391e-03  -1.3441337e-03
   1.7058520e-01   6.3642114e-02  -3.5576631e-01  -4.8327992e-03  -3.5090026e-03  -1.4894207e-03
   1.7982025e-01   7.9197481e-02  -3.4838864e-01  -4.8729963e-03  -3.6108268e-03  -1.4952674e-03
   1.9843058e-01   1.1090305e-01  -4.2064782e-01  -5.3749252e-03  -3.6970011e-03  -1.6842760e-03
   1.9193516e-01   8.8755366e-02  -3.8661147e-01  -5.0873550e-03  -3.7538030e-03  -1.6772949e-03
   1.9894500e-01   9.4501729e-02  -3.8096046e-01  -4.7331249e-03  -3.8444622e-03  -1.6697417e-03
   2.0148941e-01   1.0462653e-01  -4.4657497e-01  -5.9141507e-03  -4.0875344e-03  -1.6555616e-03
   2.1543630e-01   8.8222669e-02  -3.8543419e-01  -5.0764687e-03  -4.2460944e-03  -1.6893108e-03
   2.2803147e-01   1.1271781e-01  -4.3968643e-01  -5.6668656e-03  -4.3287846e-03  -1.7690830e-03
   2.3966494e-01   1.1042495e-01  -4.6447928e-01  -5.7683320e-03  -4.6760915e-03  -1.9052401e-03
   2.3380778e-01   1.0645453e-01  -4.3386112e-01  -5.7381185e-03  -5.0528289e-03  -1.5494929e-03
   2.3844393e-01   1.2190294e-01  -4.4648766e-01  -5.5758893e-03  -4.9596555e-03  -1.6412870e-03
   2.3501201e-01   1.0476798e-01  -4.5563812e-01  -5.9127159e-03  -5.1814851e-03  -1.7110306e-03
   2.3837788e-01   9.5562614e-02  -4.6483101e-01  -5.5033056e-03  -5.2592546e-03  -1.7168146e-03
   2.4567092e-01   1.1669766e-01  -4.8503057e-01  -5.6189395e-03  -5.4367600e-03  -1.7991207e-03
   2.4560791e-01   1.0210794e-01  -4.5651372e-01  -5.6668461e-03  -5.4840293e-03  -1.8359930e-03
   2.5322149e-01   1.2547442e-01  -4.9969444e-01  -6.2610090e-03  -5.4837927e-03  -1.8451101e-03
   2.5052378e-01   1.1063954e-01  -5.1325114e-01  -6.3011760e-03  -5.4217158e-03  -1.9976529e-03
   2.5005504e-01   1.0465387e-01  -5.0194728e-01  -6.7586575e-03  -5.4143200e-03  -1.9063535e-03
   2.6022272e-01   1.2025339e-01  -4.8654114e-01  -5.9209261e-03  -5.5876238e-03  -2.0493582e-03
   2.5127876e-01   1.0391025e-01  -4.7221165e-01  -6.2773435e-03  -5.8096843e-03  -1.9844601e-03
   2.3861533e-01   1.1927469e-01  -5.2996978e-01  -6.9297293e-03  -5.6766838e-03  -1.7603110e-03
   2.4141337e-01   1.1863906e-01  -5.5902091e-01  -6.9265328e-03  -5.6877505e-03  -1.8576215e-03
   2.4042255e-01   1.2521222e-01  -5.6140851e-01  -7.8324975e-03  -5.6454933e-03  -1.8052325e-03
   2.5554039e-01   1.1914223e-01  -5.3427780e-01  -6.6510960e-03  -5.7504576e-03  -1.8770023e-03
   2.5590096e-01   1.2250299e-01  -5.8185236e-01  -7.3040125e-03  -5.8122821e-03  -1.9099224e-03
   2.3954986e-01   1.1769237e-01  -5.3807784e-01  -7.2200053e-03  -5.7397590e-03  -1.7553973e-03
   2.2504121e-01   1.2698379e-01  -5.6273634e-01  -7.5140356e-03  -5.6497300e-03  -1.6944429e-03
   2.1932870e-01   1.4173062e-01  -6.0756741e-01  -8.0672697e-03  -5.5251536e-03  -1.6683521e-03
   2.2150848e-01   1.2572655e-01  -5.6714532e-01  -8.0872049e-03  -5.4801992e-03  -1.6967903e-03
   1.9293675e-01   1.4336662e-01  -5.9728869e-01  -8.1128964e-03  -5.1641807e-03  -1.5734554e-03
   1.9112161e-01   1.5617636e-01  -6.5196797e-01  -9.2147063e-03  -4.6715174e-03  -1.6896347e-03
   1.7244283e-01   1.4024040e-01  -6.3932045e-01  -9.3427582e-03  -4.3298222e-03  -1.7068743e-03
   1.8399997e-01   1.6324813e-01  -6.6022860e-01  -9.2347354e-03  -4.2541198e-03  -1.7875131e-03
   1.8316025e-01   1.1188323e-01  -6.2481130e-01  -9.0098565e-03  -4.1201050e-03  -1.8416196e-03
   1.7767182e-01   1.5643475e-01  -6.4028493e-01  -9.0442230e-03  -4.0423627e-03  -1.7148855e-03
   1.6902396e-01   1.5779875e-01  -6.8164043e-01  -9.0870968e-03  -3.9015892e-03  -1.6155491e-03
   1.7102933e-01   1.4479679e-01  -6.4409260e-01  -9.2239646e-03  -3.5637327e-03  -1.8624527e-03
   1.6535431e-01   1.6350375e-01  -6.5827701e-01  -9.1247578e-03  -3.4504997e-03  -1.7582809e-03
   1.5764059e-01   1.5892566e-01  -7.0178298e-01  -9.6378169e-03  -3.0745378e-03  -1.5707267e-03
   1.7176301e-01   1.5409698e-01  -6.6631775e-01  -9.2697751e-03  -3.3713012e-03  -1.6910750e-03
   1.6639224e-01   2.0107698e-01  -7.1691113e-01  -1.0075518e-02  -3.1710177e-03  -1.4671763e-03
   1.6100781e-01   1.8482992e-01  -7.3709499e-01  -1.0675122e-02  -2.9898347e-03  -1.5709391e-03
   1.8252934e-01   1.9084112e-01  -7.2167177e-01  -1.0667069e-02  -3.2894049e-03  -1.6200647e-03
   1.7419332e-01   2.0209701e-01  -6.8909540e-01  -1.0439291e-02  -3.2348606e-03  -1.4704364e-03
   1.6999798e-01   1.7523541e-01  -6.7680017e-01  -1.0843454e-02  -3.2516029e-03  -1.2403211e-03
   1.6813921e-01   2.1863325e-01  -7.7305910e-01  -1.1893918e-02  -3.0636031e-03  -1.2848026e-03
   1.6685545e-01   1.8770675e-01  -7.3684096e-01  -1.1848657e-02  -3.0732393e-03  -1.3263796e-03
   1.7840406e-01   1.8971471e-01  -7.4533800e-01  -1.1577646e-02  -3.2353096e-03  -1.3664402e-03
   1.6888134e-01   2.3531058e-01  -7.3514538e-01  -1.2070175e-02  -3.2289003e-03  -1.1455165e-03
