   0.0000000e+00   0.0000000e+00   3.5527137e-15  -6.9388939e-18  -3.4694470e-18  -2.4074124e-35
   9.3589229e-03   3.9652730e-02   6.7905251e-02  -8.1796873e-05  -1.8110182e-04  -1.5268394e-04
   3.3748221e-03   2.7908260e-02   5.3138624e-02  -4.0874549e-04  -7.6258371e-05   1.5695711e-04
   7.0519726e-03   6.7194954e-02   4.4489584e-02  -5.0266851e-04  -1.9485836e-04   1.9205672e-04
   1.3240636e-02   2.0525650e-02   7.2621208e-02  -2.8344293e-04  -1.6849747e-04   3.9035161e-04
   1.1402205e-02   4.8822722e-02   7.5568288e-02  -3.7110767e-04   4.4135122e-04   6.2689646e-04
   1.7966993e-02   1.8539960e-02   1.1976874e-01   3.0495872e-05   3.8726699e-04   6.4183330e-04
   2.1569618e-02   5.7643168e-02   8.9459114e-02   2.3781757e-04   3.9548099e-04   6.9732926e-04
   3.2539201e-02   5.4153365e-02   1.5222232e-01   8.0955349e-04   3.3821483e-04   6.4669882e-04
   2.6946401e-02   7.4272724e-02   1.5794651e-01   1.3868145e-03   6.3697981e-04   1.0115059e-03
   2.6091554e-02   7.6229490e-02   1.7772639e-01   1.2466568e-03   7.7263724e-04   9.6314491e-04
   2.0686072e-02   7.1618144e-02   1.7780588e-01   1.4277797e-03   8.6306825e-04   1.0040253e-03
   1.8139548e-02   7.5098090e-02   1.6126557e-01   1.2094844e-03   8.6299690e-04   9.4856484e-04
   1.1086790e-02   4.1202941e-02   1.7791276e-01   1.3984082e-03   1.0236564e-03   1.1664506e-03
   1.5510414e-02   7.6130674e-02   1.8030069e-01   1.1290736e-03   7.5444450e-04   1.1743346e-03
   1.9333911e-02   6.6752174e-02   1.9894370e-01   1.3013879e-03   5.3449530e-04   1.3286242e-03
   2.7550340e-02   7.9884522e-02   1.7880896e-01   9.5464433e-04   4.0171439e-04   1.0957403e-03
   3.7280152e-02   5.5812889e-02   2.0037604e-01   1.2451119e-03   1.7193169e-04   1.0266378e-03
   2.4758707e-02   8.8725600e-02   1.7893338e-01   1.1287622e-03   3.8153191e-04   1.0217635e-03
   3.3812351e-02   7.1191336e-02   2.3371752e-01   1.1549879e-03   3.1095492e-04   1.0192912e-03
   5.1727562e-02   8.3134455e-02   1.9758710e-01   1.2279272e-03   2.9318998e-04   5.1904076e-04
   4.8374270e-02   6.8563190e-02   2.5316437e-01   1.3851461e-03   1.8932938e-04   6.6806500e-04
   6.4095990e-02   5.7271022e-02   1.8868054e-01   1.2444405e-03   1.8683852e-04   1.7106997e-04
   9.1370608e-02   5.7225639e-02   2.0613816e-01   1.5677857e-03  -6.2675075e-04  -2.7520341e-04
   6.7106440e-02   7.7426949e-02   2.5665641e-01   1.6302695e-03  -5.5152948e-04   9.3509899e-05
   7.7778180e-02   5.7231917e-02   2.3294468e-01   1.3094394e-03  -6.8258259e-04  -8.5205928e-05
   5.6419875e-02   6.3633395e-02   2.4208308e-01   1.2955439e-03  -3.5793670e-04   1.1604793e-04
   6.1216244e-02   7.9342871e-02   2.1360190e-01   1.2703301e-03  -6.7425910e-04  -1.1404706e-04
   7.3114292e-02   6.6757816e-02   2.4586570e-01   1.5059030e-03  -8.6450961e-04  -1.3046337e-04
   7.8623754e-02   7.2232006e-02   2.2362476e-01   1.4190253e-03  -1.0285999e-03  -1.4490548e-04
   7.7419772e-02   6.0512354e-02   2.4910950e-01   1.5951349e-03  -9.2094598e-04  -1.9672207e-04
   6.3629537e-02   8.9292510e-02   2.3760074e-01   1.4228629e-03  -6.6697496e-04  -1.5952215e-04
   6.1254091e-02   6.6848322e-02   2.6427362e-01   1.7458571e-03  -7.0490097e-04  -1.6363187e-04
   5.5239907e-02   9.6711006e-02   2.3554538e-01   1.9859590e-03  -6.3899244e-04  -1.1676910e-04
   7.0459855e-02   8.3096734e-02   2.8220599e-01   1.8915214e-03  -7.5708476e-04  -1.7924828e-04
   7.0818531e-02   9.4160507e-02   2.6490132e-01   2.1180302e-03  -6.8609334e-04  -3.8258048e-04
   7.7495937e-02   9.4927351e-02   2.7803218e-01   2.0594736e-03  -6.7115562e-04  -6.6046289e-04
   9.5559301e-02   8.1695222e-02   2.8299989e-01   2.4478257e-03  -1.0717476e-03  -8.0178475e-04
   1.0507759e-01   9.9011402e-02   2.8772961e-01   2.1624931e-03  -1.0927302e-03  -9.8189556e-04
   1.2310494e-01   5.6285576e-02   2.2474399e-01   2.1933083e-03  -1.4348059e-03  -1.4523584e-03
   1.0688286e-01   9.3551681e-02   2.5991481e-01   2.1442793e-03  -1.5674833e-03  -1.2194532e-03
   1.0264624e-01   9.6201767e-02   3.3235920e-01   2.4034264e-03  -1.5527431e-03  -1.0782664e-03
   9.2652229e-02   9.9844960e-02   2.5059283e-01   2.1464615e-03  -1.2674656e-03  -1.2663992e-03
   1.1597127e-01   7.3258695e-02   2.9910743e-01   2.3761050e-03  -1.5565124e-03  -1.5501401e-03
   1.0141776e-01   9.5026773e-02   2.8267454e-01   2.5219400e-03  -1.4437506e-03  -1.4220235e-03
   1.1742699e-01   9.2191886e-02   3.0636788e-01   2.4896875e-03  -1.4920649e-03  -1.5662210e-03
   1.1621459e-01   8.6739602e-02   3.1253335e-01   2.5560898e-03  -1.4961614e-03  -1.5642079e-03
   1.2687248e-01   8.5846141e-02   3.2271937e-01   2.5364017e-03  -1.6046195e-03  -1.4172787e-03
   1.2331986e-01   9.9176130e-02   3.1389954e-01   2.4885717e-03  -1.6202249e-03  -1.4034409e-03
   1.3012506e-01   9.2852488e-02   2.9673571e-01   2.6881606e-03  -1.7880418e-03  -1.5742912e-03
   1.2058229e-01   8.8637288e-02   3.0431798e-01   2.6937524e-03  -1.8026910e-03  -1.4111612e-03
   1.1517693e-01   8.7697373e-02   2.7267571e-01   2.4120853e-03  -1.8268918e-03  -1.4456923e-03
   1.0955247e-01   9.3161952e-02   2.8201479e-01   2.0473611e-03  -1.6174302e-03  -1.3058558e-03
   1.0984230e-01   7.0075452e-02   2.6639618e-01   2.6335975e-03  -1.6943604e-03  -1.5564267e-03
   9.9842286e-02   7.7563705e-02   3.1213234e-01   2.5683406e-03  -1.8420048e-03  -1.3660379e-03
   1.0059894e-01   7.6831836e-02   2.5885583e-01   2.1343344e-03  -1.6744784e-03  -1.4414935e-03
   1.1439585e-01   8.3393053e-02   3.4418278e-01   2.5327805e-03  -1.7554227e-03  -1.4577588e-03
   1.1645272e-01   8.1986123e-02   2.5948921e-01   2.7620765e-03  -1.7721819e-03  -1.8028584e-03
   1.1914902e-01   9.6400465e-02   3.4063041e-01   3.0182692e-03  -1.6678691e-03  -1.8409519e-03
   1.2514674e-01   9.3467651e-02   2.9073117e-01   2.8672486e-03  -1.7462797e-03  -1.9405835e-03
   1.4416985e-01   8.2133127e-02   3.5970834e-01   3.2934222e-03  -2.0324093e-03  -2.0166810e-03
   1.4840701e-01   8.0924210e-02   3.1017364e-01   3.1421196e-03  -2.0681165e-03  -2.0625375e-03
   1.5521637e-01   7.9213722e-02   3.4546460e-01   3.2102145e-03  -2.2095086e-03  -2.2758352e-03
   1.5162050e-01   9.2849142e-02   3.0913064e-01   3.1984297e-03  -2.3605358e-03  -2.1100927e-03
   1.7624820e-01   9.5432069e-02   3.2931585e-01   3.3793065e-03  -2.5789156e-03  -2.4116751e-03
   1.5062043e-01   1.0028263e-01   2.8593677e-01   3.3506504e-03  -2.2176041e-03  -2.1654544e-03
   1.7755429e-01   9.9763192e-02   3.0890982e-01   3.4577075e-03  -2.6912034e-03  -2.5761422e-03
   1.7184505e-01   9.2268065e-02   3.4147312e-01   3.8967365e-03  -2.5215709e-03  -2.6503356e-03
   1.6409611e-01   8.9868703e-02   2.9898905e-01   3.7288342e-03  -2.4227063e-03  -2.6913682e-03
   1.6634360e-01   9.6324321e-02   3.4674848e-01   3.4475904e-03  -2.3852682e-03  -2.7350973e-03
   1.6420429e-01   8.6587315e-02   3.4287579e-01   3.9010550e-03  -2.4970525e-03  -2.6427246e-03
   1.5569108e-01   9.9645360e-02   3.4629813e-01   3.6914900e-03  -2.4270967e-03  -2.5083908e-03
   1.4824017e-01   1.1742999e-01   3.9038921e-01   3.4602340e-03  -2.3038678e-03  -2.2245241e-03
   1.5719812e-01   5.6995334e-02   3.0904635e-01   3.9706021e-03  -2.3844638e-03  -2.4713412e-03
   1.4941271e-01   1.3969760e-01   4.2922736e-01   3.4882648e-03  -2.4019042e-03  -2.2398710e-03
   1.4174068e-01   1.9374509e-02   3.1149152e-01   4.8811656e-03  -2.3108491e-03  -2.6357846e-03
   1.4660109e-01   1.0886366e-01   3.5687603e-01   3.9485950e-03  -2.5081954e-03  -2.3984481e-03
   1.5098332e-01   5.4082021e-02   3.2114063e-01   3.4821156e-03  -2.5227457e-03  -2.3592017e-03
   1.4853687e-01   1.4253834e-01   3.9411735e-01   3.2281967e-03  -2.5150882e-03  -2.1261067e-03
   1.4613723e-01   4.2238521e-02   3.4365410e-01   3.8985964e-03  -2.4886732e-03  -2.1766720e-03
   1.5550623e-01   1.1976801e-01   4.1406857e-01   3.6889315e-03  -2.3140778e-03  -2.4053800e-03
   1.5127535e-01   6.5741367e-02   2.9005084e-01   4.0501686e-03  -2.5100696e-03  -2.5983979e-03
   1.4832156e-01   1.0133462e-01   3.2050256e-01   4.2202809e-03  -2.5278780e-03  -2.4701412e-03
   1.5438631e-01   8.7949682e-02   3.5668401e-01   4.5089690e-03  -2.6204085e-03  -2.5802326e-03
   1.5016879e-01   7.4123178e-02   3.2487437e-01   4.3042353e-03  -2.4785362e-03  -2.7168110e-03
   1.6278173e-01   1.0881369e-01   4.4917746e-01   4.3572264e-03  -2.3916129e-03  -2.6924665e-03
   1.6680990e-01   6.9557730e-02   3.5430793e-01   4.5274545e-03  -2.5700671e-03  -2.7352689e-03
   1.6802408e-01   1.2808835e-01   4.5498561e-01   4.2327414e-03  -2.3814979e-03  -2.6432536e-03
   1.7484435e-01   5.8121508e-02   3.4034175e-01   4.5963751e-03  -2.5576525e-03  -2.9293748e-03
   1.7181438e-01   1.3150891e-01   4.3791715e-01   4.2922582e-03  -2.5040089e-03  -2.8033781e-03
   1.7065486e-01   4.4184383e-02   3.2338740e-01   4.7644810e-03  -2.6641722e-03  -2.9469553e-03
   1.8376292e-01   1.2752967e-01   4.1665127e-01   4.1145398e-03  -2.6603433e-03  -2.8965575e-03
   1.7886202e-01   7.8958202e-02   3.3527204e-01   4.4885253e-03  -2.7778240e-03  -2.8823758e-03
   1.8355317e-01   1.2420330e-01   3.3791303e-01   3.9918706e-03  -2.9468648e-03  -3.0602115e-03
   1.8127558e-01   1.1229689e-01   4.3587136e-01   4.7100228e-03  -2.8815627e-03  -3.0055798e-03
   1.7398507e-01   6.6434118e-02   3.1866508e-01   4.9533977e-03  -2.8831204e-03  -3.0152520e-03
   1.8968651e-01   1.6435601e-01   4.4208835e-01   4.7679411e-03  -3.0926732e-03  -2.8446008e-03
   1.8636932e-01   5.7030845e-02   3.0974887e-01   5.1335171e-03  -2.9882246e-03  -2.9770585e-03
   1.9730962e-01   1.3034783e-01   3.9591695e-01   4.6569721e-03  -3.0782345e-03  -2.8979874e-03
   1.8418876e-01   8.8173703e-02   3.6181023e-01   4.5245440e-03  -3.0026092e-03  -2.9235196e-03
   1.9147235e-01   1.2439251e-01   4.0243918e-01   4.5654062e-03  -3.1194905e-03  -2.9695739e-03
   1.7858428e-01   1.0834068e-01   3.5341222e-01   4.4667990e-03  -3.2644012e-03  -2.7684929e-03
   1.9130520e-01   1.1457366e-01   3.8066692e-01   4.3271917e-03  -3.2758717e-03  -2.8437714e-03
   1.8659933e-01   1.0056790e-01   4.0533014e-01   4.6676812e-03  -3.2393228e-03  -2.8843879e-03
   1.8380460e-01   1.0535468e-01   4.2181220e-01   4.7175042e-03  -2.9596612e-03  -2.9920045e-03
   1.7056710e-01   1.3350461e-01   4.0899529e-01   4.4704806e-03  -2.8452936e-03  -2.7626786e-03
   1.7953516e-01   1.0782775e-01   4.1668976e-01   5.1338905e-03  -3.0316710e-03  -2.9837696e-03
   1.6891404e-01   1.1786600e-01   4.2820898e-01   5.5025107e-03  -2.9709127e-03  -2.8132003e-03
   1.8720046e-01   1.1996829e-01   4.3683324e-01   5.1765843e-03  -3.1576912e-03  -3.0099800e-03
   1.8299163e-01   1.1967582e-01   3.9801936e-01   5.2150598e-03  -3.2341721e-03  -3.0636328e-03
   1.9652326e-01   8.8499259e-02   3.5347481e-01   5.3402551e-03  -3.3447408e-03  -3.3248315e-03
   1.9935653e-01   1.3523847e-01   4.2141909e-01   5.4164692e-03  -3.1908875e-03  -3.3517657e-03
   2.0847582e-01   1.0579221e-01   3.8008634e-01   5.1353125e-03  -3.4198012e-03  -3.3436904e-03
   2.1013243e-01   1.2714171e-01   4.4444360e-01   5.4523175e-03  -3.2909489e-03  -3.5415595e-03
   2.1899762e-01   1.0443971e-01   3.7474543e-01   5.2717462e-03  -3.5631968e-03  -3.8021598e-03
   1.9859117e-01   1.2351545e-01   4.6542069e-01   5.4812507e-03  -3.3493461e-03  -3.4390000e-03
   2.0737645e-01   9.8814351e-02   3.5115238e-01   5.4131899e-03  -3.2500913e-03  -3.8071107e-03
   2.0991337e-01   1.2722057e-01   4.6385499e-01   5.7052254e-03  -3.3824479e-03  -3.6680983e-03
   2.2415223e-01   1.2259227e-01   3.9008651e-01   5.5924634e-03  -3.5600852e-03  -3.8343274e-03
   2.2503482e-01   1.4426257e-01   4.9384279e-01   5.4679947e-03  -3.5784798e-03  -3.6834096e-03
   2.2494805e-01   1.0016979e-01   3.7047791e-01   5.4732658e-03  -3.6578452e-03  -3.8216825e-03
   2.3309265e-01   1.4624217e-01   4.4094922e-01   5.4315539e-03  -3.8179288e-03  -3.8467066e-03
   2.2147233e-01   1.3123504e-01   4.1451501e-01   5.5024342e-03  -3.8981937e-03  -3.6529631e-03
   2.4238384e-01   1.4080173e-01   4.7919764e-01   5.8052224e-03  -4.1308937e-03  -3.9101434e-03
   2.2068115e-01   1.3866211e-01   4.0475118e-01   5.5297763e-03  -3.9635711e-03  -3.5888104e-03
   2.3803645e-01   1.2356749e-01   4.2526377e-01   5.7301931e-03  -4.3530870e-03  -3.8587470e-03
   2.2305160e-01   1.2150144e-01   3.9056083e-01   5.3792845e-03  -4.4027366e-03  -3.7002722e-03
   2.3244127e-01   1.0118182e-01   3.9308819e-01   5.6186307e-03  -4.2958455e-03  -3.9068334e-03
   2.1182171e-01   1.5893434e-01   4.2248600e-01   5.4368862e-03  -4.2791497e-03  -3.3463458e-03
