   0.0000000e+00  -3.5527137e-15   0.0000000e+00   0.0000000e+00   0.0000000e+00   0.0000000e+00
  -2.5906443e-03   5.8613629e-03   1.2141969e-01   8.2646518e-04  -1.0272085e-04   9.6639549e-05
   3.8311057e-03   1.5483041e-03   1.3118077e-01   3.6099160e-04  -3.9496189e-04  -1.5930081e-04
  -3.7097948e-02   2.3325308e-02   3.5074128e-02   5.0556219e-04  -8.9051030e-04   1.2057857e-04
  -5.3225483e-02   4.3765009e-02   1.5431384e-01   1.4654679e-03  -9.9492292e-04   3.7740857e-04
  -6.1950528e-02  -5.4994048e-03   1.0809842e-01   7.8271471e-04  -1.5802746e-03   4.0653946e-04
  -2.1726231e-02  -1.9400009e-03   8.9381239e-02   8.9182243e-04  -1.3984035e-03  -8.5103391e-04
  -3.0162706e-02   1.2202014e-02   5.0684515e-02   2.2721306e-04  -1.3853880e-03  -8.0639763e-04
   5.5826758e-03   3.7541286e-02   1.1317687e-01   1.6800010e-03  -1.6323425e-03  -1.8922634e-03
   3.3614813e-02   5.1990003e-02   1.3060400e-01   2.4924408e-03  -2.1255090e-03  -2.9022636e-03
   2.6256414e-02   5.3967868e-02   1.0843873e-01   2.4067704e-03  -1.9070343e-03  -2.5019718e-03
   4.2881324e-02   6.6340248e-02   1.7061330e-01   3.2865460e-03  -1.9997866e-03  -3.0436208e-03
   4.8819980e-02   6.7701879e-02   1.5643773e-01   2.9023534e-03  -2.0122414e-03  -3.1354749e-03
   6.8952379e-02   8.2812659e-02   1.8321721e-01   3.7086958e-03  -1.8865913e-03  -3.4764551e-03
   5.8073389e-02   6.8267948e-02   1.2068673e-01   2.8904564e-03  -2.3748300e-03  -3.6481929e-03
   7.4544218e-02   7.0476430e-02   1.6030301e-01   3.3145391e-03  -2.2774384e-03  -3.7655793e-03
   7.3346308e-02   6.9527885e-02   1.1962411e-01   2.6326877e-03  -2.4715044e-03  -3.8642689e-03
   7.1221805e-02   8.3165744e-02   1.4207683e-01   3.0449835e-03  -2.5922915e-03  -4.0666055e-03
   5.7951427e-02   6.5267093e-02   1.1282269e-01   2.9142521e-03  -2.8702569e-03  -3.9426336e-03
   7.0063906e-02   8.4154184e-02   1.5411332e-01   3.6868452e-03  -2.7768480e-03  -4.0689142e-03
   7.7406958e-02   1.0190430e-01   2.1248198e-01   4.3332663e-03  -2.6194068e-03  -4.3806986e-03
   6.8191256e-02   8.3926664e-02   2.2662723e-01   4.2939006e-03  -3.4135603e-03  -4.5874635e-03
   7.8269140e-02   6.0702522e-02   1.6579343e-01   3.5701248e-03  -3.3164601e-03  -4.7764093e-03
   7.5321504e-02   6.6447643e-02   1.5042826e-01   3.5460653e-03  -3.4502908e-03  -4.7477705e-03
   8.6667811e-02   6.8973551e-02   1.3264257e-01   3.3866985e-03  -3.5423103e-03  -5.0307227e-03
   3.5114695e-02   9.3814145e-02   1.7637804e-01   3.7165528e-03  -3.7850327e-03  -4.2573443e-03
   2.2344491e-02   8.4016096e-02   2.3422107e-01   4.5508555e-03  -3.9603992e-03  -4.0603711e-03
   5.4996038e-02   6.1494289e-02   1.6948229e-01   3.2798922e-03  -3.5679826e-03  -3.7656423e-03
   6.2455442e-02   7.2871309e-02   1.1884755e-01   2.8370663e-03  -3.5430055e-03  -3.6978779e-03
   5.5435233e-02   5.0167230e-02   1.5134709e-01   3.0151434e-03  -3.5950318e-03  -3.6226190e-03
   6.4283865e-02   2.3158440e-02   1.3806835e-01   3.4931813e-03  -3.5865511e-03  -4.1126490e-03
   9.9003697e-02   4.1001504e-02   1.6170507e-01   3.3440520e-03  -3.5263705e-03  -5.0025454e-03
   1.1850771e-01   4.2517393e-02   1.9944186e-01   3.5369435e-03  -3.5806525e-03  -5.3053721e-03
   1.0762800e-01   5.1212449e-02   1.4298873e-01   3.2453764e-03  -3.8822205e-03  -5.1854440e-03
   1.0246823e-01   4.6158812e-02   1.3364565e-01   3.4269690e-03  -3.9235115e-03  -5.1524154e-03
   1.0631863e-01   4.4336694e-02   1.2331739e-01   3.5861540e-03  -4.0752249e-03  -5.2845173e-03
   1.0502943e-01   7.7197402e-02   1.2263249e-01   3.3527692e-03  -3.9542975e-03  -5.2536694e-03
   1.1296895e-01   5.7910175e-02   1.5481602e-01   3.7605968e-03  -4.0372426e-03  -5.2832941e-03
   1.1548259e-01   4.5398312e-02   1.6460807e-01   3.6555387e-03  -4.0358718e-03  -4.9700430e-03
   1.2415097e-01   4.0239877e-02   1.4142504e-01   3.5381210e-03  -3.9631569e-03  -5.3545922e-03
   1.1746892e-01   5.6077051e-02   1.0147513e-01   3.5426032e-03  -4.1159947e-03  -5.5109405e-03
   1.0510718e-01   6.5331455e-02   1.4076148e-01   3.7226413e-03  -4.0304282e-03  -5.1398266e-03
   1.1773872e-01   9.0010915e-02   1.7024450e-01   4.0573369e-03  -4.1329470e-03  -5.3554020e-03
   1.1840981e-01   7.2363224e-02   1.4703130e-01   4.1279620e-03  -4.0897743e-03  -5.4613780e-03
   1.1719940e-01   8.1546540e-02   1.8003455e-01   4.3981815e-03  -3.8429788e-03  -5.4787978e-03
   1.2596246e-01   7.5919681e-02   1.6217898e-01   4.2190339e-03  -4.0012834e-03  -5.7466938e-03
   1.2418086e-01   7.1738972e-02   1.4788110e-01   4.1661317e-03  -4.0520801e-03  -5.7405637e-03
   1.1520018e-01   8.6261933e-02   1.6135980e-01   4.2539738e-03  -3.8771096e-03  -5.7418295e-03
   1.1169331e-01   8.4184846e-02   1.0079303e-01   3.7135101e-03  -4.1561494e-03  -5.7054045e-03
   8.9131634e-02   9.5623790e-02   1.2285900e-01   4.0349578e-03  -4.1417390e-03  -5.4837511e-03
   7.4576721e-02   1.1643784e-01   1.9153180e-01   4.6786760e-03  -4.0554490e-03  -5.0705471e-03
   8.2507366e-02   1.0079977e-01   2.2618862e-01   4.6029121e-03  -3.8707586e-03  -4.8881876e-03
   6.6132427e-02   1.0146866e-01   1.6737700e-01   4.7567310e-03  -3.8592543e-03  -4.9532698e-03
   9.8593196e-02   1.1840301e-01   1.7544864e-01   4.7224954e-03  -3.6172359e-03  -4.5121317e-03
   1.1811066e-01   5.6318472e-02   2.5337288e-01   4.7852816e-03  -3.6139865e-03  -5.0999910e-03
   1.2287249e-01   3.9792379e-02   1.7078778e-01   3.8728559e-03  -3.4993790e-03  -5.4416603e-03
   1.4047428e-01   3.6383290e-02   1.0233930e-01   3.4990209e-03  -3.3986329e-03  -5.8933209e-03
   1.1609050e-01   4.2643331e-02   7.2507339e-02   3.7295419e-03  -3.9238313e-03  -5.6117501e-03
   1.2184272e-01   8.2343267e-02   1.2863857e-01   4.3251696e-03  -4.1943786e-03  -5.6766871e-03
   1.4531282e-01   7.9691851e-02   1.1680086e-01   4.0592684e-03  -4.0363563e-03  -6.0029975e-03
   1.4125139e-01   8.2002315e-02   1.3499062e-01   4.0288031e-03  -4.2424103e-03  -5.9513375e-03
   1.3063726e-01   7.7319535e-02   1.3289059e-01   4.2807636e-03  -4.2879202e-03  -6.0180918e-03
   1.1861738e-01   7.3513333e-02   1.5090346e-01   4.2478388e-03  -4.1460314e-03  -6.0487208e-03
   1.3440711e-01   6.0734165e-02   1.6616436e-01   3.9610769e-03  -3.9759388e-03  -6.0315445e-03
   1.4397244e-01   6.2458697e-02   1.6300804e-01   3.8488851e-03  -4.0521980e-03  -6.1844399e-03
   1.4123306e-01   6.9458414e-02   1.2051197e-01   3.8994158e-03  -4.1737056e-03  -6.3029842e-03
   1.2896260e-01   8.4981634e-02   1.1661967e-01   4.0524164e-03  -4.4809478e-03  -6.1392161e-03
   1.2156442e-01   8.7712183e-02   1.5693552e-01   4.6918820e-03  -4.4698981e-03  -6.0361835e-03
   1.2339820e-01   7.5919852e-02   2.0787652e-01   4.9149852e-03  -4.2915131e-03  -6.1454863e-03
   1.3563808e-01   5.8990799e-02   1.8083446e-01   4.3572421e-03  -4.4001959e-03  -6.0371264e-03
   1.2883216e-01   7.5338490e-02   1.5074361e-01   4.3090592e-03  -4.3936819e-03  -6.2572612e-03
   1.1868702e-01   6.7949018e-02   1.6664101e-01   4.4270230e-03  -4.8026657e-03  -6.1754845e-03
   1.2933097e-01   8.6130471e-02   1.8457390e-01   4.5757780e-03  -4.6924011e-03  -6.2600409e-03
   1.2280965e-01   8.0070803e-02   1.8041172e-01   4.6610588e-03  -4.6902656e-03  -6.1002009e-03
   1.0786633e-01   9.6448761e-02   2.0822285e-01   5.0953126e-03  -4.3563502e-03  -5.9682905e-03
   8.3639678e-02   1.1250300e-01   1.2578588e-01   3.7394164e-03  -4.3893516e-03  -5.3358632e-03
   6.6651043e-02   8.2375750e-02   1.4669198e-01   4.3747931e-03  -4.8696814e-03  -5.1505206e-03
   6.7149604e-02   7.6345643e-02   1.8631940e-01   4.1567655e-03  -4.1609321e-03  -5.0581772e-03
   5.6104089e-02   9.8503581e-02   1.9204580e-01   4.2527991e-03  -4.5734893e-03  -5.1070278e-03
   9.6467449e-02   5.7553933e-02   1.5501342e-01   3.6354432e-03  -4.0833967e-03  -5.4755435e-03
   1.1253545e-01   3.2101307e-02   1.6070597e-01   3.6835936e-03  -4.1577455e-03  -6.3238825e-03
   1.2191788e-01   3.9960843e-02   1.7341011e-01   4.0510118e-03  -4.0385287e-03  -6.0134741e-03
   1.3356925e-01   7.3286822e-02   1.4055164e-01   3.9906002e-03  -3.8820593e-03  -6.2549993e-03
   1.0078017e-01   8.0608130e-02   1.2897144e-01   4.2797839e-03  -4.0048855e-03  -5.6357939e-03
   9.6509611e-02   9.9781376e-02   1.8217475e-01   4.9264861e-03  -3.0183465e-03  -4.0512194e-03
   1.4112731e-01   8.1898307e-02   1.6025313e-01   4.6353334e-03  -3.4322212e-03  -5.9937933e-03
   1.1873057e-01   8.9200871e-02   1.8459420e-01   4.9689642e-03  -3.8827281e-03  -5.9604715e-03
   1.1927222e-01   8.9306791e-02   1.6034715e-01   4.4463451e-03  -4.0697341e-03  -5.9909312e-03
   1.1210792e-01   7.6642775e-02   1.6730187e-01   4.7502980e-03  -4.0800740e-03  -6.1017933e-03
   1.1576518e-01   9.2448303e-02   2.0594221e-01   5.5135004e-03  -4.2132057e-03  -6.3843514e-03
   1.3578918e-01   9.1944544e-02   2.0433149e-01   5.0930705e-03  -4.0924699e-03  -6.3814703e-03
   1.2547724e-01   1.0335788e-01   2.3422071e-01   5.8748017e-03  -4.3321337e-03  -6.6109585e-03
   1.2711781e-01   7.0312794e-02   1.5292302e-01   4.8017364e-03  -4.3950893e-03  -6.4123070e-03
   1.1858113e-01   8.6330948e-02   1.4620814e-01   4.7092195e-03  -4.1989623e-03  -6.4781360e-03
   1.1660301e-01   1.0479466e-01   1.3473760e-01   4.5568546e-03  -4.1815472e-03  -6.6364274e-03
   1.2075602e-01   1.0188148e-01   1.4981230e-01   4.6487397e-03  -4.0694354e-03  -6.4567802e-03
   9.8863160e-02   1.2164752e-01   2.0197177e-01   5.1713914e-03  -4.8047960e-03  -6.6731393e-03
   1.2878283e-01   1.0902809e-01   1.9770763e-01   5.4387980e-03  -4.6254095e-03  -6.9099996e-03
   1.0430954e-01   9.4065586e-02   2.1892033e-01   5.3634009e-03  -4.3058930e-03  -6.3566103e-03
   1.1150558e-01   1.0230684e-01   2.1210879e-01   5.4386234e-03  -4.5094527e-03  -6.3377746e-03
   1.0389983e-01   1.1383865e-01   1.7052560e-01   5.4923212e-03  -4.4986063e-03  -6.3727130e-03
   6.2937548e-02   8.8040510e-02   1.5073067e-01   4.7456197e-03  -4.9168218e-03  -5.9548376e-03
   6.9864592e-02   9.0144479e-02   1.6526060e-01   4.6464339e-03  -4.9435301e-03  -5.9736254e-03
   1.0282191e-01   9.2321555e-02   1.9597735e-01   4.5829065e-03  -5.0747863e-03  -6.2812250e-03
   1.1782474e-01   3.4264391e-02   2.0421965e-01   4.8141810e-03  -4.6863040e-03  -6.6831213e-03
   1.4349938e-01   2.7765768e-02   2.0627634e-01   4.8705852e-03  -4.9012089e-03  -7.2244291e-03
   1.2004457e-01   4.6693798e-02   1.4931351e-01   4.8252970e-03  -5.0837824e-03  -7.0491748e-03
   1.2192216e-01   8.2821012e-02   1.5863169e-01   4.7367828e-03  -5.2151205e-03  -7.4498540e-03
   1.1932884e-01   7.2535133e-02   1.5189654e-01   4.9759986e-03  -5.6949692e-03  -7.6733077e-03
   1.0119970e-01   7.9281907e-02   2.0971845e-01   5.6536379e-03  -5.5457602e-03  -7.7213996e-03
   1.3567780e-01   6.5276760e-02   2.1599232e-01   5.0617338e-03  -5.3685917e-03  -8.0199355e-03
   1.0775293e-01   7.2072688e-02   2.0921368e-01   5.4377149e-03  -5.4670063e-03  -7.9216198e-03
   1.0758491e-01   9.2210654e-02   2.1557370e-01   5.6924084e-03  -5.5738974e-03  -8.0502483e-03
   1.1934869e-01   7.2646469e-02   2.1547794e-01   5.0684996e-03  -5.3700873e-03  -7.8902555e-03
   1.3542033e-01   7.2398325e-02   2.0739005e-01   5.2829393e-03  -5.3944795e-03  -8.2321713e-03
   1.2709681e-01   6.6720825e-02   2.1403583e-01   5.3742936e-03  -5.2337611e-03  -7.9651395e-03
   1.1725053e-01   7.3847619e-02   1.6881324e-01   5.1501559e-03  -5.4866028e-03  -8.0838871e-03
   9.8917986e-02   9.0714453e-02   1.8835218e-01   5.3600323e-03  -5.7352360e-03  -7.7564136e-03
   1.0214241e-01   7.9433117e-02   1.9592706e-01   5.2581780e-03  -5.7930092e-03  -8.0668868e-03
   1.1393216e-01   7.4614785e-02   1.9572640e-01   4.8520131e-03  -5.5316336e-03  -7.9569277e-03
   1.1833846e-01   7.7367565e-02   1.8444054e-01   4.9625451e-03  -5.5857442e-03  -8.2573080e-03
   9.8649170e-02   9.0402725e-02   1.8755336e-01   4.8996297e-03  -5.4849921e-03  -7.9040317e-03
   9.5175762e-02   9.4548326e-02   1.8454377e-01   5.3316909e-03  -6.2179902e-03  -8.4565556e-03
   7.7587697e-02   1.1518146e-01   2.9818279e-01   5.8753906e-03  -4.5129139e-03  -6.0415561e-03
   1.7634968e-02   1.2842912e-01   3.7195460e-01   6.8088443e-03  -3.5811187e-03  -4.5076504e-03
   4.1302566e-02   1.0686834e-01   2.3953169e-01   5.5247133e-03  -4.7629496e-03  -5.5289828e-03
   3.7408896e-02   1.1644690e-01   3.2780459e-01   5.7459151e-03  -4.1081451e-03  -5.1101904e-03
   3.2414669e-02   1.0426945e-01   3.3688111e-01   5.7363598e-03  -4.4694876e-03  -5.8265150e-03
   8.8007065e-03   7.2875451e-02   2.5896462e-01   5.0814329e-03  -4.8291672e-03  -5.5007126e-03
