   0.0000000e+00  -7.1054274e-15   0.0000000e+00   0.0000000e+00   0.0000000e+00   1.6263033e-19
   2.4025355e-03   8.7702941e-03   2.5093533e-02  -1.5447726e-04   8.3862470e-05  -2.7376996e-05
   1.2936109e-03   8.7913829e-02   3.8980471e-02  -2.0418678e-04   4.5439704e-05   2.9315304e-05
  -2.1687042e-03  -2.0461418e-02   2.4499259e-02  -1.8860066e-04   6.7879314e-05   6.1764745e-05
   9.8350176e-04   6.4148057e-02   2.8277254e-02  -4.3826313e-04   6.2441660e-05  -3.4155382e-05
   1.9907825e-03   3.4116045e-02   1.1347980e-02  -1.0502895e-04   6.8145588e-05   8.6751361e-05
  -1.2165975e-03   4.6152380e-02   1.7790986e-02  -4.5633872e-04  -2.8289788e-05   8.6076846e-05
  -2.7607459e-03   5.8906875e-02   3.3430903e-03  -4.9897753e-04  -8.4271176e-05   2.7924899e-04
  -5.3693209e-04   5.6672510e-02   7.1317061e-03  -6.2543485e-04   5.4271801e-05   2.0724005e-04
  -3.4990656e-03   9.0345182e-02  -1.0207510e-02  -4.9605301e-04   1.8051908e-05   4.3671920e-04
   4.9148380e-03   5.4863590e-02   8.8377639e-04  -5.6258694e-04   2.6698462e-04   3.0266218e-04
   2.0328086e-03   8.9776785e-02  -6.7967652e-03  -3.6401477e-04   2.2675312e-04   3.4575719e-04
   4.0119841e-03   5.6269284e-02  -1.8619727e-03  -3.5193852e-04   2.7826940e-04   3.9324693e-04
   1.1076525e-03   7.2763523e-02  -5.3292373e-03  -4.5490867e-04   2.4600918e-04   3.7832729e-04
   1.9921854e-03   9.8275696e-02  -1.9668584e-02  -2.7074026e-04   3.1921071e-04   5.0206160e-04
   6.7968068e-03   2.8270754e-02  -1.3006654e-02  -3.9291323e-04   3.3151735e-04   4.1715557e-04
   8.8579630e-03   9.7749293e-02  -1.9594911e-03  -2.5693156e-04   2.9992722e-04   4.2644573e-04
   3.5016861e-03   6.6341582e-02  -2.7263122e-02  -2.3538689e-04   2.6413677e-04   6.1266522e-04
   5.8704887e-03   4.6370366e-02  -2.3778153e-02  -4.0618650e-04   3.1216016e-04   5.2859573e-04
   6.7669409e-03   1.1439777e-01  -1.3690116e-02  -1.4972260e-04   3.6815136e-04   6.1701448e-04
   8.1457136e-03   4.5866454e-02  -2.4831798e-02  -1.0072749e-05   4.7084494e-04   5.9268809e-04
   8.2279830e-03   8.1339754e-02  -1.5605319e-02  -2.9119089e-04   4.2499574e-04   6.2935058e-04
   5.8647273e-03   1.0492124e-01  -4.1818889e-02  -1.6717890e-04   3.4843283e-04   8.6539997e-04
   1.5112390e-02   3.9899814e-02  -2.7285984e-02  -1.0761643e-04   6.0338160e-04   7.4570832e-04
   1.1122256e-02   1.0151599e-01  -1.9370801e-02  -5.1535101e-04   4.2965667e-04   7.8389960e-04
   9.6430414e-03   8.8249343e-02  -3.1755790e-02  -2.9348462e-04   4.6911109e-04   8.0892260e-04
   5.3887531e-03   2.9804534e-02  -4.1590463e-02  -5.9286094e-04   3.9491615e-04   8.9227968e-04
   6.7568410e-03   8.8365093e-02  -3.0969743e-02  -3.8755953e-04   5.8601493e-04   8.0609009e-04
   6.3389689e-03   7.9679717e-02  -3.1710534e-02  -6.2032729e-05   5.1179479e-04   8.2403091e-04
   7.8823593e-04   7.7416586e-04  -4.6953882e-02  -6.0337449e-04   4.1979116e-04   8.3469364e-04
   1.5568271e-03   6.0226462e-02  -3.9633751e-02  -6.6354030e-04   3.8113740e-04   8.0582033e-04
   1.2077419e-03   4.2493672e-02  -4.9791283e-02  -7.0812128e-04   2.8099526e-04   9.9788475e-04
   1.2553823e-02   2.3257426e-02  -2.3518214e-02  -1.1372303e-03   5.4379564e-04   8.8483559e-04
   1.4121973e-02   5.8207715e-02  -3.2295034e-02  -1.3028241e-03   4.5391831e-04   9.3453302e-04
   1.8507600e-02  -2.9741914e-02  -5.1020919e-02  -1.5124599e-03   4.9166990e-04   1.0009741e-03
   2.1409871e-02   6.4350582e-02  -3.5460161e-02  -1.5985536e-03   5.6174559e-04   1.0164375e-03
   1.7893165e-02   3.7268171e-02  -3.6296075e-02  -1.3361932e-03   5.4672131e-04   1.1074868e-03
   1.7640413e-02   1.6329754e-02  -1.6399307e-02  -1.7746901e-03   5.1696161e-04   1.0181055e-03
   2.1590065e-02   6.4842118e-02  -2.6905770e-02  -1.5833711e-03   5.7851627e-04   1.0544737e-03
   2.1711779e-02   2.8550885e-03  -3.1991218e-02  -1.4736354e-03   5.6585624e-04   1.0961078e-03
   2.0347077e-02   5.2242422e-02  -2.8433884e-02  -1.4540644e-03   5.8745005e-04   1.0320139e-03
   1.7378941e-02   6.8931312e-02  -2.8752736e-02  -1.2382559e-03   6.0455725e-04   1.1870840e-03
   1.9239968e-02   1.2675646e-02  -2.8215414e-02  -1.2992107e-03   7.4734589e-04   1.1493526e-03
   2.0755232e-02   8.9501018e-02  -3.5793776e-02  -1.4582004e-03   7.5787129e-04   1.2179318e-03
   1.8397871e-02   5.2124646e-02  -4.7054340e-02  -1.0926951e-03   9.2566688e-04   1.3752389e-03
   2.1466717e-02   2.7231430e-02  -4.1670746e-02  -1.4458131e-03   1.0119675e-03   1.3473254e-03
   2.1132714e-02   6.5400900e-02  -4.7569754e-02  -1.3036558e-03   9.9296104e-04   1.3845038e-03
   1.6407195e-02   7.4329366e-02  -6.3832134e-02  -1.3131633e-03   8.6073961e-04   1.4871203e-03
   1.8780822e-02   1.5022406e-02  -5.7450665e-02  -1.2522259e-03   9.8464253e-04   1.5130556e-03
   1.7594124e-02   1.0506674e-01  -4.9249145e-02  -1.7543632e-03   7.4388926e-04   1.5869103e-03
   2.2170097e-02   6.6172404e-02  -6.2927111e-02  -1.4257660e-03   7.3402162e-04   1.6559568e-03
   2.0359254e-02   2.1283027e-02  -6.0522060e-02  -1.7353620e-03   8.2720365e-04   1.6744690e-03
   1.7034582e-02   1.1236733e-01  -4.1069163e-02  -1.6321489e-03   8.7126855e-04   1.5711736e-03
   1.1438678e-02  -2.4377405e-02  -6.9350618e-02  -1.5157569e-03   8.1553194e-04   1.5664539e-03
   1.2049389e-02   4.1196380e-02  -5.8197006e-02  -1.5013701e-03   9.9014753e-04   1.5569601e-03
   1.1051179e-02   5.9142667e-02  -5.4168372e-02  -1.0682786e-03   9.1890181e-04   1.3814228e-03
   6.4913389e-03   3.8863043e-02  -4.1426024e-02  -2.0868542e-03   7.5171704e-04   1.4774627e-03
   1.1424175e-02   6.0262926e-02  -1.7329960e-02  -1.7564951e-03   8.6653582e-04   1.3512734e-03
   2.0515758e-02   2.1379680e-02  -4.1118103e-02  -1.9900263e-03   9.0361315e-04   1.2087799e-03
   2.6321131e-02   2.2144390e-02   8.3726509e-03  -1.7255960e-03   1.0183455e-03   1.3643023e-03
   2.5660607e-02   8.9173687e-02   2.1306658e-03  -1.4274092e-03   9.8514405e-04   1.4993637e-03
   2.9510801e-02  -1.7841732e-02  -4.5591404e-03  -1.8563706e-03   1.0798831e-03   1.5877944e-03
   2.9922429e-02   6.5890073e-02  -2.8951055e-02  -1.8984839e-03   1.0542314e-03   1.6738384e-03
   2.8304035e-02   2.1894654e-02  -2.8157063e-02  -1.4459751e-03   1.1874299e-03   1.6400030e-03
   2.1727658e-02   6.1367032e-02  -9.8734608e-03  -2.0259949e-03   1.0090177e-03   1.5589768e-03
   1.9437978e-02   7.0074685e-02  -9.0907475e-03  -1.6220632e-03   9.3431356e-04   1.5463233e-03
   2.2856569e-02   1.5190460e-02  -1.6272766e-02  -1.8866054e-03   9.6917186e-04   1.5318453e-03
   2.4972182e-02   4.9819869e-02  -1.2291464e-02  -1.7224065e-03   1.0781642e-03   1.5077751e-03
   1.9299458e-02   5.2824414e-02  -1.6785689e-02  -1.6173411e-03   1.0107125e-03   1.6223614e-03
   2.1158485e-02   3.3255088e-02  -4.5865678e-03  -1.6901712e-03   1.1091535e-03   1.4583815e-03
   2.2184989e-02   6.8007069e-02   1.8766894e-03  -1.6117252e-03   1.0642421e-03   1.5464495e-03
   2.4307765e-02   1.5200227e-02  -2.4035009e-02  -1.5463586e-03   1.1435673e-03   1.6235356e-03
   2.5047556e-02   3.2353377e-02  -5.1182608e-03  -1.8029829e-03   1.0678950e-03   1.5459378e-03
   2.1717872e-02   8.3936046e-02   3.8713389e-03  -1.5969977e-03   1.0023236e-03   1.5302886e-03
   2.8990506e-02   4.1462928e-02   1.9461828e-03  -1.5660961e-03   1.1359574e-03   1.4776568e-03
   2.6787796e-02   1.5731138e-02   1.4207807e-02  -1.6951177e-03   9.5984229e-04   1.4223012e-03
   2.0968073e-02   7.3698412e-02   4.7465390e-03  -1.8747523e-03   9.1014697e-04   1.4342211e-03
   2.0142844e-02   3.0902936e-02  -9.5748656e-03  -1.5878731e-03   9.9087684e-04   1.6197782e-03
   2.8863296e-02   1.9026952e-02   6.2921491e-03  -1.9861001e-03   1.0259107e-03   1.3941391e-03
   2.5210298e-02   9.0908997e-02   1.5628071e-02  -1.7120145e-03   1.0509602e-03   1.4577311e-03
   2.4782104e-02  -6.0056178e-03  -1.6723268e-02  -1.9136411e-03   1.0869855e-03   1.4703483e-03
   2.3072630e-02   3.2544079e-02  -1.1004778e-02  -1.8508039e-03   1.0538130e-03   1.4567497e-03
   2.2096984e-02   7.0883984e-02  -1.9624334e-02  -1.4496131e-03   9.8158762e-04   1.3646412e-03
   2.2223435e-02   1.7701676e-02  -4.1460862e-02  -1.8058946e-03   8.1814259e-04   1.4055723e-03
   2.5881069e-02   6.8828515e-02  -1.6633441e-02  -8.6459351e-04   8.8225890e-04   1.2694963e-03
   2.4923340e-02   1.0046804e-01  -2.0941399e-02  -1.0446949e-03   6.9242318e-04   1.4013693e-03
   1.8373086e-02   1.1685159e-02  -5.4416617e-02  -1.5067357e-03   7.3528261e-04   1.5962748e-03
   2.1933094e-02   7.5535546e-02  -3.0826871e-02  -2.1882001e-03   7.3184690e-04   1.4877440e-03
   2.4304500e-02   1.0717825e-03  -3.8168182e-02  -2.2370705e-03   7.1145416e-04   1.4273147e-03
   1.9235900e-02   6.1372933e-02  -5.0208675e-02  -2.4764710e-03   7.9344141e-04   1.5587705e-03
   1.7565138e-02   4.5648062e-02  -4.6334269e-02  -1.8520939e-03   9.5761714e-04   1.6067024e-03
   1.7354236e-02   1.3950987e-02  -1.4926622e-02  -2.0883231e-03   9.3472828e-04   1.5493671e-03
   1.3132459e-02   8.1785767e-02  -5.0774946e-03  -1.8380039e-03   7.7359554e-04   1.5987576e-03
   1.7322550e-02  -2.0418093e-03  -1.7398357e-02  -1.7529529e-03   8.6569108e-04   1.5256312e-03
   1.4859216e-02   4.9611799e-02  -1.7747814e-02  -2.1068562e-03   7.9942305e-04   1.5889630e-03
   1.3418203e-02   6.9338119e-02  -2.1444040e-02  -1.8395597e-03   7.5932769e-04   1.6734627e-03
   1.7403772e-02   1.4327665e-02  -2.1352294e-02  -2.0203827e-03   8.3244659e-04   1.6013975e-03
   1.5847133e-02   5.5919644e-02  -2.8440855e-02  -1.9155547e-03   8.4985667e-04   1.6396651e-03
   2.0331602e-02   1.5599216e-02  -2.2442332e-02  -1.7782251e-03   8.2632147e-04   1.6435661e-03
   1.9055092e-02   3.8457033e-02  -1.9170220e-02  -2.3207181e-03   6.9433643e-04   1.6380616e-03
   1.8479581e-02   8.4208281e-02  -2.5266832e-02  -1.9525613e-03   6.6227056e-04   1.6319651e-03
   2.1215882e-02   2.1752258e-02  -5.2656448e-02  -2.3168859e-03   7.6942958e-04   1.6274244e-03
   1.6859387e-02   1.8828938e-02  -5.3275619e-02  -2.5207451e-03   5.9528436e-04   1.5353087e-03
   1.4338828e-02   8.1170351e-02  -5.8001942e-02  -2.4971477e-03   4.9593161e-04   1.5852690e-03
   2.0642834e-02  -2.4364216e-02  -5.3384133e-02  -2.4108373e-03   6.9802406e-04   1.4643731e-03
   2.2533211e-02   5.7825302e-02  -3.1641331e-02  -2.8225687e-03   6.5872351e-04   1.4520006e-03
   2.3824183e-02   3.6249596e-02  -4.2594643e-02  -2.9358308e-03   8.3636077e-04   1.5348890e-03
   2.5147310e-02  -1.5922062e-02  -5.8416585e-02  -3.3966269e-03   6.7854766e-04   1.6092309e-03
   2.1386609e-02   6.9640311e-02  -4.6353342e-02  -2.4522973e-03   6.9535600e-04   1.6413768e-03
   1.4558909e-02   1.2004715e-02  -6.0770700e-02  -1.9918214e-03   5.6099754e-04   1.7028771e-03
   1.8081630e-02   8.6188944e-03  -4.8711957e-02  -2.1162421e-03   4.4839424e-04   1.2873741e-03
   2.5869092e-02   1.0108407e-01  -4.5193729e-02  -4.5658250e-04   4.7636363e-04   1.4538228e-03
   2.6279652e-02   9.1083638e-03  -8.7385312e-02  -1.3954794e-03   4.1491545e-05   1.7778121e-03
   2.5667244e-02   1.2503304e-01  -2.3881164e-02  -1.0769915e-03   3.0265414e-05   1.5671060e-03
   2.1982502e-02  -3.0807500e-03  -9.2091822e-02  -1.6340317e-03   1.2215899e-04   1.8124727e-03
   2.6571923e-02   5.0865268e-02  -6.6738087e-02  -2.4424455e-03   4.0573582e-04   1.9626111e-03
   3.0831402e-02  -1.4509044e-02  -9.6976710e-02  -2.6282509e-03   6.5248223e-04   1.9304553e-03
   2.6771457e-02   6.4344080e-02  -8.1944414e-02  -2.3431887e-03   8.2079097e-04   1.8478862e-03
   2.4267047e-02   9.2901823e-03  -8.1906282e-02  -2.1387128e-03   8.4313539e-04   1.9031434e-03
   2.3170059e-02   1.6561332e-02  -4.5468405e-02  -2.1599868e-03   9.5787452e-04   1.8401910e-03
   2.4325017e-02   6.3282559e-02  -2.9334399e-02  -1.8992300e-03   9.5934619e-04   1.9794975e-03
   2.7973832e-02  -3.9215499e-03  -2.2321111e-02  -2.0361282e-03   9.9929961e-04   1.9272258e-03
   2.6925194e-02   5.2052949e-02  -1.4815465e-02  -1.9731257e-03   1.0159249e-03   2.0132291e-03
   3.2383436e-02   2.9423545e-02  -4.0732297e-02  -1.9422379e-03   1.0490801e-03   1.9931780e-03
   3.4476098e-02   1.2272744e-02  -4.1851470e-02  -2.0322869e-03   1.1508587e-03   1.9993164e-03
   3.0435325e-02   5.9391308e-02  -4.8257886e-02  -1.9553439e-03   9.7867218e-04   2.1214365e-03
   3.0169977e-02   4.2395590e-03  -6.4436873e-02  -1.9209533e-03   1.0443705e-03   2.1352959e-03
   3.4258195e-02   3.7221665e-02  -5.0584777e-02  -2.0090980e-03   1.1179874e-03   2.1757541e-03
   3.2708676e-02   7.0316579e-02  -6.6795575e-02  -1.8526157e-03   1.0789919e-03   2.3481889e-03
   3.2455981e-02  -3.0609752e-03  -6.6193299e-02  -1.8537157e-03   1.1442371e-03   2.4475014e-03
   2.7866684e-02   6.7605560e-02  -6.5168120e-02  -2.0579343e-03   1.0514812e-03   2.4780387e-03
   3.1421565e-02   4.6399253e-02  -8.8263860e-02  -1.7950786e-03   1.2354875e-03   2.5589499e-03
   3.6369076e-02  -7.5853974e-03  -8.3338645e-02  -2.2683366e-03   1.1969066e-03   2.5490214e-03
   3.0043791e-02   5.1411975e-02  -9.5650499e-02  -2.6506650e-03   1.2247825e-03   2.6111303e-03
   3.5146491e-02  -7.7853453e-03  -9.1948495e-02  -2.1240056e-03   1.3985920e-03   2.6726815e-03
   2.3836030e-02   2.3968278e-02  -1.0790818e-01  -2.4479854e-03   1.2596349e-03   2.7905361e-03
   2.3582890e-02   1.0169552e-01  -7.2471470e-02  -8.8041500e-04   1.1565188e-03   2.8065869e-03
   2.2997892e-02  -2.1238802e-02  -5.8968712e-02  -7.3752095e-04   1.1171689e-03   2.3999150e-03
   2.3450524e-02   7.3934179e-02  -6.6072242e-02  -1.5633474e-03   1.1006141e-03   2.5425980e-03
   3.4258357e-02  -3.0473438e-02  -6.8732538e-02  -1.4280019e-03   1.3347816e-03   2.5677946e-03
   2.6475790e-02   1.2313468e-01  -4.4663187e-02  -1.9650566e-03   1.1782341e-03   2.6928252e-03
