   0.0000000e+00  -7.1054274e-15   0.0000000e+00  -2.7755576e-17   1.7347235e-18   3.4694470e-18
   1.0152921e-01  -2.0174102e-01   6.5088981e-01  -1.1564838e-03  -9.1404502e-04   1.9423152e-04
   1.1517260e-01  -8.0426448e-02   6.7156205e-01  -5.0322450e-03  -2.3316303e-04   7.8683116e-04
   1.2591887e-01  -3.7735060e-02   4.1421569e-01  -4.7187761e-03   3.8765282e-04   1.3049958e-03
   8.2100640e-02  -8.4334003e-02   4.5062264e-01  -2.6027972e-03  -5.6971321e-04   5.4189144e-04
   5.8421788e-02  -3.0307441e-02   2.9837854e-01  -1.4738572e-03  -7.0608030e-04   1.0124404e-03
   5.3241178e-02  -7.1745068e-02   3.0230798e-01  -1.6274269e-03  -1.3837759e-04   1.2421643e-03
   7.0010509e-02   2.0735657e-03   3.9928185e-01  -1.9541285e-03   6.0536873e-04   1.8196406e-03
   6.5278218e-02  -1.1899783e-01   3.4164907e-01  -1.7943363e-03   5.9045887e-04   1.5090775e-03
   9.4614471e-02  -4.5777238e-02   4.9016317e-01  -2.9963120e-03   1.0483388e-03   2.1911080e-03
   1.3360331e-01  -9.8260682e-02   4.9017224e-01  -1.7741573e-03   1.3870263e-03   2.8110917e-03
   1.2172202e-01  -1.1256984e-01   5.0767627e-01  -2.6598070e-03   1.4235396e-03   3.3256529e-03
   1.3333083e-01  -3.6002067e-02   7.2466110e-01  -3.3604892e-03   1.4786488e-03   3.0952553e-03
   1.2931984e-01  -1.7211095e-01   6.1960328e-01  -2.5096043e-03   1.4601829e-03   2.9941893e-03
   1.5523028e-01  -6.3655856e-02   7.0285399e-01  -3.0976534e-03   1.8270917e-03   3.1120532e-03
   1.1437548e-01  -1.7100462e-01   6.2306191e-01  -2.6467235e-03   1.8810461e-03   3.1229119e-03
   1.1469348e-01  -1.0883590e-01   7.0928457e-01  -3.6398181e-03   1.8684356e-03   3.4939748e-03
   1.1461805e-01  -1.3487313e-01   6.6818742e-01  -3.6947763e-03   1.7768278e-03   3.4543149e-03
   1.3321201e-01  -6.4111890e-02   7.7429646e-01  -3.9811994e-03   2.0046651e-03   3.7983110e-03
   1.4439177e-01  -1.0514919e-01   7.2429643e-01  -4.1606414e-03   2.2767118e-03   4.1518690e-03
   1.4019779e-01  -1.4443842e-01   7.5632779e-01  -5.2671043e-03   2.5034511e-03   4.3794218e-03
   1.4439203e-01  -8.8946169e-02   7.7515754e-01  -4.8036507e-03   2.3932665e-03   4.4338418e-03
   1.3422002e-01  -1.6837888e-01   7.7451251e-01  -5.1661919e-03   2.6771903e-03   4.7292885e-03
   1.1675172e-01  -1.2281702e-01   7.6290668e-01  -4.6487983e-03   2.1682574e-03   4.5094919e-03
   1.0539519e-01  -1.5062097e-01   7.8174922e-01  -3.8627326e-03   2.3200374e-03   4.4153171e-03
   9.3933075e-02  -1.6041784e-01   6.2784096e-01  -9.8631437e-04   2.3727666e-03   4.1304403e-03
   6.6001715e-02  -4.2569191e-02   3.6910867e-01   7.9021523e-04   1.7891248e-03   3.7599747e-03
   3.7850508e-02  -2.8920092e-01   1.4763840e-02   6.5630852e-03   1.7092140e-03   3.2801158e-03
   6.8947327e-02  -1.1406012e-01  -1.1878715e-01   4.7025213e-03   1.7503653e-03   2.4587338e-03
   1.0021376e-01   2.0461182e-01   1.4373347e-01   3.3423627e-03   7.5645156e-04   2.4667025e-03
   8.2622322e-02  -3.3981629e-02   9.4048402e-02   1.6203809e-03   2.5370683e-04   2.3033880e-03
   9.2125087e-02  -7.9676407e-02   3.3787488e-01  -2.4150123e-04   1.2029798e-03   3.2029768e-03
   1.0068796e-01  -4.6453145e-02   3.9706640e-01   1.0954419e-03   1.5485490e-03   4.1450460e-03
   1.4931568e-01  -4.0345765e-02   4.2974357e-01   5.2576792e-04   2.1525657e-03   4.2554617e-03
   1.7053867e-01  -6.9289805e-02   4.5124963e-01   2.2016243e-04   1.8315937e-03   4.4101565e-03
   1.8364498e-01  -6.1990967e-02   5.0596343e-01   2.1757056e-04   2.4055030e-03   4.5769925e-03
   1.8539785e-01  -7.8709622e-02   5.9595687e-01   7.6552387e-06   2.7038026e-03   4.8616848e-03
   1.9720126e-01  -6.7039225e-02   6.1861359e-01  -1.0865599e-03   2.6714325e-03   5.1494109e-03
   1.9373257e-01  -1.1358834e-01   5.7165565e-01  -8.7609095e-04   2.9810464e-03   5.4630185e-03
   1.9770463e-01  -1.1234749e-01   6.0726785e-01  -6.9004470e-04   3.2281810e-03   5.8691917e-03
   2.0364223e-01  -1.0075138e-01   5.9272341e-01  -8.8059874e-04   3.2669693e-03   6.1137943e-03
   2.0630840e-01  -1.3098397e-01   6.4694842e-01  -1.1464520e-03   3.1747962e-03   6.4684327e-03
   1.8929927e-01  -9.3807772e-02   6.5778662e-01  -9.6894371e-04   3.4332594e-03   6.3161818e-03
   1.9034670e-01  -1.3264223e-01   6.5603565e-01  -1.8787259e-03   3.2489209e-03   6.4547507e-03
   1.8378708e-01  -1.1793845e-01   6.6510986e-01  -1.8504162e-03   3.5866603e-03   6.6045638e-03
   1.9754215e-01  -6.1187511e-02   6.9514855e-01  -2.6803521e-03   3.7284649e-03   6.7065845e-03
   2.0087276e-01  -1.4615590e-01   7.4257103e-01  -1.8543509e-03   4.1981347e-03   6.5821198e-03
   2.0443652e-01  -7.1115698e-02   6.7393365e-01  -2.0473932e-03   3.9573198e-03   6.9915321e-03
   1.7793188e-01  -1.8151472e-01   7.9028446e-01  -1.5509278e-03   4.1995985e-03   6.9622003e-03
   1.7598291e-01  -9.6230934e-03   6.7611945e-01  -7.6877211e-04   3.4177240e-03   6.7189188e-03
   2.0314419e-01  -6.0654461e-01   8.1265953e-01   6.0692119e-03   4.8036051e-03   6.4246857e-03
   1.8773639e-01  -4.6986963e-01   4.8006017e-01   3.2149995e-03   3.9015679e-03   2.2248226e-03
   1.7177700e-01  -1.1360884e-01   3.6001011e-01   3.0526031e-03   3.4008881e-03   1.5302839e-03
   2.8691491e-01  -3.6613339e-01   9.3857271e-01   4.1091310e-03   3.3964029e-03   2.5926952e-03
   2.3376602e-01  -4.5565037e-01   1.3170915e+00   3.0977938e-04   1.3647222e-03   3.2378299e-03
   1.4436340e-01  -3.7926926e-01   1.0550111e+00  -4.0470352e-03   2.8416497e-03   3.6821777e-03
   9.6307292e-02  -4.6074235e-01   1.0097510e+00  -6.4380981e-03   2.5736099e-03   2.7009132e-03
   9.0364624e-02  -4.1406794e-01   1.0724401e+00  -5.1531852e-03   2.5411225e-03   2.3695176e-03
   3.5988428e-02  -4.8008216e-01   1.0010713e+00  -6.4368634e-03   2.3851966e-03   2.5428810e-03
   4.8396364e-02  -4.4708466e-01   1.0766726e+00  -5.5601954e-03   2.9339943e-03   3.2800527e-03
   4.4374301e-02  -4.5308858e-01   9.6433472e-01  -5.3649008e-03   3.5434677e-03   3.9771242e-03
   4.8668999e-02  -4.7314036e-01   1.0123397e+00  -4.4461794e-03   3.9513482e-03   4.1048196e-03
   5.8294915e-03  -4.6223028e-01   1.0309723e+00  -4.1250224e-03   3.6363683e-03   3.5746905e-03
   3.7337712e-03  -4.7992552e-01   1.0211430e+00  -4.6109014e-03   3.5632942e-03   3.3419076e-03
   1.1779998e-02  -4.4658963e-01   1.0314540e+00  -4.1033316e-03   3.8212554e-03   3.6443792e-03
   3.0288354e-02  -4.5768095e-01   9.6605027e-01  -3.8474687e-03   4.3817762e-03   4.6560770e-03
   3.4499338e-02  -4.0208599e-01   1.0242611e+00  -3.9789842e-03   4.7038411e-03   5.0003161e-03
   4.4897700e-02  -4.3485060e-01   1.0303468e+00  -4.2413111e-03   4.7959602e-03   5.1663673e-03
   6.1326183e-02  -3.9270636e-01   1.0350807e+00  -3.9964146e-03   4.8002120e-03   5.1401415e-03
   7.0588732e-02  -4.8511790e-01   9.5686483e-01  -3.6843393e-03   4.8700906e-03   5.3758673e-03
   6.4738138e-02  -4.2458191e-01   1.0526224e+00  -3.0783889e-03   4.5504034e-03   4.7586660e-03
  -2.5440584e-03  -5.1626379e-01   9.2921021e-01  -2.5740545e-03   4.2609785e-03   4.4043210e-03
   2.6338115e-02  -3.7640679e-01   9.7854447e-01  -4.0472525e-03   4.2615246e-03   3.4420823e-03
   7.8335686e-03  -4.9676423e-01   8.0916337e-01  -3.8265418e-03   3.9709357e-03   3.9220980e-03
  -2.4699475e-02  -3.6675143e-01   7.5380139e-01  -3.9757859e-03   2.7256891e-03   1.9229990e-03
  -6.0955188e-02  -3.2879306e-01   3.9297943e-01  -8.3753136e-04   3.5188363e-03   2.0973240e-03
   1.2896017e-01  -2.8062516e-01   7.9818750e-01  -2.5483679e-03   2.5720082e-03   2.7529185e-03
   1.3399068e-01  -1.6186140e-01   1.0108839e+00  -9.0602349e-03   1.6165571e-03   8.9560463e-04
   1.3583329e-02  -3.3700366e-01   9.1076520e-01  -7.6853064e-03   2.4322100e-03   1.2773002e-03
   1.4828793e-02  -3.8073288e-01   8.6721052e-01  -8.3016593e-03   2.6230988e-03   3.2187105e-04
  -2.0057516e-02  -3.1638076e-01   9.2279624e-01  -8.4361772e-03   2.1411622e-03   8.0334735e-04
   8.8269038e-04  -3.8119007e-01   9.8031420e-01  -8.1458454e-03   2.0774886e-03   8.1738289e-04
  -2.2941963e-02  -3.0798993e-01   9.9447468e-01  -7.5567017e-03   1.7081812e-03   6.9724101e-04
  -4.2577623e-02  -3.5769713e-01   9.7416765e-01  -7.3679380e-03   1.5697609e-03   7.1202222e-04
  -4.6236600e-02  -3.6265082e-01   1.0505875e+00  -6.8583443e-03   1.2522986e-03   1.1297289e-03
  -5.6169191e-02  -3.1674757e-01   1.0323572e+00  -8.2204250e-03   9.5579894e-04   1.2736870e-03
  -7.7714515e-02  -3.6224907e-01   1.1691332e+00  -7.9657307e-03   6.8455655e-04   1.2240158e-03
  -5.6050248e-02  -3.1068714e-01   1.0764849e+00  -7.0098070e-03   7.5977904e-05   1.3351870e-03
  -7.0351462e-02  -3.7470520e-01   1.0956385e+00  -8.0530947e-03   1.5848532e-04   1.2936021e-03
  -4.6219576e-02  -2.9771186e-01   1.1569747e+00  -7.8276581e-03   3.9499505e-04   1.3198840e-03
  -6.3969278e-02  -3.4997600e-01   1.0637183e+00  -8.2980751e-03   1.9519522e-04   1.1294361e-03
  -7.1653138e-02  -3.1712518e-01   1.1495741e+00  -7.8452636e-03   1.8443651e-04   8.8106955e-04
  -6.7145211e-02  -3.1211776e-01   1.0939968e+00  -7.8420268e-03   9.3085411e-05   8.6422692e-04
  -3.4521580e-02  -3.4231936e-01   1.1409750e+00  -7.8285821e-03  -3.9387884e-04   8.3514770e-04
  -4.0887221e-02  -2.9552338e-01   1.1576121e+00  -7.8704600e-03  -4.0746019e-04   1.0064809e-03
  -3.5939116e-02  -3.6309679e-01   1.1237316e+00  -7.6370509e-03  -8.6676334e-04   1.1143216e-03
  -4.7766280e-02  -3.0149439e-01   1.1863702e+00  -7.2504950e-03  -9.2267817e-04   1.1676105e-03
  -5.4630966e-02  -2.9220205e-01   1.1281824e+00  -6.8654540e-03  -1.3518117e-03   1.4677510e-03
  -6.3848864e-02  -3.7636628e-01   1.0666918e+00  -6.7572278e-03  -1.4289414e-03   1.7228167e-03
   3.9602509e-02  -2.2183271e-01   9.1852741e-01  -5.1096368e-03  -9.9680945e-04   1.3768761e-03
  -1.8035721e-02  -3.7026929e-01   7.8050479e-01  -4.5127811e-03  -1.0793042e-03   8.0403311e-04
  -2.8557615e-02  -3.7048218e-01   7.0053647e-01  -2.0198128e-03  -1.2431805e-03   7.0312809e-04
  -2.1038920e-02  -1.0439879e-01   6.7167547e-01  -3.4803842e-03  -1.5116264e-03   1.1100094e-03
  -4.4095666e-02  -3.1685847e-01   5.8778067e-01  -3.1345509e-03  -1.2046953e-03  -1.4997361e-04
  -2.9063653e-02  -1.2283909e-01   8.2567590e-01  -4.9668672e-03  -1.7530010e-03   6.2317584e-04
   2.8122378e-04  -2.8419443e-01   9.2371182e-01  -8.4498253e-03  -9.5209261e-04   1.1903352e-03
   1.7968348e-02  -2.6748298e-01   8.8407478e-01  -6.6172663e-03  -6.6650626e-04   1.5299624e-03
   2.0925386e-02  -2.6714771e-01   8.7561726e-01  -7.4834055e-03  -7.9042927e-04   1.6019257e-03
   4.0882702e-02  -2.9554614e-01   9.3188959e-01  -7.2316050e-03  -7.7642506e-04   1.9462699e-03
   3.1804720e-02  -2.9527982e-01   9.1527720e-01  -7.1490584e-03  -9.1548281e-04   1.8446439e-03
   2.1388561e-02  -3.3917452e-01   8.9386058e-01  -6.7016622e-03  -1.4206268e-03   1.8898563e-03
   1.4704752e-02  -3.0673568e-01   8.8440735e-01  -6.5748164e-03  -1.3486369e-03   1.8334293e-03
  -5.0222862e-03  -2.6217704e-01   8.7462259e-01  -5.8188796e-03  -1.4362250e-03   1.9523845e-03
  -2.0820923e-02  -3.2424068e-01   8.8116865e-01  -6.0780330e-03  -1.7701339e-03   2.0698644e-03
  -3.4367639e-02  -2.5783756e-01   9.1757652e-01  -5.6157267e-03  -1.5868165e-03   2.1922436e-03
  -1.7326815e-02  -2.7666657e-01   8.8033315e-01  -6.0809329e-03  -1.8515582e-03   2.2694436e-03
  -4.4003419e-02  -2.6295889e-01   9.8706644e-01  -5.9932114e-03  -2.3120255e-03   1.8263738e-03
  -3.6455825e-02  -2.4875643e-01   9.7000240e-01  -5.8489458e-03  -2.9777412e-03   1.7116735e-03
  -3.4053357e-02  -3.1479062e-01   1.0065019e+00  -6.2010401e-03  -2.9260309e-03   1.9773290e-03
  -4.3010102e-02  -2.7004669e-01   9.2242762e-01  -5.5188312e-03  -3.5262950e-03   1.7167169e-03
  -3.4673034e-02  -2.7576664e-01   9.4296429e-01  -5.8840152e-03  -3.4730288e-03   1.3240455e-03
   9.4378447e-03  -2.5299763e-01   9.8385737e-01  -5.6926435e-03  -3.2815145e-03   1.7070855e-03
  -3.6027031e-02  -3.1972433e-01   9.3626333e-01  -4.5629959e-03  -3.0430740e-03   1.9172571e-03
  -4.5357858e-02  -2.8183826e-01   8.7720308e-01  -3.6152960e-03  -2.6482802e-03   1.8204705e-03
  -4.8873718e-03  -2.3096028e-01   7.1690289e-01  -4.9023756e-03  -2.9137503e-03   1.4201074e-03
  -3.2622461e-02  -3.5523923e-01   7.0988539e-01  -3.5716309e-03  -2.5070086e-03   2.0545591e-04
  -1.7292734e-02  -1.4659982e-01   5.7626078e-01  -3.7735811e-03  -2.8294579e-03   3.4260198e-05
  -8.7872237e-02  -3.8300038e-01   5.4599320e-01  -3.7551284e-03  -2.4712404e-03   1.3744288e-05
