   0.0000000e+00   0.0000000e+00  -4.4408921e-16   0.0000000e+00   0.0000000e+00   0.0000000e+00
   1.5169857e-02   1.5503798e-02   1.1954840e-02  -6.6773936e-05  -1.3993912e-04  -6.2950813e-04
   1.9002188e-02   3.6801377e-02   6.3510719e-04  -1.0143213e-03  -3.9837102e-04  -7.0311170e-04
   3.1137847e-02   4.7303211e-02  -2.2547340e-03  -1.2710843e-03  -6.8189520e-04  -8.7554921e-04
   3.6918918e-02  -6.9494699e-04   3.4709318e-02  -9.1758387e-04  -6.6961176e-04  -1.0331283e-03
   3.8587643e-02   1.0487372e-02   2.7025470e-02  -1.0012410e-03  -7.3963545e-04  -1.0776229e-03
   3.7456934e-02   3.4717322e-03   5.8322284e-02  -8.4835002e-04  -7.6799057e-04  -1.4592366e-03
   2.1997973e-02   1.5228293e-02   6.4496279e-02  -5.7817416e-04  -4.8026068e-04  -1.2979118e-03
   2.2842868e-02   1.5061131e-02   4.0976501e-02  -7.9288611e-04  -3.1733158e-04  -1.2017493e-03
   3.3291858e-02   4.1542513e-02   6.0567062e-03  -1.1938773e-03  -3.2332073e-04  -1.2339304e-03
   4.5703547e-02   6.3804244e-02   1.2041473e-02  -1.1785549e-03  -3.0795521e-04  -1.4326443e-03
   3.5647730e-02   5.3419624e-02  -1.9232096e-03  -1.1626201e-03  -4.0365611e-04  -1.3486050e-03
   3.1085417e-02   4.7588487e-02   8.5275592e-03  -1.3323027e-03  -1.8321460e-04  -1.3756953e-03
   3.5333083e-02   7.2254621e-02  -1.7417959e-03  -1.1640765e-03  -1.9497036e-04  -1.3828901e-03
   3.0648626e-02   4.5847988e-02   1.1902605e-02  -1.2346039e-03  -1.9428008e-05  -1.4077476e-03
   2.6012813e-02   5.2609056e-02  -4.2755902e-02  -1.0310092e-03  -3.5690758e-04  -1.1405455e-03
   2.0128406e-02   5.9576708e-02  -7.5318426e-02  -1.3010641e-03  -1.8475192e-04  -9.9819953e-04
   2.9321859e-02   4.6126044e-02  -3.6641970e-02  -1.3108245e-03  -2.5830504e-04  -1.1583805e-03
   3.2764141e-02   5.5547686e-02  -3.8534287e-02  -1.4120476e-03  -3.6380458e-04  -1.3387192e-03
   3.0122704e-02   4.5795870e-02  -1.1793688e-02  -1.3668782e-03  -1.4902930e-04  -1.4163631e-03
   2.9087667e-02   3.9279818e-02   2.1681731e-02  -1.0240428e-03  -2.1420280e-04  -1.4486657e-03
   2.9618993e-02   4.9885657e-02   4.7408904e-03  -1.5011354e-03  -2.2587065e-04  -1.3970326e-03
   3.6117124e-02   5.8693893e-02   3.0960012e-04  -1.3382421e-03  -3.5746845e-05  -1.5551022e-03
   4.3700078e-02   7.3723937e-02  -2.2164208e-02  -1.8427327e-03  -4.3301901e-04  -1.4973363e-03
   4.7720138e-02   7.8385155e-02  -2.8688820e-02  -1.8287304e-03  -1.6910441e-04  -1.5707376e-03
   2.6942580e-02   1.0755760e-02   2.7727201e-02  -5.3522764e-04  -1.0342326e-03  -2.0171830e-04
   2.7753598e-02  -5.6219881e-02   7.6649307e-02   1.5006019e-03  -6.8230438e-04  -3.2624147e-04
   4.4453421e-02   5.2125147e-02  -4.3846012e-02  -1.2911857e-03   8.4148675e-04  -1.5923178e-03
   3.4465251e-02   6.4702087e-02  -3.1860353e-02  -1.9901126e-03  -1.5349321e-04  -1.0663155e-03
   2.6064676e-02   3.5961233e-02   8.3929336e-02  -1.1522113e-03   1.1737331e-05  -9.9329831e-04
   3.4495246e-02   8.6559195e-02  -7.6659035e-03  -2.6640821e-03  -3.3957828e-04  -1.2241936e-03
   1.4179401e-02   4.7446316e-02   1.2924870e-02  -2.2537329e-03   2.4214917e-04  -1.1953189e-03
   2.0046513e-02   1.2108441e-01  -3.8013098e-02  -2.5848240e-03   2.3617013e-04  -1.4586702e-03
  -1.4326330e-03   6.7746045e-02  -9.9273389e-03  -2.6050719e-03   2.3393831e-04  -1.2003251e-03
   1.8061350e-02   1.0886947e-01  -3.8738186e-02  -3.2692695e-03   2.9125787e-04  -1.5582037e-03
   7.0054765e-03   9.1398147e-02  -1.3028442e-02  -3.1708018e-03   3.9821826e-04  -1.5478346e-03
   1.7304880e-02   1.2183854e-01  -2.0823933e-02  -3.1511188e-03   8.6950655e-05  -1.6722510e-03
   8.5329258e-03   1.2247612e-01  -1.5594525e-02  -3.3574298e-03   1.4297148e-04  -1.6391087e-03
   5.0869784e-03   1.3657029e-01  -3.7836608e-02  -3.6706522e-03   3.6697295e-04  -1.6199327e-03
   1.5334558e-02   1.4017320e-01  -6.1099902e-03  -3.1263896e-03   6.7216645e-05  -1.6292433e-03
   6.7430086e-03   1.2748694e-01  -3.4903506e-02  -3.8484493e-03   5.9742345e-06  -1.5195350e-03
   1.8558135e-02   1.0491424e-01  -1.5789722e-02  -3.8869149e-03  -1.9371812e-04  -1.7037105e-03
   4.0740212e-02   1.6033773e-01  -5.6679163e-02  -4.4496381e-03  -2.2064976e-04  -2.0903907e-03
   4.9987100e-02   1.8593798e-01  -1.4329936e-01  -6.3506402e-03  -3.6334931e-04  -2.1617487e-03
   2.1362470e-02   1.4321154e-01  -5.9701904e-02  -4.4309145e-03  -2.5324395e-04  -1.7055433e-03
   3.8244747e-02   1.6939358e-01  -8.8172914e-02  -4.6799076e-03  -4.2521061e-04  -1.9139682e-03
   2.5529609e-02   1.5841734e-01  -8.7456335e-02  -5.1046152e-03  -4.7342267e-04  -1.7331613e-03
   2.9785865e-02   1.9697732e-01  -1.2564611e-01  -5.6851415e-03  -5.4375358e-04  -1.7326457e-03
   2.7615499e-02   1.9350015e-01  -1.2422774e-01  -5.9334942e-03  -7.0409832e-04  -1.5601396e-03
   4.2901480e-02   1.6802221e-01  -9.9999404e-02  -5.4288419e-03  -5.3660602e-04  -1.7871208e-03
   2.7616182e-02   1.6052732e-01  -1.2091478e-01  -6.3919487e-03  -1.0029244e-03  -1.0973420e-03
   3.7751494e-02   1.7561133e-01  -1.2274683e-01  -6.3542597e-03  -9.1510816e-04  -1.3812301e-03
   3.7241619e-02   1.6290836e-01  -1.0158249e-01  -6.1077819e-03  -9.9416548e-04  -1.2726085e-03
   3.9935559e-02   1.9135359e-01  -1.1391704e-01  -6.9221684e-03  -1.2318878e-03  -1.3889055e-03
   4.4111985e-02   2.1372809e-01  -1.1932794e-01  -7.0956963e-03  -1.2841715e-03  -1.6142161e-03
   2.3218243e-02   2.2979068e-01  -1.0962713e-01  -6.7678741e-03  -8.5261711e-04  -1.4092241e-03
   2.4913655e-02   2.1869275e-01  -1.1765850e-01  -6.4570903e-03  -9.3119374e-04  -1.3896210e-03
   3.0894397e-02   2.5220578e-01  -1.5531187e-01  -7.2476331e-03  -1.1266438e-03  -1.5180033e-03
   2.9033702e-02   2.4036248e-01  -1.4699229e-01  -7.0302659e-03  -9.6951950e-04  -1.6366283e-03
   2.5491857e-02   2.2718015e-01  -1.4254415e-01  -7.2364572e-03  -9.1378341e-04  -1.5967254e-03
   2.5068576e-02   2.5713337e-01  -1.4953420e-01  -7.4601741e-03  -9.6966966e-04  -1.4658694e-03
   2.7283419e-02   2.1480899e-01  -1.2304666e-01  -6.8923040e-03  -6.4456252e-04  -1.7119014e-03
   1.7750958e-02   2.1823727e-01  -1.5209532e-01  -7.2731438e-03  -5.6897804e-04  -1.5544561e-03
   8.0147655e-03   2.1272924e-01  -1.3641082e-01  -7.4199004e-03  -6.1507838e-04  -1.3077528e-03
   1.8370289e-02   2.1608766e-01  -1.2910147e-01  -7.1396419e-03  -6.8054680e-04  -1.3806651e-03
   2.9565444e-02   2.1878219e-01  -1.4014340e-01  -7.1290904e-03  -7.9163053e-04  -1.4986711e-03
   2.5910349e-02   1.9597174e-01  -1.2314967e-01  -6.7591349e-03  -8.0097018e-04  -1.3337197e-03
   2.3863565e-02   2.1202332e-01  -1.1216942e-01  -6.6364915e-03  -8.3318508e-04  -1.5652158e-03
   1.6380334e-02   2.1710082e-01  -1.4019776e-01  -7.2447824e-03  -1.0214910e-03  -1.2798150e-03
   3.1045276e-02   1.9112823e-01  -1.1811487e-01  -6.7800039e-03  -1.1061125e-03  -1.5164205e-03
   3.0774710e-02   2.2047827e-01  -1.2337041e-01  -7.1258242e-03  -1.4936799e-03  -1.4699669e-03
   1.7570733e-02   2.1985398e-01  -9.3469402e-02  -6.5267896e-03  -1.6224678e-03  -1.1268197e-03
   7.8220715e-05   1.9978363e-01  -7.4700382e-02  -6.1699021e-03  -1.5047519e-03  -8.0832211e-04
  -4.7704321e-03   2.0815622e-01  -7.3332452e-02  -5.9796345e-03  -1.6501372e-03  -6.6166614e-04
   1.5347299e-02   8.4880164e-02   8.0492301e-03  -4.2975071e-03  -1.8285895e-03  -4.7420544e-04
   3.8630832e-02   1.4748880e-01  -3.7326415e-02  -5.8733907e-03  -1.8132816e-03  -9.7572442e-04
   2.3692333e-02   1.7204114e-01  -3.5962629e-02  -5.7892227e-03  -1.8596100e-03  -8.5037816e-04
   2.9060781e-02   1.9097285e-01  -3.6274845e-02  -6.1599694e-03  -1.8530993e-03  -8.9909108e-04
   3.7027969e-02   2.0131969e-01  -2.9777411e-02  -5.9556346e-03  -2.1227106e-03  -9.8625811e-04
   3.0386330e-02   1.8280942e-01  -9.6344643e-03  -5.8007274e-03  -1.8058548e-03  -1.0314679e-03
   1.4512288e-02   1.6154203e-01  -2.6028292e-02  -5.5954521e-03  -1.7875898e-03  -7.5482663e-04
   1.6525598e-02   1.6257163e-01  -2.6796724e-02  -5.5806226e-03  -1.7500185e-03  -7.3169091e-04
   1.5251868e-04   1.7724880e-01  -4.5661243e-02  -5.4782921e-03  -1.6144543e-03  -5.6615787e-04
  -5.9307345e-04   1.8799831e-01  -3.1870704e-02  -5.6286675e-03  -1.4778470e-03  -6.5548754e-04
   1.6712028e-03   1.6477737e-01  -6.4400550e-02  -5.5087371e-03  -1.6347139e-03  -4.6881331e-04
  -3.4661305e-03   1.8252707e-01  -1.9175028e-02  -5.8056177e-03  -1.5716426e-03  -4.9100662e-04
   6.0616649e-03   6.8065514e-02  -1.1438028e-01  -3.7921443e-03  -2.2262211e-03  -2.8024358e-04
   4.7112146e-02   6.8313997e-02  -5.3375464e-02  -2.6110016e-03  -2.3384740e-03  -9.0597163e-04
   3.3683680e-02   2.0467151e-01  -2.7219711e-02  -4.5699140e-03  -2.4568717e-03  -9.1684360e-04
   3.5531434e-02   1.4176898e-01  -1.9153692e-02  -4.1188825e-03  -2.4543773e-03  -6.8155577e-04
   3.2922903e-02   1.5017043e-01  -1.6499862e-02  -4.5010130e-03  -2.4739876e-03  -6.3306200e-04
   4.1228432e-02   1.3738491e-01  -3.4758002e-02  -4.3809524e-03  -2.4568588e-03  -7.9060550e-04
   3.1950960e-02   1.4846724e-01  -1.9420516e-02  -4.3307503e-03  -2.4700830e-03  -6.0392474e-04
   4.8374004e-02   1.8861521e-01  -8.9796472e-02  -5.3384818e-03  -2.6407993e-03  -1.0000705e-03
   3.6933992e-02   1.6018769e-01  -5.0305159e-02  -4.7440686e-03  -2.3066834e-03  -9.4234063e-04
   3.0207097e-02   1.5435899e-01  -4.3326136e-02  -4.7610896e-03  -2.3040831e-03  -7.9379896e-04
   3.3329267e-02   1.5056152e-01  -4.1362262e-02  -4.8212818e-03  -2.4703297e-03  -8.4559412e-04
   2.5336700e-02   1.9624262e-01  -6.4473680e-02  -5.1284998e-03  -2.4174740e-03  -7.5353110e-04
   3.1504514e-02   2.1482719e-01  -7.5056621e-02  -4.9745890e-03  -2.4894412e-03  -7.3841779e-04
   4.7093631e-02   1.6036884e-01  -9.3664208e-03  -3.8433683e-03  -2.7194002e-03  -8.3398327e-04
   3.8834414e-02   1.4754037e-01   1.5811405e-02  -4.5334072e-03  -3.0358974e-03  -4.1813506e-04
   5.6708247e-02   1.8112168e-01  -1.6967481e-02  -4.8486210e-03  -3.1736439e-03  -8.3297228e-04
   5.3627213e-02   1.7291282e-01   7.2566023e-03  -4.4704032e-03  -3.2428259e-03  -7.3844456e-04
   4.4499589e-02   1.5184666e-01  -7.1178756e-03  -4.8045375e-03  -3.1129682e-03  -7.2090535e-04
   3.0500715e-02   1.7106941e-01   4.7352614e-03  -5.1097401e-03  -3.0882423e-03  -1.4369980e-04
   3.2846476e-02   1.8124450e-01   4.1853364e-03  -5.0120970e-03  -2.9673792e-03  -1.3606290e-04
   4.3815081e-02   1.5625249e-01   1.3665324e-02  -4.6056985e-03  -2.8526242e-03  -4.8422232e-04
   3.9469346e-02   1.4355129e-01   1.5807270e-02  -4.3670531e-03  -2.7908912e-03  -3.4760390e-04
   4.6362017e-02   1.7118803e-01  -8.0332905e-03  -4.7646583e-03  -2.9185589e-03  -4.7690540e-04
   3.9073676e-02   1.6292540e-01  -1.6663880e-02  -4.9040428e-03  -3.0259601e-03  -2.4492636e-04
   4.5581655e-02   1.6012806e-01  -1.5569363e-02  -5.2587719e-03  -2.8535686e-03  -4.5770254e-04
   4.9809794e-02   1.5696132e-01  -1.6044307e-02  -5.0893767e-03  -3.0402931e-03  -5.2159632e-04
   5.7609006e-02   1.5703608e-01   8.3712569e-03  -4.5314413e-03  -3.1023108e-03  -7.3722957e-04
   6.3793131e-02   1.8045006e-01  -2.1046934e-02  -4.8216332e-03  -3.0480393e-03  -7.0286437e-04
   5.4288525e-02   1.5729905e-01  -3.2415229e-02  -5.2190347e-03  -3.0749847e-03  -5.3409740e-04
   5.2793977e-02   1.5478557e-01  -3.0829183e-02  -5.2168367e-03  -3.1058292e-03  -6.0199746e-04
   6.1842958e-02   1.7093487e-01  -1.1086745e-02  -5.2562868e-03  -3.2775237e-03  -6.9350577e-04
   7.1480864e-02   1.8571223e-01   1.6110233e-02  -5.0064101e-03  -3.1921107e-03  -8.0052295e-04
   6.0543822e-02   1.9004036e-01  -1.7854986e-02  -5.6294177e-03  -3.3119633e-03  -5.9246855e-04
   6.9783057e-02   1.9555082e-01  -2.0296157e-02  -5.2452336e-03  -3.2970269e-03  -5.5402583e-04
   6.6663770e-02   2.0209458e-01  -2.0144151e-02  -5.4006344e-03  -3.2686700e-03  -4.5622106e-04
   7.8507373e-02   1.9883252e-01  -1.5388889e-02  -5.0561269e-03  -3.4276880e-03  -7.1029555e-04
   7.3140694e-02   2.0720348e-01  -2.4927818e-02  -5.1607877e-03  -3.3936337e-03  -5.9237566e-04
   8.1819449e-02   1.9435684e-01  -1.1504457e-02  -5.2527857e-03  -3.5859225e-03  -4.8893413e-04
   7.5108406e-02   2.0751525e-01   1.9254311e-02  -5.0623951e-03  -3.5322223e-03  -6.0533424e-04
   6.3778858e-02   1.8922037e-01   1.3872753e-02  -4.9247252e-03  -3.4732667e-03  -5.6955640e-04
   6.1863385e-02   1.5390909e-01   4.5290963e-02  -4.3697114e-03  -3.3097437e-03  -6.0293096e-04
   6.4494839e-02   1.5041045e-01   2.4698188e-02  -4.9747680e-03  -3.6120043e-03  -4.4054174e-04
   6.6089504e-02   1.5239734e-01   2.3438229e-02  -4.7515376e-03  -3.7166283e-03  -4.4204894e-04
