   0.0000000e+00   0.0000000e+00   0.0000000e+00   0.0000000e+00   0.0000000e+00   0.0000000e+00
  -8.5544862e-03   2.2505848e-02   1.5099508e-02  -1.7949326e-03   5.4244733e-04  -3.3349220e-04
  -1.4977483e-02   1.0625560e-01   1.1264458e-01  -5.8001954e-04   9.9138857e-04  -3.8011415e-04
  -1.7065530e-02   7.2842610e-02   9.8660675e-02  -2.0751373e-03   5.8067004e-04  -1.8498761e-04
   5.6342496e-03   1.0205595e-01   2.2719594e-01   1.1047034e-03   9.5100845e-04  -3.7777707e-04
   7.8035877e-03   9.5819367e-02   1.5846469e-01  -1.9679581e-03   9.9417389e-04  -1.1471986e-04
   1.7413075e-02   1.0780913e-01   1.8023057e-01  -2.7506162e-04   8.4297557e-04  -3.6850762e-05
   1.9958609e-02   1.4462111e-01   2.1343391e-01   1.5818661e-04   9.2274653e-04  -1.1969513e-04
   5.4297885e-03   1.6602926e-01   1.6388964e-01  -1.5367707e-04   1.0098939e-03   8.5886497e-05
  -5.3796874e-03   1.5172080e-01   1.1235334e-01  -2.0651332e-03   8.4624489e-04  -1.3101201e-05
  -9.3670235e-03   1.9623076e-01   2.2071254e-01   9.1870759e-04   9.4982259e-04   1.5782843e-04
  -1.8282917e-02   2.0592021e-01   2.7046789e-01   1.6902766e-03   8.1824209e-04   2.0152451e-04
  -2.0483613e-02   2.0368272e-01   1.8871156e-01  -6.8189386e-05   9.9132913e-04   1.2913419e-04
  -2.4390515e-02   2.1564319e-01   2.3438297e-01   1.0000331e-03   1.0089612e-03   2.5478705e-04
  -1.8257743e-02   2.1755380e-01   2.3482007e-01   1.4794256e-03   1.1268179e-03   7.4797155e-05
  -1.6654847e-02   2.1653388e-01   1.3398605e-01  -1.7105660e-03   1.1247644e-03   3.5386445e-04
  -1.0992484e-02   2.2519348e-01   1.5645413e-01  -5.2653123e-04   1.1370458e-03   1.0468922e-04
  -2.5553608e-02   2.1753584e-01   1.5708967e-01  -1.1979881e-03   1.2417015e-03   2.9712279e-04
  -1.4968827e-02   2.4148265e-01   1.4383021e-01  -3.8077259e-04   1.3081114e-03   8.3362291e-05
  -3.2827311e-02   2.4320845e-01   2.1686735e-01   6.7748106e-04   1.0621686e-03   7.4430198e-04
  -1.6678548e-02   2.7634725e-01   2.9761323e-01   4.1217988e-03   1.0805452e-03   1.2565505e-04
  -2.4462003e-02   2.5717178e-01   1.7770998e-01  -5.4523212e-05   1.3392029e-03   2.9366560e-04
  -4.6367612e-02   2.9243493e-01   1.0082005e-01   3.1679961e-04   9.8518601e-04   3.9000197e-04
  -4.1924270e-02   2.6928826e-01   9.7537524e-02  -1.9135459e-03   1.3253123e-03   7.2480643e-04
  -3.5598862e-02   3.1188884e-01   8.6037815e-02   2.2541906e-03   1.2339486e-03   1.2041995e-05
  -7.6829213e-02   3.0678674e-01   7.2190810e-01   1.9037270e-03   1.2698692e-03   2.0473940e-03
  -1.5650073e-01   5.5117784e-01   1.2764852e+00   9.8154896e-03   5.4689870e-03   5.4528358e-03
  -1.8639164e-01   5.3679421e-01   9.2161047e-01   1.6751222e-02   4.0643988e-03   2.1627533e-03
  -2.2633631e-01   5.5579670e-01   6.5243260e-01   1.0048843e-02   2.8436244e-03   2.8118066e-03
  -1.7687045e-01   5.6936203e-01   7.2838806e-01   1.1634967e-02   3.2696277e-03   2.2873652e-03
  -1.8628592e-01   5.8772176e-01   7.6604391e-01   1.1169506e-02   2.7006922e-03   2.5652033e-03
  -1.7928349e-01   5.3621998e-01   6.4208445e-01   9.3842808e-03   2.4730394e-03   2.3022282e-03
  -1.8084936e-01   5.7983220e-01   7.2070819e-01   1.0802667e-02   2.6766565e-03   2.4701426e-03
  -1.7874156e-01   5.8543241e-01   7.2426119e-01   1.1339547e-02   2.5330078e-03   2.1413807e-03
  -1.9495254e-01   5.7072707e-01   6.4263429e-01   9.2538866e-03   2.6251980e-03   2.4386926e-03
  -1.7727178e-01   5.6888906e-01   6.5067182e-01   9.6759498e-03   2.6837665e-03   2.1929292e-03
  -1.8494669e-01   6.1390804e-01   6.6605194e-01   9.1120890e-03   2.7657349e-03   2.3563555e-03
  -1.7557878e-01   5.8509338e-01   6.6574823e-01   9.4868809e-03   2.6461106e-03   2.1337768e-03
  -1.8519370e-01   5.8729173e-01   6.8520500e-01   1.0220728e-02   2.6356223e-03   2.2899484e-03
  -1.7735833e-01   5.8106943e-01   6.7589507e-01   1.0179390e-02   2.7799316e-03   2.1377101e-03
  -2.0043238e-01   6.1814249e-01   5.9725638e-01   8.6886753e-03   2.8554543e-03   2.5053632e-03
  -1.9223029e-01   5.7955558e-01   6.4986134e-01   9.6987548e-03   2.7278579e-03   2.3710228e-03
  -1.8440606e-01   5.8611685e-01   6.1269409e-01   9.1171811e-03   2.8509210e-03   2.4336214e-03
  -1.8930979e-01   5.7876973e-01   6.4458677e-01   9.9811388e-03   2.6203209e-03   2.4065035e-03
  -1.8365594e-01   5.9998628e-01   5.9776513e-01   9.3349445e-03   2.6261465e-03   2.4115029e-03
  -1.8249202e-01   5.8923377e-01   6.4696619e-01   1.0339484e-02   2.9968213e-03   2.5073151e-03
  -1.8069692e-01   6.1078627e-01   7.3352555e-01   1.2402125e-02   2.9244455e-03   2.3890749e-03
  -1.7795427e-01   5.8738590e-01   6.3588987e-01   9.9315076e-03   2.9613681e-03   2.3053900e-03
  -1.8561583e-01   6.2534188e-01   5.9328050e-01   9.4605041e-03   3.0616246e-03   2.5116285e-03
  -1.9812412e-01   5.9054494e-01   5.8830498e-01   8.7915212e-03   3.1593394e-03   2.4641172e-03
  -1.9540628e-01   6.2303141e-01   6.2281849e-01   1.0226424e-02   3.1437000e-03   2.6861932e-03
  -1.7871176e-01   5.9652344e-01   6.2021572e-01   9.3190319e-03   3.2342007e-03   2.3107579e-03
  -1.9126769e-01   6.4054233e-01   6.1478715e-01   1.0166854e-02   2.8760610e-03   2.4736843e-03
  -1.7693577e-01   6.0805463e-01   7.6528555e-01   1.2892889e-02   2.6393013e-03   2.1269564e-03
  -1.8231233e-01   5.8140809e-01   6.2664574e-01   9.9673944e-03   2.6411306e-03   2.4362446e-03
  -1.7396837e-01   5.4878222e-01   6.7947998e-01   9.9885290e-03   2.4053918e-03   2.0923160e-03
  -1.7998495e-01   6.0871082e-01   6.4274684e-01   1.0984530e-02   2.4815130e-03   2.1376436e-03
  -2.0500993e-01   5.9930039e-01   6.2941544e-01   9.7025620e-03   2.4873059e-03   2.3906823e-03
  -2.0435977e-01   6.2877798e-01   6.5831249e-01   1.1552786e-02   2.8639353e-03   2.3441528e-03
  -1.8542146e-01   5.8684527e-01   6.8020479e-01   9.3396318e-03   2.9246402e-03   2.1151022e-03
  -2.0785145e-01   6.4790114e-01   6.0653474e-01   1.0514297e-02   3.0521028e-03   2.3724546e-03
  -1.8634433e-01   6.0137106e-01   7.8242192e-01   1.1035597e-02   3.1529523e-03   1.9345472e-03
  -1.9742448e-01   6.4956874e-01   4.9613028e-01   8.9721322e-03   3.2354287e-03   1.4318354e-03
  -2.4260314e-01   5.6276838e-01   7.7536120e-01   7.2204938e-03   1.6245014e-03  -3.5592408e-04
  -4.3581410e-01   1.1035975e+00  -1.4942562e-01   2.0776584e-02   2.8827831e-03   1.1495638e-03
  -6.0566208e-01   1.4177245e+00  -2.2656902e-02   3.6681306e-02  -2.0065221e-03  -2.5721178e-03
  -5.7554581e-01   1.5472153e+00   1.0140558e+00   2.8431644e-02  -4.3960561e-03  -5.1553102e-03
  -5.9831263e-01   1.4119584e+00   7.8294488e-01   2.7937067e-02  -4.5352967e-03  -5.0986070e-03
  -5.8062296e-01   1.3457822e+00   9.3225379e-01   2.6647095e-02  -4.8590558e-03  -5.4792897e-03
  -5.9077915e-01   1.3554023e+00   8.4285399e-01   2.8375382e-02  -4.7575736e-03  -5.8205549e-03
  -5.7414543e-01   1.3395045e+00   8.9851203e-01   2.5682527e-02  -5.0200302e-03  -6.0527443e-03
  -5.8259214e-01   1.3537162e+00   8.5406383e-01   2.8289738e-02  -5.1584499e-03  -6.2296812e-03
  -5.7406894e-01   1.3088981e+00   9.0800111e-01   2.5662490e-02  -5.3333917e-03  -6.4277596e-03
  -5.7943793e-01   1.3359907e+00   8.3579220e-01   2.7934296e-02  -5.1206404e-03  -6.6108768e-03
  -5.5176862e-01   1.3279900e+00   1.0199527e+00   2.7531733e-02  -4.9041350e-03  -6.8775124e-03
  -5.9166804e-01   1.3080453e+00   7.6907415e-01   2.6958754e-02  -4.9126548e-03  -6.7917718e-03
  -6.4610750e-01   1.0635400e+00   1.3861612e+00   2.6489087e-02  -4.1583058e-03  -6.9165528e-03
  -8.1327209e-01   1.6334366e+00   1.4154760e+00   3.3648067e-02  -4.6934114e-03  -5.1206944e-03
  -8.0562910e-01   1.5765929e+00   1.0260851e+00   3.1406771e-02  -5.7615111e-03  -3.5756949e-03
  -7.5443678e-01   1.4023993e+00   1.0332961e+00   2.8377129e-02  -5.4244627e-03  -4.0316649e-03
  -7.5826050e-01   1.4717885e+00   8.9987716e-01   2.6423329e-02  -5.5878389e-03  -3.9604189e-03
  -7.3823930e-01   1.3950168e+00   1.0028787e+00   2.7735922e-02  -5.5055586e-03  -4.3758016e-03
  -7.4030810e-01   1.4434513e+00   9.9562143e-01   2.7722237e-02  -5.3385463e-03  -4.4675693e-03
  -7.2265964e-01   1.4098259e+00   1.0210945e+00   2.7736517e-02  -5.4029460e-03  -5.0604676e-03
  -7.3087957e-01   1.4585672e+00   9.0700433e-01   2.5807009e-02  -5.4058243e-03  -4.8651185e-03
  -7.1574057e-01   1.3838188e+00   9.1419057e-01   2.5833885e-02  -5.5722890e-03  -5.2692646e-03
  -7.1606935e-01   1.4309672e+00   8.8071631e-01   2.5191355e-02  -5.3010420e-03  -5.1766897e-03
  -7.0505478e-01   1.3769967e+00   8.8326278e-01   2.5280386e-02  -5.4555165e-03  -5.5823233e-03
  -7.0316355e-01   1.4106094e+00   8.2746453e-01   2.4313492e-02  -5.3021407e-03  -5.3329293e-03
  -7.1189227e-01   1.3467772e+00   8.1601582e-01   2.4411995e-02  -5.5035817e-03  -5.5295510e-03
  -7.0863904e-01   1.4397928e+00   8.1327446e-01   2.4126636e-02  -5.2036468e-03  -5.3768250e-03
  -7.0191989e-01   1.3614449e+00   8.4900831e-01   2.4849409e-02  -5.2454228e-03  -5.7159766e-03
  -7.0040205e-01   1.4363055e+00   8.4562649e-01   2.5146762e-02  -5.2999415e-03  -5.4111684e-03
  -6.9433148e-01   1.3388117e+00   8.1970233e-01   2.4104977e-02  -5.3162040e-03  -5.9659374e-03
  -6.9819166e-01   1.4519952e+00   8.3934986e-01   2.5346398e-02  -5.1614203e-03  -5.6091354e-03
  -6.9374095e-01   1.3154090e+00   8.7052912e-01   2.2765844e-02  -5.3028539e-03  -6.2806614e-03
  -7.0128438e-01   1.4569667e+00   9.1992154e-01   2.1361477e-02  -5.3511034e-03  -5.5467062e-03
  -6.9264922e-01   1.2507306e+00   8.5973950e-01   2.0659717e-02  -5.4388115e-03  -6.6234913e-03
  -7.0888386e-01   1.4973944e+00   9.2256105e-01   2.2006268e-02  -5.2936210e-03  -5.3003229e-03
  -6.8996728e-01   1.1828434e+00   9.7600919e-01   2.2706497e-02  -5.3956233e-03  -6.7755007e-03
  -6.9224203e-01   1.6537406e+00   8.0955831e-01   2.1124090e-02  -4.7001874e-03  -5.4663489e-03
  -3.6722025e-01  -5.0238983e-01   2.2178869e+00   2.7037979e-02  -6.8044110e-04  -1.6581218e-02
   9.4634891e-01  -6.6598012e+00   3.0967634e-01  -3.3379503e-02   3.3003876e-03  -7.8901638e-03
  -9.6118748e-01  -7.4044025e-01   2.0654088e+00   4.6824937e-03   2.6815992e-04   3.4992258e-02
  -7.6486308e-01  -1.9160958e+00   3.1272899e+00  -1.0648215e-02   5.1728406e-03   8.7416436e-03
  -1.0063664e+00  -6.8348701e-01   3.3159849e+00  -2.3496289e-03  -2.5291959e-03   7.7112579e-03
  -6.6785254e-01  -2.3437201e-01   3.2860502e+00   6.7392251e-03   1.3191622e-03   3.8192503e-03
  -3.0799349e-01   4.8634860e-01   3.0915896e+00   1.3524361e-02  -9.5926673e-03  -8.4154792e-03
  -3.9651898e-01   4.5058106e-02   2.9311725e+00   1.5077644e-02  -1.4516091e-02  -7.6476111e-03
  -3.1248516e-01   8.5132093e-02   2.8784162e+00   8.6304978e-03  -1.1268745e-02  -9.3939923e-03
  -3.5015277e-01   1.6949394e-02   2.8452618e+00   9.7195311e-03  -1.3310064e-02  -9.4367708e-03
  -3.2371088e-01   8.6965417e-02   2.8713742e+00   7.8917131e-03  -1.2463366e-02  -9.3305867e-03
  -3.1528351e-01   8.7114165e-03   2.7937783e+00   7.7937289e-03  -1.3217226e-02  -1.0424077e-02
  -3.0749758e-01   1.0401199e-01   2.8891437e+00   8.8604767e-03  -1.3095078e-02  -9.8254491e-03
  -2.9289279e-01   3.8576377e-02   2.8418505e+00   9.4924535e-03  -1.3888368e-02  -1.0113961e-02
  -2.8644436e-01   7.0438646e-02   2.7784147e+00   6.7686256e-03  -1.3646300e-02  -9.8977828e-03
  -2.8171887e-01   4.4638728e-02   2.7571316e+00   7.8200428e-03  -1.4019337e-02  -1.0366064e-02
  -2.6774011e-01   1.1528408e-01   2.7522148e+00   7.4731104e-03  -1.4073552e-02  -1.0013393e-02
  -2.6086304e-01   4.2330161e-02   2.6996811e+00   6.8430221e-03  -1.4050020e-02  -1.0424377e-02
  -2.5428344e-01   1.0834893e-01   2.7093836e+00   6.3581820e-03  -1.4281110e-02  -1.0335707e-02
  -2.3897629e-01   4.4791060e-02   2.6562613e+00   6.0124092e-03  -1.4506395e-02  -1.0800844e-02
  -2.2969548e-01   9.1343201e-02   2.6827239e+00   6.0522870e-03  -1.4212579e-02  -1.0588414e-02
  -2.3449139e-01   6.8872897e-02   2.6676403e+00   7.0552763e-03  -1.4550916e-02  -1.0896135e-02
  -2.3053649e-01   7.9414330e-02   2.6999804e+00   6.5357147e-03  -1.4380744e-02  -1.0718728e-02
  -2.3824595e-01   5.7861211e-02   2.6674408e+00   6.1660075e-03  -1.4477065e-02  -1.1042824e-02
  -2.6521862e-01   8.7886935e-02   2.6668599e+00   5.0479131e-03  -1.4892674e-02  -1.0362929e-02
  -2.5269009e-01   3.7652253e-02   2.5900001e+00   5.0819392e-03  -1.4746006e-02  -1.1057076e-02
  -2.4071785e-01   8.2853068e-02   2.9069241e+00   7.1671340e-03  -1.4906196e-02  -1.1563742e-02
  -2.2776048e-01   1.4840149e-01   2.3813917e+00   9.5304424e-03  -1.5421007e-02  -1.1839730e-02
