   0.0000000e+00  -7.1054274e-15  -1.4210855e-14  -2.7755576e-17   1.7347235e-18  -8.6736174e-19
  -3.5508128e-04   1.1506981e-02  -2.6102102e-02  -2.4258773e-04  -2.0152418e-05   7.4367005e-05
  -5.3389504e-03   4.9565316e-03  -4.1635068e-02  -1.5527354e-04  -1.0277282e-04   1.7415779e-04
  -1.0225335e-02  -5.2668693e-02  -5.2041676e-02  -5.0410881e-04  -2.3748082e-04   1.3720221e-04
  -9.0441255e-03   2.4143046e-02  -2.7329164e-02   1.1929746e-04  -2.0490040e-04   2.2252978e-04
  -3.8517681e-03  -2.0520483e-02  -1.8039638e-02  -1.0828300e-04  -2.4438316e-04   2.1366999e-04
  -3.1458203e-03   3.1096455e-02  -3.4144573e-02  -2.5871593e-04  -1.2381462e-04   3.1642560e-04
  -2.9539879e-03  -2.9871027e-02  -2.9401715e-02  -2.9874444e-04  -5.3734388e-05   3.8394191e-04
  -7.8192778e-03  -1.9372255e-02  -3.9203237e-02  -3.8274344e-04  -8.5780212e-05   3.7362274e-04
  -5.5850384e-03   1.6321980e-02  -3.1844344e-02  -1.9803031e-04   6.6849283e-05   3.0819471e-04
   2.5266544e-03  -2.0779951e-04  -2.7337328e-02  -4.6236589e-04   1.2747925e-04   1.9238883e-04
   3.0871011e-03   3.5333761e-02  -1.5179086e-02  -3.5249956e-04   1.3773693e-05   3.3101179e-04
   8.2217774e-03  -1.2372528e-02  -1.3878574e-02  -6.0726313e-04   2.2025143e-04   2.7571720e-04
   6.4962824e-03   4.8141047e-02  -1.9692728e-02  -4.2892793e-04   1.7262829e-04   2.4448815e-04
   1.1545572e-02  -2.2920289e-02  -2.5446619e-02  -7.5525422e-05   4.8166207e-04   2.6849063e-04
   6.4788278e-03   1.7422332e-02  -1.0840482e-02  -4.3581288e-05   3.9537810e-04   3.2808672e-04
  -2.7354812e-03   3.3653944e-02  -1.9574208e-02  -1.7638527e-04   3.1455032e-05   4.2422780e-04
   6.4752311e-03  -2.7725819e-03  -1.7014415e-02  -2.6172855e-04   1.5001959e-04   4.0483866e-04
   7.3776865e-03   5.9102955e-02  -2.2599990e-02  -4.0003295e-04   2.2691450e-04   3.4606651e-04
   1.3100722e-02   4.9407623e-03  -1.0105790e-02  -1.1551839e-04   1.1931106e-04   2.8903669e-04
   8.0375998e-03   1.2514224e-02  -1.9215062e-02   2.3717274e-04   1.0210087e-05   2.8127113e-04
   1.3869277e-02   5.6909514e-02  -3.6040406e-03  -3.5365682e-04   2.5864072e-04   3.4023673e-04
   1.5797970e-02   8.3121612e-03  -2.8325329e-02  -4.5702858e-04   2.0576689e-04   2.5931325e-04
   1.4718398e-02  -1.9877781e-03  -2.6892219e-02  -5.6281865e-04   2.1083406e-04   3.3657007e-04
   1.4671552e-02   5.3022747e-02  -1.4255683e-02  -6.0710229e-04   2.5360566e-04   3.6048115e-04
   1.8103944e-02  -2.8548041e-02  -3.5131887e-02  -5.6482019e-04   3.9637671e-04   4.6749526e-04
   2.2992020e-02   2.0606634e-02  -9.1498172e-03  -8.2902909e-04   3.5003925e-04   3.3105645e-04
   1.8775134e-02   9.7756109e-03  -3.2272181e-02  -4.7948072e-04   1.9626772e-04   4.9600056e-04
   2.7316150e-02  -2.8560557e-02  -1.4301453e-02  -8.1769840e-04   3.1021604e-04   3.5263803e-04
   2.1365033e-02   5.0941200e-02  -2.5388583e-02  -4.7044264e-04   2.6496626e-04   4.0928784e-04
   2.4017813e-02  -4.1475501e-02  -1.8205385e-02  -7.2038040e-04   2.6241401e-04   3.7509761e-04
   1.7789315e-02   5.5607963e-02  -4.8007082e-04  -4.1018727e-04   3.2854920e-04   4.8506610e-04
   2.0542452e-02  -5.5872691e-02  -4.9352143e-03  -3.3285437e-04   2.2337606e-04   5.1038322e-04
   2.3158072e-02   9.2407113e-03  -1.9522570e-02  -9.9391580e-04   2.1966021e-04   3.5322711e-04
   1.6471004e-02  -1.3494401e-02  -4.0673485e-02  -6.9840829e-04   1.7251421e-04   4.3929017e-04
   1.5572746e-02  -4.1163380e-02  -3.4275961e-02  -8.6295399e-04   2.8108997e-04   3.6171421e-04
   1.5755492e-02   4.9642956e-02  -3.1988487e-02  -8.4864769e-04   3.1684368e-04   3.5151509e-04
   1.9527576e-02  -6.2874973e-02  -4.6782897e-02  -9.6290765e-04   4.1936356e-04   3.2102217e-04
   1.5218611e-02   7.0000252e-02  -2.1408840e-02  -8.9446535e-04   3.6236087e-04   3.3176613e-04
   1.3923551e-02  -9.1697517e-02  -4.5385995e-02  -9.7437799e-04   2.7892994e-04   2.7226213e-04
   1.5595168e-02   4.7110133e-02  -2.3549016e-02  -1.1010287e-03   3.8397665e-04   2.1798071e-04
   2.0903867e-02  -6.1638729e-02  -3.4633515e-02  -6.8426350e-04   5.5817166e-04   6.2336591e-05
   2.1063814e-02   1.2693503e-02  -2.2259349e-02  -7.7994402e-04   4.6353113e-04   1.2731181e-05
   1.6800166e-02  -2.0850650e-02  -2.5569600e-02  -7.6087429e-04   5.3902885e-04   1.8958097e-04
   1.5633604e-02  -1.1503141e-02  -6.8109634e-03  -1.0906076e-03   5.1069638e-04   1.5234793e-04
   1.8659408e-02   7.4862073e-03  -3.8738315e-02  -9.4513504e-04   5.2604393e-04   2.0561109e-04
   1.5487385e-02  -4.8809367e-02  -2.9179305e-02  -1.2631913e-03   4.2114718e-04   2.1564045e-04
   1.5964316e-02  -7.9183583e-03  -3.3843232e-02  -1.1979441e-03   3.0911847e-04   1.6652592e-04
   2.4623709e-02   1.3794250e-02  -1.5535788e-02  -1.2396631e-03   5.5988784e-04   1.0174331e-04
   2.6990440e-02  -4.9784434e-02  -1.9862515e-02  -1.1940630e-03   4.6397620e-04   2.8726561e-05
   1.9753272e-02  -2.7590093e-02   2.8387970e-03  -1.2381408e-03   5.0000369e-04   6.3744306e-05
   2.1728420e-02   4.9889953e-02   1.1796155e-03  -1.1301345e-03   6.4643085e-04   2.2049534e-04
   1.9581879e-02  -7.6864087e-02  -2.3554199e-02  -1.1816262e-03   6.6513394e-04   2.0517517e-04
   1.6936496e-02   4.9113313e-02   1.4900164e-02  -8.2202312e-04   5.5679165e-04   1.9896046e-04
   2.3103191e-02  -4.2654995e-02  -3.9486519e-03  -7.9290728e-04   7.1167196e-04   1.5707585e-04
   3.4916214e-02   2.6319841e-03   4.1126941e-03  -5.4807167e-04   1.0036168e-03   5.9038654e-05
   3.6004404e-02   3.5091446e-02  -4.8139350e-03  -2.4575335e-04   1.0102818e-03   1.0756309e-04
   3.4381994e-02  -4.9239353e-02  -2.1997390e-02  -1.0937590e-03   9.2340503e-04   9.8699758e-05
   3.9010239e-02   3.8569446e-02  -6.8152038e-04  -8.8944527e-04   1.0563990e-03   3.6324683e-05
   3.5756367e-02  -1.8865299e-02   2.1375756e-03  -7.6106777e-04   9.4515396e-04   1.6927399e-04
   3.9080435e-02  -8.4287780e-03   3.1882900e-03  -1.1209515e-03   1.0364014e-03   1.0550658e-04
   3.6950149e-02   1.5252023e-02  -2.4968881e-02  -8.0871814e-04   1.0386545e-03   1.4153028e-04
   3.9429997e-02  -3.5158654e-02  -9.7993086e-03  -9.7393532e-04   1.1468946e-03   9.3291427e-05
   3.1967315e-02   3.9695852e-02  -2.3708839e-02  -1.0208736e-03   9.5915796e-04   1.4205552e-04
   3.3899609e-02  -7.0936458e-02  -2.9803637e-02  -9.6392700e-04   9.8450698e-04   1.7334573e-04
   3.0598715e-02   8.3613777e-03  -3.7067316e-02  -1.3330869e-03   1.0053118e-03   1.7361452e-04
   3.3906215e-02  -5.5302441e-02  -4.8785041e-02  -1.0380287e-03   9.9853366e-04   1.1719240e-04
   4.2159530e-02  -3.4371413e-03  -2.3700174e-02  -1.3427838e-03   1.0254514e-03   9.8480926e-05
   4.9179345e-02  -2.6484237e-02  -2.6944760e-02  -8.6776430e-04   9.6726943e-04   1.2165529e-04
   4.4974324e-02  -5.3891216e-02  -1.3637149e-02  -1.2087756e-03   8.4332208e-04   8.0743049e-06
   4.0071644e-02  -1.1439605e-02  -2.6563332e-02  -1.3722049e-03   7.5818771e-04   5.5587169e-05
   4.0983015e-02  -8.5133789e-02  -4.8257632e-02  -1.5364868e-03   8.1197583e-04  -9.7248117e-05
   3.8099313e-02   8.4803160e-03  -1.5771727e-02  -1.4606325e-03   7.7622233e-04  -6.1426753e-05
   4.0748571e-02  -5.4384836e-02  -2.4501481e-02  -1.3541391e-03   8.1129870e-04  -6.6235317e-05
   4.1641603e-02  -4.1392757e-02  -7.5148972e-03  -1.4734419e-03   8.2447831e-04  -1.1846695e-04
   4.1926338e-02   5.5199064e-03  -1.7007487e-02  -1.0783698e-03   9.4959618e-04  -1.0165295e-04
   4.5239534e-02  -7.7162429e-02   2.8347441e-03  -1.1399682e-03   1.0418381e-03  -1.4616712e-04
   4.7579388e-02   1.5510207e-02   1.2263709e-02  -1.0159019e-03   1.0822022e-03  -1.8292229e-04
   5.3013566e-02  -6.9312004e-02   2.8249039e-02  -7.3914304e-04   1.2646190e-03  -2.4681597e-04
   5.2183148e-02  -7.0300730e-03   1.6465564e-02  -8.8708803e-04   1.1074707e-03  -2.8130206e-04
   4.8676377e-02  -2.4235270e-02  -7.0786234e-03  -5.8247353e-04   1.0882728e-03  -2.3567064e-04
   5.1432876e-02  -6.5500179e-02  -7.0640863e-03  -8.9230303e-04   1.1477641e-03  -3.9847244e-04
   4.3699586e-02   2.5734522e-02  -1.1927857e-02  -7.4733414e-04   8.7572852e-04  -3.8059358e-04
   4.5587978e-02  -8.6501941e-02  -2.4821772e-02  -5.6903925e-04   1.0412752e-03  -3.2077342e-04
   4.7021740e-02   1.3100368e-02  -8.2480788e-04  -7.9944918e-04   1.0139049e-03  -4.9087454e-04
   4.8943234e-02  -3.3123144e-02   4.9382166e-03  -2.0410770e-04   1.1416887e-03  -4.6901219e-04
   5.7243906e-02  -3.0595101e-02   1.9851851e-02  -4.6118909e-04   1.1932009e-03  -4.3894664e-04
   5.4429681e-02  -7.8178433e-03   8.0503932e-03  -4.0200451e-04   1.0133254e-03  -3.7661833e-04
   6.0845806e-02  -2.6607930e-02   1.0571596e-02  -7.4198595e-04   1.2276102e-03  -3.9581723e-04
   5.9371297e-02   2.6550545e-02  -1.3983045e-02  -6.0397427e-04   1.2406125e-03  -2.5500419e-04
   5.7266829e-02  -4.5333378e-02  -1.2481009e-02  -6.5571906e-04   1.3932944e-03  -2.6898142e-04
   5.9711822e-02   3.0271537e-02   3.1254752e-02  -6.5453231e-04   1.3322040e-03  -2.2087213e-04
   7.1457374e-02  -3.1991538e-02   5.2888192e-02  -7.2000187e-04   1.5979450e-03  -2.7840342e-04
   8.1834630e-02   5.4212177e-03   2.1366189e-02  -1.0768595e-03   1.7804302e-03  -2.8329731e-04
   7.8820487e-02  -2.9280119e-02   1.5268509e-02  -9.0154888e-04   1.9905050e-03  -1.9079449e-04
   6.9458105e-02   1.5455767e-02   1.5496916e-03  -1.0178623e-03   1.7193447e-03  -2.5880110e-04
   7.5975060e-02  -2.2404579e-02   3.7713656e-02  -6.1286532e-04   1.9748550e-03  -3.1414137e-04
   7.4770175e-02  -6.4538749e-03   3.9239320e-02  -7.7191430e-04   1.8420015e-03  -3.9929593e-04
   7.2751559e-02   1.9060582e-03   1.8889574e-02  -7.0425434e-04   1.8019780e-03  -3.0904062e-04
   7.4845526e-02  -8.6615940e-02   9.2412778e-03  -7.6032905e-04   1.7956773e-03  -4.8753140e-04
   6.6392792e-02   9.5608320e-03   4.0535848e-02  -5.8334985e-04   1.6605937e-03  -2.9879858e-04
   6.7987596e-02   1.8591253e-03   2.8846857e-02  -7.1705634e-04   1.7879558e-03  -2.5885231e-04
   7.3012721e-02   1.0191959e-02   4.1850222e-02  -4.4350895e-04   1.9036329e-03  -2.7102331e-04
   7.3631628e-02  -2.0059254e-02   5.3545015e-02  -7.4381350e-04   1.8932960e-03  -3.0020916e-04
   7.8512780e-02   3.4292093e-02   3.2265083e-02  -4.3915558e-04   1.9618093e-03  -1.6666549e-04
   8.2889273e-02  -4.3452696e-02   2.6783052e-02  -4.6447693e-04   1.9455968e-03  -1.5625335e-04
   8.3358964e-02   4.7410205e-02   2.6828009e-02  -4.5029015e-04   1.8447504e-03  -9.2351947e-06
   8.5988311e-02  -4.8458828e-02   1.4188093e-02  -4.6713766e-04   1.8582895e-03  -3.1796693e-05
   8.1182483e-02   3.8528357e-02   5.8690417e-03  -5.4412076e-04   1.7151533e-03  -6.6758943e-05
   8.0573810e-02   1.1085158e-02  -1.9358595e-02  -3.4815108e-04   1.7066897e-03   9.8674988e-06
   7.8214131e-02  -1.9726923e-02   2.3018457e-02  -4.0366958e-04   1.7256768e-03  -4.5318503e-05
   7.1811683e-02   9.9710555e-03  -4.3067835e-04  -2.9661623e-04   1.3309970e-03   9.3540336e-05
   7.1087190e-02  -1.5329716e-02   6.6417887e-03   2.5530137e-04   1.3147184e-03   9.9064279e-05
   7.5034763e-02   3.7068478e-02   1.8101977e-02  -2.0269312e-05   1.3236064e-03   4.7411043e-06
   7.2176594e-02  -3.2041536e-02  -2.0522595e-02   1.2814304e-04   1.3201530e-03   4.9802217e-05
   7.7762636e-02   6.7123887e-02  -5.8122184e-03   1.8714602e-04   1.4168352e-03   2.2656027e-05
   6.8302316e-02   2.4607349e-02  -7.1867941e-03  -9.2593167e-05   1.1063147e-03   1.4590004e-04
   6.8611146e-02  -5.9769504e-03   2.4263823e-02   7.3835837e-05   1.3136113e-03  -1.2237155e-04
   6.1113302e-02   6.5572455e-02   4.2345923e-02   3.0601711e-04   1.1229993e-03  -1.2411585e-04
   7.1934662e-02  -2.7504490e-02   6.1662026e-02   3.2816419e-04   1.2882262e-03  -3.0354710e-04
   7.2958041e-02   4.3540489e-02   5.8668605e-02   1.5860032e-04   1.1764268e-03  -2.4873290e-04
   7.2871795e-02   1.0114918e-02   5.9690717e-02   3.1775561e-04   1.3309091e-03  -2.7666272e-04
   7.9019991e-02  -1.3596008e-02   6.5490462e-02   2.2734741e-04   1.3793049e-03  -2.7473930e-04
   7.7526047e-02   2.9660280e-02   8.7554636e-02   4.9119998e-04   1.5227169e-03  -3.0178039e-04
   7.5544068e-02  -1.3766275e-02   9.8147899e-02   1.1659767e-04   1.3567445e-03  -4.4934023e-04
   7.2467446e-02   4.9204629e-02   8.7237951e-02   3.6459174e-04   1.3619061e-03  -5.1244662e-04
   7.5270689e-02  -6.1481832e-02   7.7067743e-02   1.7210141e-04   1.5387666e-03  -5.7985031e-04
   7.2453653e-02   5.5690301e-02   1.1120318e-01   3.2985590e-04   1.5121719e-03  -7.0572308e-04
   7.2917028e-02  -5.3436441e-02   8.9552224e-02   3.9328380e-04   1.5172768e-03  -7.8853413e-04
   7.2441616e-02   1.1834642e-02   1.2057924e-01   2.6622592e-04   1.5773750e-03  -7.7347129e-04
   7.4674788e-02   4.3655679e-03   9.7092741e-02   5.3492842e-04   1.6453840e-03  -7.3558803e-04
   7.5475215e-02  -1.9886388e-02   8.9588548e-02   5.1914585e-04   1.6156835e-03  -7.5180905e-04
   7.6134702e-02   3.8528744e-02   9.3514243e-02   6.8661674e-04   1.7189282e-03  -8.0148100e-04
   8.1656518e-02  -1.4079143e-02   9.0310430e-02   1.1285888e-03   1.7945639e-03  -9.7315330e-04
   7.4573375e-02   4.4580673e-02   6.9707176e-02   1.0807219e-03   1.3485608e-03  -9.9357687e-04
   7.9255205e-02   8.7355943e-03   7.0327295e-02   1.1089282e-03   1.5886147e-03  -1.0311351e-03
   8.2170842e-02   2.8871333e-02   6.8100590e-02   9.3753937e-04   1.7102385e-03  -1.2989990e-03
   6.9984123e-02   4.4661722e-02   4.3133798e-02   4.4150849e-04   1.3580548e-03  -1.0219430e-03
   6.8349523e-02  -2.2771535e-02   5.3924968e-02   7.0899429e-04   1.3846629e-03  -1.1378370e-03
   6.5712243e-02   7.4888831e-02   8.3762527e-02   8.9842682e-04   1.2999103e-03  -1.0947883e-03
   6.7846580e-02  -3.4890789e-02   8.4947495e-02   1.4287647e-03   1.4833750e-03  -9.1562228e-04
