   0.0000000e+00   0.0000000e+00  -7.1054274e-15  -6.9388939e-18   0.0000000e+00   0.0000000e+00
   5.0144979e-03  -2.0859136e-02   6.8342428e-02   9.0907429e-04  -4.7045744e-04   4.3404520e-04
   9.8966029e-03   2.7760187e-02  -2.9728633e-02  -1.1753311e-03  -3.6561147e-04  -6.6595632e-05
  -9.3570622e-04   5.6615416e-02  -2.2546512e-02  -6.9034961e-04  -6.5905218e-04  -5.9281513e-04
  -1.0599454e-02   5.6003488e-02  -6.1322924e-03   5.6711751e-04  -8.1131801e-04  -2.1236714e-04
   2.0391385e-02   5.0160778e-02  -4.4264558e-02  -1.2769872e-03  -9.5857527e-05  -8.6113133e-04
  -6.4654939e-03   9.0554457e-02   7.4742846e-03  -5.0020559e-04   2.6791896e-04  -6.6133377e-04
   2.4261966e-03   7.5455043e-02  -2.7597514e-03   2.2995255e-04   5.6246692e-04  -9.3880661e-04
  -2.8380545e-03   8.7643609e-02  -1.0017850e-01  -1.4374672e-03   3.4398338e-04  -6.6109890e-04
   3.1421297e-03   1.2096065e-01  -7.8857638e-02  -5.5807304e-04   5.6284623e-04  -8.1518152e-04
   4.8159542e-03   1.0111316e-01  -1.1270616e-01  -1.0042297e-03   2.6823692e-04  -5.7049583e-04
   1.3509046e-02   1.1120522e-01  -7.9401821e-02  -1.9056075e-04   5.7692654e-04  -6.8462012e-04
   4.5651666e-03   1.2402759e-01  -1.2087288e-01  -5.1531774e-04   4.7743683e-04  -4.0497588e-04
   1.2764483e-02   1.1265900e-01  -1.2582892e-01  -1.6699893e-04   7.4550424e-04  -6.5343334e-04
   4.6446945e-03   1.1067548e-01  -1.6536853e-01  -6.6606272e-04   5.1659336e-04  -2.7686221e-04
   1.7354628e-02   1.1390655e-01  -1.3640667e-01   4.1935818e-04   9.1984517e-04  -6.8646015e-04
   1.8407095e-02   1.1640691e-01  -8.3958776e-02   1.7563059e-03   8.7143198e-04  -6.2796165e-04
   6.0814566e-03   1.1914750e-01  -2.0858822e-01  -4.2056926e-04   5.9031461e-04  -3.9659615e-04
   8.5818054e-03   1.1890293e-01  -1.8800818e-01   2.9776108e-04   8.3997898e-04  -4.6000711e-04
  -1.0658268e-02   1.3354064e-01  -2.0035340e-01   1.8142203e-04   5.9292770e-04  -3.0921799e-04
  -3.2503001e-03   1.1043204e-01  -1.9471638e-01   6.3254289e-04   7.5507158e-04  -2.3065826e-04
   4.5787438e-03   1.1713964e-01  -2.1338004e-01   1.7093143e-04   8.5756353e-04  -3.0771329e-04
   4.9495211e-03   1.3738781e-01  -1.8897418e-01   1.1223709e-03   8.1774496e-04  -2.9823277e-04
  -3.0654287e-04   1.2323548e-01  -2.4503679e-01   2.4025384e-04   7.4945152e-04  -2.4674978e-04
   7.6022730e-03   1.1381855e-01  -2.1944552e-01   1.2461619e-03   8.9835581e-04  -3.3138605e-04
  -4.0649757e-04   1.3695116e-01  -1.8308948e-01   1.4366236e-03   7.0206964e-04  -5.9280313e-04
  -1.3035474e-02   1.0737745e-01  -2.0894452e-01   1.3324719e-03  -1.2074506e-04  -3.3056282e-04
  -5.0545818e-03   1.1792094e-01  -1.5993254e-01   1.8215232e-03   1.8471416e-04  -5.0275196e-04
   3.7836733e-03   8.1540132e-02  -1.5653317e-01   1.4205566e-03   4.0793634e-04  -1.0193142e-03
   4.2371686e-04   8.0979968e-02  -1.7733029e-01   1.3786880e-03   8.3038969e-05  -5.8586396e-04
  -2.2753975e-02   1.0950564e-01  -1.8946372e-01   1.0368117e-03   2.5752399e-04  -2.1480670e-04
  -2.4006818e-02   1.1221751e-01  -1.8003790e-01   1.0588576e-03   6.7138717e-04  -3.4629400e-04
  -3.5304788e-02   1.2387393e-01  -1.8736800e-01   1.4076436e-03   3.5176029e-04  -6.7489785e-05
  -2.6048391e-02   1.3035442e-01  -1.3142398e-01   2.3434892e-03   4.7743671e-04  -1.5401558e-04
  -9.9913861e-07   1.1431828e-01  -1.3730318e-01   2.1586285e-03   5.7384224e-04  -4.0424824e-04
  -2.4119627e-02   1.1409521e-01  -2.0091874e-01   1.6420725e-03   1.6283210e-04   2.2451591e-04
  -1.5588136e-02   1.3623033e-01  -1.6612711e-01   2.5570474e-03   5.6645525e-04  -1.4019019e-04
  -2.2781550e-03   1.2932767e-01  -1.5051026e-01   3.2440582e-03   3.4496929e-04   7.7476847e-05
  -4.5589667e-04   1.0277495e-01  -2.1471543e-01   2.0352158e-03   6.1822600e-05   2.7167682e-04
  -5.4167386e-03   1.3268714e-01  -1.8072116e-01   2.7440740e-03   2.6340668e-04   2.4761692e-04
  -1.0168505e-02   1.3931921e-01  -2.0327128e-01   2.7912109e-03  -1.1440824e-05   2.8621241e-04
   1.8595095e-03   1.1739940e-01  -2.2266773e-01   2.6248210e-03   1.6610062e-04   3.3071516e-04
   1.1824013e-02   1.1828354e-01  -2.1321996e-01   2.6813535e-03   6.8555559e-05   3.0026434e-04
   1.3940154e-02   1.1975837e-01  -2.1988530e-01   2.8866662e-03   1.2195687e-04   3.1069516e-04
   7.2429042e-03   1.0620944e-01  -2.1115629e-01   3.4082374e-03   3.0410795e-04   2.4474728e-04
   2.3323513e-02   1.3703171e-01  -2.1298044e-01   3.1996916e-03   4.0971593e-04   7.2362793e-05
   1.1745734e-02   1.3328553e-01  -2.7101251e-01   2.3512081e-03  -4.7208686e-05   1.3790882e-04
   1.2243455e-02   1.1901590e-01  -3.1530588e-01   2.0489737e-03   1.5824160e-04   1.4203152e-04
   1.6040798e-02   1.5394453e-01  -3.3459545e-01   1.8002106e-03   1.0367692e-04   2.0716274e-04
   1.2536608e-02   1.5038161e-01  -2.8922116e-01   2.5747718e-03   1.9680876e-05   3.2235193e-04
   2.4606168e-03   1.5069678e-01  -2.6442623e-01   3.0988371e-03  -9.7758857e-05   4.1190929e-04
   2.1961830e-02   1.2497808e-01  -2.7984223e-01   2.4989577e-03   1.5060962e-04  -2.7995605e-04
   2.7779877e-02   1.2144098e-01  -2.5474465e-01   2.7886809e-03   2.3659801e-04  -1.8175672e-04
   2.3514937e-02   9.2723053e-02  -2.5670856e-01   2.7144270e-03   8.5423341e-05  -1.2031606e-04
   3.7545480e-02   9.7768038e-02  -2.6651099e-01   2.4067530e-03   3.7996340e-05  -5.2624310e-04
   8.9431908e-03   1.0618985e-01  -2.3608707e-01   2.7039702e-03   5.2578358e-05  -2.7079209e-04
   1.6310667e-02   1.3157130e-01  -2.7675539e-01   2.2095040e-03   2.1304491e-05  -2.1663395e-05
   2.0945754e-02   1.3624689e-01  -2.6871294e-01   2.8567278e-03  -3.2239343e-04   1.3313966e-04
   3.7097691e-02   1.4141164e-01  -2.2031780e-01   3.2523935e-03  -4.3888061e-05  -2.7584203e-04
   3.9288194e-02   1.5208766e-01  -1.8271960e-01   4.0572766e-03   3.8813578e-04  -7.8094435e-05
   2.6467196e-02   1.3571656e-01  -2.4049092e-01   3.0873777e-03   6.0830346e-05   2.3764061e-04
   2.8365609e-02   1.5558400e-01  -2.1328520e-01   3.3134623e-03   3.4496518e-04   1.8432124e-04
   3.7177206e-02   1.3570018e-01  -1.5642453e-01   4.0178688e-03   6.4683931e-04   1.2864734e-04
   3.5578751e-02   1.4871482e-01  -1.9049342e-01   3.7274437e-03   3.8706987e-04   3.7301092e-04
   3.6334966e-02   1.4091848e-01  -2.2049157e-01   3.4165542e-03   4.4770985e-04   3.8211831e-04
   3.8128099e-02   1.6378469e-01  -1.9239915e-01   3.6741540e-03   5.5708447e-04   3.8054708e-04
   3.8022724e-02   1.6159896e-01  -2.2360455e-01   3.5794060e-03   5.2373959e-04   5.2118389e-04
   3.7667612e-02   1.4462134e-01  -2.9405884e-01   2.1991005e-03   3.9032298e-04   4.0163032e-04
   2.2072653e-02   1.4709319e-01  -2.7153252e-01   3.2246056e-03   7.4334190e-04   5.6899930e-04
   3.2249951e-02   1.5365487e-01  -2.5888795e-01   3.5462416e-03   8.4856913e-04   6.0395273e-04
   3.4788621e-03   1.3409907e-01  -2.9719442e-01   3.4683282e-03   3.3573467e-04   1.3413801e-03
   2.7558790e-02   1.3978903e-01  -2.7408850e-01   3.1208365e-03   7.0482352e-04   9.3361925e-04
  -1.5920000e-03   1.4351527e-01  -2.4240771e-01   4.3838985e-03   7.3742088e-04   1.5098589e-03
   1.0615013e-02   1.4611483e-01  -2.3564601e-01   3.7665323e-03   4.1693822e-04   1.2592311e-03
  -1.0113202e-01   1.8134865e-01  -3.2604060e-01   5.5160461e-03   1.2513553e-03   3.6521967e-03
  -1.7606062e-01   2.1796436e-01  -6.9574926e-02   4.9743456e-03   1.5482000e-03   4.7616675e-03
  -1.6560377e-01   2.1683678e-01  -7.1420352e-02   3.3573970e-03   3.4897266e-04   9.3120313e-04
  -2.1811212e-01   2.0994558e-01  -1.5843653e-01   4.6892880e-03   4.5378429e-04   2.2430420e-03
  -1.7187688e-01   2.3920039e-01  -4.2498156e-02   5.2549278e-03   4.7759955e-04   1.3952233e-03
  -1.7164488e-01   2.2529304e-01  -1.0797202e-01   5.1594106e-03   7.6842452e-04   1.5511900e-03
  -1.6178985e-01   2.4028420e-01  -4.0964436e-02   5.6210593e-03   8.9397769e-04   1.4256490e-03
  -1.7384991e-01   2.4904130e-01  -1.0949524e-01   5.9050996e-03   8.8877187e-04   1.7226541e-03
  -1.5209077e-01   2.6097189e-01  -9.9428400e-02   5.9945665e-03   7.7193558e-04   1.5169728e-03
  -1.5181088e-01   2.5458050e-01  -9.7404533e-02   6.0904246e-03   8.9519108e-04   1.7333561e-03
  -1.3533844e-01   2.2929507e-01  -7.4265680e-02   5.9652449e-03   1.0748546e-03   1.3507113e-03
  -1.3014160e-01   2.4014533e-01  -9.6846990e-02   6.2586631e-03   1.2631102e-03   1.4266925e-03
  -1.1938877e-01   2.3561688e-01  -5.6768488e-02   6.3352584e-03   1.1408330e-03   1.4061423e-03
  -1.1129341e-01   2.4051675e-01  -6.3174965e-02   6.5996517e-03   1.3663411e-03   1.6481155e-03
  -1.0285936e-01   2.4642790e-01  -3.4666066e-02   6.8113631e-03   1.4871447e-03   1.5443970e-03
  -1.0947008e-01   2.2034268e-01  -8.0262171e-02   7.0806285e-03   1.4422453e-03   1.9050581e-03
  -9.8033385e-02   2.5375282e-01  -9.0439190e-02   6.8488531e-03   1.3104800e-03   1.8262915e-03
  -9.8447145e-02   2.5802047e-01  -7.5676399e-02   7.2643733e-03   1.3703928e-03   2.0201207e-03
  -8.2725199e-02   2.6687058e-01  -5.6860275e-02   7.7386978e-03   1.6517213e-03   1.6968690e-03
  -8.2140374e-02   2.6069534e-01  -1.0039293e-01   7.8668030e-03   1.7777702e-03   2.0312549e-03
  -9.5976791e-02   2.8274619e-01  -1.0390270e-01   7.3988649e-03   1.6077260e-03   2.4270930e-03
  -1.1090646e-01   3.1210943e-01  -1.0703364e-01   8.0136084e-03   1.9954745e-03   3.3693539e-03
  -8.4790230e-02   2.9573036e-01  -1.5014061e-01   7.3325219e-03   2.0095220e-03   3.1911137e-03
  -8.5229187e-02   2.9870342e-01  -1.3172329e-01   8.2956730e-03   2.0551581e-03   3.9929023e-03
  -5.9457526e-02   3.0588952e-01  -1.4108735e-01   7.8431200e-03   1.9874649e-03   3.5027351e-03
  -9.0129235e-02   2.7156991e-01  -1.2888485e-01   8.5898950e-03   2.2092978e-03   4.7895490e-03
  -4.5887030e-03   2.8648513e-01  -4.4540684e-01   3.2223623e-03   1.5459248e-03   2.1382697e-03
   4.8165408e-02   2.4094174e-01  -8.8628854e-01  -5.8993402e-03  -1.4658435e-03  -3.2781351e-03
  -1.2659411e-03   3.2592477e-01  -5.8453419e-01  -5.5851679e-04  -7.3086800e-04  -1.9861176e-03
  -2.7913746e-02   3.0945462e-01  -6.1074946e-01  -1.1076645e-03  -4.6430492e-04  -1.3211690e-03
  -5.9424918e-02   3.1643112e-01  -4.8065769e-01   3.6204776e-04  -3.1563355e-04   2.6442508e-04
  -6.0616565e-02   2.9394612e-01  -5.3701498e-01   5.1491781e-04  -3.9232601e-04   4.6829091e-04
  -6.7366867e-02   3.1617087e-01  -5.0780219e-01   7.5341808e-04  -7.9461043e-04   9.0660173e-04
  -6.1217952e-02   3.2625067e-01  -5.0915106e-01   1.1219699e-03  -2.3547945e-04   7.1040438e-04
  -6.9820207e-02   3.2955957e-01  -4.0335012e-01   2.6749646e-03  -4.2823330e-04   1.3168595e-03
  -5.4340432e-02   3.1303213e-01  -4.6944451e-01   1.9952024e-03  -3.8346064e-04   1.2446216e-03
  -6.4991792e-02   3.4101356e-01  -4.4771679e-01   1.8982376e-03  -4.8662527e-04   1.5977533e-03
  -6.4686098e-02   3.0687908e-01  -4.5632065e-01   2.5212419e-03  -7.5634097e-05   1.6599636e-03
  -7.1775809e-02   3.2350724e-01  -3.9461822e-01   3.2777400e-03   7.1254909e-05   2.0907315e-03
  -6.9981181e-02   3.2687565e-01  -4.8018348e-01   2.2853386e-03   1.2663746e-04   2.2222041e-03
  -5.1608843e-02   3.2800737e-01  -3.7447378e-01   3.2930715e-03   3.0451754e-04   1.9708299e-03
  -5.5371511e-02   3.1103381e-01  -4.3518683e-01   3.2410000e-03   5.4076655e-04   2.1784661e-03
  -3.9731872e-02   2.9883065e-01  -3.3219678e-01   4.2163811e-03   7.7750426e-04   2.0561108e-03
  -6.0570722e-02   3.0655936e-01  -4.1436715e-01   3.3872225e-03   6.4354217e-04   2.4989143e-03
  -3.1960882e-02   2.8562001e-01  -2.8369558e-01   4.6274826e-03   9.7318993e-04   2.3444778e-03
  -5.0342525e-02   3.2821236e-01  -4.6358953e-01   2.9854990e-03   8.3816686e-04   2.7572791e-03
  -4.7152169e-02   3.1399879e-01  -3.1468452e-01   4.6151712e-03   1.1120434e-03   2.6512823e-03
  -5.5582946e-02   3.4448707e-01  -5.0368195e-01   2.7887604e-03   1.4534088e-03   2.9437045e-03
  -4.5729634e-02   3.4376893e-01  -2.7480455e-01   5.4154621e-03   1.3698252e-03   2.5720086e-03
  -6.6027255e-02   3.4685723e-01  -5.0539131e-01   3.5116979e-03   1.2280156e-03   2.9891334e-03
  -3.9499652e-02   3.3699055e-01  -2.3513552e-01   5.4683733e-03   8.9618662e-04   2.0860734e-03
  -6.8715651e-02   3.3909777e-01  -6.3672525e-01   1.8280116e-03   1.2281561e-03   3.0671229e-03
   3.4672826e-02   3.0013188e-01  -5.6168726e-02   9.2059572e-03   6.4114298e-04  -1.0387130e-04
   7.8149280e-02  -1.2391851e-01  -2.3752210e+00  -1.1778307e-02   6.7722273e-04  -7.8320720e-03
  -9.6135221e-02  -1.2656289e+00  -1.8491666e+00  -1.6365147e-02  -6.4277815e-03  -8.7688913e-03
