   1.4210855e-14   0.0000000e+00   0.0000000e+00   0.0000000e+00   0.0000000e+00   0.0000000e+00
   2.3683709e-02   2.7326420e-02  -1.6734527e-02  -8.6283886e-04   9.2887702e-05   4.8013202e-05
   7.4091713e-02   2.6983435e-02  -3.4366571e-02  -1.3517954e-03  -5.6162221e-04  -8.4840958e-05
   9.5949861e-02   2.7912547e-02  -8.0913277e-02  -1.4378320e-03  -1.8064868e-04  -1.0790918e-05
   1.0632336e-01   5.0329019e-02  -1.4482056e-01  -2.2477906e-03  -2.4627328e-04  -2.0836422e-04
   1.3124630e-01   4.5604724e-02  -1.1995447e-01  -1.8947521e-03  -4.4866870e-04  -2.4016583e-04
   1.3346719e-01   4.9732847e-02  -1.1539431e-01  -2.0864134e-03  -4.6952843e-04  -2.9103644e-04
   1.5856552e-01   7.0767431e-02  -1.8169579e-01  -3.2736677e-03  -9.8348608e-04  -3.2253997e-04
   1.6385785e-01   8.8219769e-02  -1.6463407e-01  -3.4612095e-03  -1.0621070e-03  -2.6584809e-04
   1.8100747e-01   1.0348346e-01  -1.5801429e-01  -3.4518797e-03  -1.4253541e-03  -3.4042899e-04
   2.1022170e-01   1.1984796e-01  -2.1371804e-01  -4.0396871e-03  -1.6734149e-03  -6.2821970e-04
   1.9558744e-01   1.1163842e-01  -2.0894528e-01  -4.3746421e-03  -1.6687939e-03  -4.9129233e-04
   1.9999383e-01   1.1336111e-01  -2.2609013e-01  -4.3824912e-03  -1.6214659e-03  -5.0301414e-04
   2.1613362e-01   1.1908822e-01  -2.8916270e-01  -4.9294728e-03  -1.7923742e-03  -7.0168014e-04
   2.1597867e-01   1.0875550e-01  -2.7340055e-01  -5.0092949e-03  -1.8834029e-03  -7.2841972e-04
   2.2329690e-01   1.4093230e-01  -2.7424652e-01  -4.8195358e-03  -1.8931534e-03  -7.4496380e-04
   2.1660153e-01   1.2884982e-01  -2.9776711e-01  -5.4542729e-03  -1.9786405e-03  -8.8541880e-04
   2.1811377e-01   1.1671988e-01  -2.8634528e-01  -5.5076242e-03  -2.0901829e-03  -7.3800210e-04
   2.3290135e-01   1.3879167e-01  -3.4792719e-01  -5.7299393e-03  -2.0777641e-03  -8.9048684e-04
   2.2738429e-01   1.3670800e-01  -3.4994623e-01  -6.1086456e-03  -2.1674403e-03  -8.7889690e-04
   2.5448210e-01   1.3891691e-01  -3.2943078e-01  -5.7763033e-03  -2.2641351e-03  -1.0682057e-03
   2.7588358e-01   1.5038799e-01  -3.4387578e-01  -5.7639754e-03  -2.5574867e-03  -1.4308887e-03
   2.7837573e-01   1.2427453e-01  -2.9976145e-01  -5.3953942e-03  -2.6732015e-03  -1.4872633e-03
   2.7736526e-01   1.5128296e-01  -3.2392627e-01  -5.5777254e-03  -2.4982625e-03  -1.5172904e-03
   2.7266158e-01   1.4896074e-01  -3.4888679e-01  -5.7332328e-03  -2.6792243e-03  -1.5635858e-03
   2.6258936e-01   1.2982197e-01  -3.2526197e-01  -5.5407092e-03  -2.8117732e-03  -1.4448011e-03
   2.6911916e-01   1.5141582e-01  -3.4710032e-01  -5.6081371e-03  -2.7620403e-03  -1.4939449e-03
   2.7129268e-01   1.3941972e-01  -3.8131751e-01  -6.1600339e-03  -2.7870127e-03  -1.6833396e-03
   2.8603675e-01   1.2917989e-01  -2.9693422e-01  -5.4260868e-03  -2.9673029e-03  -1.6769047e-03
   3.1791742e-01   1.4562728e-01  -2.5341920e-01  -4.7191291e-03  -2.9915639e-03  -1.9428593e-03
   3.3192603e-01   1.5830837e-01  -2.7349017e-01  -5.5556624e-03  -3.1036559e-03  -2.1081241e-03
   3.3079445e-01   1.5168161e-01  -2.8605865e-01  -5.4139548e-03  -3.1622730e-03  -2.1228302e-03
   3.3444816e-01   1.8801426e-01  -3.3030641e-01  -6.1969093e-03  -3.2670306e-03  -2.2654264e-03
   3.2793435e-01   1.7662202e-01  -2.8742482e-01  -5.9651125e-03  -3.1792789e-03  -2.1527501e-03
   3.3188409e-01   1.7762162e-01  -3.2174582e-01  -6.3156768e-03  -3.1292348e-03  -2.2550016e-03
   3.3307237e-01   1.7231438e-01  -3.4072066e-01  -6.4365431e-03  -3.2710559e-03  -2.3798576e-03
   3.2997343e-01   1.7299060e-01  -2.9545693e-01  -6.3139804e-03  -3.3593180e-03  -2.2371190e-03
   3.3705362e-01   1.7836919e-01  -3.0447103e-01  -6.1176649e-03  -3.3705485e-03  -2.3426973e-03
   3.3398345e-01   1.8401315e-01  -3.4668291e-01  -6.8321550e-03  -3.3477597e-03  -2.4345913e-03
   3.3993859e-01   1.6217626e-01  -3.0819702e-01  -6.3795917e-03  -3.4746854e-03  -2.3327067e-03
   3.5223450e-01   1.8847194e-01  -3.2822306e-01  -6.4422646e-03  -3.4608958e-03  -2.4760718e-03
   3.3721977e-01   1.8616864e-01  -3.5394789e-01  -6.7019372e-03  -3.4824430e-03  -2.4047220e-03
   3.2207894e-01   1.9154738e-01  -3.4254258e-01  -6.8973929e-03  -3.5774157e-03  -2.2136981e-03
   3.1481983e-01   2.1340607e-01  -3.5263333e-01  -6.8618192e-03  -3.4660073e-03  -2.0743957e-03
   3.0911522e-01   1.8693751e-01  -3.5130551e-01  -7.0801869e-03  -3.4323092e-03  -2.0476960e-03
   3.1600231e-01   1.9587390e-01  -3.5132698e-01  -6.7737597e-03  -3.5040582e-03  -2.0792710e-03
   3.2141953e-01   2.1519532e-01  -3.8923198e-01  -7.0845139e-03  -3.2700357e-03  -2.1262265e-03
   3.1922690e-01   2.0960091e-01  -3.8287593e-01  -7.2881908e-03  -3.3222990e-03  -2.1370096e-03
   3.0238977e-01   1.9752658e-01  -3.7583645e-01  -7.2294372e-03  -3.3206437e-03  -1.8860840e-03
   3.0528904e-01   2.1129481e-01  -3.8211887e-01  -7.0941033e-03  -3.2269887e-03  -1.9177646e-03
   3.1074983e-01   1.9453958e-01  -3.9730222e-01  -7.2070907e-03  -3.3251237e-03  -2.0991021e-03
   3.0925725e-01   2.1461564e-01  -3.7627679e-01  -7.1649215e-03  -3.4425904e-03  -2.1660498e-03
   3.1383040e-01   1.9874642e-01  -3.7680179e-01  -6.8860743e-03  -3.3766689e-03  -2.0319071e-03
   3.0614725e-01   1.7708907e-01  -3.8445211e-01  -6.8764430e-03  -3.2977057e-03  -2.1819638e-03
   3.0374592e-01   1.8358577e-01  -3.5229185e-01  -6.8325677e-03  -3.2680104e-03  -2.1238023e-03
   2.8851121e-01   1.9244190e-01  -4.0062133e-01  -7.3474130e-03  -3.3028438e-03  -1.9543715e-03
   2.9729174e-01   2.2909947e-01  -4.2499300e-01  -7.6727439e-03  -3.2876186e-03  -2.0957422e-03
   2.9713673e-01   2.0061899e-01  -3.9533870e-01  -7.6966456e-03  -3.4828539e-03  -1.8991228e-03
   2.9283472e-01   2.1567838e-01  -3.8582733e-01  -7.4751723e-03  -3.4300412e-03  -1.7690062e-03
   3.0915517e-01   2.2804194e-01  -4.3914979e-01  -8.2705793e-03  -3.4715705e-03  -1.9840479e-03
   3.1071770e-01   2.2223393e-01  -3.9523358e-01  -7.9380126e-03  -3.4925616e-03  -1.9777897e-03
   3.0823808e-01   2.2229059e-01  -3.9534428e-01  -7.6384915e-03  -3.4834865e-03  -1.9541340e-03
   3.1625394e-01   2.3571841e-01  -4.2101887e-01  -8.1189698e-03  -3.4840270e-03  -1.9590519e-03
   3.1886492e-01   2.0981321e-01  -3.9017013e-01  -8.0193585e-03  -3.6941740e-03  -1.8602018e-03
   3.2571901e-01   2.2058657e-01  -3.9629332e-01  -8.0365205e-03  -3.7844967e-03  -1.8830023e-03
   3.1328934e-01   2.4362652e-01  -4.2702816e-01  -8.6362272e-03  -3.6207939e-03  -1.8615868e-03
   3.1030055e-01   2.3781896e-01  -4.0151081e-01  -8.5325987e-03  -3.7366660e-03  -1.7884936e-03
   3.1006788e-01   2.5743039e-01  -4.2011378e-01  -8.7665048e-03  -3.7978307e-03  -1.7482027e-03
   3.1293603e-01   2.3787083e-01  -4.3102683e-01  -8.9167372e-03  -3.8905459e-03  -1.8015166e-03
   3.2699366e-01   2.4388813e-01  -3.9502758e-01  -8.1661287e-03  -3.7016701e-03  -1.8907604e-03
   3.1778513e-01   2.5331905e-01  -4.4437097e-01  -8.7509889e-03  -3.6835837e-03  -1.8559572e-03
   3.2999528e-01   2.3629267e-01  -3.6224485e-01  -7.9587706e-03  -3.8436887e-03  -1.8852034e-03
   3.3413011e-01   2.3876069e-01  -4.0989829e-01  -8.3153416e-03  -3.9959330e-03  -1.8431869e-03
   3.3964043e-01   2.3251863e-01  -4.1326000e-01  -7.6676521e-03  -4.3053524e-03  -2.0384087e-03
   3.3508064e-01   2.1059676e-01  -3.2269826e-01  -6.8509572e-03  -4.4456273e-03  -2.0369490e-03
   3.1766727e-01   2.5842128e-01  -4.1779671e-01  -8.4146143e-03  -4.3435128e-03  -1.8070963e-03
   3.2659051e-01   2.4036010e-01  -4.8676175e-01  -8.8811240e-03  -4.7709824e-03  -1.9032181e-03
   3.1799964e-01   2.3666514e-01  -4.5594846e-01  -9.2039004e-03  -4.8414644e-03  -1.7780443e-03
   3.3296733e-01   2.2421528e-01  -4.0985335e-01  -8.0201911e-03  -5.0933339e-03  -1.7414661e-03
   3.4620485e-01   2.2803955e-01  -4.3276775e-01  -8.3385624e-03  -5.1947926e-03  -1.8976777e-03
   3.3130411e-01   2.1711541e-01  -4.2581751e-01  -8.8539772e-03  -5.2594728e-03  -1.7819981e-03
   3.2794833e-01   2.4559910e-01  -4.2537376e-01  -8.7886410e-03  -5.2238125e-03  -1.7849338e-03
   3.1989274e-01   2.5418341e-01  -4.9648706e-01  -9.6450430e-03  -5.2069671e-03  -1.7619585e-03
   3.1918176e-01   2.2977328e-01  -4.5536285e-01  -9.2567026e-03  -5.2551149e-03  -1.6498878e-03
   3.3274909e-01   2.5254110e-01  -4.5550970e-01  -9.0667182e-03  -5.4262452e-03  -1.6871799e-03
   3.3610026e-01   2.5748016e-01  -5.0527977e-01  -9.7870355e-03  -5.7875808e-03  -1.7210744e-03
   3.3034109e-01   2.4588045e-01  -4.6882769e-01  -9.3735998e-03  -5.7046436e-03  -1.6735249e-03
   3.3145210e-01   2.7324337e-01  -4.7941960e-01  -9.3918778e-03  -5.6356653e-03  -1.6735723e-03
   3.2172407e-01   2.7456778e-01  -5.0137575e-01  -9.9149888e-03  -5.5929430e-03  -1.7099802e-03
   3.3087131e-01   2.7694657e-01  -4.9114095e-01  -9.8437783e-03  -5.8531683e-03  -1.7189706e-03
   3.3764001e-01   3.0544951e-01  -5.2817159e-01  -1.0254394e-02  -5.8527395e-03  -1.8199664e-03
   3.2742586e-01   2.9397506e-01  -5.3007063e-01  -1.0650255e-02  -5.8354869e-03  -1.7861182e-03
   3.1699216e-01   2.9436557e-01  -5.5075566e-01  -1.0733263e-02  -5.9996723e-03  -1.6335572e-03
   3.3337191e-01   3.3268014e-01  -5.9504139e-01  -1.1634742e-02  -6.2771883e-03  -1.6654059e-03
   3.4132070e-01   3.1341892e-01  -5.8675627e-01  -1.1928968e-02  -6.4170676e-03  -1.6410636e-03
   3.4396538e-01   3.3546731e-01  -6.2051424e-01  -1.2207448e-02  -6.5039894e-03  -1.7055330e-03
   3.4449397e-01   3.2807292e-01  -6.4387813e-01  -1.2400667e-02  -6.6943570e-03  -1.7030296e-03
   3.3563230e-01   3.2324234e-01  -6.4807035e-01  -1.2693332e-02  -6.7060695e-03  -1.5398914e-03
   3.4401010e-01   3.3466577e-01  -6.3581167e-01  -1.2586967e-02  -6.8076534e-03  -1.5968188e-03
   3.3282819e-01   3.2914082e-01  -6.5641086e-01  -1.3397214e-02  -7.2398295e-03  -1.6127034e-03
   2.9829956e-01   3.0498590e-01  -6.4434307e-01  -1.3512847e-02  -6.9350171e-03  -1.4349748e-03
   3.0318968e-01   3.4249761e-01  -6.7198952e-01  -1.3664080e-02  -6.6591978e-03  -1.5251591e-03
   3.1621652e-01   3.3112428e-01  -7.1404777e-01  -1.4167438e-02  -6.8800462e-03  -1.5993594e-03
   3.2149347e-01   3.2616484e-01  -6.6505460e-01  -1.4019357e-02  -7.0507148e-03  -1.5537152e-03
   3.2098236e-01   3.6152729e-01  -6.8110654e-01  -1.4376071e-02  -7.1525170e-03  -1.5378415e-03
   3.2327574e-01   3.8065216e-01  -7.2811448e-01  -1.5086684e-02  -6.9918179e-03  -1.5454285e-03
   3.3122343e-01   3.5195602e-01  -6.9309570e-01  -1.4993200e-02  -7.1013559e-03  -1.5461817e-03
   3.2228899e-01   3.8067634e-01  -7.2014764e-01  -1.5399119e-02  -7.0482790e-03  -1.4906448e-03
   3.2213313e-01   4.0590194e-01  -7.6012927e-01  -1.5929078e-02  -6.6444428e-03  -1.5793305e-03
   3.1143012e-01   3.7960285e-01  -7.3373869e-01  -1.6117418e-02  -6.4663928e-03  -1.6230893e-03
   3.2448619e-01   3.7923026e-01  -7.1781327e-01  -1.5484513e-02  -6.3392677e-03  -1.7068487e-03
   3.2537691e-01   3.7379168e-01  -7.3873516e-01  -1.6103792e-02  -6.4133633e-03  -1.7419661e-03
   3.2546287e-01   3.6891250e-01  -7.1215653e-01  -1.5590211e-02  -6.3046391e-03  -1.5595446e-03
   3.2399780e-01   3.9375264e-01  -7.3179409e-01  -1.5800088e-02  -5.9604722e-03  -1.5321732e-03
   3.1522957e-01   3.6884215e-01  -6.7925785e-01  -1.5461482e-02  -5.9260238e-03  -1.4565787e-03
   3.1128721e-01   3.9205612e-01  -6.7610208e-01  -1.5618265e-02  -5.6681368e-03  -1.4342436e-03
   3.0337785e-01   3.8960731e-01  -6.7453064e-01  -1.5339267e-02  -5.6202544e-03  -1.3744798e-03
   2.9831556e-01   3.6507265e-01  -6.5383301e-01  -1.5363857e-02  -5.6420323e-03  -1.2283253e-03
   3.0796562e-01   4.1598321e-01  -6.9451578e-01  -1.5908022e-02  -5.4544329e-03  -1.2661709e-03
   3.1117712e-01   3.9063617e-01  -7.1099038e-01  -1.6268569e-02  -5.4302098e-03  -1.3674522e-03
   2.9829340e-01   3.8653044e-01  -6.7894068e-01  -1.5673416e-02  -5.2237299e-03  -1.0844822e-03
   3.0396609e-01   4.1691693e-01  -7.2655389e-01  -1.6226922e-02  -5.2520913e-03  -1.1260410e-03
   3.1690134e-01   3.8090810e-01  -6.7866318e-01  -1.5763266e-02  -5.3266147e-03  -1.2502925e-03
   3.0817437e-01   3.8927556e-01  -6.6458547e-01  -1.5521576e-02  -5.4366611e-03  -1.0965946e-03
   3.0454441e-01   4.2011551e-01  -7.5100866e-01  -1.6570014e-02  -5.3265902e-03  -1.1701557e-03
   3.1686033e-01   3.9227152e-01  -7.2193679e-01  -1.6310894e-02  -5.4931533e-03  -1.2969264e-03
   3.1707897e-01   3.9624413e-01  -7.0558818e-01  -1.6237001e-02  -5.4482970e-03  -1.1805085e-03
   3.2813871e-01   4.2294145e-01  -7.5171998e-01  -1.6526579e-02  -5.4932930e-03  -1.3285131e-03
   3.2796044e-01   3.9042848e-01  -7.3047914e-01  -1.6608163e-02  -5.4886371e-03  -1.3522234e-03
