   0.0000000e+00   0.0000000e+00   0.0000000e+00   0.0000000e+00   0.0000000e+00   0.0000000e+00
  -2.2127768e-03  -6.1025997e-02  -8.3219663e-02   2.1962519e-04  -7.7181284e-04  -2.7949546e-04
   5.4984103e-04  -3.5837155e-03  -5.7584110e-02   2.5421089e-03   6.8179467e-05  -6.7198122e-04
  -2.6154537e-03   3.8256935e-02  -4.4538162e-02   2.7549580e-03   8.4012753e-05  -6.8931032e-04
  -3.9649416e-03   2.1537560e-02  -3.8542110e-02   2.2586648e-03   9.0262013e-05  -4.3035100e-04
  -1.2394767e-02   4.3227070e-02  -2.7625300e-02   2.4578589e-03  -2.2929489e-04  -5.4437106e-04
  -3.1560580e-03  -3.7302640e-03  -3.9426169e-02   2.3719957e-03  -5.6804123e-05  -3.2276738e-04
  -1.3707069e-02   3.8311350e-02  -9.0024115e-02   3.0905145e-03  -3.8256565e-05  -1.1386183e-04
  -1.0870257e-02   7.3188696e-02  -8.9572094e-02   3.8702392e-03   4.5674094e-04   8.1271003e-06
  -9.1950704e-03   1.0167715e-01  -5.7309151e-02   4.2707583e-03   5.2485266e-04   2.1709738e-04
  -9.4711079e-03   6.9698519e-02  -2.6084239e-02   4.2952150e-03   2.7714696e-04   8.1835194e-05
  -1.0717618e-02   6.4493636e-02   2.3023652e-02   3.8269906e-03   3.5800833e-04  -3.9440063e-04
  -1.4045082e-02   6.1069512e-02   5.3887995e-03   3.9835622e-03   1.1647773e-04  -2.5414004e-04
  -8.4345805e-03   4.3097432e-02   2.0026775e-02   3.4868388e-03   2.6854715e-04  -5.8419341e-04
  -1.8831735e-02   6.4263054e-02   1.3450968e-02   3.4388602e-03   5.3733887e-05  -5.3864755e-04
  -2.8927866e-02   4.7431037e-02  -4.1100510e-02   3.2843328e-03  -3.6284371e-04  -6.5058989e-04
  -3.4989465e-02   5.4594855e-02  -1.9098238e-02   3.0105001e-03  -6.7403713e-04  -1.0398238e-03
  -3.6165580e-02   6.0187469e-02  -3.0449609e-02   2.8492732e-03  -7.4565433e-04  -9.9077431e-04
  -3.4058381e-02   5.1375047e-02  -1.7723370e-02   2.7491866e-03  -7.7495760e-04  -1.1632218e-03
  -4.6509963e-02   7.7219106e-02  -2.4513577e-02   2.8676341e-03  -1.1251945e-03  -1.2733679e-03
  -4.6531815e-02   6.1823656e-02  -8.6948921e-03   3.4700410e-03  -1.2258973e-03  -1.1291815e-03
  -4.6039737e-02   7.5568426e-02   2.6821147e-03   3.4411412e-03  -1.1728510e-03  -1.1426962e-03
  -4.3249015e-02   7.4820392e-02   1.6318939e-02   3.0505937e-03  -1.0897134e-03  -1.1089970e-03
  -4.0804036e-02   5.1216876e-02   1.0736015e-02   3.1532060e-03  -1.4221467e-03  -9.2686424e-04
  -4.3879129e-02   6.5652436e-02   8.9391147e-03   3.3564679e-03  -1.2786936e-03  -1.1501679e-03
  -3.1048705e-02   6.9670446e-02   2.8618221e-02   3.6021135e-03  -7.9113471e-04  -1.3991881e-03
  -2.1331656e-02   2.0516050e-02   2.1187103e-02   2.9557117e-03  -5.8711378e-04  -7.6181611e-04
  -3.3097242e-02   2.7774246e-02  -5.0930091e-02   1.1787178e-03  -1.0552173e-03  -4.0082016e-04
  -3.2192962e-02  -3.2841230e-03  -1.2187554e-01   6.9301137e-04  -1.1153181e-03  -1.6129084e-04
  -4.3897484e-02   1.9208045e-02  -1.8539385e-01   3.3268036e-04  -2.4561711e-03  -3.9434327e-04
  -2.1254400e-03   1.5164665e-02  -2.0707463e-01   1.0223986e-03  -1.6692268e-03   8.7193414e-04
   8.5467393e-04  -3.3816586e-02  -1.9398812e-01  -3.6940589e-04  -4.1318037e-04   8.8284354e-04
  -7.8483498e-04  -8.7864411e-03  -2.2000163e-01  -7.6917702e-04  -1.1278251e-03   1.0553774e-03
  -1.0160513e-02   3.9968695e-03  -1.8364125e-01   1.2529083e-04  -7.6619266e-04   1.1585803e-03
  -1.5388279e-02   2.1221331e-03  -1.7485801e-01   7.8070097e-04  -1.4014259e-03   8.9881227e-04
  -2.7322342e-02   1.0130247e-02  -1.7925502e-01   4.8289099e-04  -1.4351936e-03   7.4863537e-04
  -2.4960960e-02   7.6575475e-03  -1.6360493e-01   6.5782960e-04  -1.8755102e-03   9.5280495e-04
  -3.0231385e-02   1.3197425e-02  -1.5322938e-01   1.1814932e-03  -1.6776161e-03   5.3942325e-04
  -3.6006846e-02  -1.5179495e-02  -1.6889230e-01   1.1578246e-03  -2.3600541e-03   6.9104204e-04
  -4.8640601e-02   1.8762749e-02  -1.6443461e-01   1.3942084e-03  -2.3662319e-03   6.0641756e-04
  -4.9074931e-02   1.5176964e-02  -1.3791954e-01   1.2012589e-03  -2.5706987e-03   3.3271307e-04
  -5.5300955e-02   1.0235513e-02  -1.4000076e-01   2.6164569e-03  -2.7456818e-03   6.1825043e-04
  -5.9775454e-02   2.8923400e-02  -1.3952364e-01   2.2843026e-03  -3.0738397e-03   3.3144517e-04
  -6.6439177e-02   2.6397896e-02  -1.5125672e-01   2.0211650e-03  -3.1272236e-03   1.5543158e-04
  -6.6495193e-02   1.2575130e-02  -1.1113929e-01   2.3107157e-03  -3.4439917e-03  -2.6812940e-05
  -6.5764112e-02   2.8423002e-02  -7.4744911e-02   2.1458683e-03  -3.0877276e-03   3.1343780e-05
  -7.1668633e-02   3.7683808e-02  -8.3781242e-02   2.0351570e-03  -3.5132027e-03  -1.8049902e-04
  -7.8476290e-02   2.6183867e-02  -1.0125135e-01   2.0559638e-03  -3.4708164e-03  -2.8484463e-04
  -7.1515121e-02   1.1076535e-02  -1.0819187e-01   1.9516484e-03  -3.6762707e-03  -1.3972429e-04
  -6.8509848e-02   1.1142543e-02  -8.9987554e-02   1.5267719e-03  -3.5464069e-03  -5.0401816e-04
  -5.6156757e-02   2.5581951e-04  -3.8215496e-02   2.2624156e-03  -3.3572385e-03  -7.4128272e-04
  -4.4194204e-02   4.6340531e-03  -1.4765875e-01   2.2466679e-03  -2.5801707e-03  -4.5043506e-04
  -6.4634349e-02  -4.4260747e-02  -5.0909660e-01  -5.1791272e-05  -2.9530939e-03   1.2055650e-04
  -5.3552831e-02  -5.6651683e-02  -5.5886112e-01   3.0200569e-04  -2.0637611e-03   7.0464164e-04
  -1.6138881e-02  -1.5911562e-02  -4.3574641e-01   1.8760724e-03  -1.5126935e-03   7.7819988e-04
  -2.1605670e-02   2.4917759e-02  -4.7517331e-01   1.1414735e-03   1.4096245e-04   9.0334444e-04
  -5.7209525e-02  -1.8676544e-02  -4.6130736e-01   7.1285460e-04  -2.8837463e-03  -4.8650663e-05
  -8.2294251e-02  -1.9272082e-02  -3.9276191e-01  -2.1526813e-03  -4.6816406e-03  -1.4270844e-03
  -6.2040122e-02   2.0120937e-02  -3.6129319e-01   3.6686969e-04  -1.8443047e-03   4.3000605e-04
  -6.4406974e-02   2.6658529e-02  -3.4249629e-01   4.2317553e-04  -2.1440227e-03   2.2711247e-04
  -6.2571258e-02   2.3864212e-02  -3.0931978e-01   1.0293078e-03  -1.9658591e-03   8.4616173e-04
  -6.1993854e-02   1.6139743e-02  -3.2153751e-01   6.9102090e-04  -2.0918721e-03   7.8569049e-04
  -6.6183020e-02   3.6829666e-02  -2.9888136e-01   9.7391244e-04  -2.3355221e-03   1.0122881e-03
  -6.7539947e-02   1.4051661e-02  -3.2631038e-01   8.1277606e-04  -2.4350478e-03   6.5418931e-04
  -6.0369447e-02   8.1383917e-04  -2.6951443e-01   2.1459832e-04  -2.3430982e-03   8.8656213e-04
  -6.7149158e-02   2.4409361e-02  -2.7987783e-01  -1.3942955e-04  -2.2473893e-03   2.3784443e-04
  -6.7252797e-02   2.2258433e-02  -2.5839216e-01   4.6467750e-04  -2.4690756e-03   2.2630497e-04
  -6.4599530e-02  -1.0062067e-02  -2.7630066e-01  -7.3537922e-05  -2.4289965e-03  -2.4907732e-05
  -7.3998935e-02   2.6951124e-02  -2.5535763e-01   4.0253135e-04  -2.3798070e-03   2.2451305e-04
  -7.0789296e-02   1.5362223e-02  -2.7452125e-01   2.0903319e-04  -2.4539155e-03  -3.0477352e-05
  -6.8292251e-02   2.9553684e-02  -2.1454136e-01   1.2755471e-03  -2.2442127e-03   6.0035611e-04
  -6.3930425e-02   8.7435827e-02  -2.4151517e-01   9.5818845e-03  -2.3224795e-03   6.4436194e-05
  -7.8580522e-02   7.9708244e-02  -3.4184706e-01   5.9548362e-03  -2.1629582e-03  -2.5280788e-05
  -6.1050205e-02   9.7522712e-02  -2.5998992e-01   4.8946791e-03  -1.4852541e-03   5.7140525e-04
  -6.3507332e-02   9.5331011e-02  -2.2482087e-01   4.9565229e-03  -1.8016963e-03   3.7119217e-04
  -3.5103845e-02   6.4639723e-02  -1.5117047e-01   5.2096019e-03  -1.4478913e-03   7.0602614e-04
  -3.4227645e-02   1.2159241e-01  -1.5438570e-01   4.3674510e-03  -7.5734637e-04   8.7998781e-04
  -3.9682929e-02   4.1230893e-02  -2.0868589e-01   4.1696575e-03  -1.1411637e-03   6.8517981e-04
  -4.5832949e-02   2.8713548e-02  -2.4734136e-01   3.2913193e-03  -1.7677766e-03   4.5605251e-04
  -3.1605365e-02   2.5796591e-02  -2.5004867e-01   1.6345052e-03  -1.8305324e-03   1.1284163e-03
  -3.1698421e-02   4.4617742e-02  -2.4781777e-01   2.7335966e-03  -6.8744443e-04   1.4460173e-03
  -4.0415895e-02   5.2929941e-02  -2.5365390e-01   2.3786788e-03  -1.3950162e-03   1.4454837e-03
  -4.5476558e-02   7.3193486e-02  -2.5264999e-01   3.2524818e-03  -1.3429231e-03   1.6751562e-03
  -5.2722256e-02   6.8035925e-02  -2.2742329e-01   2.9488128e-03  -1.5909820e-03   1.5458801e-03
  -4.3198172e-02   5.7895664e-02  -2.0506165e-01   3.1046853e-03  -1.2398860e-03   1.8592576e-03
  -4.2643250e-02   7.1342623e-02  -2.0761576e-01   2.5931258e-03  -1.4729817e-03   1.1738910e-03
  -4.9428856e-02   4.2327296e-02  -2.9007759e-01   2.0228317e-03  -7.7963209e-04   1.2524003e-03
  -2.4515350e-02   3.8558211e-02  -2.3342237e-01   2.5951078e-03  -6.2073644e-04   2.2182040e-03
  -2.9049908e-02   7.2633257e-02  -2.1662207e-01   2.9449429e-03  -1.1542317e-03   1.9174232e-03
  -3.4283047e-02   4.7895221e-02  -2.4363082e-01   2.8213211e-03  -9.8772430e-04   2.1717417e-03
  -3.5303568e-02   5.0256506e-02  -2.2484148e-01   3.1868545e-03  -1.5140472e-03   1.8526536e-03
  -3.8331689e-02   8.0743090e-02  -2.3241237e-01   2.6615605e-03  -1.1890259e-03   1.9868701e-03
  -3.9823211e-02   7.1601402e-02  -2.3772605e-01   2.9839033e-03  -1.5776078e-03   1.8913817e-03
  -3.3703962e-02   4.2154236e-02  -1.8852025e-01   2.4008089e-03  -1.6314121e-03   1.6600791e-03
  -3.7619378e-02   6.4283231e-02  -2.0369356e-01   2.7321525e-03  -1.5664073e-03   1.7387614e-03
  -4.6900909e-02   6.2915563e-02  -1.9882437e-01   3.1164941e-03  -1.8170200e-03   1.5716411e-03
  -4.4970219e-02   5.7860225e-02  -2.0379141e-01   3.0879380e-03  -1.9491989e-03   1.4222855e-03
  -4.3393182e-02   3.8087298e-02  -2.0457114e-01   2.3860020e-03  -1.7073848e-03   1.3549753e-03
  -4.4418468e-02   7.0079684e-02  -1.8953063e-01   2.6186807e-03  -1.8802602e-03   1.1499076e-03
  -2.2941301e-02   2.4205078e-02  -1.2511453e-01   2.2267367e-03  -4.8465857e-04   1.0280250e-03
  -9.8264236e-03   3.7580707e-02  -1.4242513e-01   1.2913245e-03   9.3017036e-05   5.6066247e-04
  -2.1833534e-02   5.6946295e-02  -5.9732445e-02  -3.6976864e-04  -1.3814203e-03   7.6851002e-04
  -8.8413058e-03  -1.9937661e-02  -8.6271725e-02   3.3960148e-04  -4.8260134e-04   9.6015701e-04
  -9.6142511e-03   9.7360672e-03  -1.1008111e-01   4.0720541e-04  -8.6304237e-04   1.3551176e-03
  -3.0467631e-03   1.8183468e-03  -1.5014394e-01   3.2777991e-04   6.4070628e-05   1.5705983e-03
  -2.4404921e-03   2.0683434e-02  -1.3973498e-01   1.7901605e-03  -2.5843952e-04   1.5997445e-03
  -1.0427544e-02   5.3278689e-02  -1.1876996e-01   2.7467202e-03  -1.0208887e-04   1.2997594e-03
  -2.4035832e-02   4.9906614e-02  -1.4829951e-01   2.2645193e-03  -5.1596543e-04   1.3395053e-03
  -3.2312467e-02   4.6994287e-02  -1.2751043e-01   2.3961753e-03  -7.9892249e-04   1.5454289e-03
  -3.5214536e-02   5.6391360e-02  -1.2450611e-01   2.1222390e-03  -1.0565836e-03   1.3934808e-03
  -2.8877796e-02   4.3148758e-02  -9.9856667e-02   2.4382842e-03  -9.9768874e-04   1.2582400e-03
  -3.6297287e-02   6.4236725e-02  -1.1704904e-01   3.3243961e-03  -1.2740686e-03   1.1566129e-03
  -3.6620419e-02   5.3002216e-02  -1.0733067e-01   3.1625083e-03  -1.3547007e-03   1.1894728e-03
  -3.5062262e-02   4.7111821e-02  -1.0451196e-01   3.4263706e-03  -1.3892444e-03   9.7513410e-04
  -3.8333118e-02   5.0505115e-02  -9.2637909e-02   3.2795707e-03  -1.4416341e-03   1.0956171e-03
  -3.8238257e-02   6.3824804e-02  -1.0980015e-01   3.8443709e-03  -1.4558353e-03   9.2681631e-04
  -3.6875480e-02   5.0872537e-02  -7.8662734e-02   3.8866808e-03  -1.5132737e-03   6.6437030e-04
  -3.8745786e-02   5.5979289e-02  -1.1390431e-01   3.7580880e-03  -1.3383764e-03   8.6953807e-04
  -3.1710591e-02   5.4374187e-02  -1.0022578e-01   3.8349038e-03  -1.1884627e-03   6.7724460e-04
  -3.3095184e-02   6.5245645e-02  -1.0120790e-01   3.5823624e-03  -1.3182386e-03   5.5426580e-04
  -3.4029352e-02   4.9910234e-02  -1.1516664e-01   3.9420852e-03  -1.0889496e-03   9.1917288e-04
  -4.1340181e-02   6.8259063e-02  -1.2453944e-01   3.6092361e-03  -1.0904016e-03   7.5666379e-04
  -3.9331724e-02   5.7067322e-02  -1.0635725e-01   4.1310140e-03  -9.9507277e-04   7.8847095e-04
  -3.3100089e-02   4.0074687e-02  -9.1372670e-02   3.8550084e-03  -1.2004018e-03   4.8159360e-04
  -1.0519549e-02   5.2047770e-02  -4.5569908e-02   4.7630649e-03  -4.1406682e-04   4.8969152e-04
   4.5987226e-03   4.3333126e-02  -1.1952185e-01   4.6454799e-03   3.5187817e-04   3.9572191e-04
  -1.4778580e-02   5.1893602e-02  -1.3599052e-01   3.2438798e-03  -2.4350017e-04   3.3851713e-04
  -4.5426642e-03  -9.6083301e-03  -1.3962058e-01   2.9419350e-03  -3.9035495e-04   4.4263792e-04
  -2.8115814e-03   6.6683228e-02  -1.2635037e-01   3.4908950e-03   1.8838868e-04   4.2140531e-04
  -4.9228111e-03   3.0244217e-02  -1.3800547e-01   3.8398627e-03   1.6978424e-04   5.7968828e-04
  -2.0870616e-02   7.2294574e-02  -8.0550178e-02   3.3526572e-03  -9.1260521e-05   1.5826932e-04
  -2.2634501e-02   4.7403937e-02  -8.1245279e-02   3.0803702e-03  -2.6665038e-04   2.2820248e-04
  -2.1870575e-02   5.2080068e-02  -5.3590660e-02   3.2879219e-03  -1.2750499e-04  -1.6124884e-05
  -1.4995422e-02   4.5685467e-02  -5.7238425e-02   3.9166848e-03   2.4651999e-04   4.0312693e-04
  -1.7616559e-02   1.5353390e-02  -6.8055734e-02   2.8451769e-03   8.1661225e-05   2.7152202e-04
  -8.8196930e-03   4.2508841e-02  -8.9079922e-02   2.6564570e-03  -6.3356426e-06   3.5154162e-04
  -1.1253540e-02   1.6670311e-02  -7.2187006e-02   2.4740268e-03   2.9073788e-04   1.6032147e-04
  -1.7759491e-02   4.8447779e-02  -1.0117456e-01   2.8275626e-03  -1.3512312e-04   8.1584982e-05
  -1.2649996e-02   1.6417603e-02  -6.0465551e-02   3.4863437e-03   2.3388671e-05   6.1537428e-05
  -1.2178046e-02   3.2832610e-02  -1.8266546e-01   2.8430609e-03  -4.1155604e-04   1.7953710e-04
   1.1826898e-02  -3.9913689e-02  -2.5966248e-01   2.8683170e-03   3.9074918e-04   1.4942325e-04
