   0.0000000e+00  -7.1054274e-15   0.0000000e+00   0.0000000e+00   0.0000000e+00   1.8807910e-37
   5.9221647e-03   1.6722573e-02   5.0131569e-02   9.1643466e-04   2.2224919e-05   6.1908822e-04
   1.4248195e-01   4.6210964e-02   7.3650443e-02   4.9370638e-04   1.5277115e-03   3.0260092e-03
   8.9249485e-02  -3.0771147e-02   4.4131137e-02  -4.5122956e-04   1.6402750e-03   1.9864658e-03
   9.5853204e-02  -3.5650976e-04   1.0571718e-01   3.7225521e-04   1.5810291e-03   2.0200624e-03
   6.1569340e-02   8.2615824e-02   1.6424345e-01   1.4055682e-04   6.8116777e-04   1.5753122e-03
   4.5327894e-02  -8.6787150e-02   1.3017080e-01   6.6351180e-04  -6.6535754e-05   9.5802058e-04
   5.7386238e-02   1.4985483e-03   6.5145410e-02   4.0470546e-04  -1.3273888e-04   1.2760866e-03
   6.4413152e-02   9.4528386e-03   4.9225601e-02   1.3175989e-03  -5.9243322e-04   1.6240756e-03
   5.7192028e-02  -1.5888506e-02   4.9184379e-02   1.1415419e-03  -6.5517496e-04   1.4440949e-03
   6.8012943e-02  -2.5614065e-02   1.1397032e-01   1.3969518e-03  -5.8706868e-04   1.5998276e-03
   6.0416141e-02   1.3989712e-02   9.2165944e-02   1.6632848e-03  -6.0116105e-04   1.4265570e-03
   5.3599173e-02   5.0624491e-04   6.3801748e-02   1.3281993e-03  -6.1179020e-04   1.1910960e-03
   5.5848020e-02  -4.7270516e-02   6.4757876e-02   1.4586854e-03  -5.8027090e-04   1.0292305e-03
   4.6487936e-02  -6.7365830e-03   1.1917815e-01   1.5691999e-03  -4.5654969e-04   7.7992692e-04
   4.0379976e-02   1.3822202e-02   9.0154897e-02   1.3869110e-03  -4.4807822e-04   3.6238661e-04
   4.6705621e-02   3.1531112e-04   9.8727329e-02   1.3754917e-03  -6.5518721e-04   1.2405176e-04
   2.8530487e-02  -2.3303349e-02   3.7786445e-02   1.7409770e-03  -5.3778175e-04  -3.1533891e-04
   2.2078251e-02   8.5324408e-03   3.2229630e-02   1.4683676e-03  -4.8880305e-04  -5.8910759e-04
   1.8239156e-02  -4.6717072e-02   8.6714398e-02   1.6846511e-03  -3.4160136e-04  -8.7345316e-04
   2.3685841e-02   1.6244553e-02   1.2406265e-01   2.1960597e-03  -2.8446301e-04  -7.0506842e-04
   2.3979843e-02   1.2333115e-02   1.0746973e-01   1.0615686e-03  -2.0844099e-04  -8.5506539e-04
   1.9887928e-02  -6.8546908e-02   1.2186114e-01   1.6892092e-03  -1.3143963e-04  -7.9381321e-04
   1.6845228e-02   1.4227856e-02   9.3429382e-02   1.2573170e-03  -2.2945608e-04  -1.1105232e-03
   1.6712147e-02   3.9044424e-03   9.5092176e-02   1.5941746e-03  -3.3802248e-04  -7.9596145e-04
   2.4508452e-02  -1.2216529e-02   1.4836248e-01   1.2938057e-03  -3.7166448e-04  -9.7625877e-04
   2.1051111e-02   2.7649509e-02   8.6460552e-02   9.8343846e-04   5.7029446e-05  -6.4128739e-04
   3.8525869e-02  -5.6007285e-02   5.0895870e-02   9.4702995e-04  -1.0670495e-04  -4.9143402e-04
   3.4643455e-02  -4.2728408e-03   7.8844196e-02   8.1461624e-04   5.3359517e-04  -2.5339010e-04
   2.4392734e-02   9.2801649e-02   1.2936338e-01   1.5788668e-05   9.8852461e-04   1.9622195e-04
   3.0715612e-02  -6.5966699e-02   1.2162494e-01   7.6701160e-04   8.1514467e-04   1.8695948e-04
   2.4593837e-02   1.9309127e-02   7.0180643e-02   7.7235102e-04   4.2644076e-04  -8.9846487e-05
   2.7758121e-02  -2.8552193e-02   1.3356442e-01   1.1124666e-03   6.6114109e-04  -2.7419709e-04
   2.8896757e-02   4.1173987e-02   1.2317670e-01   1.4794957e-03   5.2394372e-04  -3.2633291e-04
   3.2641509e-02  -1.0484455e-02   1.3313860e-01   8.4290363e-04   2.4917301e-04  -6.1712367e-04
   2.5632465e-02  -1.7802560e-02   1.4645102e-01   8.3882672e-04   4.6665123e-04  -5.9302061e-04
   3.2361878e-02   5.4383908e-02   1.5053483e-01   1.1428063e-03   3.5481724e-04  -7.1058793e-04
   2.0691795e-02  -3.2502988e-02   1.2026233e-01   9.1014230e-04   5.7558360e-05  -6.6736140e-04
   2.1264597e-02  -8.0201910e-03   1.3934564e-01   1.3474595e-03   1.4147041e-04  -1.1063696e-03
   1.4846346e-02   2.1634239e-02   8.0806101e-02   1.6069392e-03  -8.3372109e-05  -1.3047607e-03
   5.3226343e-03  -3.4626766e-02   1.0816388e-01   1.4274394e-03  -1.2233037e-04  -1.7087425e-03
   7.1913125e-03   1.1276888e-03   1.0478574e-01   1.6496084e-03  -2.5117783e-04  -1.8072757e-03
   2.0102904e-02   2.3515460e-02   1.0217299e-01   1.7251970e-03  -1.8322692e-04  -1.6200896e-03
   2.0771727e-02  -2.0438838e-02   5.5676087e-02   1.4760494e-03  -3.2745887e-04  -1.7414876e-03
   1.9692964e-02  -1.7119014e-02   9.8396419e-02   1.4904337e-03  -1.0144203e-04  -1.5017877e-03
   1.9024848e-02   2.2460521e-03   6.7814669e-02   1.9540806e-03  -2.3163639e-04  -1.6844181e-03
   2.1778610e-02   3.3601834e-02   6.4099520e-02   1.2881664e-03  -2.5845049e-04  -1.8072047e-03
   2.2163639e-02  -1.9221804e-02   5.0068324e-02   1.6748023e-03  -6.7553893e-04  -1.9152912e-03
   2.0689798e-02   1.6822536e-02   1.2648622e-01   1.6738895e-03  -1.7850208e-04  -1.8931896e-03
   2.3161361e-02   1.2031898e-02   1.2574651e-02   1.7513007e-03  -7.5231324e-04  -1.7195334e-03
   3.6747321e-02   4.6345355e-02   1.5324225e-01   8.7830544e-04  -7.6462415e-04  -1.0966979e-03
   2.9253422e-02  -1.9837206e-02   1.5779038e-02   2.2462096e-03  -6.8041834e-04  -7.3398113e-04
   3.6061207e-02  -1.0634758e-01  -4.8789486e-02   2.4557059e-03  -2.5419005e-04  -1.1514062e-04
   4.2179258e-02   2.5435073e-02   2.5843649e-02   1.1939538e-03   7.6534848e-04  -4.9531906e-04
   4.6999429e-02   7.1226585e-03   2.8641631e-03   1.5488359e-03  -6.7060037e-05  -6.9317807e-04
   4.0254942e-02  -3.2629526e-02   1.0957222e-01   1.8238195e-03   1.7918758e-04  -1.3064049e-03
   2.6876690e-02   1.0335803e-02   8.5967835e-02   1.8628353e-03   8.0076160e-05  -1.6254915e-03
   2.2290213e-02   5.7875327e-03   5.2022686e-02   1.8691059e-03  -2.8061127e-04  -1.6874901e-03
   3.4493825e-02   1.3170799e-02   1.5690137e-01   1.4922133e-03   1.6434875e-04  -1.4744964e-03
   1.9246342e-02   5.0957130e-02   1.4944214e-01   1.0765846e-03   7.4256848e-04  -1.8383063e-03
   3.2893639e-02  -5.1414388e-02   5.3851518e-02   1.7731897e-03  -5.3523475e-04  -1.7237097e-03
   3.9415740e-02   2.5714201e-02   1.7240151e-01   1.5165215e-03  -1.1168801e-04  -1.9068121e-03
   3.3030935e-02   3.9024695e-02   8.7112135e-02   1.4226541e-03  -3.0371144e-04  -2.1446410e-03
   4.0561665e-02   1.1636698e-02   1.3198971e-01   1.3394430e-03  -2.4629697e-04  -2.3550227e-03
   3.2616492e-02  -9.6768956e-03   1.4128590e-01   1.6965934e-03  -6.5441129e-05  -1.9957129e-03
   3.4771492e-02   3.0241190e-02   1.2995920e-01   1.4686032e-03  -6.6914787e-05  -2.0605822e-03
   2.8229523e-02  -1.0000853e-02   1.1956425e-01   1.6414863e-03  -2.3104504e-04  -1.7617232e-03
   3.1351140e-02   2.2493600e-02   6.2990056e-02   2.7407251e-03  -2.4081077e-04  -1.5674504e-03
   2.8614149e-02  -2.0911705e-03   3.3739067e-02   1.8533438e-03  -4.0720853e-04  -1.6504942e-03
   2.3530248e-02  -6.2613584e-03   1.2568884e-01   2.2052600e-03   1.6783569e-04  -1.9132841e-03
   1.7654671e-02   6.5345798e-02   6.0836771e-02   1.4938230e-03   8.1645753e-05  -1.5419004e-03
   2.7625019e-02  -3.3833314e-02   1.0274297e-01   2.0464739e-03  -1.1626415e-04  -1.9216721e-03
   1.9693515e-02   3.3365217e-02   7.3403301e-02   1.7938084e-03  -1.4082415e-04  -2.0559020e-03
   2.8547018e-02   8.0346773e-02   1.2431393e-01   1.1979001e-03   2.4213275e-04  -1.6712868e-03
   3.8583633e-02  -1.7853548e-02   1.4224448e-01   1.9807675e-03  -1.1723441e-04  -1.4793924e-03
   3.2072755e-02   8.1923939e-02   7.3695540e-02   3.0023189e-04  -7.5640036e-05  -1.2542821e-03
   4.8697191e-02   5.7623860e-02   1.1614228e-01  -5.4132241e-04   6.4171855e-04  -3.2648824e-04
   1.5778122e-04   2.2984959e-01   3.7095272e-01  -1.1411345e-03   1.0363542e-03   1.2151770e-04
   2.1163728e-02  -9.7078128e-02   4.7134696e-02   2.0268043e-03  -5.4774632e-04  -1.0321923e-03
   2.2953261e-02  -1.2209670e-02   6.0526627e-03   1.2896917e-03  -4.6271221e-04  -5.4952502e-04
   3.3684595e-02   2.3657493e-02   2.0371605e-01   1.8076586e-03  -9.7152940e-04  -1.4037718e-03
   3.2285491e-02   5.0157061e-02   1.5851716e-01   1.6334898e-03  -1.1050751e-03  -1.1810287e-03
   2.5474265e-02  -1.0756501e-02   2.1083881e-01   1.8902937e-03  -8.1183482e-04  -1.5493388e-03
   3.0102642e-02   4.8068860e-02   1.5099026e-01   1.4587077e-03  -8.9578219e-04  -1.4418435e-03
   3.9299135e-02  -1.1639823e-02   1.6656331e-01   1.8662352e-03  -6.9279289e-04  -1.2592345e-03
   3.8478555e-02   4.6222170e-02   1.9370976e-01   1.8579790e-03  -6.5130267e-04  -1.2174200e-03
   4.5601834e-02   1.6747202e-02   1.8234649e-01   1.9937565e-03  -8.0802021e-04  -1.0203901e-03
   3.8010906e-02  -9.8309922e-03   2.0660010e-01   1.9776702e-03  -3.8895508e-04  -1.1959841e-03
   3.2694933e-02   5.1691191e-02   1.6753389e-01   2.3121510e-03  -3.5076577e-04  -1.6500724e-03
   5.6079917e-02   3.4489956e-02   1.6594709e-01   1.9014113e-03  -6.4660489e-04  -5.7841407e-04
   3.9000120e-02   1.0098393e-02   1.8748342e-01   2.1192561e-03  -3.3630934e-04  -6.5560605e-04
   4.2728431e-02   5.7436340e-02   1.5277815e-01   2.2109268e-03  -5.4291658e-04  -5.1044123e-04
   4.8048689e-02   5.6350109e-03   2.0575961e-01   2.0100694e-03  -6.3015539e-04  -9.4827860e-04
   5.3342424e-02   2.9742182e-02   1.9732257e-01   1.9326950e-03  -4.5611630e-04  -6.9053556e-04
   4.0015260e-02  -1.0332854e-03   1.6367497e-01   2.9879491e-03  -4.8132923e-04  -5.0953283e-04
   3.3311762e-02   6.4884851e-02   1.6663254e-01   2.2470207e-03  -2.1099386e-04  -6.6015646e-04
   2.9311026e-02   8.0931249e-03   1.6802786e-01   2.2589890e-03  -4.2047305e-04  -8.6271210e-04
   3.8934608e-02   3.7809491e-02   1.9897552e-01   2.4538863e-03  -3.1091700e-04  -4.4347383e-04
   5.4160287e-02   5.9197466e-02   1.1040143e-01   1.9513959e-03  -6.0392589e-04  -9.1373580e-04
   5.2191306e-02   3.3890786e-03   2.5546382e-01   1.3969451e-03  -1.0683396e-03  -1.2447315e-03
   5.5303288e-02   1.4858693e-01   2.3336201e-01  -6.3624507e-04  -1.5235381e-03   2.2975130e-04
   4.2547351e-02   1.2608790e-01   9.8161751e-02  -1.1966405e-03  -8.7049782e-04   2.5842034e-04
   6.3286760e-02   2.0139272e-02   1.6778845e-01  -1.1445955e-03  -9.4279105e-04   4.1813171e-04
   4.4823924e-02   1.0543957e-01   2.3348426e-01  -9.9901576e-04  -4.1317736e-04   8.1556617e-05
   5.0854907e-02   8.0823353e-02   2.1122979e-01   4.5624327e-05  -6.6412048e-04   8.4961095e-05
   4.1828286e-02   1.7777877e-02   2.1764677e-01  -1.6786280e-04  -5.1442413e-04  -1.6302601e-05
   3.4328709e-02   5.7794126e-02   1.9171702e-01   6.4743427e-04  -4.8398478e-04   1.8775840e-04
   3.7850596e-02   1.0107217e-01   2.6665271e-01  -1.4464830e-05  -5.1685115e-04   1.6495375e-04
   2.2445622e-02   7.7168984e-03   2.4579370e-01   8.5319179e-04  -5.7530931e-04  -9.6405272e-05
   2.0537668e-02   9.0320917e-02   2.3845786e-01   6.2248760e-04  -8.4547448e-04  -4.9862444e-04
   1.2325552e-02   1.4115986e-02   2.3794493e-01   1.1756696e-03  -1.1038386e-03  -6.4178224e-04
  -1.4011951e-03   9.5462147e-02   2.8992861e-01   6.7622822e-04  -7.5817479e-04  -1.0788307e-03
   2.1312240e-03   8.5774300e-02   2.2894349e-01   8.4842993e-04  -1.1864157e-03  -1.1722420e-03
  -1.5038862e-03   3.5134321e-02   3.4128057e-01   3.4693007e-04  -6.0204324e-04  -9.2143890e-04
  -1.9018316e-02   8.9653337e-02   4.5134521e-01  -1.1371712e-03  -6.9100195e-05  -7.6214999e-04
  -2.4471734e-03  -1.9551912e-02   3.5167578e-01   2.5528428e-04  -8.2839733e-04  -4.4645521e-04
  -1.0781825e-02   9.8324544e-02   3.9862253e-01   1.8013401e-04  -6.4810547e-05  -7.0534455e-04
   1.2387362e-03   1.8305842e-02   3.2511893e-01   4.1810777e-04  -4.6734409e-04  -7.0386390e-04
  -2.8002658e-02   5.8993855e-02   3.8659317e-01   6.5425468e-04  -9.7328766e-05  -9.4549470e-04
  -2.0028959e-02   7.8424166e-03   3.3103052e-01   2.9180699e-04  -3.6706394e-04  -1.3883603e-03
  -1.7088230e-02   5.2024339e-02   4.2094763e-01   5.1161232e-04   1.5981288e-04  -1.4582334e-03
  -2.0839523e-02   6.3443956e-02   3.1349086e-01   3.8812740e-04   7.3807366e-05  -1.2933077e-03
  -1.5251657e-02   2.7165942e-02   3.7160436e-01   2.3321784e-04   2.0436988e-04  -1.1113538e-03
  -1.4699801e-02   8.4620555e-02   3.1026896e-01   3.2917158e-04  -4.0056482e-06  -1.2437973e-03
  -5.6976806e-03   4.7584170e-02   3.8147207e-01  -7.7782400e-04  -6.7220036e-04  -1.2843309e-03
  -1.3670103e-02   2.0271370e-03   1.0017707e-01   1.4507238e-03  -6.8623902e-04   3.3898418e-04
  -9.0020671e-03   1.4852693e-01   1.5644829e-01  -5.6988740e-04  -1.3279506e-04   2.8364805e-04
  -5.9458345e-03   3.7007914e-02   2.4189810e-01  -5.6893936e-05  -3.7398247e-05  -1.1395811e-04
  -6.1815250e-03   1.3146353e-01   1.8454603e-01  -4.6152162e-04  -2.6219946e-04  -2.3500240e-04
