   0.0000000e+00   0.0000000e+00  -7.1054274e-15  -1.3877788e-17  -8.6736174e-19  -1.2037062e-35
   8.6948146e-03   4.1609346e-03   7.9281602e-03  -3.3461636e-04   1.6801344e-04   8.1736520e-04
  -1.5141518e-02   4.3138084e-02   3.0450488e-02   7.4884698e-04   9.8006620e-04   1.4808211e-03
  -1.7358677e-02   4.9450627e-02  -4.8791234e-03   8.6439218e-04   6.6008928e-04   1.5261656e-03
   4.9329524e-03  -2.0336598e-02   3.3639197e-02  -2.6764637e-05   1.1677424e-03   9.8132241e-04
   4.4340709e-02   5.6335345e-02   6.9790605e-02   7.0649254e-04   1.2526793e-03   1.4941172e-03
   4.9257848e-02   6.1405836e-02   2.9708755e-02   7.3677130e-04   1.7324264e-03   2.0347987e-03
   5.3911448e-02  -1.1933642e-02   5.3106064e-02   1.2055038e-03   1.8099839e-03   2.0720403e-03
   5.4465086e-02   3.2248294e-02   4.5808516e-02   2.1803756e-03   1.6818485e-03   1.7651989e-03
   6.7512596e-02  -1.5723723e-03   4.8598157e-02   2.0848179e-03   1.4751252e-03   1.7262810e-03
   6.6486497e-02  -2.3724805e-03   7.4037915e-02   2.3923952e-03   2.2319195e-03   1.8291167e-03
   8.3327260e-02   3.9366695e-02   8.8160791e-02   2.1657693e-03   2.0386643e-03   1.7704839e-03
   8.9168778e-02   1.6374604e-02   1.0063344e-02   1.8511564e-03   2.0426451e-03   1.9618491e-03
   8.3193316e-02  -1.3157493e-02   6.2343542e-02   2.1187575e-03   2.0967373e-03   2.1265515e-03
   8.9846315e-02   6.3855418e-02   5.0070987e-02   2.3832804e-03   2.1029823e-03   1.7096863e-03
   9.7359967e-02   3.1393593e-03   4.0462447e-02   2.0199229e-03   1.6613556e-03   1.5713301e-03
   8.9126267e-02   2.6716417e-02   7.8972166e-02   2.3693956e-03   1.8202550e-03   1.2727651e-03
   8.3553443e-02   8.4937292e-02   1.7590321e-01   1.0542426e-03   1.5543164e-03   1.1533610e-03
   8.8343276e-02  -1.2505443e-04   1.3820933e-01   1.2942971e-03   1.6198992e-03   1.4575554e-03
   1.0279132e-01   2.7055087e-02   1.7652272e-01   2.2190886e-03   1.1941380e-03   1.4854495e-03
   9.5230926e-02   8.4286982e-02   1.5827963e-01   1.6366398e-03   9.2119591e-04   1.2204040e-03
   1.0713204e-01   6.7884162e-04   1.8294198e-01   1.6415453e-03   7.1980221e-04   1.4063929e-03
   1.1650506e-01   8.3375993e-02   1.8426894e-01   1.6002237e-03   1.1813729e-03   1.2280955e-03
   1.2485191e-01   5.6499616e-02   1.7802758e-01   9.7300066e-04   9.7661615e-04   1.2534903e-03
   1.2153281e-01   4.3325406e-02   1.9665455e-01   7.8645269e-04   1.3104231e-03   1.5310617e-03
   1.1995271e-01   8.2454765e-02   2.2584228e-01   7.1014971e-04   6.3838469e-04   1.4704522e-03
   8.2135951e-02   1.9976797e-02   8.1935651e-02   1.2724208e-03   2.8018946e-04   1.3147598e-03
   6.8217353e-02   8.1711052e-02  -2.0244942e-03   1.0103780e-03   4.2034751e-04   1.6158356e-03
   6.6348719e-02   6.7167070e-02   9.1454306e-02   4.1031667e-04   6.2607629e-04   1.7304217e-03
   6.8665199e-02   1.9041971e-01   1.9664396e-01  -1.3327309e-03   1.9527816e-04   2.3165598e-03
   7.0581268e-02   7.6144732e-02   1.6568760e-01  -2.3773989e-04  -5.6229605e-04   3.7776395e-03
   6.8579949e-02   6.1234282e-02   1.8767408e-01   1.3484542e-03   3.1434546e-04   3.0295366e-03
   6.9217226e-02   1.3565323e-01   2.4018879e-01   2.1508255e-03   1.6195641e-05   3.2516145e-03
   6.8280251e-02   5.0685929e-02   2.3284938e-01   2.1364363e-03  -1.1431854e-04   2.9934825e-03
   6.3148954e-02   8.6103995e-02   2.8308972e-01   2.6048587e-03   3.0315252e-04   3.1533394e-03
   6.8621881e-02   1.0746417e-01   2.3418951e-01   2.5756448e-03   2.0560438e-04   2.9919120e-03
   6.1429282e-02   4.4966881e-02   2.4385141e-01   2.1755043e-03   1.9787397e-04   3.5886673e-03
   6.0658900e-02   9.7741603e-02   2.5145041e-01   2.8331953e-03   3.5766031e-04   3.3392131e-03
   6.7033397e-02   9.9615046e-02   2.2018143e-01   2.9871469e-03   1.3867441e-04   3.6064405e-03
   4.3947004e-02   4.6924502e-02   1.9643254e-01   3.4226728e-03   6.0670167e-04   3.5928067e-03
   8.7093000e-03   7.4188041e-02   1.6315715e-01   4.7286371e-03   7.5833500e-04   3.5817975e-03
   2.4278338e-02   5.9170486e-02   1.4010408e-01   4.4673143e-03   4.3849482e-04   3.3633361e-03
   9.7631816e-03   3.5266241e-02   1.9313518e-01   5.1844986e-03   7.1026710e-04   3.5501489e-03
   2.4388709e-02   9.3708624e-02   1.4765107e-01   5.5865204e-03   1.6446504e-04   3.0671928e-03
   1.5716118e-02   6.2088353e-02   1.1255509e-01   5.4544691e-03   1.4747567e-05   3.2843680e-03
   8.0310145e-03   2.7030129e-02   1.0542102e-01   6.0986922e-03   4.0851050e-04   2.7079234e-03
   9.2804610e-03   7.9018456e-02   1.5285452e-01   6.6976584e-03   5.0198329e-04   3.2502114e-03
   2.9649808e-02   5.5388481e-02   1.7574574e-01   6.1316382e-03   3.1741304e-04   3.1105389e-03
   1.4718859e-03   4.3388581e-02   1.4156847e-01   6.8425668e-03   1.0461262e-03   3.2875363e-03
   4.2290385e-02   1.0149037e-01   1.3854831e-01   5.9806890e-03   3.5076084e-04   3.1025113e-03
   1.2011327e-01  -7.1429500e-03  -2.1324623e-01   9.6296961e-03   2.1823556e-03   3.8036313e-03
  -3.8466144e-02   4.1314667e-03  -3.2347786e-01   1.3098365e-02   3.3399817e-03   3.0717405e-03
   6.0407533e-02  -9.6301490e-02  -2.8832977e-01   1.2697804e-02   4.5973037e-04   2.9215752e-03
   3.2514227e-03  -3.9869484e-02  -4.0453171e-01   1.3047792e-02   2.4181207e-03   4.0476945e-03
  -2.1902750e-02  -8.9278467e-02  -4.3350865e-01   1.4719790e-02   2.5713366e-03   3.1555523e-03
   1.5230699e-02  -1.3421041e-02  -5.6010098e-03   9.7586670e-03   1.5974542e-03   2.6304249e-03
   9.3352865e-02  -8.2661782e-03   2.3309280e-01   4.8720989e-03   1.8200053e-03   1.6892155e-03
   7.9285775e-02  -6.1681158e-02   2.2754459e-01   5.0318891e-03   2.0212739e-03   1.4765783e-03
   8.8124457e-02  -1.6466549e-02   2.0230740e-01   5.0218757e-03   1.5434438e-03   1.8007943e-03
   9.1114254e-02  -7.7363124e-02   1.7746202e-01   4.8577224e-03   1.8116667e-03   1.6024991e-03
   8.3761225e-02  -2.8880963e-02   1.7349303e-01   5.4994733e-03   1.5707247e-03   1.3564120e-03
   8.4545048e-02  -9.0323671e-02   1.6542727e-01   5.3713883e-03   1.5065876e-03   1.1668043e-03
   7.0776820e-02  -4.9476033e-02   1.9507656e-01   5.7522387e-03   1.3608020e-03   1.0052686e-03
   7.6239744e-02  -1.9764745e-02   1.4071043e-01   5.7526661e-03   1.3117120e-03   6.1964339e-04
   5.8526320e-02  -5.1521562e-02   1.9472806e-01   4.7758134e-03   1.5564939e-03   5.6824332e-04
   8.2616857e-02  -6.5331716e-03   2.0087071e-01   5.3271529e-03   1.8718221e-03  -1.8449988e-04
   1.6147408e-01  -6.6638346e-02   1.4169943e-01   5.3819020e-03   2.3891175e-03   1.5179525e-05
   1.5065739e-01  -8.6049610e-02   1.7870757e-01   5.4620334e-03   2.6546156e-03  -1.9895695e-04
   1.5432785e-01   5.0187370e-03   1.6235553e-01   5.5365954e-03   2.3077779e-03  -2.0883837e-05
   1.5608247e-01  -4.3546082e-02   1.4566289e-01   4.6617968e-03   1.7526333e-03   2.1848020e-04
   1.3214744e-01   6.7280587e-03   1.6933110e-01   5.2880663e-03   2.2312455e-03   2.7116282e-04
   1.3904244e-01  -3.0955463e-02   1.8064201e-01   5.2128294e-03   1.9888134e-03  -2.7295783e-05
   1.2906196e-01  -4.8141837e-02   1.7122730e-01   5.6527964e-03   2.3695740e-03   6.1502862e-05
   1.5048184e-01  -3.0300536e-02   1.8040045e-01   5.9721001e-03   1.8156477e-03   2.2280551e-05
   1.2904978e-01   1.7309154e-03   1.9221985e-01   5.4693192e-03   2.1126481e-03   2.2662521e-04
   8.2963452e-02   1.8362486e-01   4.8794353e-01   2.3689412e-03   1.5333382e-03   9.7836893e-04
   1.4344357e-01  -4.1323533e-02   4.7833141e-01  -2.7556561e-03   2.1979830e-03   9.8486132e-04
   1.6862864e-01   3.3755704e-02   3.5649345e-01  -3.2161767e-03   3.2211561e-03   1.6485849e-03
   1.8225652e-01  -5.3134659e-02   4.2287085e-01  -2.4020469e-03   2.5713056e-03   1.7476340e-03
   1.7908545e-01   1.1614104e-03   3.4799887e-01  -1.1167986e-03   2.4553602e-03   1.8634422e-03
   1.6702869e-01  -9.3131456e-02   4.6489549e-01  -3.0793661e-04   1.6833697e-03   1.7926095e-03
   1.5885886e-01  -2.9991645e-02   4.3169783e-01   7.0764489e-05   1.7062536e-03   1.8282916e-03
   1.9021734e-01  -1.5808068e-02   4.5879599e-01  -8.4492434e-04   1.3528718e-03   2.0628588e-03
   1.8146050e-01  -7.6160141e-02   5.1436307e-01  -4.0360367e-04   1.6286247e-03   1.8823299e-03
   1.9291859e-01  -7.5276235e-03   4.9724775e-01  -8.4240653e-04   1.1234198e-03   1.8405440e-03
   2.0561641e-01  -9.3524359e-02   5.0804938e-01  -6.2468240e-04   1.6055447e-03   1.9792316e-03
   2.3160436e-01   2.7457782e-02   5.5296866e-01  -8.7243865e-04   1.9080140e-03   2.4561553e-03
   2.2371856e-01  -7.7509142e-02   5.2645184e-01  -9.9315662e-04   2.1086544e-03   2.6660065e-03
   2.3342521e-01  -8.7499084e-03   5.5618362e-01  -5.0022755e-04   1.5490911e-03   2.6196937e-03
   2.1643500e-01   6.2491842e-03   4.5394384e-01  -9.5524678e-04   1.4227047e-03   2.7370391e-03
   2.1068504e-01  -5.5099388e-02   5.1460202e-01  -6.6154630e-04   1.6867358e-03   2.7446536e-03
   2.3634306e-01   3.1804724e-02   5.2125730e-01  -7.7045842e-04   1.8869061e-03   2.5651843e-03
   2.2024572e-01  -3.5473413e-03   4.3656122e-01  -1.2519712e-03   1.6971649e-03   3.1814259e-03
   1.7209119e-01   5.3070020e-02   4.7373797e-01  -9.7501015e-04   2.2948249e-03   3.5738380e-03
   2.1701029e-01  -8.9028329e-02   4.9215603e-01  -1.6576351e-04   1.8813811e-03   3.4434165e-03
   2.0955016e-01   2.1495083e-02   5.0245632e-01   2.0060603e-04   1.9983504e-03   3.1495623e-03
   2.2558754e-01   4.1506478e-03   3.9556731e-01   1.0513853e-04   2.2568302e-03   3.2921958e-03
   2.3274178e-01  -5.3133467e-02   4.9455980e-01   5.8449215e-04   2.8532754e-03   3.6703761e-03
   2.5161996e-01   4.6944907e-04   4.1246306e-01   7.3737884e-04   2.2610584e-03   3.3031253e-03
   1.8279934e-01   3.5034381e-02   4.3091870e-01  -1.4571390e-04   2.0058911e-03   3.1767534e-03
   1.9773117e-01  -3.0333688e-03   3.2180348e-01   1.1509875e-03   1.2718352e-03   3.1074338e-03
   1.5319272e-01   7.5027563e-02   3.5686589e-01  -8.3108261e-04   2.1694892e-03   3.8581111e-03
  -4.3757486e-03   2.2787516e-01   5.8638687e-01  -2.6086903e-03   2.5896337e-03   4.7961913e-03
   5.2909152e-02  -9.3695086e-02   4.7795428e-01   6.9846344e-04   2.5186605e-03   4.6575895e-03
   5.2674114e-02  -1.2907351e-01   4.2408196e-01   2.8508005e-03   2.6846381e-03   3.5839107e-03
   1.0678279e-01  -1.5666826e-02   3.9514190e-01   3.1648485e-03   2.3832776e-03   4.1125786e-03
   1.2343556e-01  -8.9035114e-02   4.7953914e-01   2.3197812e-03   2.3828697e-03   3.8059257e-03
   1.2258333e-01  -4.0085749e-02   5.2677812e-01   2.6824731e-03   2.3714406e-03   4.0432994e-03
   1.0957251e-01  -1.3370731e-01   5.4083180e-01   2.7947716e-03   2.3989657e-03   3.8168322e-03
   1.0971314e-01  -3.8576718e-02   5.6407999e-01   2.7922710e-03   2.3324698e-03   3.5290445e-03
   8.2345741e-02  -4.7672336e-02   5.5767632e-01   1.1581480e-03   1.9411502e-03   3.0888353e-03
   6.8665906e-02  -5.0701919e-02   5.5737960e-01   2.1784490e-03   2.0176270e-03   2.6876991e-03
   9.2743347e-02  -2.3178866e-02   5.1096507e-01   1.3487756e-03   1.8424851e-03   2.2220283e-03
   1.3672069e-01  -4.0052729e-02   6.0324879e-01   1.1122283e-03   2.6720218e-03   3.1332588e-03
   9.6682670e-02   2.8251436e-03   5.9277761e-01   2.8901866e-04   3.0393864e-03   3.1774440e-03
   8.7973945e-02  -5.9415347e-02   6.0648378e-01   5.5432224e-04   3.0385900e-03   2.9436576e-03
   7.6584711e-02  -2.0719342e-02   6.6633901e-01   3.7393469e-04   3.4564952e-03   3.0136992e-03
   8.7400368e-02  -2.8309978e-02   6.2482364e-01   7.4501285e-04   3.2627452e-03   2.8647534e-03
   8.4548871e-02  -5.4346214e-02   6.4602128e-01   3.4463282e-04   3.8248700e-03   3.0170482e-03
   9.1907208e-02   8.9329194e-04   6.3485913e-01   3.1274269e-04   3.8680885e-03   3.4229814e-03
   9.6221424e-02  -5.6567271e-02   6.5441130e-01   1.5698037e-04   3.7175959e-03   3.3471890e-03
   7.9703034e-02   3.6398600e-03   6.3259262e-01   7.9355331e-04   3.4751872e-03   3.1162203e-03
   1.0039552e-01  -8.5249809e-03   5.9099099e-01  -4.6884957e-04   3.3141881e-03   3.4591362e-03
   1.0640829e-01  -1.2433595e-02   6.0358736e-01   1.2078977e-03   3.6394297e-03   3.6755191e-03
   1.4035801e-01  -2.1696781e-02   5.5254257e-01  -5.5854954e-03   5.5177252e-03   3.0171016e-03
   2.2196692e-01  -1.5427122e-01   4.2481036e-01  -8.3966201e-03   6.5113690e-03   4.4165712e-03
   2.9010602e-01  -5.4734391e-03   3.3589036e-01  -7.6458257e-03   6.9154547e-03   5.0568182e-03
   2.7736849e-01   1.0764104e-01   4.2143930e-01  -1.0871676e-02   6.3876624e-03   4.1856262e-03
   2.3896179e-01  -4.8420618e-03   4.8662383e-01  -7.7016434e-03   6.0988603e-03   4.7936437e-03
