   0.0000000e+00  -7.1054274e-15   0.0000000e+00   0.0000000e+00   0.0000000e+00   2.1684043e-19
   4.2059354e-03  -7.8657712e-02  -1.3449772e-02  -3.0345238e-04  -6.1008023e-05   2.1539861e-05
   4.5953878e-03   1.1930180e-01   2.8220283e-02  -1.0398128e-04   5.0960097e-05   2.6737067e-04
   2.2143630e-03   1.0269563e-02   1.0071279e-02  -2.4277675e-04  -5.2729559e-05   3.8038979e-04
  -5.2005831e-03   1.0193253e-01   1.3177327e-02  -2.4869095e-04  -3.4218994e-04   4.7118099e-04
  -6.6031499e-03  -1.3819932e-02   1.0146069e-02  -1.5011586e-04  -1.6307102e-04   4.0109097e-04
  -3.7418214e-03   6.2952024e-02  -5.7362301e-03  -4.8987074e-04  -1.4179433e-04   4.1267316e-04
  -3.7107565e-04   2.6017524e-02  -2.3265383e-02  -1.6244522e-04   1.7193659e-04   5.0248186e-04
  -9.0259624e-03   4.4562790e-02  -2.3944212e-02  -4.3476218e-04   5.0329740e-05   5.0934835e-04
  -1.2337119e-02   6.3701169e-02  -2.3656311e-02  -5.6110252e-05   1.3249829e-04   6.1509203e-04
  -6.5465883e-03   1.9585442e-02  -8.7762614e-03  -2.5355488e-04   2.3281046e-04   4.9902703e-04
  -4.9447431e-03   9.3097994e-02  -1.2387159e-02  -2.0580669e-04   1.9183353e-04   4.6141107e-04
  -5.3173390e-03   3.7716755e-02  -1.7951184e-02  -1.0743237e-04   1.7090300e-04   5.4083248e-04
   2.1333836e-03   3.8263442e-02  -1.2369935e-02  -3.5174508e-04   3.2408823e-04   3.1269461e-04
   1.7963546e-03   7.1241762e-02  -1.3189458e-02  -1.4953344e-04   2.8332027e-04   4.7827803e-04
   6.5916845e-03   2.3319568e-02  -1.9956914e-02  -5.4697996e-04   4.1333264e-04   3.5325496e-04
   2.9371184e-03   9.1898696e-02  -1.0745123e-02  -3.6456459e-04   3.5617643e-04   4.2470192e-04
   3.8759080e-03   3.5519595e-02  -1.3107311e-02  -6.9121886e-04   3.6900285e-04   5.4828319e-04
   8.5252112e-03   6.0082885e-02  -1.8212906e-02  -7.9272965e-04   3.3612309e-04   3.9489585e-04
   1.0464239e-02   3.5133428e-02  -3.3604557e-03  -8.9359369e-04   4.8171105e-04   4.8317134e-04
   6.9101489e-04  -4.5406996e-03  -2.2787873e-02  -8.3549780e-04   1.5266124e-04   3.0591561e-04
  -2.5614293e-03   2.7691280e-02  -1.7886027e-02  -1.1593678e-03   1.2444874e-04   2.9656579e-04
  -1.1408578e-03   1.4436878e-01  -2.7723197e-02  -1.5241122e-03   2.4942522e-04   2.4862055e-04
   1.2596798e-03  -7.3068049e-02  -6.6449974e-02  -2.1050002e-03   2.0751824e-04   1.2581535e-05
  -2.1578262e-03   5.5901506e-02  -2.9549824e-02  -1.8478943e-03  -3.4860338e-05   8.8627251e-05
   9.9583739e-03  -4.3804863e-02  -2.1466260e-02  -1.5155714e-03   3.8771417e-04  -1.0134131e-04
   9.3568893e-03  -8.3198266e-04  -1.1458956e-03  -1.9755095e-03   2.9477143e-04  -1.5624620e-04
   1.4016970e-02   1.7189514e-02  -1.7458752e-02  -1.9849692e-03   4.4639737e-04  -2.7794181e-04
   1.3161790e-02  -5.8330315e-02  -1.5284609e-02  -1.6163921e-03   3.4248473e-04  -2.1115807e-04
   1.4641966e-02   4.0247270e-02  -1.3340246e-02  -2.0616463e-03   5.2345961e-04   7.9483861e-05
   2.1256251e-02  -1.6094175e-02  -2.4999645e-02  -2.6008023e-03   6.1323956e-04  -5.7948180e-05
   1.5128972e-02   2.0610754e-02  -1.3918635e-02  -2.2058859e-03   5.8324817e-04   9.0116642e-05
   1.4751004e-02  -3.8047239e-02  -1.8820790e-02  -2.1229208e-03   5.6863396e-04   2.5915826e-05
   7.2575902e-03  -1.2617709e-02  -1.4226388e-03  -1.9383585e-03   3.8093608e-04   1.5855137e-04
   1.6788714e-02  -1.9137399e-02  -8.2223108e-03  -2.3211884e-03   5.3405087e-04   1.2309441e-04
   1.6457094e-02   4.5380733e-02  -6.7820519e-03  -1.9146586e-03   4.8929618e-04   1.8573232e-04
   1.1832336e-02  -4.3142348e-02  -1.1780780e-02  -2.1104155e-03   5.4895870e-04   1.2432916e-04
   4.3304781e-03   1.8419748e-02   4.8227307e-03  -2.0540957e-03   2.4859015e-04   9.8861112e-05
   5.4905818e-03  -2.1199776e-02  -1.3445581e-02  -2.0523275e-03   3.3611244e-04   9.3561426e-05
   7.8535268e-03  -3.0156426e-02  -7.1241203e-04  -2.3866850e-03   4.1629224e-04   6.1429025e-05
   4.5501778e-03   1.8181624e-02  -1.8591935e-02  -2.4272549e-03   3.1697382e-04   6.1747665e-05
   7.8242839e-03  -5.9768522e-02  -2.8032881e-02  -2.4052700e-03   2.9085544e-04  -9.9156947e-05
   6.5197486e-03   2.0567413e-02  -8.5133253e-03  -2.4808435e-03   2.5162880e-04  -7.3749693e-05
   5.1807032e-03  -3.8652766e-02  -1.6551524e-02  -2.7009267e-03   2.7874457e-04  -1.3917496e-06
   5.2831541e-03  -1.1529546e-02  -1.2217247e-02  -3.0695739e-03   3.4364884e-04  -2.6945416e-05
   4.0738806e-03  -4.4990593e-02  -4.6718517e-02  -2.7967277e-03   2.8205177e-04   6.6801138e-05
   5.7529244e-03  -4.1930543e-02  -1.8944473e-02  -2.9903154e-03   3.7199723e-04  -1.4754750e-04
  -3.3231240e-03   4.0534221e-03  -1.9875522e-02  -2.5911159e-03   1.2021781e-04  -1.2226782e-04
   1.2160040e-03  -4.3020451e-02  -2.6514120e-02  -2.7353928e-03   1.7080761e-04  -1.9549758e-04
  -3.6838414e-03  -3.0914712e-02  -3.9280248e-02  -3.2467640e-03   4.0082469e-07  -2.9218463e-04
  -3.0950007e-03  -3.1659363e-02  -4.3456770e-02  -2.8678067e-03   1.5796448e-04  -2.9201779e-04
   1.4687283e-03  -5.1019381e-02  -6.9766398e-02  -3.1254098e-03   2.1117965e-05  -2.8084658e-04
   5.0782656e-03   1.3996443e-02  -6.6498255e-02  -3.1807278e-03   1.7707023e-04  -5.2438167e-05
   1.3376964e-02  -2.9162614e-02  -5.3704175e-02  -3.2530223e-03   4.1824746e-04  -3.9542580e-04
   1.0855473e-02   2.4364643e-02  -7.8563194e-02  -3.1534891e-03   3.3743764e-04  -3.8581898e-04
   2.1715085e-02  -7.8729430e-02  -3.4214908e-02  -2.8981471e-03   8.3896069e-04  -9.2096518e-04
   2.6433197e-02   1.3065767e-01   4.2013543e-02  -2.0097110e-03   1.2889520e-03  -9.4861542e-04
   3.1474608e-02  -6.8355205e-02  -7.3943041e-03  -2.1342790e-03   1.4755695e-03  -7.9436336e-04
   3.9777642e-02  -6.3028776e-02   1.0754132e-02  -2.7921988e-03   1.4337179e-03  -9.8786362e-04
   3.3292626e-02  -5.5476366e-02   2.3921854e-02  -2.6702143e-03   1.2202293e-03  -9.6563038e-04
   3.3315865e-02  -1.3231938e-02   2.0811735e-02  -3.0482177e-03   1.3096114e-03  -8.3045464e-04
   3.6571460e-02  -4.6748040e-02  -2.7909648e-03  -2.9759012e-03   1.3115998e-03  -8.7069735e-04
   3.9148504e-02   1.4745928e-02   2.2234381e-02  -3.1979678e-03   1.3539755e-03  -8.6576440e-04
   3.4523442e-02  -1.2176302e-02   1.6193675e-02  -2.8810724e-03   1.3694410e-03  -8.1869062e-04
   2.9717721e-02  -5.5825531e-02   9.3496990e-03  -3.1971407e-03   1.4182817e-03  -9.0311562e-04
   2.8707101e-02  -7.0079115e-03   7.3516108e-03  -2.9778031e-03   1.3784764e-03  -8.9538568e-04
   3.0829779e-02  -7.2705986e-02  -4.8297149e-03  -3.2808363e-03   1.3707826e-03  -9.5593880e-04
   3.1118839e-02  -6.6332770e-03   5.7790273e-03  -3.1656445e-03   1.3823961e-03  -1.0163081e-03
   3.7159365e-02  -5.8315654e-02  -1.8209857e-03  -3.0527425e-03   1.3707655e-03  -1.0292453e-03
   3.9476448e-02  -6.0162472e-02  -1.2419321e-02  -3.1503720e-03   1.4088043e-03  -1.1253792e-03
   4.7420154e-02   7.9507478e-03  -1.1023649e-02  -2.9438756e-03   1.5010716e-03  -1.1613210e-03
   4.6104678e-02  -2.6649811e-02  -2.7838988e-02  -3.0795856e-03   1.5467051e-03  -1.2224250e-03
   4.6310744e-02   2.1991083e-02  -1.5949817e-02  -2.8153862e-03   1.6594855e-03  -1.3543576e-03
   4.4046137e-02  -5.9831070e-02  -1.1526690e-02  -2.9251412e-03   1.6619226e-03  -1.5545313e-03
   5.1535982e-02   1.2669556e-02   7.5743937e-03  -3.1634811e-03   1.7254676e-03  -1.7208077e-03
   5.4463687e-02  -2.7941623e-02  -3.6525469e-03  -2.9234191e-03   1.7288454e-03  -1.7553248e-03
   5.9339716e-02  -3.5277271e-02  -9.7814790e-03  -3.3614648e-03   1.7846614e-03  -1.9773703e-03
   5.9864896e-02  -6.4290809e-03  -8.9797843e-03  -2.9538874e-03   1.7947021e-03  -2.0595452e-03
   5.8483747e-02  -4.1030159e-02  -2.0494400e-03  -2.8984312e-03   1.5176989e-03  -2.2252795e-03
   5.9447480e-02  -2.6105658e-02  -9.4668796e-03  -2.8762443e-03   1.5457191e-03  -2.4834956e-03
   6.1753571e-02  -4.7125768e-02  -2.3109849e-02  -3.0297921e-03   1.6809684e-03  -2.2767955e-03
   7.0504332e-02  -7.1258348e-02  -2.6333650e-02  -3.3333303e-03   1.7555715e-03  -2.4536775e-03
   5.8427856e-02   2.2990683e-02  -4.4196966e-02  -3.5358586e-03   1.6278681e-03  -2.5061135e-03
   5.9955421e-02  -1.1198975e-01  -6.6060443e-02  -3.5939495e-03   1.5062178e-03  -2.4120946e-03
   5.5800040e-02  -2.0657588e-02  -2.9370949e-02  -2.9793253e-03   1.5429481e-03  -2.3315620e-03
   5.5043127e-02  -7.5756066e-02  -1.7311415e-02  -3.0346567e-03   1.4687572e-03  -2.3192819e-03
   5.2108693e-02   4.9655843e-03  -2.2744581e-04  -2.6296520e-03   1.4034334e-03  -2.4383180e-03
   5.1804900e-02  -8.0920606e-02  -1.1275282e-02  -2.7117171e-03   1.4434378e-03  -2.3457835e-03
   5.6135293e-02  -3.1436026e-02   6.9128280e-03  -2.8631550e-03   1.4610372e-03  -2.5706601e-03
   5.9184709e-02  -3.6424490e-02  -6.9870365e-03  -2.5083563e-03   1.6324655e-03  -2.5723366e-03
   6.8010478e-02  -2.6801738e-02   1.5001170e-02  -2.5394280e-03   1.8335764e-03  -2.6381971e-03
   6.1117513e-02  -1.1267830e-02   3.7314367e-04  -2.4347679e-03   1.5443220e-03  -2.6010984e-03
   6.4889926e-02  -4.4923738e-02  -6.8013054e-04  -2.3871851e-03   1.7094992e-03  -2.5766988e-03
   6.2975556e-02  -3.1716223e-02  -3.2182242e-02  -2.7327060e-03   1.5595790e-03  -2.5343697e-03
   6.3426373e-02   2.7265511e-03  -3.5159042e-02  -2.7619128e-03   1.8193934e-03  -2.6297608e-03
   6.5301421e-02  -6.0355830e-02  -2.9098295e-02  -2.5253586e-03   1.9851135e-03  -2.7938733e-03
   6.2108123e-02   1.4903847e-02  -2.4705521e-02  -2.0373818e-03   1.8528905e-03  -2.6116993e-03
   6.9534895e-02  -8.2087438e-02  -1.8086508e-02  -2.5501866e-03   2.1328574e-03  -2.6197598e-03
   6.6933830e-02  -2.4682389e-02  -2.2178651e-02  -2.5316854e-03   1.9756600e-03  -2.6573702e-03
   6.8136604e-02  -3.1110868e-02  -1.5443215e-02  -2.4341646e-03   2.1383006e-03  -2.5641578e-03
   6.8469012e-02  -9.2686000e-02  -3.4644846e-02  -2.5088628e-03   2.1551658e-03  -2.6122212e-03
   6.7276165e-02  -2.7441154e-02  -8.4983858e-03  -2.6012186e-03   2.0898301e-03  -2.5275942e-03
   6.8330725e-02   1.7541465e-04   2.1189425e-03  -2.7196379e-03   2.0713848e-03  -2.5729502e-03
   7.0619974e-02  -1.0373518e-01  -3.7119124e-02  -2.5983754e-03   2.1920078e-03  -2.5137335e-03
   6.9423258e-02  -2.1220041e-02  -3.1272401e-02  -2.9558192e-03   2.0288426e-03  -2.5728962e-03
   6.2771250e-02  -2.8728961e-02  -3.2857099e-02  -2.4456071e-03   1.8092655e-03  -2.4688670e-03
   6.4111749e-02  -6.4157934e-02   2.6578022e-03  -2.5206708e-03   1.9292107e-03  -2.6563874e-03
   6.0809619e-02  -3.2187757e-02  -9.0953042e-03  -2.3468702e-03   1.8352808e-03  -2.7304255e-03
   6.4459877e-02  -5.7520920e-02  -3.3356901e-03  -2.4083067e-03   1.7870776e-03  -2.7358534e-03
   7.3024591e-02  -6.8505256e-02   5.7900230e-04  -2.9945435e-03   1.9115282e-03  -2.8905680e-03
   7.4883910e-02   4.1527695e-02  -2.0838838e-02  -3.3033084e-03   1.8376551e-03  -2.9826270e-03
   7.5749981e-02  -1.6201971e-01  -5.8115220e-02  -2.7827405e-03   1.9947064e-03  -2.9590806e-03
   6.7796650e-02  -1.3848490e-02  -2.0885281e-02  -3.0672870e-03   1.9027033e-03  -3.0375046e-03
   7.0234714e-02  -4.1304560e-02  -1.6643375e-02  -2.3009485e-03   1.9717458e-03  -3.0186748e-03
   6.6636378e-02  -8.1929461e-02  -9.8444605e-03  -3.0984126e-03   1.9162624e-03  -2.9638067e-03
   6.5087608e-02  -4.0332730e-02   2.2874944e-03  -2.6341754e-03   1.9436058e-03  -2.8318455e-03
   6.4924845e-02  -7.8487202e-02   1.5306481e-02  -2.7485393e-03   1.8602464e-03  -2.8337255e-03
   6.1277031e-02  -5.1796261e-02   7.0069228e-03  -2.7449493e-03   1.9429249e-03  -2.8227496e-03
   6.0233033e-02  -9.9564258e-02  -2.9923132e-03  -2.6194291e-03   1.8886191e-03  -2.7963364e-03
   6.4742909e-02  -1.0346773e-03   1.9822674e-02  -2.6226118e-03   1.9604417e-03  -2.8358860e-03
   6.7107550e-02  -9.6394037e-02  -4.4874173e-03  -2.7634369e-03   1.9901788e-03  -2.8716656e-03
   6.8273840e-02  -2.9245382e-02   1.4311199e-02  -2.6030067e-03   1.9622343e-03  -2.8770125e-03
   7.0194305e-02  -8.5828650e-02   3.1534269e-03  -3.0433699e-03   1.9472456e-03  -2.9803999e-03
   6.5252767e-02  -1.2647306e-02  -3.0428094e-03  -2.7109545e-03   1.8450417e-03  -2.9616975e-03
   6.4783985e-02  -1.0093574e-01  -2.4184601e-02  -3.0674584e-03   1.9695305e-03  -2.9900186e-03
   6.3434687e-02  -2.8346251e-02  -3.8131394e-03  -2.9220884e-03   1.9639493e-03  -2.9940831e-03
   6.6810851e-02  -6.4984272e-02  -2.2910220e-02  -2.6416352e-03   2.0173305e-03  -2.8492613e-03
   6.6497734e-02  -2.0489884e-02  -1.3349064e-02  -2.9466319e-03   2.0331954e-03  -2.9583895e-03
   6.6817637e-02  -1.9336716e-02  -2.4072949e-02  -2.6095873e-03   2.0272240e-03  -2.9439979e-03
   7.6961308e-02  -6.9402268e-02  -7.6644358e-03  -2.5941996e-03   2.1471517e-03  -3.0424165e-03
   6.4553711e-02  -4.3569954e-02  -1.5213319e-02  -2.4292398e-03   1.8095389e-03  -3.1103807e-03
   6.6696855e-02  -1.4385741e-02  -4.8059146e-03  -2.6458397e-03   1.8864543e-03  -3.1664375e-03
   6.6470688e-02  -7.4269483e-02  -1.0811205e-02  -2.7011086e-03   1.8118126e-03  -3.2885716e-03
   6.5383837e-02  -5.9823135e-03  -2.5987922e-02  -2.2292595e-03   1.7102565e-03  -3.4426627e-03
   7.1089397e-02  -6.5138034e-02  -3.7700706e-02  -2.9201614e-03   1.7816381e-03  -3.2916799e-03
   7.3849589e-02  -2.2548765e-02  -1.9946184e-02  -2.4448222e-03   1.8738011e-03  -3.4976709e-03
   7.4675919e-02   1.6599824e-02  -2.0113031e-02  -1.7974532e-03   1.9141910e-03  -3.6690568e-03
   6.5596943e-02  -1.1395646e-01  -3.9606005e-02  -3.0221852e-03   1.6475043e-03  -3.3807513e-03
   6.9544696e-02  -2.2610382e-03  -1.7705671e-02  -2.5168651e-03   1.7213462e-03  -3.5932367e-03
   6.1548674e-02  -1.3712959e-02  -3.9847889e-03  -2.1401550e-03   1.3281223e-03  -3.8191345e-03
   5.2839715e-02  -8.8166300e-02  -3.2572325e-02  -1.8777907e-03   1.0077153e-03  -3.8716078e-03
