   0.0000000e+00   0.0000000e+00  -3.5527137e-15   0.0000000e+00   0.0000000e+00   0.0000000e+00
   1.1156058e-02  -2.5229310e-02   3.4600853e-02   6.6167911e-03   2.0290679e-03  -3.7597766e-04
   4.5898161e-02   7.5499082e-02   6.2138554e-02   2.2199287e-03   2.0813481e-03  -2.6100803e-04
   1.6404245e-01   3.6083519e-01   1.0043026e+00   4.1857805e-03   1.8266404e-03  -2.0741683e-04
   2.2725723e-01   5.9868374e-01   1.7670457e+00   2.6408315e-03   3.1404382e-03   3.8636705e-04
   2.4494792e-01   6.2075853e-01   1.8951340e+00   1.8008886e-03   3.4623084e-03   1.2129770e-03
   2.2990952e-01   6.1386857e-01   1.8713749e+00   2.1930365e-03   3.2949930e-03   5.2719239e-04
   2.6135059e-01   6.2756385e-01   1.8971396e+00   2.1351249e-03   3.4760565e-03   3.2019510e-04
   2.5805526e-01   6.4349640e-01   1.8779906e+00   2.5932248e-03   3.9047718e-03   5.2732391e-04
   2.4002040e-01   6.3930620e-01   1.9545345e+00   3.7856944e-03   4.2243958e-03  -2.4629007e-04
   2.2576116e-01   7.0931107e-01   1.9182944e+00   1.7769498e-03   4.5171579e-03  -6.6494278e-04
   2.4015405e-01   6.9217745e-01   1.9423928e+00   2.0320250e-03   4.2386908e-03  -7.0268754e-04
   2.3708232e-01   7.2328854e-01   1.9767859e+00   1.7119638e-03   4.9312040e-03  -6.8693067e-04
   2.4911668e-01   7.1483892e-01   1.9604348e+00   1.9664154e-03   4.9696268e-03  -5.7144444e-04
   2.6225130e-01   7.1198479e-01   1.9286647e+00   1.5402488e-03   5.5611049e-03  -6.8546775e-05
   2.7574700e-01   7.3015687e-01   1.9800690e+00   2.0825019e-03   5.2214187e-03  -2.2283895e-04
   2.6348519e-01   7.2316330e-01   1.9643157e+00   1.8498092e-03   5.5240143e-03  -3.1173963e-04
   2.5847489e-01   6.8692482e-01   1.9962121e+00   2.1003609e-03   5.1711512e-03  -2.1428411e-04
   2.5156915e-01   6.6784545e-01   2.0121810e+00   2.7896591e-03   5.4375327e-03   2.1481450e-04
   2.5146252e-01   7.2658984e-01   1.9703236e+00   1.3034365e-03   4.8992945e-03  -5.6803106e-04
   2.6564525e-01   7.2889901e-01   2.0051719e+00   1.5496833e-03   5.1257391e-03  -4.5064801e-04
   2.7336602e-01   7.1783351e-01   2.0386195e+00   2.0373334e-03   4.6586833e-03  -7.0892269e-04
   2.6691808e-01   7.1814257e-01   1.9875570e+00   9.5454778e-04   5.2514952e-03  -8.2381283e-05
   2.7282911e-01   7.2861026e-01   2.0234518e+00   1.2106264e-03   4.8617990e-03  -3.8692038e-04
   2.5694973e-01   7.4920848e-01   1.9723592e+00   1.2192061e-03   5.7098842e-03  -8.0030453e-05
   2.5552172e-01   7.7566424e-01   2.0767388e+00   1.9936865e-03   4.7311820e-03  -9.1970326e-04
   2.3972788e-01   7.9550631e-01   2.0200507e+00   8.4110089e-04   4.3542474e-03  -1.3472427e-03
   2.5325019e-01   7.3613537e-01   2.0234757e+00   1.5542129e-03   4.7659536e-03   7.5870753e-05
   2.5329559e-01   6.3126416e-01   1.9884550e+00   3.7784304e-03   5.0008824e-03  -3.8749370e-04
   2.5247264e-01   7.5973324e-01   1.9531107e+00  -5.0860388e-04   5.2478148e-03  -2.1670904e-05
   2.7364121e-01   7.2325205e-01   1.9314673e+00  -3.2083878e-04   4.6863852e-03  -2.7895387e-04
   4.3057606e-01   8.6529886e-01   1.9237490e+00   3.6148956e-04   2.3147644e-03  -2.0439939e-03
   3.7753376e-01   7.6974593e-01   2.1999885e+00   7.3811416e-03   2.9737686e-03  -3.6626086e-05
   3.5971479e-01   8.1375372e-01   2.0568313e+00   2.6629428e-03   4.3481506e-03  -6.7827382e-05
   3.6616299e-01   8.7556451e-01   2.1174667e+00   3.0536980e-03   4.0552622e-03  -2.5390058e-04
   3.9175099e-01   8.8006535e-01   2.0740901e+00   1.6425616e-03   4.2736902e-03   5.4513878e-04
   3.9940159e-01   8.5264235e-01   2.1565554e+00   2.0924422e-03   3.9280829e-03   8.4126061e-04
   4.1299756e-01   8.4811682e-01   2.1485258e+00   1.0486887e-03   4.4855213e-03   5.9986815e-04
   4.0437875e-01   8.6830606e-01   2.1065050e+00   1.2076608e-03   4.6169134e-03   2.4831199e-04
   4.0347978e-01   8.7816629e-01   2.0826277e+00   6.2757526e-04   4.9188579e-03   6.7148439e-04
   3.9753703e-01   8.8937132e-01   2.0788483e+00   1.0982158e-03   4.9297041e-03   6.3686469e-04
   3.8982561e-01   8.7579358e-01   2.1274086e+00   5.9322308e-04   5.1545345e-03   6.7468955e-04
   3.9302332e-01   8.7572875e-01   2.1217755e+00   1.4302294e-03   5.3613600e-03   7.4499840e-04
   4.0651081e-01   9.1136347e-01   2.0596065e+00   5.0114947e-04   5.3628000e-03   1.0099957e-03
   3.9191369e-01   9.2809762e-01   2.1432655e+00   1.8014374e-04   5.4039651e-03   1.2776152e-03
   3.8849846e-01   8.8114651e-01   2.1797551e+00   1.0327348e-04   5.7190679e-03   1.5129579e-03
   3.9211696e-01   9.1857684e-01   2.1055559e+00   1.0372731e-03   5.8306111e-03   1.5188604e-03
   4.0305178e-01   8.8026829e-01   2.1035954e+00  -8.2861971e-05   5.8443090e-03   1.4592047e-03
   3.7625010e-01   8.8401787e-01   2.1908613e+00   6.1090676e-04   5.8482433e-03   1.3581498e-03
   3.9000518e-01   8.8572058e-01   2.2049355e+00   1.0151182e-04   5.3445599e-03   8.7151551e-04
   3.9219518e-01   9.0057932e-01   2.1780760e+00   1.8426991e-03   5.0246167e-03   6.4274350e-04
   3.8286278e-01   9.1700224e-01   2.2264075e+00  -5.3774598e-04   5.1483391e-03   9.9480254e-04
   3.8492049e-01   9.1412323e-01   2.1977919e+00   1.5877749e-03   5.2711858e-03   8.4352837e-04
   4.0012289e-01   8.7995139e-01   2.2382702e+00  -4.5368456e-05   6.0219405e-03   1.9357078e-03
   3.1487154e-01   9.8054443e-01   2.1535375e+00   1.6058164e-03   4.7509476e-03  -2.2603125e-04
   5.7837866e-01   6.7248103e-01   2.4695216e+00  -1.3956702e-02   8.1152943e-03   3.8400456e-03
   6.2127107e-01   6.7276180e-01   1.7553841e+00  -3.3328233e-02   1.0768906e-02   8.0101624e-03
   5.5475452e-01   8.5636027e-01   1.8727738e+00  -1.8728604e-02   9.2425113e-03   5.2464674e-03
   5.5978087e-01   8.2448769e-01   1.8161317e+00  -2.3805657e-02   1.0615379e-02   6.6162992e-03
   5.5506759e-01   8.4473284e-01   1.8381302e+00  -1.9708494e-02   9.5911785e-03   5.7778695e-03
   5.6929026e-01   8.2541856e-01   1.8892783e+00  -2.2340486e-02   1.0231833e-02   6.4515452e-03
   5.6936497e-01   8.3551368e-01   1.9509200e+00  -1.8847560e-02   8.8076629e-03   5.1693217e-03
   5.4982822e-01   8.8761429e-01   1.8527175e+00  -2.1125703e-02   9.0154548e-03   5.3873035e-03
   4.0688304e-01   8.3926378e-01   2.9026347e+00   1.1969852e-02   5.4210298e-03  -5.0089140e-04
   4.4205435e-01   9.2811823e-01   3.3891712e+00   2.1062944e-02   3.8275745e-03  -1.3701871e-03
   4.2601420e-01   9.1246320e-01   2.9077639e+00   1.3145110e-02   4.5208304e-03  -3.8994499e-04
   4.5595448e-01   9.3697795e-01   2.9710745e+00   1.4624688e-02   4.8268171e-03  -9.2837073e-04
   4.6837776e-01   8.9867913e-01   2.8082354e+00   1.1508515e-02   4.5867446e-03  -1.0383721e-03
   4.8449507e-01   9.1000620e-01   2.8055706e+00   8.1984181e-03   5.8512257e-03   1.9163261e-04
   5.1970630e-01   9.0193850e-01   2.7638601e+00   7.0115994e-03   5.5807385e-03   7.6458524e-04
   5.1898304e-01   8.7233742e-01   2.7688835e+00   7.1387342e-03   6.4821609e-03   6.7402930e-04
   5.2679473e-01   9.3859028e-01   2.7056025e+00   6.6156656e-03   5.8341633e-03   5.4485371e-04
   5.0192991e-01   9.4391488e-01   2.7212126e+00   6.1918172e-03   6.8334176e-03   1.1051725e-03
   5.2761272e-01   9.0685118e-01   2.6757364e+00   5.5763074e-03   4.9078834e-03   2.5749064e-05
   4.7855119e-01   9.2263472e-01   2.6587633e+00   4.7060804e-03   7.3465065e-03   1.0607879e-03
   5.4780955e-01   9.8447137e-01   2.5493202e+00   1.6456419e-03  -1.2496366e-03  -4.1658459e-03
   6.1447365e-01   9.8185512e-01   2.4531512e+00  -3.6881474e-04  -9.4668289e-03  -1.1331061e-02
   4.6639051e-01   9.5090224e-01   2.5164014e+00   2.2825180e-05   9.6013793e-04  -3.2770233e-03
   5.0265771e-01   8.4337351e-01   2.5224733e+00   3.6163195e-03  -1.2586802e-03  -5.4443719e-03
   4.5020609e-01   9.1697596e-01   2.5832156e+00   4.2886998e-03   2.1534982e-03  -4.1722834e-03
   4.9863652e-01   9.6812793e-01   2.5791744e+00   1.9402556e-03   7.1191910e-04  -4.8109086e-03
   4.7129615e-01   9.7132038e-01   2.5670941e+00   2.8889110e-03   2.0928129e-03  -3.8361867e-03
   4.7840790e-01   9.7187114e-01   2.5940939e+00   2.0371432e-03   1.0616752e-03  -4.5070477e-03
   4.8232129e-01   9.6697990e-01   2.5517945e+00   2.2576178e-03   1.9671297e-03  -3.5700210e-03
   5.0751549e-01   9.7172130e-01   2.5624920e+00   1.6532549e-03   1.5301198e-03  -3.9919158e-03
   4.8970458e-01   9.8611065e-01   2.5522785e+00   1.5738652e-03   2.0643911e-03  -3.3657719e-03
   5.1440672e-01   1.0084294e+00   2.5291454e+00   1.1669386e-03   1.5467753e-03  -1.8859486e-03
   4.7365536e-01   9.7478448e-01   2.5239281e+00   1.0051894e-03   3.0421597e-03  -2.6701081e-03
   5.0227815e-01   9.7376172e-01   2.5366601e+00   4.2150829e-04   3.0759396e-03  -1.7877485e-03
   5.0865781e-01   9.6723979e-01   2.5239563e+00  -4.9422240e-04   3.9950238e-03  -7.1981405e-04
   5.1852634e-01   9.6853330e-01   2.5010153e+00  -9.0203962e-04   3.6345777e-03  -7.7670429e-04
   5.0855602e-01   9.6088929e-01   2.5134088e+00  -7.7166978e-04   4.3796601e-03  -1.4480959e-05
   5.4204553e-01   9.7711059e-01   2.5091765e+00  -1.0835789e-03   4.4654352e-03   1.2083983e-03
   5.3078766e-01   9.9796263e-01   2.4943406e+00  -1.3503268e-03   5.2621480e-03   1.7633030e-03
   5.6513283e-01   1.0126677e+00   2.4441745e+00  -2.0701807e-03   5.5254861e-03   2.2936490e-03
   5.8221062e-01   1.0049169e+00   2.4630136e+00  -2.1479981e-03   6.2501871e-03   3.0728329e-03
   5.9060962e-01   9.9389318e-01   2.4741698e+00  -2.1899285e-03   6.3122850e-03   2.9296895e-03
   5.5815729e-01   9.8914636e-01   2.4516780e+00  -2.5171303e-03   6.3902322e-03   3.1937129e-03
   5.5946668e-01   1.0022269e+00   2.4375552e+00  -2.5282483e-03   5.8447880e-03   2.7397020e-03
   5.4062947e-01   1.0096345e+00   2.4657605e+00  -2.4078010e-03   5.9620743e-03   2.7923056e-03
   5.4653061e-01   9.9509473e-01   2.4207435e+00  -2.7427954e-03   6.4557481e-03   3.1687111e-03
   5.4946183e-01   9.8242345e-01   2.4288060e+00  -2.5298979e-03   5.7575702e-03   3.2408450e-03
   5.5025993e-01   9.9041523e-01   2.4314160e+00  -2.2778499e-03   5.0593450e-03   2.7814758e-03
   5.3641793e-01   1.0331719e+00   2.3903908e+00  -2.8767070e-03   5.5759336e-03   2.8431598e-03
   5.5059701e-01   1.0390513e+00   2.3926216e+00  -2.0986308e-03   5.2277392e-03   2.5506236e-03
   5.5418260e-01   1.0177310e+00   2.4525729e+00  -2.2504041e-03   5.8657695e-03   3.0595344e-03
   5.6942569e-01   1.0122426e+00   2.4850782e+00  -1.4418802e-03   5.5805839e-03   2.8301817e-03
   5.6146752e-01   1.0137174e+00   2.4812672e+00  -1.9588898e-03   5.9501461e-03   3.0413016e-03
   5.6008103e-01   1.0223989e+00   2.4270942e+00  -1.7467025e-03   5.6802091e-03   3.0325375e-03
   5.5779826e-01   1.0185620e+00   2.4542993e+00  -2.3132162e-03   6.1298475e-03   3.2589534e-03
   5.6700091e-01   9.9780403e-01   2.4661859e+00  -1.9939783e-03   5.8687410e-03   3.1469275e-03
   5.5667505e-01   1.0044933e+00   2.4577752e+00  -2.9045656e-03   6.2331982e-03   3.5748738e-03
   5.5518479e-01   1.0118845e+00   2.3822948e+00  -2.6411854e-03   6.0125305e-03   3.4848984e-03
   5.6178966e-01   1.0353268e+00   2.3739654e+00  -3.1948735e-03   6.3548899e-03   3.5999543e-03
   5.6139325e-01   1.0165317e+00   2.4285533e+00  -1.1956400e-03   6.1378581e-03   3.2356444e-03
   5.5586031e-01   1.0016343e+00   2.4995454e+00  -3.1460420e-03   6.7950284e-03   3.8215626e-03
   5.3719263e-01   1.0198599e+00   2.4051294e+00   2.8753917e-03   5.5067315e-03   2.5474249e-03
   4.9127923e-01   1.0579261e+00   3.3183625e+00   1.6204927e-02   3.6845802e-03   1.6488589e-03
   4.6460455e-01   1.0077910e+00   3.5131205e+00   1.1939690e-02   5.6098471e-03   2.6321953e-03
   4.9344972e-01   7.7836775e-01   2.7289514e+00   1.2605311e-02   6.7001774e-03   3.8341575e-03
   5.2852267e-01   7.9178868e-01   2.4002206e+00   8.6822931e-03   5.6324919e-03   3.0802426e-03
   5.2044049e-01   7.6969253e-01   2.3670509e+00   9.4306208e-03   6.7627251e-03   3.2921092e-03
   5.4068680e-01   7.3659341e-01   2.4680435e+00   8.0053791e-03   6.2200349e-03   3.4962222e-03
   5.4222314e-01   7.6789293e-01   2.6217753e+00   8.8259684e-03   6.8468657e-03   4.3647810e-03
   5.1716502e-01   6.8439356e-01   2.6783267e+00   7.6257202e-03   6.6246497e-03   4.8754231e-03
   4.6473368e-01   6.8319698e-01   2.5476402e+00   8.1732342e-03   7.3546970e-03   3.2441783e-03
   5.0502437e-01   7.6164815e-01   2.4852596e+00   3.7703084e-03   8.7085348e-03   4.0748379e-03
   4.9668758e-01   7.6263636e-01   2.5139019e+00   3.8754088e-03   8.3497267e-03   4.2915727e-03
   5.0156985e-01   8.1584463e-01   2.5566257e+00   3.5282786e-03   8.5278814e-03   4.1178060e-03
   4.4360359e-01   8.4287326e-01   2.4592644e+00   4.9470633e-03   5.6620750e-03   1.6709225e-03
