   0.0000000e+00   0.0000000e+00  -7.1054274e-15  -1.3877788e-17  -8.6736174e-19  -1.2037062e-35
   8.4309454e-03  -6.6898916e-03   2.0348164e-02   6.9945064e-04   1.1002309e-04   7.9263465e-05
   1.0803026e-02   4.0191114e-02   8.5300051e-02   1.4057017e-03   3.2235841e-04  -6.3619654e-05
   1.0625028e-02   3.1344090e-03   8.0873898e-02   7.8094337e-04   3.5676629e-04   1.7716821e-05
   6.6679957e-03  -4.0298834e-02   1.0839669e-01   1.1284558e-03   5.2899532e-04   1.1135186e-04
   8.6966378e-03  -2.5647345e-02   1.0606465e-01   1.7782584e-03   6.3824200e-04  -1.9584042e-04
   9.2232270e-03  -2.0177814e-02   1.2864239e-01   2.4883449e-03   3.4545567e-04  -1.2298204e-04
   6.8801845e-03  -4.6853495e-02   8.3802911e-02   2.8106789e-03   3.3067968e-05  -4.9717195e-04
   1.7796395e-02  -3.5393105e-02   3.0553633e-02   1.7954432e-03   3.2033234e-04  -8.9090410e-04
   2.6351750e-02  -2.7235891e-02   1.7678798e-02   1.9625890e-03   8.9684805e-05  -8.7705117e-04
   3.2099241e-02  -1.0782083e-02   3.0827685e-02   1.5914095e-03   4.2448488e-04  -9.2011587e-04
   2.7281346e-02  -2.1279697e-02   7.0917995e-02   2.6732042e-03   4.6939887e-04  -6.0413274e-04
   1.0681980e-02  -3.9553639e-02   1.0889570e-01   3.1788414e-03   8.2073682e-04  -8.8880094e-04
   3.1593355e-02  -3.8953450e-02   4.4787468e-02   2.1595583e-03   6.8420028e-04  -1.2270921e-03
   3.8605293e-02  -3.6438090e-02   1.3100071e-01   1.8484396e-03   1.1903910e-03  -1.1226433e-03
   1.0103233e-01   2.9200210e-02   8.5412453e-02   5.0401401e-04  -5.5168960e-04  -4.2626192e-04
   8.6881655e-02   1.1576234e-01   1.2207251e-01   3.3773347e-04  -1.7535185e-04  -1.0099742e-03
   5.6757124e-02   3.9631921e-02  -7.0413187e-03  -7.3132632e-04   1.2703046e-03  -2.0250170e-03
   8.1505506e-02   1.6551767e-01   9.4239712e-02  -5.8195297e-04   9.0220171e-04  -2.0604167e-03
   6.3570701e-02  -5.4448493e-03   1.1153295e-01  -9.3425055e-04   7.4771456e-04  -1.5369313e-03
   8.3458623e-02   6.9805928e-02   6.3915583e-02  -1.0826290e-04   6.1456002e-04  -1.2916462e-03
   7.9192203e-02   1.8526892e-02   1.5164413e-01   6.4413322e-04   3.6205656e-04  -1.5826810e-03
   5.3776300e-02   5.7307979e-03   1.7578102e-01   4.2882231e-04   1.0505556e-03  -1.0179184e-03
   3.7118394e-02  -2.8037919e-02   2.3197518e-01   1.2095787e-03   9.4606346e-04  -1.1123923e-03
   5.3469722e-02   2.2029005e-03   1.2106919e-01   1.3926122e-04   9.0503499e-04  -1.5724882e-03
   5.5323814e-02   9.3093587e-02   2.2441911e-01  -7.0255070e-04   4.7179102e-04  -1.7845314e-03
   2.8685112e-02  -4.9823880e-02   2.2286262e-01  -9.7630832e-04   1.2574015e-04  -6.5192808e-04
   9.0681002e-04   1.0164032e-01   1.4943865e-01  -2.0331821e-03   5.8812531e-04  -1.4173588e-03
  -5.2546619e-03   1.6390882e-01   1.4119230e-02  -2.8465386e-03   1.0293035e-03  -1.6198065e-03
   1.4611615e-02   7.3061468e-02   7.3985373e-02  -3.0247330e-03   9.2583879e-04  -1.3805395e-03
   3.7089649e-02   1.0193763e-01   1.5617346e-01  -3.2347595e-03   1.7118076e-03  -1.6939605e-03
   3.1947231e-02   4.8052781e-02   1.8497815e-01  -1.9537425e-03   1.9173983e-03  -1.4508303e-03
   4.8893217e-02   2.4060258e-02   1.8158877e-01  -2.3954184e-03   1.7807646e-03  -2.1795872e-03
   5.9215163e-02   6.3733955e-04   1.4813302e-01  -2.9395340e-03   1.9341525e-03  -2.2984055e-03
   7.7654488e-02   5.0328539e-02   1.1811673e-01  -3.6838413e-03   1.7787433e-03  -2.6363372e-03
   8.8851355e-02   6.0391656e-02   6.3824020e-02  -3.4378180e-03   9.7523919e-04  -2.5454635e-03
   9.9286385e-02   2.9165833e-02   4.9792357e-02  -4.2458843e-03   9.7594081e-04  -2.8191581e-03
   1.0745996e-01   7.1835821e-02   7.7543433e-02  -4.0173691e-03   8.1666746e-04  -2.5664406e-03
   1.0413733e-01   7.0942878e-02   1.0967298e-01  -4.3060245e-03   9.7831544e-04  -2.7415950e-03
   8.5850169e-02   9.9756729e-02   1.4078334e-01  -4.2385789e-03   9.1288865e-04  -2.8849091e-03
   1.0810874e-01   1.4004400e-02   4.0116531e-02  -5.1760742e-03   1.2327664e-03  -2.9188167e-03
   1.1125928e-01   1.6055545e-01   4.7264078e-03  -5.8757570e-03   1.0691363e-03  -3.2079007e-03
   1.1620297e-01   8.5395456e-02   1.5837303e-02  -6.0255966e-03   1.2368540e-04  -3.5112719e-03
   9.1367253e-02   6.2908237e-02   7.8668967e-02  -6.0797827e-03   7.6029182e-04  -3.2681274e-03
   6.9115453e-02   9.0442151e-02   8.0679233e-02  -5.9383248e-03   1.0757534e-03  -3.2268594e-03
   8.5894290e-02   5.3480243e-02   2.9844162e-02  -5.7554144e-03   7.2258639e-04  -3.3068007e-03
   1.0595109e-01   3.6304595e-02   1.6059563e-02  -5.3355179e-03   7.4727427e-04  -3.3368279e-03
   1.2107924e-01   9.6030323e-02   3.7310827e-03  -6.4805761e-03   2.1551630e-04  -3.3198590e-03
   1.1911008e-01   1.1583307e-01   1.3624081e-02  -7.2759328e-03   4.0844836e-04  -3.4106572e-03
   1.3531261e-01   8.3966496e-02   1.5928529e-02  -6.1986560e-03   5.6974945e-05  -3.6344296e-03
   1.2743594e-01   2.5945708e-02   4.3121961e-03  -5.3414042e-03   1.0693350e-03  -3.3728089e-03
   1.3267763e-01   1.5019252e-01  -3.0150533e-02  -8.1437918e-03   1.1553284e-03  -3.6281752e-03
   1.4628405e-01   1.0784327e-01  -4.2341466e-02  -8.1187493e-03   7.9591908e-04  -3.9111237e-03
   1.3549899e-01   1.0589550e-01  -6.3332130e-02  -8.8505814e-03   1.2411935e-03  -4.0365301e-03
   1.3619423e-01   1.1127437e-01  -4.8968751e-02  -9.2529075e-03   1.1568961e-03  -4.5227901e-03
   1.3611090e-01   8.3847859e-02  -1.1066550e-02  -8.9902596e-03   9.6200606e-04  -4.3242717e-03
   1.3526838e-01   6.8906009e-02  -2.5013818e-02  -8.9150501e-03   9.6483688e-04  -4.4181276e-03
   1.4416084e-01   1.2548143e-01  -3.8269158e-02  -9.4318719e-03   9.3697200e-04  -4.4860417e-03
   1.5959223e-01   9.3563587e-02  -4.3981917e-02  -8.7161657e-03   9.6873784e-04  -4.5124284e-03
   1.6695186e-01   9.1569807e-02  -2.2976817e-02  -8.0087964e-03   6.0375665e-04  -4.4694134e-03
   1.7450594e-01   1.3231913e-01  -6.9488066e-02  -9.7894516e-03   7.0812145e-04  -4.7306068e-03
   1.7442351e-01   1.5890298e-01  -7.6616846e-02  -9.7258837e-03   7.0667791e-04  -4.8875205e-03
   1.9335514e-01   1.1211817e-01  -8.4785022e-02  -9.7142080e-03   6.9244433e-04  -4.6701399e-03
   1.9771123e-01   9.3495501e-02  -5.3998636e-02  -8.7919283e-03   5.6533783e-04  -4.3361683e-03
   1.9647167e-01   1.0391931e-01  -3.4619422e-02  -9.1249237e-03   7.0465401e-04  -4.1996498e-03
   1.8287894e-01   1.3373601e-01  -2.8880982e-02  -9.4002660e-03   7.2043028e-04  -4.0941736e-03
   1.8022530e-01   6.5384914e-02   1.4442626e-02  -9.5331601e-03   7.2322840e-04  -3.9968227e-03
   1.8971733e-01   1.1946018e-01   1.1577060e-02  -1.0029560e-02   1.5062948e-03  -4.2811541e-03
   2.0611234e-01   1.3035041e-01   2.5048818e-02  -9.7161152e-03   1.2501715e-03  -4.5987163e-03
   2.1075281e-01   7.3918832e-02   2.9868399e-02  -9.6383556e-03   1.2458055e-03  -4.8057813e-03
   2.0837385e-01   8.9711955e-02  -6.9962984e-03  -1.0026602e-02   1.0546753e-03  -4.7200505e-03
   1.9102082e-01   1.1495243e-01   5.8568440e-03  -9.4069081e-03   1.0899206e-03  -4.9364827e-03
   1.9128376e-01   9.1995525e-02   4.5589537e-03  -9.8125869e-03   9.5584492e-04  -4.8346404e-03
   1.8798477e-01   9.0273662e-02  -2.0720750e-02  -9.9636448e-03   1.0236008e-03  -4.8551714e-03
   1.9713897e-01   2.4133313e-01   1.9805245e-02  -8.9125648e-03   9.0132914e-04  -5.2911491e-03
   1.7385414e-01   1.5038876e-01   1.2894267e-02  -7.9002505e-03   1.0696591e-03  -6.3848976e-03
   1.3304796e-01  -3.9036336e-02  -2.2612798e-02  -9.1185627e-03   1.5153664e-03  -5.4589017e-03
   1.7333411e-01   1.7004196e-01  -1.0191876e-02  -1.0784686e-02   1.4991922e-03  -5.3835898e-03
   1.7930167e-01   2.0837386e-01   8.8102486e-02  -1.0614260e-02   8.1796564e-04  -5.7133828e-03
   2.0609563e-01   1.1734207e-01   1.0763907e-01  -1.1003932e-02   1.3798165e-03  -5.5689982e-03
   1.7846288e-01   1.4803192e-01   1.4282231e-01  -9.9638983e-03   1.6697944e-03  -5.2594862e-03
   1.9355541e-01   8.1613420e-02   1.1053927e-01  -1.1049123e-02   1.5828457e-03  -5.5026285e-03
   2.0467277e-01   1.1800921e-01   1.1951579e-01  -1.0256445e-02   1.5177571e-03  -5.3585987e-03
   2.2651815e-01   1.6162007e-01   1.1490823e-01  -1.1444655e-02   1.3160039e-03  -5.3995807e-03
   2.2915084e-01   7.2861745e-02   7.0961751e-02  -1.0530520e-02   1.1111950e-03  -5.5490956e-03
   2.1951870e-01   1.1273599e-01   2.2489958e-03  -1.2640584e-02   9.1412950e-04  -5.4837971e-03
   2.2751554e-01   1.8625668e-01   1.3318784e-02  -1.2832379e-02   1.4620516e-03  -5.9179077e-03
   2.2829233e-01   1.9302978e-01  -3.1284164e-02  -1.2369241e-02   1.3209848e-03  -5.9928359e-03
   2.2355826e-01   1.4246078e-01  -3.9904309e-02  -1.2899542e-02   1.0372291e-03  -6.1860595e-03
   2.3965987e-01   1.9189149e-01  -1.0914326e-02  -1.2599270e-02   9.8868214e-04  -6.1272865e-03
   2.5431970e-01   1.7429242e-01  -6.6510075e-02  -1.3310686e-02   1.7318935e-03  -6.3096507e-03
   2.7156177e-01   2.2712553e-01   1.6587078e-03  -1.3099139e-02   1.7337249e-03  -6.1403719e-03
   2.7439373e-01   1.6255335e-01  -3.0383850e-02  -1.2991215e-02   1.8088910e-03  -6.3755036e-03
   2.6977499e-01   2.3630919e-01  -1.0363449e-02  -1.3690671e-02   1.4855825e-03  -6.5659243e-03
   2.4039771e-01   1.6005934e-01  -5.7650970e-02  -1.3644749e-02   1.3635811e-03  -6.5912847e-03
   2.4633002e-01   1.8661519e-01  -1.2705244e-01  -1.4070843e-02   1.7275044e-03  -6.7799866e-03
   2.5299915e-01   2.0402533e-01  -9.1729999e-02  -1.3814383e-02   1.8142878e-03  -7.0756450e-03
   2.6897525e-01   1.6066833e-01  -9.1016933e-02  -1.4134981e-02   2.5178423e-03  -7.1682974e-03
   2.8966670e-01   1.7134377e-01  -1.1477606e-01  -1.4701600e-02   2.4321283e-03  -7.1774124e-03
   3.1113702e-01   2.4458823e-01  -9.6516600e-02  -1.4658214e-02   2.2883070e-03  -7.2424070e-03
   3.1575094e-01   7.0819922e-02  -1.3798308e-01  -1.4130933e-02   1.9354533e-03  -7.5279237e-03
   3.1593127e-01   2.1384907e-01  -9.2121364e-02  -1.3984913e-02   2.0343836e-03  -8.0077019e-03
   3.1783506e-01   1.9249135e-01  -6.0530098e-02  -1.3746737e-02   1.6457458e-03  -8.3176820e-03
   3.1118639e-01   8.2477876e-02  -1.7991514e-01  -1.4890983e-02   1.7062057e-03  -8.1488669e-03
   3.1236690e-01   2.2423222e-01  -1.9013027e-01  -1.5351322e-02   2.3548748e-03  -8.5065199e-03
   3.0234364e-01   1.8980404e-01  -2.0013823e-01  -1.5269317e-02   1.9003599e-03  -8.2370139e-03
   3.0030704e-01   1.5550741e-01  -1.6466108e-01  -1.4493810e-02   2.2313952e-03  -8.1531718e-03
   2.9082471e-01   1.7563812e-01  -1.5047999e-01  -1.4743945e-02   2.2856572e-03  -8.1811530e-03
   3.0498371e-01   1.6513233e-01  -1.8198808e-01  -1.4752799e-02   2.2921756e-03  -7.9804515e-03
   3.0831032e-01   1.7540490e-01  -2.0954964e-01  -1.4876171e-02   1.5864946e-03  -7.9104613e-03
   3.2219329e-01   2.0663807e-01  -2.3454345e-01  -1.6302223e-02   1.6402573e-03  -8.1731537e-03
   3.3029689e-01   3.2928181e-01  -1.8834703e-01  -1.4970592e-02   1.7919094e-03  -9.1119396e-03
   3.2004237e-01   6.6163421e-02  -2.5397493e-01  -1.6545594e-02   1.5994241e-03  -9.0664513e-03
   3.3618812e-01   2.4873596e-01  -1.8399839e-01  -1.6471865e-02   1.4542439e-03  -8.7673313e-03
   3.2041598e-01   1.4542766e-01  -1.8456792e-01  -1.5664022e-02   9.7655313e-04  -8.4505288e-03
   3.3703777e-01   2.3736575e-01  -1.6284364e-01  -1.6203075e-02   9.6501282e-04  -8.9142668e-03
   3.3002910e-01   1.6923587e-01  -1.6198105e-01  -1.7157319e-02   1.4104354e-03  -8.8791418e-03
   3.2750236e-01   1.8252744e-01  -1.7530324e-01  -1.7750561e-02   1.6846683e-03  -9.2246424e-03
   3.2241073e-01   1.7747669e-01  -1.9179677e-01  -1.7766049e-02   1.4694961e-03  -8.8840316e-03
   3.3195397e-01   1.7537739e-01  -2.0054816e-01  -1.7816043e-02   1.4063073e-03  -9.0791260e-03
   3.2502605e-01   7.8407037e-02  -3.0587948e-01  -1.7845425e-02   9.1670651e-04  -8.8639348e-03
   3.2800404e-01   2.4246907e-01  -1.7562662e-01  -1.6325278e-02   1.3556108e-03  -9.5899011e-03
   3.3938438e-01   1.8429530e-01  -2.1244660e-01  -1.5005743e-02   2.2334866e-03  -1.1001889e-02
   3.0392292e-01   7.1158861e-03  -4.5806632e-01  -1.8159589e-02   1.0332349e-03  -9.7415402e-03
   2.9492403e-01   2.1610295e-01  -3.6402557e-01  -1.7036249e-02   9.9346726e-04  -9.1017900e-03
   2.8720797e-01   2.1414453e-01  -4.3954593e-01  -1.8252020e-02   2.4311091e-03  -9.1301124e-03
   3.0071616e-01   1.8146731e-01  -4.5401554e-01  -1.8623920e-02   2.0013483e-03  -1.0174426e-02
   3.0420669e-01   2.2166014e-01  -4.6976885e-01  -1.8848026e-02   1.6816559e-03  -9.8297195e-03
   3.1096414e-01   1.3559004e-01  -4.5172674e-01  -1.9803895e-02   1.6503063e-03  -1.0127567e-02
