   0.0000000e+00   0.0000000e+00  -7.1054274e-15  -2.7755576e-17   5.5505903e-33   1.5405983e-49
   1.0733330e-02  -2.4885961e-02  -8.2767626e-03   9.8805345e-04   1.3731734e-04   5.8162044e-04
   1.6604765e-02  -3.5756978e-02   4.4815183e-02   5.5839570e-04   2.2589462e-04   7.0364404e-04
   2.5530167e-02  -1.9870926e-02   4.9913018e-02   9.6330855e-04   3.1236640e-04   6.7495746e-04
   4.0783961e-02  -4.5890044e-02   3.5128135e-02   1.0850954e-03   4.4751486e-04   7.6857074e-04
   4.0725008e-02  -5.8849107e-02   5.6494969e-02   1.5615784e-03   4.7298274e-04   5.7198519e-04
   3.4319074e-02   8.7514109e-03   5.1370237e-02   1.6197632e-03   3.7263632e-04   4.9160462e-04
   3.6344784e-02  -5.2534242e-02   4.2547612e-02   1.3454553e-03   7.7383427e-04   5.5452708e-04
   4.4905161e-02   1.2050422e-02   6.1567286e-02   1.8671376e-03   7.4630615e-04   4.8554126e-04
   2.8957227e-02   1.9705497e-02   3.6807676e-02   1.8258101e-03   9.4262255e-04   6.5280247e-04
   1.1356893e-02  -4.0201490e-03   6.4073565e-02   1.9665660e-03   1.0891090e-03   1.3851088e-03
   2.0665970e-02  -1.0171094e-02   1.0063911e-01   2.0904821e-03   1.3097447e-03   1.1544926e-03
  -1.2061471e-02   2.3390983e-02   7.4416246e-02   2.2600123e-03   1.0163437e-03   9.8628958e-04
  -1.3192389e-02   1.2172043e-02   6.3594739e-02   2.0065686e-03   9.7755863e-04   9.0462225e-04
  -1.5722762e-02  -1.6066944e-02   1.0021713e-01   1.6636670e-03   1.0322455e-03   9.6448059e-04
  -1.1997765e-02   2.9273376e-02   9.0460218e-02   2.0361222e-03   1.1893703e-03   9.7070340e-04
  -4.5784608e-03   5.6325907e-03   9.2470561e-02   2.1168014e-03   1.3751071e-03   9.5317074e-04
  -6.8106715e-03   1.2812486e-03   1.5334935e-01   2.5162374e-03   1.2137008e-03   8.9346134e-04
   1.2110115e-02   5.2067106e-02   1.6654393e-01   2.6716694e-03   1.7816582e-03   1.0708427e-03
   1.0310907e-02   4.0785489e-03   1.4944332e-01   1.8729256e-03   2.0931688e-03   1.4352749e-03
   1.7775397e-02   5.8209156e-02   2.1139486e-01   2.9531081e-03   2.0559095e-03   1.3312335e-03
   2.8858359e-02   2.5853177e-02   1.9150208e-01   2.6858705e-03   2.4163999e-03   1.3154847e-03
   3.3849770e-02   2.1306391e-02   2.1926822e-01   3.0867637e-03   2.0813613e-03   1.1734120e-03
   3.7849125e-02   6.4787895e-02   1.7403988e-01   2.7713615e-03   2.2343512e-03   1.2341095e-03
   4.2470184e-02   9.3834091e-03   2.1876854e-01   2.9607377e-03   2.0621045e-03   1.1343933e-03
   4.6001153e-02   4.0151812e-02   1.6906019e-01   3.3476929e-03   1.9346533e-03   1.2164190e-03
   2.8020358e-02   6.4486489e-02   2.0334935e-01   2.6444248e-03   1.2758236e-03   1.0395112e-03
   3.2755648e-02   1.2242205e-02   1.5582776e-01   1.9385627e-03   1.5290725e-03   8.7166799e-04
   3.9951261e-02   2.4243169e-02   1.7346891e-01   1.9934169e-03   1.7845581e-03   1.3293814e-03
   3.0768664e-02   6.6082642e-02   1.8191660e-01   2.2491798e-03   1.5664747e-03   1.6128444e-03
   4.2030453e-02   4.3573309e-03   1.8682671e-01   2.0065898e-03   1.8165138e-03   1.6742575e-03
   4.7505989e-02   3.9313107e-02   2.5026272e-01   2.6043270e-03   2.1221666e-03   1.7146646e-03
   6.3434567e-02   2.7062295e-02   2.0324232e-01   2.3787481e-03   2.1762261e-03   1.8593203e-03
   7.1501791e-02   8.3692233e-03   2.4867939e-01   2.7532622e-03   2.4648555e-03   1.7667032e-03
   6.3949590e-02   6.4108044e-02   2.0989406e-01   3.0696043e-03   2.5116003e-03   1.7758879e-03
   5.4392847e-02   5.5368153e-02   2.4148678e-01   2.6594331e-03   2.8455884e-03   1.7065949e-03
   4.9901041e-02   3.2724077e-02   2.7221439e-01   3.2493268e-03   2.6905822e-03   1.7680954e-03
   5.0087608e-02   9.8433133e-02   2.8758828e-01   3.4556754e-03   3.0151892e-03   1.8632804e-03
   5.0346433e-02   3.5795811e-02   2.8439168e-01   3.1930577e-03   2.9812696e-03   1.7341493e-03
   4.5229611e-02   8.7187519e-02   3.2199253e-01   3.7312175e-03   3.1887270e-03   1.8893448e-03
   4.7302759e-02   7.3913434e-02   2.7780996e-01   3.3365217e-03   2.7183652e-03   1.7856196e-03
   5.2378588e-02   3.8603985e-02   3.1431664e-01   3.3020616e-03   3.0231898e-03   1.9521840e-03
   3.4915219e-02   9.0633687e-02   2.9943172e-01   3.9588869e-03   2.3748860e-03   1.6705106e-03
   3.9833687e-02   7.4044246e-02   2.9268316e-01   3.3080257e-03   3.5444917e-03   1.9126732e-03
  -3.6762277e-01   1.5169411e-02   2.8944341e-01   3.5592841e-03  -6.0245093e-03  -8.7855656e-03
  -3.4618970e-01   1.0673101e-01   3.3266097e-01   4.2504417e-03  -8.3604404e-03  -8.8520733e-03
  -2.8469943e-01   5.0951695e-02   3.0811649e-01   3.7236849e-03  -6.2764730e-03  -7.5123373e-03
  -2.7676066e-01   8.5987867e-02   3.7642124e-01   4.5495035e-03  -6.9001089e-03  -7.3437216e-03
  -2.5787145e-01   8.7823509e-02   3.1799266e-01   4.1955028e-03  -5.5787737e-03  -6.8070817e-03
  -2.3295123e-01   4.6675527e-02   3.6490972e-01   3.8725001e-03  -6.2919706e-03  -6.4454857e-03
  -1.8066807e-01   9.7125926e-02   3.4053112e-01   4.7799506e-03  -5.3346237e-03  -5.7377515e-03
  -1.7305831e-01   4.4935365e-02   3.5654716e-01   4.6967125e-03  -5.8010124e-03  -5.8446708e-03
  -1.6884934e-01   1.1386727e-01   3.4093758e-01   4.3729613e-03  -5.2631434e-03  -5.4374927e-03
  -1.5610890e-01   6.6366637e-02   3.5753672e-01   4.8844811e-03  -5.1068772e-03  -5.4578986e-03
  -1.5417193e-01   9.9085566e-02   3.6286383e-01   4.4215697e-03  -4.7317537e-03  -4.9981977e-03
  -1.5359940e-01   5.0973827e-02   3.1477255e-01   4.0158762e-03  -4.7271195e-03  -5.2235385e-03
  -1.5571156e-01   4.1258857e-02   3.8473647e-01   4.0385608e-03  -4.9771210e-03  -5.2961828e-03
  -1.6878909e-01   8.7734563e-02   3.5058637e-01   4.6731723e-03  -5.0269743e-03  -5.5984552e-03
  -1.6565125e-01   7.8977783e-02   3.5602246e-01   4.3680964e-03  -4.8500618e-03  -5.5841554e-03
  -1.6947358e-01   5.2228009e-02   3.7796552e-01   4.6516191e-03  -4.9797095e-03  -5.5420249e-03
  -1.8007721e-01   1.1047203e-01   3.4517439e-01   4.3918842e-03  -4.9982552e-03  -5.4975568e-03
  -1.7575644e-01   8.1491929e-02   2.9696934e-01   4.2363089e-03  -4.9256143e-03  -5.5074018e-03
  -1.7645540e-01   7.8921415e-02   3.4252886e-01   4.1095997e-03  -4.7859451e-03  -5.3480060e-03
  -1.7503439e-01   1.2458591e-01   3.4036235e-01   4.7545895e-03  -4.8929852e-03  -5.4620223e-03
  -1.6128641e-01   5.0104990e-02   3.6405606e-01   4.1586292e-03  -4.5838347e-03  -5.1731395e-03
  -1.4184737e-01   1.0063917e-01   3.5915663e-01   4.9053066e-03  -4.3697842e-03  -4.8212988e-03
  -1.5762451e-01   1.0698314e-01   3.2229918e-01   4.4800749e-03  -4.2212635e-03  -4.5062938e-03
  -6.7493181e-02   7.2998898e-02   3.4944855e-01   4.1942577e-03  -8.2128655e-04  -1.2007505e-03
  -4.9920822e-02   1.0672454e-01   3.1642668e-01   4.1975844e-03  -8.6569743e-04  -1.4670939e-03
  -6.3814044e-02   8.8215041e-02   2.9308816e-01   3.9106557e-03  -1.9044258e-03  -1.9541872e-03
  -6.9595150e-02   6.5038367e-02   3.2105825e-01   3.9804592e-03  -2.2372577e-03  -2.2924660e-03
  -7.4398243e-02   1.1368193e-01   2.7973129e-01   4.4065045e-03  -2.4317254e-03  -2.5100432e-03
  -7.6863199e-02   8.0384113e-02   3.0385301e-01   3.7863267e-03  -2.5074900e-03  -2.6100859e-03
  -5.8712040e-02   8.7170072e-02   3.1687658e-01   4.7756246e-03  -2.7168892e-03  -2.8678478e-03
  -4.8521094e-02   1.3606660e-01   2.9514260e-01   4.0789954e-03  -3.0533050e-03  -2.5298761e-03
  -3.7381788e-02   2.0863820e-02   2.2318720e-01   5.0192480e-03  -2.8928051e-03  -2.9600803e-03
  -3.1093369e-02   1.3330477e-01   3.1507864e-01   4.8244734e-03  -2.6218209e-03  -2.7408709e-03
  -3.5286373e-02   7.0364493e-02   2.1886375e-01   3.4728450e-03  -2.5281059e-03  -2.5953153e-03
  -3.5908210e-02   7.5398465e-02   2.3657284e-01   3.6266249e-03  -2.6272158e-03  -2.8947336e-03
  -1.7945487e-02   5.6612676e-02   2.4853840e-01   3.3771904e-03  -2.8304921e-03  -2.6015731e-03
  -4.9420016e-02   4.1333172e-02   2.1473333e-01   2.9789609e-03  -3.6982308e-03  -3.4558285e-03
  -1.0010169e-01  -3.2183271e-03   1.4946064e-01   5.8327820e-04  -4.9146506e-03  -4.7356073e-03
  -9.3408623e-02   7.7824287e-02   1.9320235e-01   2.3720943e-03  -3.6883557e-03  -4.2658074e-03
  -1.1008883e-01   6.9190617e-02   1.7006126e-01   1.9712013e-03  -4.6232563e-03  -4.5538194e-03
  -1.2527491e-01   3.0378763e-02   2.1853953e-01   1.4892486e-03  -3.9315656e-03  -5.0915259e-03
  -2.6111747e-01   1.0572476e-02   1.0023968e-01   2.3845838e-03  -7.9767445e-03  -8.0838929e-03
  -2.6544132e-01   3.1734625e-02   7.7011466e-02   2.7798087e-03  -9.0268882e-03  -8.8344571e-03
  -2.1040578e-01   2.4843320e-02   1.5157410e-01   2.4894532e-03  -6.9016847e-03  -7.4997613e-03
  -1.9776827e-01   5.7414262e-02   1.7045858e-01   3.3450585e-03  -6.9353964e-03  -7.4405744e-03
  -1.7864561e-01   3.0321664e-02   1.8979322e-01   3.1572674e-03  -6.0042118e-03  -7.1544338e-03
  -1.5861071e-01   1.6432625e-02   2.1146738e-01   3.5236582e-03  -6.4260561e-03  -7.0860165e-03
  -1.4783139e-01   5.9334914e-02   1.9378182e-01   3.7930949e-03  -5.7332432e-03  -6.6595945e-03
  -1.4976404e-01   3.8199510e-02   1.9659735e-01   3.7964660e-03  -5.9598165e-03  -6.8337991e-03
  -1.2520042e-01   3.0391225e-02   2.1616985e-01   3.6236774e-03  -5.2981054e-03  -6.3381851e-03
  -1.2753709e-01   5.7734953e-02   2.0722670e-01   4.0313443e-03  -5.7395790e-03  -6.5287724e-03
  -1.1610696e-01   6.0871796e-02   1.7768901e-01   3.7467804e-03  -5.3559204e-03  -6.2689543e-03
  -1.2652201e-01   2.7183206e-02   1.7742118e-01   3.5668036e-03  -5.8943869e-03  -6.5150625e-03
  -1.1749653e-01   5.3006085e-02   2.0613061e-01   4.0139786e-03  -5.5696243e-03  -6.2976929e-03
  -1.2341477e-01   8.0647269e-02   1.7639239e-01   4.2942203e-03  -5.9850756e-03  -6.7151055e-03
  -1.0591237e-01   4.0199109e-02   1.6112049e-01   3.1677060e-03  -5.3576768e-03  -5.9840947e-03
  -2.7967825e-01   4.4923480e-02   1.1346412e-01   3.8493140e-03  -9.8159059e-03  -1.0402730e-02
  -2.8953658e-01   5.2337285e-02   9.1765629e-02   4.1974913e-03  -1.0039917e-02  -1.1091065e-02
  -2.4906143e-01   8.3987606e-02   1.9287267e-01   4.1996902e-03  -7.7961777e-03  -9.0979296e-03
  -2.3033806e-01   2.9270674e-02   1.8112393e-01   5.0541597e-03  -8.4807617e-03  -9.3411709e-03
  -2.1800929e-01   7.8125711e-02   1.4214736e-01   3.8004711e-03  -7.9099820e-03  -8.7974581e-03
  -2.3106752e-01   6.8749929e-03   1.7647546e-01   4.1746291e-03  -8.1622099e-03  -9.3067903e-03
  -2.2867497e-01   5.4589402e-02   1.8368142e-01   4.5658890e-03  -7.8246602e-03  -9.1193938e-03
  -2.3362996e-01   6.5599547e-02   1.6230534e-01   4.4986149e-03  -8.0874381e-03  -9.2992460e-03
  -2.1624027e-01   1.8118404e-02   1.9998060e-01   4.1921988e-03  -7.6872014e-03  -9.1826481e-03
  -2.1538866e-01   3.6617909e-02   2.0468189e-01   4.5826065e-03  -7.7734700e-03  -9.1751283e-03
  -2.1015949e-01   5.6174416e-02   2.0008437e-01   4.5777030e-03  -7.6377508e-03  -9.0982962e-03
  -1.9935318e-01   5.8659324e-03   2.1443521e-01   4.4109896e-03  -7.4359169e-03  -9.1381758e-03
  -1.9016809e-01   3.1230574e-02   2.3022501e-01   4.5719184e-03  -7.3800978e-03  -8.9305814e-03
  -1.9352633e-01   5.3709388e-02   1.9873896e-01   4.6936320e-03  -7.3787814e-03  -9.0364090e-03
  -1.8880284e-01   2.9202151e-02   2.1504218e-01   4.5263571e-03  -6.9732332e-03  -8.8328042e-03
  -1.9979506e-01   5.3160063e-02   2.4365560e-01   5.2523956e-03  -6.9505948e-03  -8.8175358e-03
  -1.8076225e-01   7.1439094e-02   2.0233103e-01   4.7991165e-03  -6.9684267e-03  -8.5045851e-03
  -1.6777189e-01   2.4617321e-02   1.9501968e-01   4.4866665e-03  -6.7942211e-03  -8.5374117e-03
  -1.6165419e-01   3.9651100e-02   2.0895636e-01   4.6937559e-03  -7.0998335e-03  -8.4006864e-03
  -1.8052662e-01   7.9090074e-02   1.8187623e-01   5.1121439e-03  -6.9752614e-03  -8.4697297e-03
  -1.9326804e-01   7.5541427e-02   1.7158322e-01   4.7909940e-03  -6.8480211e-03  -8.3516197e-03
  -1.8017986e-01   4.2789303e-02   2.0848569e-01   4.6664513e-03  -6.6882290e-03  -8.4823611e-03
  -1.7408816e-01   7.7566701e-02   2.2745744e-01   5.0057564e-03  -6.6798504e-03  -8.3265480e-03
  -1.4734124e-01   6.4991660e-02   1.7589369e-01   5.1756705e-03  -6.3980241e-03  -8.3483161e-03
  -1.3855131e-01   3.0543669e-02   1.8692211e-01   5.0036421e-03  -6.5182845e-03  -7.9506833e-03
  -1.4601859e-01   9.9587222e-02   1.4387752e-01   4.6240313e-03  -7.2075104e-03  -8.0076380e-03
  -1.4328587e-01   4.3066952e-02   1.5650885e-01   4.6739952e-03  -7.0974659e-03  -8.2690051e-03
  -1.5158788e-01   8.2223273e-02   1.8728463e-01   5.2406460e-03  -7.6506435e-03  -8.4139751e-03
  -1.5795433e-01   7.8119250e-02   1.7994164e-01   5.0772221e-03  -7.6545936e-03  -8.6678503e-03
