   0.0000000e+00   0.0000000e+00  -1.4210855e-14  -5.5511151e-17  -5.5520949e-33  -3.0820318e-49
  -1.7220720e-02   7.2407150e-02   2.8138771e-02  -1.6958305e-04  -7.4348899e-05   5.1767193e-04
   3.7927328e-03  -1.6079963e-02  -1.3163378e-02   4.6476182e-04   3.9510650e-05   5.2862035e-04
  -8.5115530e-03   6.3354636e-02  -7.3698983e-03   8.4877208e-05   2.4962999e-04   3.8984778e-04
   8.7792940e-04   3.4274319e-03   7.8421726e-03   3.1841326e-04  -1.8485655e-04   8.7710253e-05
  -2.2360248e-03   2.4298124e-02   1.1370617e-02   1.1143363e-03  -2.6663874e-04  -8.4930396e-05
  -2.8918656e-03   3.9772330e-02  -1.9597862e-02   1.4780114e-03  -2.3364823e-04   7.5105614e-05
  -8.0448191e-06   4.1843274e-02   2.0188953e-02   1.3371962e-03   1.3823415e-04  -2.7995585e-04
   5.3051522e-03   2.7385769e-02   1.0892563e-02   1.4883938e-03   2.7666823e-04  -3.7567668e-04
  -1.8094781e-02   3.1386808e-02  -2.3514216e-02   1.3262029e-03  -5.3332820e-05  -6.5110754e-04
  -9.5452284e-03   2.4417010e-02   4.2039513e-03   2.2258526e-03  -6.2582662e-04  -1.0059314e-03
  -2.1271031e-02   8.1479721e-02  -4.3974421e-02   1.5674237e-03  -4.4323379e-04  -1.2908288e-03
  -2.2638694e-02   4.1896023e-02  -3.4325086e-02   1.9739503e-03  -1.2189761e-03  -1.3065080e-03
  -1.3331451e-02   4.9385581e-02  -3.4722005e-02   1.7379584e-03  -1.2625464e-03  -1.6483805e-03
  -1.4260108e-02   6.5614241e-02  -4.1073250e-02   2.1305243e-03  -1.0546788e-03  -1.7069077e-03
  -2.4007819e-02   6.2940528e-02  -3.7872897e-02   2.0985245e-03  -1.4007001e-03  -1.7922204e-03
  -2.4081513e-02   4.8664142e-02  -1.0329482e-03   2.6179751e-03  -1.3807132e-03  -1.9076676e-03
  -1.9080933e-02   8.5018880e-02  -2.6999459e-02   1.9723612e-03  -1.5248928e-03  -1.9134863e-03
  -1.7595440e-02   5.5628470e-02  -1.2053386e-02   2.5237871e-03  -1.5482280e-03  -1.7110055e-03
  -8.2648827e-03   7.9934175e-02  -5.1551060e-02   1.8231363e-03  -1.5138802e-03  -1.9623396e-03
  -2.5835145e-02   7.3478782e-02  -2.3899759e-02   1.7892213e-03  -2.1945482e-03  -1.5945038e-03
  -2.3030824e-02   6.0082941e-02  -1.9814623e-02   1.8565827e-03  -2.1491484e-03  -1.8731306e-03
  -3.1180455e-02   8.8522731e-02  -4.6722488e-02   2.3099211e-03  -2.1200702e-03  -1.9193038e-03
  -3.4446859e-02   8.6554393e-02  -2.4993511e-02   2.6063358e-03  -2.3048702e-03  -2.1171569e-03
  -4.2954871e-02   1.0899723e-01   5.0371395e-03   2.7899330e-03  -1.9571655e-03  -2.2419508e-03
  -5.2173009e-02   6.5117273e-02  -3.6784017e-03   2.3437411e-03  -2.3751836e-03  -1.9705781e-03
  -6.0169237e-02   7.2305948e-02   1.8671738e-02   2.6973266e-03  -1.7813567e-03  -2.1900101e-03
  -4.4921939e-02   8.3509942e-02   1.4457118e-02   2.8820920e-03  -1.7278591e-03  -1.9067032e-03
  -3.6393442e-02   9.6383245e-02  -5.0962488e-03   2.8692867e-03  -2.1580495e-03  -1.7722287e-03
  -4.2940083e-02   1.1970198e-01   2.3737993e-02   2.5341406e-03  -1.8997512e-03  -2.2867586e-03
  -4.0204449e-02   1.0790785e-01  -4.1929139e-03   2.4744663e-03  -2.1304479e-03  -2.1766391e-03
  -2.7036317e-02   8.5187573e-02   1.4091242e-02   2.7370829e-03  -2.2656464e-03  -2.2002615e-03
  -3.2314965e-02   1.1768459e-01  -1.1844960e-02   2.5594609e-03  -2.1589586e-03  -2.4411194e-03
  -4.4699768e-02   1.1228882e-01  -3.8472981e-02   2.5607318e-03  -2.4903826e-03  -2.2120877e-03
  -2.8368350e-02   8.4234272e-02  -4.3670305e-03   2.8149194e-03  -2.1512795e-03  -2.4351222e-03
  -4.2598903e-02   1.1014559e-01  -1.3263839e-02   2.5921301e-03  -2.4046142e-03  -2.3681452e-03
  -4.6481375e-02   1.0981733e-01  -4.0796994e-02   2.5388419e-03  -2.5415865e-03  -2.2916550e-03
  -4.1947159e-02   1.4094793e-01  -4.0394962e-02   2.9693073e-03  -2.8181738e-03  -2.5676824e-03
  -3.7850169e-02   1.6223420e-01  -7.3626340e-02   2.5414865e-03  -2.6383328e-03  -2.7242568e-03
  -4.9373415e-02   1.5507514e-01  -6.7684921e-02   2.2761682e-03  -2.9871657e-03  -3.0576830e-03
  -5.0579266e-02   1.3360938e-01  -5.4751196e-02   2.3996445e-03  -3.0544626e-03  -3.4106138e-03
  -6.9410802e-02   1.5635368e-01  -6.7144421e-02   2.4397771e-03  -3.2874957e-03  -3.7502652e-03
  -7.4977553e-02   1.4346510e-01  -6.5933356e-02   2.5450708e-03  -3.8117363e-03  -4.2370586e-03
  -6.5051412e-02   1.6195674e-01  -8.1436211e-02   2.4278423e-03  -4.0429175e-03  -4.3161656e-03
  -6.9377678e-02   1.5955813e-01  -5.5638827e-02   3.0030707e-03  -4.1668645e-03  -4.2534223e-03
  -7.5201919e-02   1.7175304e-01  -7.5093697e-02   2.3985067e-03  -4.7496616e-03  -3.8937010e-03
  -6.3739263e-02   9.9960030e-02  -3.2387530e-02   2.7066797e-03  -3.3755480e-03  -3.7652326e-03
  -6.4639372e-02   1.4212098e-01  -7.4990488e-02   2.4732445e-03  -1.8664771e-03  -3.1562183e-03
  -4.8751488e-02   1.6695744e-01  -1.1080537e-01   2.1342286e-03  -2.1372565e-03  -2.8328044e-03
  -5.4228171e-02   1.5408437e-01  -1.0409842e-01   2.2613687e-03  -2.2286999e-03  -2.5328825e-03
  -5.0225588e-02   1.8642943e-01  -9.8224707e-02   1.8980424e-03  -2.1924542e-03  -2.5873783e-03
  -3.9659668e-02   1.6538700e-01  -1.0474036e-01   1.8526812e-03  -2.1637854e-03  -2.7063114e-03
  -4.3886973e-02   1.7606014e-01  -1.3403708e-01   2.5715751e-03  -2.7360320e-03  -2.9897037e-03
  -5.4386373e-02   2.1488349e-01  -1.0333880e-01   2.3996557e-03  -2.5385725e-03  -3.2443509e-03
  -5.6961167e-02   2.0853376e-01  -1.1163809e-01   2.6022788e-03  -2.8353687e-03  -3.2536031e-03
  -5.3463489e-02   1.8681908e-01  -1.1868841e-01   2.5405365e-03  -2.6857637e-03  -3.4488834e-03
  -6.2669189e-02   2.0194395e-01  -1.1127541e-01   2.7214379e-03  -2.6953403e-03  -3.5300062e-03
  -6.4636317e-02   1.8484599e-01  -1.0674167e-01   2.6281699e-03  -3.1276220e-03  -3.7391815e-03
  -6.6150959e-02   2.0793790e-01  -9.8470155e-02   2.4989851e-03  -3.1337212e-03  -3.8964929e-03
  -7.5075653e-02   2.0339417e-01  -9.2804884e-02   2.5386051e-03  -3.1943490e-03  -3.9574080e-03
  -6.9599474e-02   1.7950314e-01  -9.9472842e-02   2.6601903e-03  -3.3343165e-03  -3.8990834e-03
  -7.3088492e-02   2.0712039e-01  -1.0242043e-01   2.6497538e-03  -3.3166581e-03  -4.0349985e-03
  -6.8477161e-02   2.2914677e-01  -1.0942203e-01   2.5402384e-03  -3.4211603e-03  -4.0324824e-03
  -7.9218490e-02   1.9052706e-01  -1.0561450e-01   2.7215153e-03  -3.3610344e-03  -4.1882972e-03
  -8.3144094e-02   2.0409714e-01  -8.8196976e-02   2.9445166e-03  -3.4744688e-03  -4.3119219e-03
  -8.3396038e-02   2.2220805e-01  -1.2894116e-01   2.5738932e-03  -3.6425848e-03  -4.0225095e-03
  -8.1795528e-02   2.2923426e-01  -1.2506618e-01   2.8554332e-03  -3.8536997e-03  -4.3201205e-03
  -8.6977762e-02   2.5081419e-01  -1.3992062e-01   2.5380019e-03  -3.7049743e-03  -4.5233293e-03
  -8.9547043e-02   2.3808724e-01  -1.4006853e-01   2.7229410e-03  -3.8413542e-03  -4.6693025e-03
  -8.7418478e-02   2.2391077e-01  -1.3922881e-01   2.6617718e-03  -4.3034170e-03  -4.3600897e-03
  -7.6638719e-02   2.4807358e-01  -1.3696297e-01   2.9124196e-03  -4.3238441e-03  -4.1805396e-03
  -8.3731891e-02   2.6019567e-01  -1.4438765e-01   2.9578024e-03  -4.4382091e-03  -4.2941478e-03
  -7.8399202e-02   2.4751808e-01  -1.5348746e-01   2.7279471e-03  -4.4761086e-03  -4.3820642e-03
  -7.1257801e-02   2.8174735e-01  -1.6007516e-01   2.3298710e-03  -4.3583865e-03  -4.6398898e-03
  -6.5847443e-02   2.5332615e-01  -1.8986450e-01   2.3624022e-03  -4.4015833e-03  -4.1942807e-03
  -7.9875661e-02   2.5864697e-01  -1.8865563e-01   2.5184650e-03  -4.0203654e-03  -4.2191545e-03
  -7.4954245e-02   2.7208571e-01  -1.9885773e-01   2.5417651e-03  -3.8812628e-03  -4.5631159e-03
  -7.2437129e-02   2.8567747e-01  -2.1545999e-01   2.4586210e-03  -4.0542667e-03  -4.2869915e-03
  -6.9788599e-02   3.0667523e-01  -2.2481015e-01   2.6748796e-03  -4.0355187e-03  -4.3520343e-03
  -6.5894905e-02   2.8943640e-01  -2.0574311e-01   2.3340270e-03  -3.9689458e-03  -4.1187221e-03
  -7.7219730e-02   2.7503026e-01  -2.2357207e-01   2.4373284e-03  -3.7606561e-03  -4.0819516e-03
  -8.0510058e-02   2.6988302e-01  -2.2897096e-01   2.1861435e-03  -4.0985462e-03  -4.1302160e-03
  -8.3813174e-02   2.6789316e-01  -2.2182328e-01   1.7619619e-03  -3.9463413e-03  -4.3393428e-03
  -8.7470724e-02   2.5013162e-01  -2.5910390e-01   1.5781781e-03  -4.1353492e-03  -4.2790899e-03
  -8.4427058e-02   2.5156899e-01  -2.6638705e-01   1.8580305e-03  -4.3520084e-03  -4.4818120e-03
  -9.1164652e-02   2.9489899e-01  -2.7376827e-01   1.6801062e-03  -4.2528024e-03  -4.5600971e-03
  -8.8097727e-02   2.8213423e-01  -2.6892767e-01   1.6211999e-03  -4.5106443e-03  -4.4871016e-03
  -9.2754115e-02   2.7338065e-01  -2.6446221e-01   1.1353513e-03  -4.4772067e-03  -4.7468793e-03
  -1.0590609e-01   2.8008206e-01  -2.7695849e-01   1.2241941e-03  -4.3558347e-03  -4.5737886e-03
  -1.1022565e-01   2.6993245e-01  -2.9219199e-01   1.2333181e-03  -4.4222572e-03  -4.5261616e-03
  -1.0043092e-01   2.8812183e-01  -2.8908981e-01   1.5548089e-03  -4.6565136e-03  -4.6086847e-03
  -1.0015635e-01   3.1092582e-01  -3.0394340e-01   1.3636952e-03  -4.7814561e-03  -4.7282055e-03
  -1.0870907e-01   2.9902944e-01  -3.1825909e-01   1.3986331e-03  -4.8752514e-03  -4.9111121e-03
  -1.1371150e-01   2.9068963e-01  -3.2365986e-01   1.1987164e-03  -5.1545733e-03  -4.7511527e-03
  -1.1814022e-01   3.3717017e-01  -2.7670683e-01   1.1060522e-03  -5.1987322e-03  -5.6648172e-03
  -1.0755820e-01   3.1476747e-01  -2.8637755e-01   1.7738568e-03  -4.3827482e-03  -5.5942175e-03
  -1.0810024e-01   3.3964842e-01  -3.0153404e-01   1.2990382e-03  -4.4797247e-03  -5.3280358e-03
  -1.0077715e-01   2.8891363e-01  -2.8576865e-01   1.5547334e-03  -4.4911793e-03  -5.5475558e-03
  -1.1178401e-01   3.1820715e-01  -2.6547731e-01   1.1462567e-03  -4.3716205e-03  -5.4404375e-03
  -1.1678461e-01   2.9455469e-01  -2.8679367e-01   1.2014774e-03  -4.3394014e-03  -5.6507002e-03
  -1.2052794e-01   3.4072746e-01  -3.2166433e-01   9.8289519e-04  -4.4148164e-03  -5.7941254e-03
  -1.0606311e-01   3.3037827e-01  -3.0765299e-01   1.3342946e-03  -4.4369741e-03  -5.9890967e-03
  -1.0983912e-01   3.2532613e-01  -3.4204127e-01   1.2717362e-03  -4.4947060e-03  -5.9944178e-03
  -1.1663354e-01   3.4649058e-01  -3.3190241e-01   1.2514185e-03  -4.5921701e-03  -6.3229702e-03
  -1.1970803e-01   3.5938341e-01  -3.4279905e-01   1.3860038e-03  -4.5861845e-03  -6.0297826e-03
  -1.3309245e-01   3.1987140e-01  -3.5691993e-01   1.2449654e-03  -4.7549881e-03  -6.2106333e-03
  -1.3655430e-01   3.4263681e-01  -3.7456081e-01   8.3488102e-04  -4.7553491e-03  -6.2581197e-03
  -1.4750157e-01   3.3941979e-01  -4.1115201e-01   4.7672650e-04  -4.8846921e-03  -6.6251785e-03
  -1.4845341e-01   3.4711414e-01  -4.1274872e-01   5.2775789e-04  -5.0662787e-03  -6.6018845e-03
  -1.4415945e-01   3.5910537e-01  -3.8530412e-01   7.2162797e-04  -4.9865337e-03  -6.5757279e-03
  -1.4549239e-01   3.4859951e-01  -3.9926890e-01   5.6459736e-04  -4.9665333e-03  -6.4972098e-03
  -1.4521126e-01   3.5025894e-01  -4.0532029e-01   5.9888522e-04  -4.8721029e-03  -6.3917050e-03
  -1.4427027e-01   3.5774721e-01  -3.8355944e-01   6.0441225e-04  -4.7593884e-03  -6.2779123e-03
  -1.4499899e-01   3.3394828e-01  -4.2408407e-01   8.7835301e-04  -4.8234759e-03  -6.1299258e-03
  -1.4892605e-01   3.5621835e-01  -4.0707476e-01   7.9705454e-04  -4.9798007e-03  -6.1765510e-03
  -1.5226768e-01   3.6918784e-01  -3.9958965e-01   7.4669968e-04  -5.0215902e-03  -6.4928094e-03
  -1.5701549e-01   3.5179596e-01  -4.1836321e-01   7.6041538e-04  -5.1378431e-03  -6.5270169e-03
  -1.5580289e-01   3.4773138e-01  -4.5138210e-01   4.4072051e-04  -5.0725183e-03  -6.4131819e-03
  -1.6178739e-01   3.6918769e-01  -4.3382658e-01   5.7732675e-04  -5.0674987e-03  -6.3839647e-03
  -1.5837350e-01   3.6201474e-01  -4.3498456e-01   2.4096716e-04  -5.3281437e-03  -6.4899480e-03
  -1.3327845e-01   3.5712392e-01  -4.5253674e-01   5.8311258e-04  -5.1270247e-03  -6.4580996e-03
  -1.4240373e-01   3.6924306e-01  -4.8570881e-01   8.2418669e-05  -5.3624817e-03  -6.9997572e-03
  -1.3683086e-01   3.6313258e-01  -4.6402235e-01   7.5173471e-04  -4.9815646e-03  -6.5596529e-03
  -1.2832868e-01   3.5017691e-01  -4.5100846e-01   1.2136056e-03  -5.4731770e-03  -6.8076525e-03
  -1.3942621e-01   4.1399874e-01  -3.9574253e-01   1.6150481e-03  -3.6024097e-03  -7.3942315e-03
  -1.4663629e-01   3.5397598e-01  -3.8592411e-01   2.1214563e-03  -3.4549853e-03  -7.3826348e-03
  -1.5391942e-01   4.0893517e-01  -4.5453588e-01   8.9545078e-04  -4.1856021e-03  -6.9897048e-03
  -1.3946624e-01   4.1039656e-01  -4.1131340e-01   1.6145420e-03  -3.7346292e-03  -6.9352998e-03
  -1.4699725e-01   4.0558987e-01  -3.9280800e-01   1.2865657e-03  -3.8144895e-03  -7.5545996e-03
  -1.4270576e-01   3.8524908e-01  -3.7667788e-01   1.3765110e-03  -3.5264279e-03  -7.3692326e-03
  -1.3328972e-01   3.8340103e-01  -3.8981863e-01   1.0817728e-03  -3.6334235e-03  -7.0503954e-03
  -1.4237459e-01   3.9926428e-01  -3.6951540e-01   1.0522816e-03  -3.4144724e-03  -7.3986112e-03
  -1.3724205e-01   3.7357198e-01  -3.9130529e-01   1.0623909e-03  -3.3721936e-03  -7.1353645e-03
  -1.2365317e-01   3.7748004e-01  -3.9199277e-01   9.1744993e-04  -2.9932942e-03  -6.6635233e-03
  -1.1745807e-01   3.9789077e-01  -4.1858104e-01   8.3572092e-04  -2.8215629e-03  -6.7406321e-03
  -1.0546722e-01   3.5201934e-01  -4.0289830e-01   9.3969240e-04  -2.4874798e-03  -6.6391059e-03
  -1.1075107e-01   4.1913765e-01  -4.2746000e-01   3.5488193e-04  -2.4478052e-03  -6.4484979e-03
  -1.1247530e-01   4.0723003e-01  -4.1223963e-01   2.7864169e-04  -2.4994167e-03  -6.2961657e-03
  -1.1720227e-01   4.1273948e-01  -4.3162452e-01  -5.3757122e-04  -2.2631820e-03  -6.7036857e-03
  -1.0498915e-01   3.8946740e-01  -4.5627414e-01  -2.8656484e-04  -2.6041050e-03  -6.7217484e-03
  -1.0586268e-01   4.1228988e-01  -4.6039172e-01  -1.0939599e-03  -2.2639211e-03  -6.6504794e-03
