   0.0000000e+00  -7.1054274e-15   0.0000000e+00   0.0000000e+00   0.0000000e+00  -8.6736174e-19
   2.0744072e-03  -4.0679922e-03   2.9790348e-02   5.2060556e-04   4.8348760e-05  -4.5103421e-05
  -7.3792384e-03  -4.3714254e-02   3.7087819e-02   3.8532638e-04   4.2082219e-04   3.8793211e-04
   6.3766479e-03  -5.7949430e-03  -1.2452196e-02  -3.8492514e-04  -2.0022119e-04  -2.2734589e-05
   2.0437919e-02  -6.0899126e-03   3.3370682e-02   1.8805936e-04  -3.8768562e-04  -3.1334511e-04
   3.6107420e-02  -1.8485002e-03   5.3804401e-02   3.8392382e-04  -2.8767572e-04  -1.9700895e-04
   1.0714212e-01  -7.8307978e-03   5.5369104e-02   3.9575695e-04   1.4808842e-03   3.3889897e-04
   1.7888275e-01  -7.5979217e-02   5.4188603e-02   1.1394377e-03   3.5921287e-03   5.1527242e-04
   1.8986093e-01  -1.5018215e-01   4.7575657e-02   1.3784161e-03   4.8592783e-03   9.5644862e-04
   2.4661783e-01  -1.3334177e-01   4.1181784e-02   2.2350203e-03   4.7827956e-03   2.7676367e-04
   2.6730074e-01  -1.3196584e-01   5.7829376e-02   2.8458596e-03   4.3668546e-03  -4.6483787e-05
   2.8302468e-01  -1.6038142e-01   2.9438664e-02   2.8323580e-03   4.1156453e-03  -2.1284287e-04
   2.8713813e-01  -1.6879276e-01   7.2090847e-02   3.3282599e-03   4.1139410e-03  -9.8770707e-04
   2.8581618e-01  -1.6823486e-01   7.5873597e-02   3.4323997e-03   3.7613886e-03  -1.1883738e-03
   2.9192632e-01  -2.2647839e-01   6.2252583e-02   2.8542099e-03   3.8419374e-03  -1.6432688e-03
   3.2700416e-01  -1.9122425e-01   9.1382576e-02   3.4902420e-03   3.4889117e-03  -2.2700600e-03
   3.2732815e-01  -2.3340962e-01   7.2654702e-02   3.9248445e-03   3.1288159e-03  -2.3130485e-03
   3.3691008e-01  -2.7363752e-01   9.7679223e-02   3.4685742e-03   2.9158830e-03  -2.4032450e-03
   3.5860118e-01  -2.5211886e-01   1.2280138e-01   3.0957796e-03   2.2481861e-03  -2.3335805e-03
   3.6567780e-01  -2.3198689e-01   1.0391688e-01   3.2199871e-03   2.3138546e-03  -2.3549972e-03
   3.7025457e-01  -3.0650463e-01   1.1642195e-01   3.1806855e-03   2.4042916e-03  -2.1633812e-03
   3.6161432e-01  -2.9870958e-01   1.5870882e-01   3.7047871e-03   1.5820754e-03  -2.4286589e-03
   3.4778273e-01  -3.1226943e-01   1.3654416e-01   3.2436298e-03   6.9234553e-04  -2.9038525e-03
   3.4471731e-01  -3.0200966e-01   1.8132458e-01   3.0923571e-03   4.9834780e-04  -2.9262518e-03
   3.4751635e-01  -2.6937693e-01   2.0549899e-01   2.7026476e-03  -3.0466404e-04  -3.5204435e-03
   2.8059367e-01  -2.2174216e-01   1.9231759e-01   1.8310548e-03  -6.3003012e-04  -3.9618349e-03
   2.5000603e-01  -2.7118434e-01   2.2065590e-01   3.2794121e-04  -3.9463352e-04  -4.0060308e-03
   2.5659951e-01  -1.6920153e-01   2.4306736e-01  -7.9618084e-04  -9.0644701e-04  -4.1969849e-03
   2.6311028e-01  -1.9524996e-01   1.7369401e-01  -1.3630055e-03  -7.0877488e-04  -4.3958808e-03
   2.4799702e-01  -2.8117810e-01   2.3179319e-01  -7.6150704e-04  -9.7978970e-04  -4.2404345e-03
   2.7669446e-01  -2.4329873e-01   2.0052146e-01  -1.4382732e-03  -5.2241463e-04  -4.1423916e-03
   3.2312862e-01  -2.5094187e-01   1.6822576e-01  -2.1182408e-03   4.1897416e-04  -3.9464977e-03
   3.3039924e-01  -2.7405307e-01   1.2968275e-01  -1.6321846e-03   5.5347659e-04  -3.6560065e-03
   3.1651532e-01  -2.6495552e-01   2.1688917e-01  -7.6681598e-04   7.1376162e-04  -3.7740357e-03
   3.4307299e-01  -2.1037838e-01   2.6572854e-01  -7.7958021e-04   6.1227599e-04  -3.7885256e-03
   3.6751129e-01  -2.7874686e-01   2.0006587e-01  -1.0591179e-04   7.7218419e-04  -3.6058030e-03
   3.8369553e-01  -3.1720312e-01   2.2267336e-01  -2.4592219e-04   7.5248573e-04  -3.3020768e-03
   4.1335863e-01  -2.9455420e-01   2.2514044e-01  -3.7505622e-04   1.4930339e-03  -3.1510866e-03
   4.0288981e-01  -2.8273467e-01   2.7324441e-01  -3.6792531e-04   2.4541845e-03  -2.3432522e-03
   3.8513373e-01  -3.3129961e-01   2.3490276e-01  -8.1114098e-04   3.2851721e-03  -1.2924864e-03
   3.6806931e-01  -3.3261826e-01   2.5362412e-01  -1.5775188e-03   3.8782011e-03   1.1353531e-04
   3.5986782e-01  -3.0064777e-01   2.6870254e-01  -1.9552351e-03   3.8684950e-03   9.7070963e-04
   3.3289683e-01  -3.3792749e-01   2.4877964e-01  -2.8743940e-03   4.1312686e-03   1.6235136e-03
   3.1522344e-01  -3.5547503e-01   2.6296641e-01  -2.8525916e-03   4.3741617e-03   1.5183935e-03
   3.0495420e-01  -2.8072157e-01   2.8642856e-01  -3.0762623e-03   4.7105206e-03   2.2765457e-03
   2.5559296e-01  -3.1220966e-01   2.5485142e-01  -3.3796278e-03   4.5288956e-03   3.1936585e-03
   2.3854536e-01  -3.3748806e-01   3.0942714e-01  -3.8645415e-03   5.0302828e-03   4.2290025e-03
   2.0485717e-01  -3.1121719e-01   2.1889170e-01  -3.7552286e-03   5.0431713e-03   4.7481590e-03
   2.2141769e-01  -3.3883824e-01   2.4787289e-01  -2.9520497e-03   5.4235042e-03   3.9552492e-03
   1.5902936e-01  -3.1017671e-01   3.0256322e-01   3.4719208e-04   4.1032093e-03   3.5484030e-03
   1.4410677e-01  -2.4896487e-01   3.8261778e-01  -3.3316323e-04   2.7379833e-03   1.8410351e-03
   1.7697359e-01  -2.4129021e-01   5.5803003e-02  -3.0052906e-03   2.9951332e-03   1.6470994e-03
   1.3732323e-01  -2.9550317e-01  -2.5818337e-02  -3.5504085e-03   2.5387280e-03   3.1586123e-03
   1.5555571e-01  -2.2566424e-01   1.9964224e-01  -4.5470972e-03   3.1953264e-03   3.2229017e-03
   1.3750023e-01  -2.7825828e-01   1.9199519e-01  -5.6060687e-03   3.5274587e-03   3.7811448e-03
   2.0291772e-01  -3.6028075e-01   2.6004649e-01  -5.9281610e-03   5.3025683e-03   3.9895859e-03
   2.2979579e-01  -3.9222814e-01   2.9849813e-01  -4.8706957e-03   5.0766262e-03   3.9119214e-03
   2.9709622e-01  -4.1787092e-01   2.6253713e-01  -5.3533347e-03   5.7394707e-03   4.3655071e-03
   3.0753513e-01  -4.3881032e-01   2.7479527e-01  -4.5480164e-03   6.2635243e-03   5.2536447e-03
   3.3371886e-01  -4.4638714e-01   3.2422419e-01  -3.7079642e-03   5.5139392e-03   4.5646280e-03
   3.3339271e-01  -5.2889717e-01   2.5211674e-01  -3.5745977e-03   5.3796085e-03   5.1308232e-03
   3.5077968e-01  -5.0073357e-01   2.6565293e-01  -4.1998605e-03   5.1863111e-03   5.2019143e-03
   3.5973170e-01  -4.5080232e-01   2.7254576e-01  -3.4346682e-03   4.8534376e-03   4.9811030e-03
   3.5179413e-01  -4.7985449e-01   2.6953099e-01  -3.2571296e-03   4.9643574e-03   4.9979732e-03
   3.4983281e-01  -4.9477589e-01   2.6281300e-01  -3.3316521e-03   4.4083983e-03   4.6393007e-03
   3.7815331e-01  -4.8117874e-01   3.1854551e-01  -2.9853515e-03   4.0562671e-03   3.2656830e-03
   3.6407403e-01  -4.3852211e-01   2.7502923e-01  -2.7669106e-03   3.6570046e-03   4.9056417e-03
   3.5830989e-01  -5.0091841e-01   2.4706763e-01  -3.0318651e-03   3.3578272e-03   5.6931545e-03
   3.6819725e-01  -4.4002279e-01   2.7719138e-01  -2.8736506e-03   2.7238039e-03   4.6471861e-03
   3.8637147e-01  -4.3384678e-01   2.4870367e-01  -2.9789591e-03   2.7104901e-03   4.5577743e-03
   3.4935985e-01  -4.8467451e-01   2.9926542e-01  -2.5350972e-03   2.3862460e-03   6.4094474e-03
   3.3657731e-01  -4.7063906e-01   2.8141019e-01  -2.6937134e-03   2.0331260e-03   7.6875508e-03
   3.4471581e-01  -5.2856343e-01   2.6450347e-01  -2.9537799e-03   1.6223208e-03   6.7157520e-03
   3.6208275e-01  -5.0590313e-01   3.0044820e-01  -2.1221858e-03   1.5705820e-03   6.8523563e-03
   2.7767785e-01  -3.6417895e-01   2.5742147e-01  -2.8136231e-03   8.3321390e-04   4.8798870e-03
   2.7137932e-01  -4.8058257e-01   4.0783076e-02  -3.1713125e-03  -1.2313570e-04   4.1336976e-03
   2.4264337e-01  -3.2315974e-01   1.5309797e-01  -3.6651923e-03  -3.6076342e-04   4.2703608e-03
   2.4179271e-01  -3.3296190e-01   2.9704310e-01  -4.6783929e-03  -3.0213310e-04   4.0634970e-03
   2.7841062e-01  -3.0597567e-01   2.9659685e-01  -4.1327124e-03  -9.4840772e-04   3.7692115e-03
   2.9555308e-01  -4.4090587e-01   3.2833810e-01  -4.9098804e-03  -9.7141223e-04   3.3385578e-03
   3.2824695e-01  -4.1497587e-01   3.8548023e-01  -4.9085283e-03  -8.4259499e-04   1.5409895e-03
   3.0499792e-01  -4.3421175e-01   3.4078580e-01  -5.6334722e-03  -5.7027947e-04   1.8303498e-03
   3.0377655e-01  -4.8635158e-01   2.9292152e-01  -5.0445907e-03  -3.1408010e-04   1.9807128e-03
   3.1973244e-01  -4.6564361e-01   3.4796393e-01  -4.6314716e-03  -1.5877747e-04   2.3645976e-03
   3.2553914e-01  -4.5483943e-01   3.4671629e-01  -4.3946734e-03  -6.0714651e-05   3.5921452e-03
   3.1008951e-01  -4.8455076e-01   3.4118179e-01  -4.5483247e-03  -3.4679789e-04   3.9481793e-03
   3.4071137e-01  -4.6703657e-01   3.6609554e-01  -4.1550079e-03  -5.8025079e-04   3.1558691e-03
   3.3823010e-01  -4.6824486e-01   4.0193484e-01  -4.0500901e-03  -4.8522010e-04   3.9521694e-03
   3.3943903e-01  -4.9221702e-01   3.1997062e-01  -4.3484238e-03  -4.1011554e-04   4.9931099e-03
   3.4190878e-01  -5.0021886e-01   3.6658534e-01  -3.9241162e-03  -7.5937746e-04   4.0892480e-03
   3.5862798e-01  -4.4893270e-01   3.4157027e-01  -3.7805567e-03  -8.3150098e-04   3.8817760e-03
   3.6393026e-01  -4.7548776e-01   3.1940009e-01  -3.8913923e-03  -6.3074235e-04   4.0049398e-03
   3.7674515e-01  -4.9329923e-01   3.5795288e-01  -3.3853543e-03  -5.1066015e-04   4.1099275e-03
   3.9474920e-01  -4.6089545e-01   3.4841321e-01  -2.9494048e-03  -5.1835637e-04   3.7035711e-03
   4.1136806e-01  -4.9473363e-01   3.2951529e-01  -2.3206407e-03  -5.2732278e-04   3.9728373e-03
   4.3378282e-01  -4.6359138e-01   3.0575196e-01  -2.8907032e-03  -8.3861707e-04   4.0688669e-03
   4.4732607e-01  -4.9100123e-01   3.5920147e-01  -2.1724887e-03  -1.0941316e-03   3.8391237e-03
   4.6176184e-01  -4.6831466e-01   3.6623165e-01  -2.8593424e-03  -1.1193280e-03   4.0949171e-03
   4.5865179e-01  -4.8371129e-01   3.4273065e-01  -2.5375226e-03  -1.3311998e-03   3.7995810e-03
   4.0842470e-01  -3.7541581e-01   3.6472216e-01  -3.6828353e-03  -1.9553711e-03   2.2577206e-03
   4.3115448e-01  -4.2112933e-01   2.0131518e-01  -2.9842829e-03  -1.3324595e-03   2.6979215e-03
   4.0692626e-01  -3.8957243e-01   1.7835356e-01  -2.3017072e-03  -1.1644031e-03   3.4995328e-03
   4.4119272e-01  -2.9377347e-01   2.3207059e-01  -3.5644645e-03  -2.2203393e-03   3.2064201e-03
   4.6355247e-01  -3.7616545e-01   2.1842297e-01  -4.0119645e-03  -2.1471374e-03   3.1508371e-03
   4.7353029e-01  -4.2676507e-01   2.3601193e-01  -5.0667286e-03  -1.2098119e-03   2.1361042e-03
   4.9617438e-01  -4.5142239e-01   2.2162516e-01  -5.1256783e-03  -6.9112148e-04   1.7262831e-03
   5.2652359e-01  -4.7288547e-01   2.4456669e-01  -5.2506869e-03  -3.9014628e-04   2.1733364e-03
   5.2757849e-01  -4.9014643e-01   2.2086781e-01  -5.2707648e-03  -1.6831047e-04   2.2559822e-03
   5.4209582e-01  -5.0227878e-01   2.5161134e-01  -5.0197305e-03   5.8937776e-04   1.9964643e-03
   5.5282736e-01  -5.0824146e-01   2.9471473e-01  -4.8569043e-03   1.5169867e-03   2.4343703e-03
   5.6210730e-01  -5.0339850e-01   2.5166543e-01  -4.8543193e-03   2.1228504e-03   2.2224559e-03
   5.5943746e-01  -5.6994473e-01   2.6143510e-01  -4.2638662e-03   2.1267008e-03   2.0915808e-03
   5.7672286e-01  -5.4694634e-01   2.4239663e-01  -4.3911023e-03   2.8886400e-03   1.8676691e-03
   6.0665859e-01  -5.6358124e-01   2.8180818e-01  -4.3234177e-03   3.3532640e-03   2.1979995e-03
   6.0037396e-01  -5.3654028e-01   2.8267394e-01  -4.6291621e-03   3.2811316e-03   3.0776131e-03
   5.8595383e-01  -5.7368110e-01   2.5553212e-01  -4.7338328e-03   3.1333874e-03   3.4895757e-03
   5.8160154e-01  -5.5273624e-01   2.9687444e-01  -4.4872884e-03   3.3248331e-03   2.9338996e-03
   5.9086439e-01  -5.3637553e-01   3.0711102e-01  -4.6202669e-03   3.3655457e-03   3.2554436e-03
   5.9949398e-01  -5.7824696e-01   2.8677834e-01  -4.5712435e-03   3.8925547e-03   2.9616356e-03
   5.9593456e-01  -6.1617644e-01   3.0460056e-01  -4.5341324e-03   3.9218698e-03   3.1007547e-03
   5.9869559e-01  -5.6899183e-01   3.5155108e-01  -4.1110925e-03   4.1004057e-03   2.8937024e-03
   5.6025407e-01  -5.8631030e-01   3.3266028e-01  -4.5151429e-03   3.8959799e-03   3.4604750e-03
   5.2532332e-01  -6.2577850e-01   3.4724102e-01  -3.9303246e-03   3.8508177e-03   3.9808654e-03
   4.6753294e-01  -5.7901489e-01   3.6762433e-01  -4.2394079e-03   2.5990017e-03   4.1691402e-03
   4.8319399e-01  -5.0559954e-01   3.7828083e-01  -4.5560892e-03   2.1517297e-03   3.2615320e-03
   4.8995917e-01  -5.0746130e-01   3.8191933e-01  -4.9708450e-03   1.7806200e-03   3.1192212e-03
   4.9257502e-01  -5.2535982e-01   3.7494287e-01  -5.2083002e-03   1.1093157e-03   2.7001323e-03
   5.0768100e-01  -5.2179755e-01   3.8484512e-01  -5.0439086e-03   6.8898949e-04   2.3784193e-03
   5.1022638e-01  -5.0049758e-01   4.0213605e-01  -5.5724828e-03   1.3590586e-04   1.8409998e-03
