   0.0000000e+00   0.0000000e+00   6.6613381e-16   0.0000000e+00   0.0000000e+00   0.0000000e+00
  -3.5895771e-03  -8.3720404e-02   6.1859276e-02   1.2331373e-03  -3.2908023e-04   1.2393643e-04
   6.9050560e-03  -4.6984307e-02   8.4335486e-02   1.8244980e-03  -5.1969630e-04   2.4661456e-04
   1.3654889e-02   4.0038175e-02   3.8919791e-02  -8.3869192e-05  -6.8114923e-04   8.0230106e-05
   3.5024934e-03  -3.0141684e-03   5.5045344e-02   3.2053544e-04  -5.2297521e-04   1.3393025e-04
   1.3273167e-02   3.9665585e-02   2.7942905e-02  -5.9471413e-04  -7.5968850e-04   3.9190199e-05
   1.5859375e-02  -2.1436275e-03   3.1995347e-02  -5.8550713e-04  -4.5404979e-04  -2.3785933e-04
  -1.7070535e-02   1.8704180e-02   3.3306837e-02  -9.5654002e-04  -4.2950398e-04   3.9522753e-04
  -9.8023227e-03   4.3806777e-02   2.9100391e-02  -3.1289651e-04  -2.5365771e-04   2.5156855e-05
  -1.7467835e-02   7.2091530e-02   1.8335473e-02  -9.2159701e-04  -1.6887837e-04   3.4587120e-05
  -2.2981317e-02   3.7856311e-02   9.5179067e-03  -9.1548126e-04   1.3093001e-04  -4.3700180e-05
  -1.9952352e-02   5.7178239e-02   5.8170066e-03  -1.1936309e-03  -1.2482305e-05   1.3334710e-06
  -1.3281041e-02   6.9166196e-02  -8.3733419e-03  -1.1895410e-03  -2.2979570e-04  -3.8789228e-05
  -2.1899567e-02   2.5714783e-02   1.5765306e-02  -1.2495214e-03  -2.2040301e-04   3.2881579e-05
  -2.6889291e-02   3.4960299e-02   8.5782508e-03  -1.2073163e-03  -2.0477305e-05   1.3696223e-04
  -2.1057237e-02   6.9884885e-02   2.9036563e-02  -1.4883760e-03  -4.9954314e-04   1.8593837e-04
  -2.8007847e-02   4.8260813e-02   3.9136787e-03  -1.9282668e-03  -4.1876032e-04   2.1366785e-04
  -2.4903838e-02   6.6176425e-02   2.4702271e-02  -2.0864446e-03  -5.4889282e-04   2.6503667e-04
  -3.0539228e-02   6.3280342e-02   2.4638718e-02  -1.9140558e-03  -3.1150652e-04   3.2120706e-04
  -2.5860005e-02   8.1681009e-02   1.3324850e-02  -2.4959322e-03  -4.9612628e-04   3.8540660e-04
  -1.2216504e-02   1.1680627e-01  -5.7687526e-02  -2.9931282e-03  -5.1560699e-04   3.9593775e-05
  -1.2057756e-02   9.4384326e-02   7.4195515e-04  -2.6053899e-03  -6.8792319e-04   7.5598484e-05
  -2.0506195e-02   7.8901343e-02  -1.4688211e-02  -2.1737122e-03  -4.3404329e-04   1.5818254e-04
  -2.3696580e-02   8.5108073e-02   1.9710691e-02  -2.8353161e-03  -9.1235463e-04   3.4156446e-04
  -4.4862206e-02   3.6482554e-02  -9.4566391e-02  -1.1273847e-03  -9.0144864e-06   4.0499252e-04
  -3.8639073e-02   3.2245601e-02   9.9031427e-03   3.8773555e-04   5.0452449e-04   3.2819374e-04
  -2.2788693e-02   4.6394972e-02   9.8071248e-02  -9.6885581e-04  -3.6395245e-04   4.9528968e-04
  -2.7718986e-02   1.1576076e-01  -5.6861005e-02  -3.1136824e-03  -4.2011673e-04   6.3776666e-04
  -1.2955614e-02   6.4574113e-02   7.6591452e-03  -3.7166471e-03  -1.0706872e-03   7.1142086e-04
  -1.1064655e-02   1.0415295e-01  -1.2347182e-02  -3.2968336e-03  -8.7288172e-04   5.6150495e-04
  -1.9837662e-02   1.0629896e-01   1.7838466e-02  -3.2411419e-03  -8.7924083e-04   6.7757015e-04
  -2.8656479e-02   1.3771357e-01  -2.3898033e-02  -3.2102819e-03  -7.1158172e-04   7.6752451e-04
  -1.8511630e-02   1.1251019e-01  -1.9240770e-02  -3.5171900e-03  -9.5379506e-04   6.4026491e-04
  -2.5125156e-02   1.3146388e-01  -3.6309261e-02  -3.4234763e-03  -7.8053061e-04   7.5745145e-04
  -3.5510236e-02   1.3514268e-01  -4.9292583e-02  -3.9773968e-03  -1.0247886e-03   9.8631273e-04
  -3.7078500e-02   1.1424118e-01  -4.6258450e-02  -3.7311352e-03  -9.0688230e-04   8.7203585e-04
  -4.4606348e-02   1.2459215e-01  -6.0385898e-02  -4.1840351e-03  -8.2374637e-04   8.9485474e-04
  -4.5490638e-02   1.2000036e-01  -5.1795134e-02  -3.9650672e-03  -1.1226716e-03   9.5117109e-04
  -4.5628295e-02   1.2929551e-01  -5.5924661e-02  -4.1772163e-03  -1.3357999e-03   9.0121554e-04
  -3.9186108e-02   1.6122166e-01  -6.6988468e-02  -4.1343822e-03  -1.2951522e-03   7.0315477e-04
  -4.6986607e-02   1.6698241e-01  -9.2940018e-02  -4.9495217e-03  -1.6657051e-03   8.0752517e-04
  -4.7037845e-02   1.5044350e-01  -7.7054286e-02  -4.6663012e-03  -1.5915422e-03   7.0313873e-04
  -4.1545451e-02   1.5554071e-01  -7.6841434e-02  -4.5468213e-03  -1.9089477e-03   8.2590835e-04
  -4.6541690e-02   1.5708930e-01  -9.3906404e-02  -4.8885392e-03  -1.6317113e-03   8.1479052e-04
  -3.9345339e-02   1.5490704e-01  -1.0559418e-01  -5.0247804e-03  -1.7134836e-03   7.0206675e-04
  -4.3276865e-02   1.5001155e-01  -9.6019393e-02  -4.9254950e-03  -1.8245578e-03   8.6650208e-04
  -4.0595289e-02   1.4669198e-01  -1.1165546e-01  -5.0090536e-03  -2.1066522e-03   8.3763889e-04
  -4.1798544e-02   1.7939560e-01  -1.0920585e-01  -4.9850173e-03  -1.9605799e-03   6.4506491e-04
  -4.8792359e-02   1.8525218e-01  -1.4426983e-01  -5.2887010e-03  -2.1853492e-03   9.0615918e-04
  -4.6187659e-02   1.6149506e-01  -1.2084388e-01  -5.3630991e-03  -2.1226551e-03   9.7337774e-04
  -2.3615714e-02   1.3552477e-01  -8.8983647e-02  -4.4574503e-03  -2.4710623e-03   8.9692293e-04
  -1.2074186e-03   9.5300898e-02  -7.4399731e-02  -3.4610670e-03  -3.1276655e-03   1.2691042e-03
  -1.4508952e-02   1.2383715e-01  -4.4462713e-02  -4.2603849e-03  -2.6403365e-03   1.3388983e-03
   1.2725362e-03   1.6833045e-01  -1.0047100e-01  -5.0673320e-03  -3.1143193e-03   1.1189866e-03
  -2.3217741e-03   1.7997118e-01  -7.4502484e-02  -5.1442032e-03  -3.1085881e-03   1.2195651e-03
  -2.5455904e-02   1.6958141e-01  -7.9902265e-02  -4.6232653e-03  -2.7109044e-03   1.2647354e-03
  -2.7961572e-02   1.7117293e-01  -1.2770754e-01  -5.1867961e-03  -2.3513546e-03   1.2597967e-03
  -3.3816367e-02   1.6218475e-01  -1.0112998e-01  -4.8726827e-03  -2.4749873e-03   1.4509660e-03
  -2.4431004e-02   1.7435925e-01  -1.0631331e-01  -4.7942394e-03  -2.5178265e-03   1.3123319e-03
  -3.4672926e-02   1.6343140e-01  -1.0842123e-01  -5.0500786e-03  -2.4436295e-03   1.3963824e-03
  -3.6964850e-02   1.7887652e-01  -1.1590572e-01  -5.2915833e-03  -2.3662041e-03   1.3705597e-03
  -3.3777678e-02   1.8508893e-01  -1.3081638e-01  -5.6151520e-03  -2.7692373e-03   1.4627810e-03
  -2.1960774e-02   1.5680673e-01  -1.1822032e-01  -5.6118790e-03  -2.8771673e-03   1.3363337e-03
  -2.0374963e-02   1.5208608e-01  -7.4187021e-02  -4.6795374e-03  -2.9080595e-03   1.3858717e-03
  -2.7939603e-02   1.6813150e-01  -6.9337140e-02  -4.8277098e-03  -2.7852949e-03   1.4046624e-03
  -2.7911389e-02   1.6846877e-01  -9.2296108e-02  -5.1129837e-03  -2.9293246e-03   1.5948194e-03
  -2.9198675e-02   1.8536473e-01  -1.0487515e-01  -5.1991284e-03  -2.6996364e-03   1.5442408e-03
  -2.8964247e-02   1.8766998e-01  -9.3327552e-02  -4.9506155e-03  -2.8391084e-03   1.6163686e-03
  -4.2761986e-02   1.6421971e-01  -7.4693416e-02  -5.0628439e-03  -2.6643096e-03   1.7387216e-03
  -3.5586679e-02   1.5791043e-01  -7.2402194e-02  -5.0048354e-03  -2.7978499e-03   1.7262911e-03
  -3.6025250e-02   1.5949302e-01  -8.7883651e-02  -5.2229962e-03  -2.7875683e-03   1.6919370e-03
  -5.1957873e-02   1.6543088e-01  -5.7750813e-02  -4.9804795e-03  -2.7910215e-03   1.8458928e-03
  -3.6268501e-02   1.8209941e-01  -8.2142284e-02  -5.3782994e-03  -2.6875743e-03   1.4220839e-03
  -4.1732079e-02   2.0693617e-01  -3.9497160e-02  -4.9643256e-03  -3.2069793e-03   1.9904915e-03
  -4.0181054e-02   6.5866974e-02   1.0124156e-02  -2.4461376e-03  -2.1754682e-03   1.3518434e-03
  -5.4800831e-02   1.6714258e-01  -2.4946284e-02  -3.6334596e-03  -7.4917135e-04   1.0288309e-03
  -6.6097653e-02   1.2681759e-01  -3.3401184e-02  -3.8440045e-03  -2.4969125e-03   2.7506015e-03
  -4.9908520e-02   2.0586169e-01  -1.0250772e-01  -5.8700719e-03  -1.8458442e-03   1.6271535e-03
  -4.1929723e-02   9.1641618e-02  -1.1445112e-01  -3.7623645e-03  -2.2856351e-03   2.5949150e-03
  -3.9835509e-02   1.5198107e-01  -1.0160685e-01  -3.7675254e-03  -1.3929296e-03   2.2430998e-03
  -1.0386337e-01   1.5880271e-01   1.2600320e-02  -3.4826160e-03  -8.6802473e-04   2.6880076e-03
  -9.1565636e-02   1.2452445e-01  -1.4681566e-03  -3.3802562e-03  -8.1022320e-04   2.4096098e-03
  -1.1087484e-01   1.2581576e-01  -2.4619280e-03  -3.5514978e-03  -6.8885424e-04   2.7684478e-03
  -9.6955439e-02   1.3213146e-01  -3.3884152e-02  -3.7039890e-03  -8.3244391e-04   2.3785588e-03
  -9.7675414e-02   1.4815445e-01  -2.0250742e-02  -3.9392451e-03  -1.0889245e-03   2.3608017e-03
  -8.7242749e-02   1.2344673e-01  -3.9708096e-02  -4.0607638e-03  -1.4141562e-03   2.4258391e-03
  -7.3367362e-02   1.5008349e-01  -6.6222073e-02  -4.2992375e-03  -1.5881407e-03   2.3525624e-03
  -7.0910144e-02   1.3510828e-01  -9.0520941e-02  -4.1958830e-03  -1.8131728e-03   2.2548385e-03
  -6.9509507e-02   1.6474564e-01  -9.3477539e-02  -4.3118382e-03  -1.9852969e-03   2.2574436e-03
  -6.9265050e-02   1.9084483e-01  -1.3163190e-01  -4.7867023e-03  -1.9284675e-03   2.1222781e-03
  -7.0590363e-02   1.6767604e-01  -1.0049145e-01  -4.4522123e-03  -1.8131521e-03   2.1187075e-03
  -7.2812812e-02   1.5423666e-01  -9.8490317e-02  -4.4468769e-03  -1.9208799e-03   2.3500615e-03
  -7.9635936e-02   1.8559473e-01  -1.0668202e-01  -4.9306621e-03  -1.8583610e-03   2.4002200e-03
  -8.4105619e-02   1.8332489e-01  -1.1456847e-01  -4.9065208e-03  -1.9555097e-03   2.5765640e-03
  -8.4057709e-02   1.4821446e-01  -9.8518154e-02  -4.6091393e-03  -1.7691328e-03   2.4648506e-03
  -8.8320819e-02   1.7396254e-01  -1.0986166e-01  -4.7604865e-03  -1.8212573e-03   2.4998860e-03
  -9.2009087e-02   1.7450206e-01  -9.9746049e-02  -4.8157672e-03  -1.7543803e-03   2.6948794e-03
  -8.8874177e-02   1.9471713e-01  -1.1244937e-01  -5.2081975e-03  -1.6514275e-03   2.6287886e-03
  -6.9754277e-02   1.7879557e-01  -9.6863295e-02  -5.0893308e-03  -1.8764350e-03   2.6196575e-03
  -5.9546251e-02   1.9011595e-01  -1.0022732e-01  -5.8249801e-03  -2.0951310e-03   2.6967591e-03
  -5.3571428e-02   1.7708769e-01  -7.3154584e-02  -5.4011181e-03  -1.9472407e-03   2.6107733e-03
  -4.9498177e-02   2.0549887e-01  -8.0320462e-02  -5.3482388e-03  -2.1932730e-03   2.5618492e-03
  -6.2526922e-02   2.0129719e-01  -5.1963247e-02  -5.7105682e-03  -2.4482388e-03   2.7519267e-03
  -6.7831565e-02   2.0117046e-01  -4.2792857e-02  -5.6604284e-03  -2.2975428e-03   2.6863149e-03
  -6.8973211e-02   1.8404857e-01  -2.1703295e-02  -5.3484955e-03  -2.3881777e-03   2.7320718e-03
  -5.8456671e-02   1.6080210e-01  -3.5970570e-02  -4.9556662e-03  -2.4004890e-03   2.4537726e-03
  -6.6952782e-02   1.8789008e-01  -4.5153885e-02  -5.1624211e-03  -2.3104224e-03   2.4873382e-03
  -7.2746571e-02   1.7022734e-01  -1.1049635e-02  -4.4461152e-03  -2.0591901e-03   2.4374946e-03
  -6.2208492e-02   1.5021674e-01  -1.1280916e-02  -4.4148141e-03  -2.3572673e-03   2.5637339e-03
  -4.6804549e-02   1.5491519e-01   1.8108547e-02  -4.2742745e-03  -2.6495535e-03   2.5246139e-03
  -4.0405041e-02   1.6190024e-01   1.8846683e-02  -4.3217312e-03  -2.5648163e-03   2.5631959e-03
  -5.9813235e-02   1.5444919e-01   3.0834611e-02  -4.3073707e-03  -2.2597722e-03   2.5598186e-03
  -5.7450434e-02   1.3320683e-01   4.4666202e-02  -4.0365162e-03  -2.4638200e-03   2.5978427e-03
  -6.1315936e-02   1.4510637e-01   4.3784232e-02  -3.9417715e-03  -2.4364602e-03   2.4621936e-03
  -6.8180478e-02   1.5446913e-01   3.0320414e-02  -4.0866668e-03  -2.3930653e-03   2.4832160e-03
  -7.1348128e-02   1.4560199e-01   4.7455751e-02  -3.9368442e-03  -2.4721929e-03   2.6107484e-03
  -7.0382991e-02   1.6464207e-01   4.9848080e-02  -4.1686813e-03  -2.3245085e-03   2.6382574e-03
  -7.2979009e-02   1.5567038e-01   5.2140828e-02  -4.0001684e-03  -2.1067261e-03   2.5511195e-03
  -7.8572657e-02   1.4759066e-01   5.5946507e-02  -3.8259108e-03  -2.1403112e-03   2.6203332e-03
  -1.0801274e-01   1.7813412e-01   4.9533432e-02  -4.0885901e-03  -1.8755240e-03   2.7810282e-03
  -1.0384749e-01   1.8166031e-01   2.6974194e-02  -4.0310634e-03  -1.8616101e-03   2.7247001e-03
  -1.1039340e-01   1.5128126e-01   3.9053432e-02  -3.9403237e-03  -1.9167980e-03   2.7790711e-03
  -9.7197056e-02   1.5995094e-01   4.1893774e-02  -3.5917955e-03  -2.1150289e-03   2.7432396e-03
  -1.0873565e-01   1.4468537e-01   2.0966330e-01  -2.0091003e-03  -2.5501862e-03   2.9420059e-03
  -9.0283282e-02   1.9178420e-01   1.2979437e-01  -4.0523559e-03  -2.6128473e-03   2.4328858e-03
  -7.6107410e-02   4.4127402e-02  -9.8111327e-03  -2.7374213e-03  -2.5806964e-03   2.5874111e-03
  -5.6129502e-02   1.1771512e-01   6.6039254e-02  -2.0251894e-03  -2.5692320e-03   2.2304165e-03
  -3.6996838e-02   1.5639996e-01   1.1887895e-01  -2.3737152e-03  -3.0654339e-03   2.2997534e-03
  -3.8282484e-02   1.2042849e-01   1.1126708e-01  -2.8159305e-03  -2.7230798e-03   2.1074474e-03
