   0.0000000e+00   0.0000000e+00  -3.5527137e-15  -3.4694470e-18   3.4694470e-18   1.2037062e-35
  -1.4115306e-02  -1.9956765e-02  -8.5724616e-03   2.3180030e-04   6.8227164e-05   1.8981540e-04
  -3.2509323e-03  -4.3099960e-03  -3.6056140e-02  -1.5295647e-03   1.3735424e-04   1.9222981e-04
   2.2359272e-03   3.6699494e-02  -5.8180525e-02  -2.6875572e-03  -1.4292755e-06   2.3735552e-04
   1.2001563e-02   4.2676642e-02  -7.3771514e-02  -2.4185625e-03   2.6023853e-04  -1.2874190e-05
  -3.2500748e-03   4.7614511e-02  -9.5009209e-02  -2.8158087e-03   5.2776933e-05  -4.3332798e-05
  -4.3951974e-03   6.1957196e-02  -6.9790380e-02  -2.8123794e-03   8.9825113e-05  -2.4538820e-05
  -1.0053487e-02   9.8098594e-02  -1.0833994e-01  -3.4885429e-03   2.2892585e-04   1.7656121e-04
  -8.1899721e-03   5.4803812e-02  -6.6800694e-02  -2.8316472e-03   2.7133753e-04   2.1571968e-04
  -1.4782548e-03   6.4676033e-02  -1.4309209e-01  -3.4203450e-03   2.6238278e-05   3.9233489e-04
  -7.4160874e-03   9.0435163e-02  -1.8131695e-01  -4.2104124e-03   3.3494909e-04   1.9667719e-04
  -5.1221330e-03   9.7160773e-02  -9.6435340e-02  -3.6211880e-03   3.1041300e-04   1.4302318e-04
  -8.3215393e-04   9.7303009e-02  -1.0205078e-01  -3.8238848e-03   3.2105055e-04   1.1689492e-04
  -1.9346929e-03   9.4425825e-02  -1.2955053e-01  -4.0421049e-03   1.2203667e-04   1.6751214e-05
  -5.0326209e-03   8.4609775e-02  -7.2940232e-02  -3.8430296e-03   1.0123638e-04   1.8042382e-04
   7.1506592e-03   9.5925159e-02  -1.1701874e-01  -4.0863508e-03  -4.3219621e-05  -3.4126152e-05
   3.8825697e-03   6.7902770e-02  -8.2368737e-02  -4.0576873e-03   1.1714807e-04  -1.9731552e-04
   1.0929042e-02   8.0895220e-02  -7.1209625e-02  -4.0084742e-03   3.7445030e-05  -2.8910546e-04
   2.0176304e-03   8.8020322e-02  -9.3507961e-02  -4.0972255e-03   3.5580430e-04  -3.4956117e-04
  -1.2141635e-02   1.0104710e-01  -1.0632268e-01  -4.7702846e-03   4.6384554e-04  -4.3532026e-04
  -1.4088967e-02   8.7903330e-02  -6.4101881e-02  -4.3806871e-03   5.1799430e-04  -2.5837946e-04
  -1.1533663e-02   1.0803429e-01  -1.9284806e-01  -5.6126293e-03   4.4488998e-04  -1.8240251e-04
  -1.4048222e-02   9.7886524e-02  -1.4464591e-01  -5.4588541e-03   7.3014413e-04  -1.9057646e-04
   8.8021447e-03   1.2313987e-01  -2.2085102e-01  -5.9274272e-03   6.2454218e-04  -3.7300651e-04
  -1.1708060e-02   1.0820055e-01  -1.6042430e-01  -5.3413928e-03   7.8533818e-04  -3.0755664e-04
  -1.9652428e-02   7.1044134e-02  -3.5196363e-01  -4.7104661e-03   2.5578787e-04  -1.3937482e-05
  -1.9612326e-01   8.5920830e-02  -4.5757937e-01  -6.3384704e-03   4.6965412e-03   7.1775870e-04
  -2.6178756e-01   1.0400005e-01  -4.1870535e-01  -5.9649885e-03   5.9643260e-03   2.4323469e-04
  -2.2428704e-01   6.0106037e-02  -4.5523428e-01  -5.7827511e-03   4.4978307e-03  -3.0676461e-04
  -1.8497521e-01   5.3687620e-02  -3.2216547e-01  -4.8581160e-03   4.1063269e-03  -1.6739767e-04
  -1.4855339e-01   5.7011989e-02  -3.5915041e-01  -5.1732919e-03   3.5929859e-03  -4.1633472e-04
  -1.6812659e-01   7.9222585e-02  -3.6383439e-01  -5.4868169e-03   3.9500128e-03  -1.9102707e-04
  -1.5988782e-01   8.9894785e-02  -4.5332169e-01  -6.2086113e-03   3.7986174e-03  -2.2634018e-04
  -1.5916997e-01   8.2711320e-02  -4.4040769e-01  -6.7285702e-03   3.7908569e-03  -3.7214659e-04
  -1.3377165e-01   8.3188808e-02  -4.3108795e-01  -6.6518545e-03   3.5365938e-03  -5.3224250e-04
  -1.1926097e-01   1.2309964e-01  -4.5423476e-01  -7.4437610e-03   3.6516718e-03  -6.4205280e-04
  -1.4110059e-01   1.2027153e-01  -4.8323456e-01  -7.7888818e-03   3.6042875e-03  -6.0684292e-04
  -1.3929561e-01   1.2736529e-01  -4.8506370e-01  -8.0964100e-03   3.4250103e-03  -7.5140593e-04
  -1.2655902e-01   1.3736350e-01  -5.2288950e-01  -8.1418718e-03   3.1526307e-03  -8.9734411e-04
  -1.1074896e-01   1.4530885e-01  -5.2379568e-01  -8.4167999e-03   3.1582107e-03  -1.0630385e-03
  -1.2252003e-01   1.2626554e-01  -5.1732800e-01  -8.0193195e-03   3.1990721e-03  -9.0292240e-04
  -1.1537595e-01   1.4229318e-01  -5.3701892e-01  -8.2285249e-03   3.2599824e-03  -1.0726129e-03
  -1.1198231e-01   1.3842633e-01  -4.7741524e-01  -8.0253180e-03   3.1736653e-03  -1.0715972e-03
  -1.1854682e-01   1.3059621e-01  -5.2060747e-01  -8.0772915e-03   3.1671964e-03  -9.4896360e-04
  -1.1343044e-01   1.3500420e-01  -5.6128246e-01  -8.6081979e-03   3.2172684e-03  -9.8217709e-04
  -1.2636248e-01   1.2412995e-01  -5.4681961e-01  -8.4506813e-03   3.1767645e-03  -9.9328753e-04
  -1.1787602e-01   1.6758136e-01  -5.9103325e-01  -8.9175751e-03   3.2805195e-03  -9.0127565e-04
  -1.0444061e-01   1.5167828e-01  -5.1777840e-01  -8.8273957e-03   3.1882685e-03  -1.1130473e-03
  -1.2362785e-01   1.7491532e-01  -5.6385544e-01  -9.1221251e-03   3.2095694e-03  -9.5743125e-04
  -1.3376656e-01   1.6654766e-01  -5.8092706e-01  -9.4567302e-03   3.1705457e-03  -8.9696864e-04
  -1.2532662e-01   1.6603677e-01  -5.4709804e-01  -9.2184031e-03   3.0184591e-03  -6.9978160e-04
  -1.2707280e-01   1.6051215e-01  -5.9728029e-01  -9.3956434e-03   3.2688460e-03  -1.0451302e-03
  -1.2381798e-01   1.6291521e-01  -5.9692898e-01  -9.9645740e-03   3.2201451e-03  -1.0692883e-03
  -1.3689610e-01   1.2616776e-01  -6.2587107e-01  -9.2649722e-03   3.3165967e-03  -4.7438828e-04
  -1.4350800e-01   1.2979545e-01  -6.9108660e-01  -9.4284249e-03   3.1590209e-03  -5.8770284e-04
  -1.8178953e-01   1.3802471e-01  -6.7145200e-01  -1.0072691e-02   3.3976421e-03  -7.4053855e-04
  -1.9103263e-01   1.4590693e-01  -6.7457459e-01  -1.0055462e-02   3.7810823e-03  -8.2031820e-04
  -1.8556543e-01   1.6774340e-01  -6.9336880e-01  -1.0236718e-02   3.9776424e-03  -9.8621460e-04
  -1.8865625e-01   1.5576828e-01  -6.6191703e-01  -1.0258189e-02   3.7864550e-03  -1.0726870e-03
  -1.7356114e-01   1.5648471e-01  -6.0483350e-01  -9.7293720e-03   3.6352765e-03  -1.1618758e-03
  -1.8427941e-01   1.6909224e-01  -6.5247233e-01  -1.0151085e-02   3.9331159e-03  -1.1515102e-03
  -2.0522918e-01   1.6762686e-01  -6.4163186e-01  -1.0163518e-02   3.9029265e-03  -9.5515041e-04
  -2.0140908e-01   1.4835962e-01  -6.3453379e-01  -1.0081077e-02   3.8006276e-03  -9.4938520e-04
  -1.8629695e-01   1.5304608e-01  -6.3154511e-01  -9.7824698e-03   3.9158163e-03  -1.1140430e-03
  -1.8602875e-01   1.6435530e-01  -6.9644145e-01  -1.0749494e-02   3.9077761e-03  -1.0830915e-03
  -1.5389961e-01   1.6175594e-01  -6.7297905e-01  -1.0663673e-02   3.6234340e-03  -1.1940544e-03
  -1.6206811e-01   1.7933245e-01  -7.3022071e-01  -1.0781455e-02   3.5898079e-03  -1.2281589e-03
  -1.8789431e-01   1.7385052e-01  -6.8933492e-01  -1.0849818e-02   3.6462314e-03  -1.1155696e-03
  -1.8250815e-01   1.8264828e-01  -7.0861159e-01  -1.0876396e-02   3.5621277e-03  -1.0409463e-03
  -1.7872123e-01   1.8924972e-01  -7.3455660e-01  -1.0995750e-02   3.7335641e-03  -1.0957608e-03
  -1.8547758e-01   1.8118711e-01  -7.4172748e-01  -1.1382167e-02   3.6469693e-03  -1.1690301e-03
  -2.0030852e-01   1.9950321e-01  -7.1618200e-01  -1.1213686e-02   3.4504589e-03  -9.3359587e-04
  -1.9367521e-01   2.1768494e-01  -8.0805646e-01  -1.2122952e-02   3.3608978e-03  -1.0544330e-03
  -1.7263599e-01   1.9559243e-01  -7.7709706e-01  -1.1774636e-02   2.9799620e-03  -1.4586731e-03
  -1.7175183e-01   1.9475082e-01  -7.4712446e-01  -1.1334338e-02   2.8563112e-03  -1.0919871e-03
  -1.5604425e-01   2.1710972e-01  -8.6364140e-01  -1.2578364e-02   2.9881249e-03  -1.2842896e-03
  -1.6878747e-01   1.9089555e-01  -8.1630731e-01  -1.2352876e-02   2.8817551e-03  -1.3819598e-03
  -1.5016807e-01   1.9164984e-01  -8.4222517e-01  -1.2404583e-02   2.8862345e-03  -1.3973086e-03
  -1.5190281e-01   1.8156850e-01  -8.9808967e-01  -1.2609594e-02   2.8217188e-03  -1.1183548e-03
  -1.4532795e-01   1.7772249e-01  -8.3740188e-01  -1.2502594e-02   2.8237920e-03  -1.1390678e-03
  -1.4686302e-01   1.7186912e-01  -9.3258965e-01  -1.2547928e-02   2.6946484e-03  -1.1423874e-03
  -1.6450381e-01   1.5041711e-01  -9.9841652e-01  -1.3376061e-02   2.7481342e-03  -1.0387313e-03
  -1.6234084e-01   1.9936340e-01  -9.5445114e-01  -1.3205012e-02   2.6956817e-03  -9.8263597e-04
  -1.6666498e-01   1.9649581e-01  -9.9807190e-01  -1.3202995e-02   2.6628846e-03  -8.7715140e-04
  -1.6130693e-01   1.9559339e-01  -1.0421978e+00  -1.3523057e-02   2.6440874e-03  -1.0436831e-03
  -1.5980931e-01   1.7691848e-01  -9.8123206e-01  -1.3357075e-02   2.6959504e-03  -9.2488889e-04
  -1.5715446e-01   1.8568560e-01  -1.0083661e+00  -1.3357120e-02   2.6456079e-03  -1.0348722e-03
  -1.7278390e-01   1.9394138e-01  -1.0703634e+00  -1.4584086e-02   3.0238559e-03  -1.0054730e-03
  -1.8823878e-01   2.3745249e-01  -1.0866265e+00  -1.5266388e-02   3.2129916e-03  -8.9996396e-04
  -1.9440848e-01   2.7296405e-01  -1.0924979e+00  -1.5615501e-02   3.2009170e-03  -6.9003497e-04
  -1.8604240e-01   2.4606768e-01  -1.1120213e+00  -1.6020396e-02   2.9716309e-03  -6.0563645e-04
  -1.9130587e-01   2.6900015e-01  -1.0716225e+00  -1.6164789e-02   3.1794875e-03  -5.3129401e-04
  -1.8522542e-01   2.9393813e-01  -1.1273949e+00  -1.6322759e-02   3.6191451e-03  -5.2402668e-04
  -1.8856958e-01   2.9048128e-01  -1.1202518e+00  -1.6739129e-02   3.5553678e-03  -5.3049175e-04
  -1.8673281e-01   2.7260755e-01  -1.1236567e+00  -1.6477012e-02   3.6776861e-03  -2.8551491e-04
  -1.9093933e-01   2.7877198e-01  -1.1222161e+00  -1.6671869e-02   3.8240181e-03  -1.8412151e-04
  -1.8317562e-01   2.8422075e-01  -1.1762246e+00  -1.7051594e-02   3.5940913e-03  -4.3147084e-04
  -1.9185001e-01   2.8087033e-01  -1.1033494e+00  -1.6787139e-02   3.5553880e-03  -2.8153546e-04
  -1.8208116e-01   2.6446250e-01  -1.1435862e+00  -1.6427449e-02   3.6021869e-03  -3.2700620e-04
  -1.8316199e-01   2.7752297e-01  -1.1086249e+00  -1.6996574e-02   3.6222936e-03  -3.7447511e-04
  -1.7906496e-01   2.4808464e-01  -1.1664728e+00  -1.6848690e-02   3.5982065e-03  -3.8587023e-04
  -2.3654294e-01   3.9606182e-01  -8.8482221e-01  -1.8137543e-02   4.0936028e-03  -4.4052941e-04
  -1.6598957e-01   2.5937122e-01  -9.9195816e-01  -1.5926767e-02   3.0668133e-03   2.8902328e-04
  -1.5376295e-01   1.6597328e-01  -1.1733733e+00  -1.5576711e-02   2.7777291e-03   5.0008482e-04
  -1.6342713e-01   2.2871404e-01  -1.0983439e+00  -1.5540381e-02   2.9799225e-03   4.2526962e-04
  -1.6328106e-01   2.4417309e-01  -1.1443352e+00  -1.5623086e-02   3.0527296e-03   4.5331668e-04
  -1.6390159e-01   2.3155957e-01  -1.0896790e+00  -1.5682718e-02   2.9932601e-03   4.9308915e-04
  -1.6739368e-01   2.1465635e-01  -1.1068356e+00  -1.5425584e-02   2.9720871e-03   5.3607859e-04
  -1.4512099e-01   2.7644737e-01  -1.1135336e+00  -1.6089975e-02   2.9530949e-03   2.8208731e-04
  -1.3601543e-01   2.3839529e-01  -1.1209370e+00  -1.6386112e-02   2.7198545e-03   2.8617562e-04
  -1.3982519e-01   2.6077186e-01  -1.0749858e+00  -1.6277602e-02   2.8728109e-03   3.7082779e-04
  -1.2943435e-01   2.7461718e-01  -1.1356075e+00  -1.6543915e-02   2.8893600e-03   2.9436282e-04
  -1.4457991e-01   2.2949645e-01  -1.0607750e+00  -1.5287627e-02   3.2478631e-03   4.5142204e-04
  -1.2474868e-01   2.7630864e-01  -1.0867318e+00  -1.5819875e-02   3.5128464e-03   3.7336427e-04
  -1.3298603e-01   2.8748020e-01  -1.1108018e+00  -1.6452572e-02   3.3155687e-03   6.4134709e-04
  -1.2814396e-01   2.7878011e-01  -1.0749615e+00  -1.6055944e-02   3.3523144e-03   8.3610391e-04
  -1.2459758e-01   2.9671464e-01  -1.0687289e+00  -1.6049586e-02   3.4179941e-03   8.7589047e-04
  -1.3075228e-01   2.7876152e-01  -1.0863725e+00  -1.6385773e-02   3.4220639e-03   8.8302840e-04
  -1.2048044e-01   2.7624441e-01  -1.0817962e+00  -1.6328513e-02   3.3914714e-03   8.6116607e-04
  -1.2389143e-01   3.0837455e-01  -1.1389740e+00  -1.6746891e-02   3.6604925e-03   9.0731450e-04
  -1.3194148e-01   2.8412871e-01  -1.0915235e+00  -1.6561615e-02   3.4926807e-03   1.0324938e-03
  -1.3892802e-01   2.8625880e-01  -1.1042848e+00  -1.6520273e-02   3.5493572e-03   1.0549999e-03
  -1.4823312e-01   3.1965439e-01  -1.1106962e+00  -1.6356834e-02   3.7427962e-03   1.2473496e-03
  -1.5554948e-01   2.9771961e-01  -1.0909690e+00  -1.6061699e-02   3.8605590e-03   1.3910349e-03
  -1.4896362e-01   2.9798418e-01  -1.1515103e+00  -1.6552920e-02   3.8078483e-03   1.3057032e-03
  -1.3885083e-01   2.9008109e-01  -1.1578257e+00  -1.6252517e-02   3.7019773e-03   1.1761427e-03
  -1.4286224e-01   2.8257145e-01  -1.1154921e+00  -1.6379274e-02   3.6909959e-03   1.2446211e-03
  -1.3995155e-01   2.9080171e-01  -1.1296780e+00  -1.6403956e-02   3.7580462e-03   1.4121818e-03
  -1.2891561e-01   3.0303775e-01  -1.1312188e+00  -1.6186805e-02   3.7583606e-03   1.3265209e-03
