   1.4210855e-14   0.0000000e+00  -7.1054274e-15  -1.3877788e-17  -2.1684043e-19   0.0000000e+00
  -1.5856150e-02  -4.8700795e-03   1.0643300e-01   3.3725040e-03  -6.1794420e-04  -4.7095999e-05
  -1.5752139e-02   1.6624285e-01   1.8685987e-01   5.3716100e-04  -4.4621635e-04  -6.7722817e-04
  -5.9625328e-03   9.3006220e-02   1.7652358e-01   6.4698510e-04   1.5347325e-04  -6.5404180e-04
  -1.7815790e-02   1.4227337e-01   2.5969563e-01  -5.7556068e-04   3.1726706e-04  -1.0937328e-03
  -7.8603528e-03   4.0389015e-02   2.4936361e-01  -1.3092058e-03   1.2676957e-04  -4.0001477e-04
  -3.1140378e-02   1.2048674e-01   2.8902756e-01  -5.1346451e-04   3.5433737e-04  -5.1249034e-04
  -4.9496004e-02   9.7454262e-02   2.3281199e-01   1.3739997e-03  -1.3563412e-03  -4.6947520e-04
  -4.6939357e-02   5.1746462e-02   2.4299670e-01   2.4079721e-04  -1.2251538e-03  -5.4998351e-04
  -6.4306745e-02   1.1330615e-01   2.4534037e-01   9.4823434e-04  -1.5454882e-03  -5.9010026e-04
  -5.1416387e-02   9.5423941e-02   2.3292740e-01   3.1720837e-04  -1.4889636e-03  -5.6477332e-04
  -5.6143511e-02   7.6347260e-02   2.9417962e-01   9.6831236e-04  -1.3283484e-03  -1.0030543e-03
  -6.7374927e-02   1.4214430e-01   2.6368731e-01   8.3705009e-04  -2.1806626e-03  -9.8521030e-04
  -5.7026496e-02   4.1324393e-02   2.7777982e-01   1.0398091e-03  -1.9172752e-03  -6.6800023e-04
  -6.9841926e-02   1.1187340e-01   2.9821681e-01   1.1865385e-03  -1.7972137e-03  -8.9477719e-04
  -6.4197545e-02   1.0007853e-01   2.7233521e-01   1.6982049e-03  -2.2414501e-03  -8.6833938e-04
  -5.9713544e-02   5.5748507e-02   3.1734531e-01   1.6641183e-03  -1.9994958e-03  -1.0547211e-03
  -6.4472528e-02   1.2609975e-01   3.1065777e-01   1.5988915e-03  -1.9588855e-03  -1.0056061e-03
  -5.2682713e-02   7.6711870e-02   2.9591093e-01   1.0811649e-03  -2.1320088e-03  -8.7404031e-04
  -5.9579819e-02   8.5979934e-02   3.3721263e-01   1.4393123e-03  -2.0395142e-03  -9.9327646e-04
  -6.7239218e-02   1.5416215e-01   3.7580546e-01   1.4157400e-03  -2.0904362e-03  -1.1389385e-03
  -6.4497142e-02   6.1433105e-02   3.7383321e-01   1.4519428e-03  -2.7964012e-03  -1.1999308e-03
  -7.5671759e-02   1.1135560e-01   4.0104135e-01   1.5586848e-03  -2.3038593e-03  -1.3078180e-03
  -6.1562001e-02   1.0782362e-01   3.4153687e-01   1.9014637e-03  -3.1810003e-03  -1.3892843e-03
  -7.3110828e-02   7.0414955e-02   3.9321965e-01   1.3518826e-03  -2.4113928e-03  -1.4382676e-03
  -5.7893928e-02   9.2296456e-02   3.0808668e-01   1.5108237e-03  -3.3282736e-03  -1.5954324e-03
  -2.9251354e-02   2.0433441e-01   4.7408051e-01   5.7257760e-04  -2.5122293e-03  -1.9218310e-03
  -7.6154310e-02   1.1774031e-01   4.6628357e-01   2.5657859e-03  -2.4472378e-03  -1.8757863e-03
  -4.3081752e-02   2.1565028e-02   3.2286920e-01   2.1147550e-03  -3.2797714e-03  -1.0628869e-03
  -3.1299026e-02   1.2740419e-01   4.0469294e-01   1.6984713e-03  -3.3699529e-03  -1.6001853e-03
  -4.2741876e-02   6.4378567e-02   3.5986525e-01   1.7825051e-03  -4.0593022e-03  -1.9415506e-03
  -7.1950595e-02   1.0396963e-01   4.3227129e-01   2.0390873e-03  -3.8695963e-03  -2.0573048e-03
  -5.6692841e-02   4.7078561e-02   4.3803962e-01   2.0420362e-03  -4.1369044e-03  -2.3343195e-03
  -4.8386658e-02   9.7768501e-02   4.7070788e-01   2.4915091e-03  -3.5894844e-03  -1.9357150e-03
  -5.4694472e-02   1.0557408e-01   3.6284309e-01   2.2997924e-03  -4.2999212e-03  -1.9558689e-03
  -5.7502945e-02   6.4289805e-02   4.2280073e-01   2.2392226e-03  -3.9187072e-03  -1.9202982e-03
  -5.9691087e-02   1.0474997e-01   4.2685804e-01   2.5375874e-03  -4.2112218e-03  -1.8509292e-03
  -5.9790269e-02   5.6441229e-02   4.4221626e-01   2.6709189e-03  -4.1796496e-03  -2.5430850e-03
  -6.1960722e-02   9.6654335e-02   5.2955254e-01   2.4059168e-03  -3.5094322e-03  -2.3868378e-03
  -5.3119615e-02   1.1479848e-01   5.0705495e-01   1.8636257e-03  -3.8708951e-03  -2.5703384e-03
  -3.8177173e-02   6.9835028e-02   4.7344907e-01   1.6373134e-03  -3.8859701e-03  -2.2151844e-03
  -6.1431705e-02   1.4046441e-01   5.0773573e-01   1.2047168e-03  -3.4097907e-03  -1.9708470e-03
  -5.8713896e-02   1.3149560e-01   4.8762877e-01   6.5016688e-04  -3.8019687e-03  -1.9146040e-03
  -5.7248623e-02   9.1073034e-02   5.3680693e-01   7.9507298e-04  -3.5819239e-03  -1.3752691e-03
  -4.9625956e-02   1.4019904e-01   5.0357052e-01   7.8318380e-04  -3.7842616e-03  -1.9482391e-03
  -4.4469699e-02   6.4413418e-02   5.4440261e-01   1.7724037e-04  -3.4862523e-03  -1.5035147e-03
  -5.0558065e-02   1.2513032e-01   6.0533967e-01  -3.5461774e-04  -3.7438951e-03  -1.7926228e-03
  -5.6151115e-02   1.4510745e-01   5.5957355e-01  -2.7109572e-04  -4.0674304e-03  -1.9497299e-03
  -4.8237143e-02   6.1560295e-02   4.4306119e-01   2.7137050e-04  -3.8456408e-03  -1.7577463e-03
  -5.0926797e-02   1.5887811e-01   5.0793828e-01   7.4496716e-04  -4.3081510e-03  -1.8178015e-03
  -5.2916209e-02   1.5721008e-01   3.7059764e-01   3.3922404e-05  -4.8534064e-03  -1.7485539e-03
  -7.0632344e-02   5.8643516e-02   3.3409927e-01   8.6348845e-04  -4.1216963e-03  -1.7635553e-03
  -6.2190068e-02   1.4031919e-01   2.6766854e-01   9.7927099e-04  -4.7897324e-03  -1.8032589e-03
  -3.6287209e-02   1.2068983e-01   2.6745610e-01   1.4450101e-03  -5.0561927e-03  -1.7278614e-03
  -6.5306952e-02   8.9211362e-02   1.4830077e-01   2.9353947e-03  -4.9156742e-03  -1.8532247e-03
  -5.7325075e-02   1.0266140e-01   9.8477317e-02   1.9418357e-03  -5.0511551e-03  -1.8498557e-03
  -4.8196133e-02   1.2727644e-01   1.6777447e-01   2.3233286e-03  -4.7544177e-03  -1.5430582e-03
  -5.2584862e-02   1.6926506e-01   1.9879232e-01   3.0248326e-03  -5.0199212e-03  -1.6275197e-03
  -5.4540389e-02   1.0835274e-01   1.9545443e-01   2.5611969e-03  -5.1299528e-03  -1.5782919e-03
  -5.2253477e-02   1.4231924e-01   2.0088195e-01   2.8856450e-03  -5.0576242e-03  -1.5003866e-03
  -5.7728712e-02   1.5646830e-01   1.7608024e-01   2.8879873e-03  -5.2900726e-03  -1.4965673e-03
  -6.3656361e-02   1.1912897e-01   2.0648978e-01   2.9913142e-03  -5.1412546e-03  -1.8148993e-03
  -6.4703111e-02   1.9491554e-01   2.1018202e-01   2.7563024e-03  -5.1538882e-03  -1.8294780e-03
  -6.5097810e-02   1.0995463e-01   1.8587967e-01   2.3876241e-03  -5.0348818e-03  -1.8721311e-03
  -7.3365050e-02   1.5797244e-01   2.3670503e-01   2.9325535e-03  -4.9333166e-03  -1.7770095e-03
  -6.4952172e-02   1.4058338e-01   1.9780316e-01   2.6268341e-03  -5.0391385e-03  -1.9649232e-03
  -7.2422790e-02   9.5776916e-02   2.5788123e-01   3.0466509e-03  -4.9365987e-03  -1.9955291e-03
  -7.7979608e-02   1.6858543e-01   2.3322349e-01   2.9195449e-03  -5.2132193e-03  -1.9857646e-03
  -7.2942075e-02   1.0863254e-01   1.8955912e-01   2.7374869e-03  -5.4268607e-03  -2.1201130e-03
  -8.1917676e-02   1.4333466e-01   2.3913291e-01   3.2457216e-03  -5.0977252e-03  -2.1868513e-03
  -7.7025842e-02   1.5033433e-01   2.1337737e-01   3.2192519e-03  -5.5285470e-03  -2.3317981e-03
  -7.5462333e-02   9.2044057e-02   2.8235801e-01   3.6705995e-03  -5.2267561e-03  -2.3762989e-03
  -7.7923503e-02   1.5511776e-01   2.6492417e-01   3.2215017e-03  -5.2411114e-03  -2.3825427e-03
  -6.5915972e-02   9.3726698e-02   2.1751600e-01   2.7120039e-03  -5.2187250e-03  -2.2281870e-03
  -7.5754457e-02   1.6208617e-01   2.7238624e-01   3.1878913e-03  -5.2948567e-03  -2.0337278e-03
  -5.7472419e-02   1.6116194e-01   1.8329249e-01   2.7775372e-03  -5.8709033e-03  -1.8689289e-03
  -6.5764990e-02   9.0905994e-02   1.6900628e-01   2.7993945e-03  -5.4564703e-03  -1.9229931e-03
  -7.8560523e-02   1.6412038e-01   1.9127366e-01   2.5988563e-03  -5.3796381e-03  -1.9392194e-03
  -8.1374430e-02   9.8291121e-02   1.7269582e-01   2.3610184e-03  -5.6154153e-03  -2.4251986e-03
  -9.2535715e-02   1.4746067e-01   1.9901825e-01   2.8575116e-03  -5.3269839e-03  -2.2998699e-03
  -8.5614551e-02   1.4387127e-01   1.6795300e-01   2.7188788e-03  -5.8834337e-03  -2.3548182e-03
  -7.7527834e-02   1.0304478e-01   1.8318668e-01   2.7348976e-03  -5.9028907e-03  -2.2055879e-03
  -8.1344192e-02   1.7678365e-01   2.6006398e-01   3.0559988e-03  -5.9861930e-03  -2.1787516e-03
  -8.6655943e-02   1.4340639e-01   2.5130969e-01   2.9454128e-03  -5.9247247e-03  -2.0140909e-03
  -7.4305671e-02   1.4306538e-01   2.5527374e-01   2.7258736e-03  -5.5813279e-03  -2.1812149e-03
  -7.9313630e-02   1.7560042e-01   2.3597778e-01   2.8831238e-03  -5.6687096e-03  -1.9965703e-03
  -6.6187010e-02   1.2335316e-01   2.3369296e-01   2.6788994e-03  -5.8138775e-03  -2.0600170e-03
  -7.7316833e-02   1.5114028e-01   2.8572032e-01   3.0009965e-03  -5.4628251e-03  -2.2214645e-03
  -7.4487482e-02   1.5775462e-01   2.2629909e-01   3.1311667e-03  -6.0519067e-03  -2.1611094e-03
  -8.0629097e-02   9.5206018e-02   2.8105774e-01   2.8225094e-03  -5.6795093e-03  -2.0988175e-03
  -7.0838118e-02   1.6163906e-01   1.7757301e-01   4.1583001e-03  -6.0590171e-03  -2.1724506e-03
  -7.9070507e-02   7.1804733e-02   3.4339299e-02   6.6565436e-03  -6.6662213e-03  -2.7138177e-03
  -9.3496307e-02   1.0285357e-01   1.6248114e-01   6.4389491e-03  -6.8239448e-03  -3.2261399e-03
  -9.0835442e-02   1.7518906e-01   1.8532930e-01   5.8170472e-03  -6.9991649e-03  -3.4657286e-03
  -9.5735827e-02   1.1887720e-01   2.0329461e-01   5.4362115e-03  -6.7891603e-03  -3.4384223e-03
  -9.8356483e-02   8.5559083e-02   2.0058381e-01   5.5731114e-03  -6.6090420e-03  -3.4227961e-03
  -9.2501876e-02   1.5448559e-01   2.1245268e-01   6.1185648e-03  -6.5226203e-03  -3.4317094e-03
  -9.6159838e-02   1.0431904e-01   1.8293844e-01   5.7264215e-03  -6.8723752e-03  -3.2842106e-03
  -9.0613028e-02   1.2233379e-01   2.2147577e-01   6.1792844e-03  -6.5999305e-03  -3.6165626e-03
  -9.5214364e-02   1.4620523e-01   1.4854209e-01   6.2302748e-03  -7.4763174e-03  -3.9408870e-03
  -9.2191825e-02   8.2161006e-02   7.9193145e-02   5.8345648e-03  -6.8302538e-03  -2.8193984e-03
  -6.3388686e-02   1.5480796e-01   1.0640531e-01   5.8339907e-03  -6.8801450e-03  -3.1338721e-03
  -6.5783710e-02   1.2890083e-01   7.0109694e-02   5.0774719e-03  -7.3047400e-03  -2.8753757e-03
  -6.2763600e-02   1.0772197e-01   8.9719615e-02   5.6170571e-03  -6.9944821e-03  -2.8919857e-03
  -7.7957187e-02   1.5012981e-01   5.8738545e-02   5.1645488e-03  -7.2036145e-03  -2.8693814e-03
  -7.2851708e-02   9.4179853e-02   7.9566370e-02   5.4275714e-03  -7.0733704e-03  -2.9469880e-03
  -7.3334377e-02   1.3362542e-01   9.0295614e-02   5.9469369e-03  -7.0542890e-03  -2.5318411e-03
  -6.9988953e-02   1.5991130e-01   6.7059897e-02   5.3975235e-03  -7.2224597e-03  -2.5780285e-03
  -6.9133779e-02   9.8416065e-02   1.2478134e-01   5.4547755e-03  -6.8405255e-03  -2.5273223e-03
  -7.0692925e-02   1.5911872e-01   1.4161242e-01   6.1058291e-03  -7.2446783e-03  -2.6934842e-03
  -6.7414747e-02   1.1149007e-01   1.2810094e-01   5.7283875e-03  -7.3309509e-03  -2.6850702e-03
  -6.7424967e-02   1.2672962e-01   1.4527178e-01   5.7998995e-03  -7.2705093e-03  -2.6060903e-03
  -8.1978931e-02   1.5619952e-01   1.6375042e-01   5.6033796e-03  -7.2068972e-03  -2.8428900e-03
  -6.6977291e-02   1.0161364e-01   2.2328959e-01   5.7981005e-03  -7.3286653e-03  -3.2860200e-03
  -7.1052273e-02   1.4960614e-01   2.1214374e-01   5.7822248e-03  -7.5345227e-03  -3.1194604e-03
  -7.1258440e-02   1.1047211e-01   1.3631656e-01   5.7327754e-03  -7.6156941e-03  -2.8851171e-03
  -7.3199542e-02   1.3442668e-01   1.4587799e-01   5.7553568e-03  -7.5719090e-03  -2.9718179e-03
  -8.2524400e-02   1.7856223e-01   1.5568413e-01   6.0056473e-03  -7.8263589e-03  -3.1552041e-03
  -9.0217121e-02   1.1670272e-01   1.4449510e-01   5.5393372e-03  -7.4186376e-03  -3.0003106e-03
  -9.8411370e-02   1.3622231e-01   1.7782728e-01   5.9342313e-03  -7.0748717e-03  -3.3826779e-03
  -8.9692434e-02   1.8764256e-01   1.5784012e-01   5.6394522e-03  -7.4185847e-03  -3.4795980e-03
  -8.0710989e-02   1.1057522e-01   1.5121511e-01   5.4821149e-03  -7.2832518e-03  -3.5936621e-03
  -9.7281844e-02   1.5307885e-01   2.4395443e-01   6.0414845e-03  -7.4253699e-03  -3.6713641e-03
  -8.8805076e-02   1.8747426e-01   1.6747320e-01   5.7447485e-03  -7.5273658e-03  -3.7296662e-03
  -8.4898440e-02   8.8892745e-02   1.2103583e-01   5.0672105e-03  -7.1047908e-03  -3.2016205e-03
  -8.7891575e-02   1.7722409e-01   1.1470946e-01   5.0722258e-03  -7.6023139e-03  -3.3974688e-03
  -7.6076629e-02   1.3036287e-01   3.6279951e-02   5.0064235e-03  -7.7442514e-03  -3.2372226e-03
  -8.5250669e-02   1.1958156e-01   6.7398138e-02   5.1142397e-03  -7.7932560e-03  -3.1082715e-03
  -8.5939655e-02   2.0820420e-01   5.8463484e-02   4.8656335e-03  -7.9250067e-03  -3.2208581e-03
