   0.0000000e+00   0.0000000e+00  -6.6613381e-16   0.0000000e+00   0.0000000e+00   0.0000000e+00
   3.0593163e-03  -8.6424585e-04   3.7087584e-02   1.8464816e-04  -3.6677605e-04  -1.7766099e-04
   2.7487689e-02   2.1658341e-02   1.9044876e-02  -2.8240510e-04  -8.3200214e-04  -5.4164871e-04
   3.8360878e-02   2.4165046e-02   1.7440808e-02  -6.4627583e-04  -8.7717797e-04  -4.6681829e-04
   4.6575639e-02   2.0273922e-02   2.6804259e-02  -6.2719083e-04  -9.7533032e-04  -6.5610614e-04
   4.8307822e-02   6.7201740e-02   2.0535921e-02  -8.5713008e-04  -8.0004771e-04  -8.4021049e-04
   3.1889379e-02   4.5504356e-02   2.2918497e-02  -9.9999806e-04  -3.8466545e-04  -7.8670121e-04
   3.3325649e-02   7.0571721e-02   8.8443698e-03  -1.0833730e-03   1.4646000e-05  -9.6584444e-04
   2.8453022e-02   6.8845068e-02  -9.4753021e-03  -1.4231550e-03   3.2442751e-04  -1.0533701e-03
   2.3843540e-02   6.8433378e-02  -2.1121769e-02  -1.4431419e-03   3.3949658e-04  -1.0061859e-03
   2.9625632e-02   8.5635908e-02  -5.6975190e-02  -1.9591258e-03   4.6675885e-04  -1.1933669e-03
   3.2298909e-02   1.1184877e-01  -5.1431706e-02  -2.1735770e-03   4.5462124e-04  -1.3675423e-03
   3.2107775e-02   1.0653334e-01  -5.9791262e-02  -2.3136173e-03   2.1412214e-04  -1.2259892e-03
   2.2142125e-02   1.3060603e-01  -1.0559257e-01  -3.6715060e-03   5.7075623e-04  -1.2429106e-03
   3.7515190e-02   1.2680316e-01  -8.4349047e-02  -3.6889002e-03   2.2341462e-04  -1.2473595e-03
   4.3514635e-02   1.3035223e-01  -7.0884981e-02  -3.8004853e-03   1.3656855e-04  -1.0459090e-03
   4.3709980e-02   1.3788993e-01  -8.8534434e-02  -4.0994374e-03   2.9280285e-04  -1.0862332e-03
   4.3038608e-02   1.7109261e-01  -1.0638517e-01  -4.5868373e-03   8.7902629e-05  -9.9695175e-04
   5.0129118e-02   1.6349978e-01  -9.1780918e-02  -4.5690600e-03  -1.5934831e-05  -1.2093756e-03
   4.4668260e-02   1.8474621e-01  -1.0652876e-01  -5.1524528e-03  -1.0870448e-05  -1.1299650e-03
   5.1323792e-02   2.0545155e-01  -1.3095363e-01  -5.3574875e-03  -1.3139978e-04  -1.3771299e-03
   5.1031705e-02   1.9126968e-01  -9.4506152e-02  -5.5955836e-03  -1.0807433e-04  -1.2848805e-03
   5.6637876e-02   1.7790126e-01  -1.1840952e-01  -6.0713866e-03  -3.7481482e-04  -1.1936258e-03
   6.3724753e-02   1.8159099e-01  -6.2990502e-02  -5.3817519e-03  -3.9806305e-04  -1.1872511e-03
   7.8373591e-02   1.8407351e-01  -1.0534672e-01  -5.4280005e-03  -6.7681832e-04  -1.5382389e-03
   5.4681967e-02   1.6113628e-01  -1.5487398e-02  -5.1640507e-03  -6.0082352e-04  -9.6708545e-04
   5.4007342e-02   8.7906053e-02  -8.3303732e-02  -2.6644600e-03  -2.2552309e-04  -1.2430611e-03
   6.5654546e-02   1.4054675e-01  -1.5362592e-01  -3.2227899e-03  -4.6305076e-04  -1.2248129e-03
   3.9513851e-02   9.9579176e-02  -7.0099817e-02  -2.8731441e-03  -1.7483283e-04  -8.7157631e-04
   3.9404788e-02   9.2098963e-02  -7.9148805e-02  -3.4786317e-03   2.3756158e-04  -7.1270835e-04
   3.4101844e-02   1.3833059e-01  -6.1925549e-02  -4.2478746e-03   2.6787052e-04  -5.4428060e-04
   3.9325802e-02   1.3900268e-01  -7.6588433e-02  -3.9609896e-03   4.7229717e-04  -6.7742773e-04
   5.0204340e-02   1.5616452e-01  -6.9157858e-02  -3.6491071e-03   4.2367439e-04  -7.9814310e-04
   4.6434563e-02   1.5653553e-01  -9.5124755e-02  -4.1234442e-03   7.1571592e-04  -7.5255034e-04
   4.3865764e-02   1.3544370e-01  -7.7973185e-02  -4.1512084e-03   6.8424072e-04  -7.4029251e-04
   3.8722697e-02   1.6517930e-01  -7.3684316e-02  -4.4495173e-03   8.4820045e-04  -6.1891091e-04
   4.0886117e-02   1.7209799e-01  -5.2697291e-02  -4.7614422e-03   8.4317895e-04  -5.4980081e-04
   4.2577864e-02   1.2941666e-01  -2.1443585e-02  -4.2503596e-03   7.3420837e-04  -4.5634304e-04
   4.2402055e-02   1.6528986e-01  -2.4998490e-02  -4.7146619e-03   7.5932737e-04  -3.7719189e-04
   4.8820109e-02   1.5723846e-01  -2.6040405e-02  -4.5121396e-03   4.3499521e-04  -3.9624635e-04
   5.8262208e-02   1.4539109e-01  -1.6639595e-02  -4.7073473e-03   2.3729944e-04  -3.1289103e-04
   5.6192090e-02   1.7728542e-01  -2.9646978e-02  -4.9783673e-03   2.6500696e-04  -2.4931342e-04
   5.8370118e-02   1.6463552e-01  -6.1711839e-03  -4.7516565e-03   1.1164813e-04  -1.9234036e-04
   5.9325554e-02   1.8729082e-01  -1.3055559e-02  -5.7504875e-03  -2.1897128e-04   1.1136191e-04
   5.4976521e-02   2.4637238e-01  -1.0309246e-02  -6.0945587e-03  -3.2228043e-04   1.9971207e-04
   4.6915605e-02   1.8304456e-01  -1.5829915e-02  -5.8777462e-03  -1.7444662e-04   2.6589082e-04
   3.3713155e-02   2.0232318e-01  -2.9758789e-02  -6.4693591e-03  -1.6270836e-04   2.5217286e-04
   2.6165249e-02   1.5511402e-01  -2.2438634e-02  -6.2842885e-03   5.3622139e-06   3.1163123e-04
   2.8252030e-02   1.9834897e-01  -5.0370937e-02  -7.1172816e-03  -3.3787795e-04   1.3037806e-04
   1.3274843e-02   2.1410913e-01  -8.7488537e-02  -7.2388525e-03  -4.9558904e-04   4.9532296e-04
   3.1121080e-02   2.2185861e-01  -6.0065146e-02  -7.0205517e-03  -6.9061074e-04   6.2685448e-04
   4.6539526e-02   1.9194452e-01  -6.8102092e-02  -8.2109027e-03  -9.6900054e-04   4.4151108e-04
   4.2196004e-02   2.5651438e-01  -5.7880618e-02  -8.5201424e-03  -8.8132874e-04   4.5702901e-04
   3.8972146e-02   2.4154390e-01  -1.5578801e-02  -8.0181356e-03  -9.9683912e-04   5.9099990e-04
   2.0864649e-02   2.2280445e-01  -2.8055558e-02  -8.6735232e-03  -8.7637273e-04   8.2636420e-04
   1.3162977e-02   2.1108042e-01   4.1540004e-03  -8.5007693e-03  -8.2973888e-04   1.1405107e-03
  -1.0032203e-02   2.4181987e-01   1.1263422e-02  -7.7894516e-03  -8.8432562e-04   1.3222052e-03
  -2.0916765e-02   2.6439750e-01  -2.0532738e-02  -7.9802394e-03  -8.6260686e-04   1.2940263e-03
  -1.3866340e-02   2.4497652e-01   1.9103184e-02  -7.3009159e-03  -9.4787080e-04   1.1189559e-03
  -1.1862883e-02   2.0315727e-01   2.7884536e-02  -6.9260016e-03  -1.0598185e-03   9.4200918e-04
  -2.7215206e-02   2.0495512e-01   1.8169361e-02  -7.3936366e-03  -1.1608885e-03   1.1011000e-03
  -3.0046915e-02   1.9514372e-01   2.5347340e-03  -7.6474658e-03  -1.0605400e-03   1.0149003e-03
  -3.2083751e-02   2.1134339e-01  -7.5289120e-03  -7.8450198e-03  -1.2072550e-03   9.7930975e-04
  -3.6502702e-02   2.2703639e-01  -1.5522049e-02  -7.7477974e-03  -1.0952040e-03   9.1414890e-04
  -3.8985767e-02   2.1092309e-01   9.7968282e-05  -7.9134719e-03  -1.1367223e-03   1.1165714e-03
  -4.0655479e-02   2.0949906e-01   1.2142340e-02  -8.0078501e-03  -1.1807633e-03   1.1356289e-03
  -4.0284210e-02   2.1684195e-01   8.1225439e-04  -8.0704601e-03  -1.2394140e-03   1.1224054e-03
  -2.9711962e-02   2.5576589e-01  -4.0503969e-03  -8.2705741e-03  -1.2114270e-03   9.4097029e-04
  -3.3449697e-02   2.1286649e-01   1.3676353e-02  -7.8467566e-03  -1.1410397e-03   1.0917623e-03
  -4.0766731e-02   2.2680308e-01   5.7700559e-03  -7.8811516e-03  -1.0459534e-03   1.0624021e-03
  -4.8930065e-02   2.1511800e-01   8.3506754e-03  -8.1467102e-03  -9.7598036e-04   1.2028327e-03
  -4.4011883e-02   2.3866837e-01   7.0619661e-03  -8.0480825e-03  -9.7782197e-04   1.1304961e-03
  -4.5458959e-02   2.3894640e-01   4.9400605e-03  -8.1123154e-03  -8.4552504e-04   1.2277119e-03
  -4.9940336e-02   2.1225827e-01   2.8691601e-02  -7.5518149e-03  -9.1431200e-04   1.2134256e-03
  -4.3577524e-02   1.7077427e-01   9.5512791e-02  -6.4976461e-03  -7.8287057e-04   1.3312294e-03
  -3.2163406e-02   2.1261554e-01   6.4259711e-02  -7.8788962e-03  -1.2302329e-03   1.2326869e-03
  -3.5728378e-02   2.0796117e-01   4.5834686e-02  -8.3928342e-03  -1.2564297e-03   1.3190348e-03
  -2.7800653e-02   2.5653419e-01   1.8789721e-02  -8.9617620e-03  -1.3091289e-03   1.2004473e-03
  -2.5781005e-02   2.5750153e-01   4.9041688e-02  -8.8148565e-03  -1.5467650e-03   1.2168888e-03
  -5.6918907e-02   2.4819861e-01   1.1701454e-01  -8.6081647e-03  -1.1492201e-03   1.3974991e-03
  -6.8649407e-02   2.7104246e-01   8.2891288e-02  -8.5499401e-03  -1.0103222e-03   1.4125733e-03
  -6.5579519e-02   2.5578396e-01   4.2701960e-02  -8.4670060e-03  -1.0827615e-03   1.4303908e-03
  -6.3694733e-02   2.3131670e-01   8.8877562e-02  -7.8463897e-03  -9.6998295e-04   1.1795651e-03
  -6.4236031e-02   2.4252026e-01   7.1777529e-02  -7.9914991e-03  -6.4672312e-04   8.7710851e-04
  -7.1560092e-02   2.1462867e-01   1.1416511e-01  -7.5820038e-03  -5.7451262e-04   9.6682815e-04
  -7.5258336e-02   2.1305748e-01   1.0476084e-01  -7.7149324e-03  -4.0414721e-04   9.5842259e-04
  -7.6971791e-02   2.3213893e-01   1.3538530e-01  -7.6159484e-03  -5.7969037e-04   1.1449449e-03
  -7.1928480e-02   2.0740543e-01   1.2072898e-01  -7.2737631e-03  -5.8151490e-04   1.1774152e-03
  -6.7858264e-02   2.0169181e-01   1.3780777e-01  -7.2004422e-03  -8.3126587e-04   1.3002768e-03
  -6.8483578e-02   1.9968303e-01   1.3825533e-01  -7.1020469e-03  -1.2612949e-03   1.4935913e-03
  -7.7646839e-02   2.0409439e-01   1.1976949e-01  -7.1746572e-03  -1.0665708e-03   1.3659303e-03
  -7.8574833e-02   1.7292308e-01   1.2827328e-01  -6.7550463e-03  -1.2291266e-03   1.4510170e-03
  -1.0035353e-01   1.7676859e-01   1.5641727e-01  -6.5388438e-03  -9.9866233e-04   1.6367919e-03
  -1.1634767e-01   1.5869515e-01   1.5721841e-01  -6.4186899e-03  -1.1216036e-03   1.9686566e-03
  -1.1551013e-01   1.7008461e-01   1.5985092e-01  -6.4468113e-03  -1.1380663e-03   2.0281121e-03
  -1.2511187e-01   1.5682756e-01   1.6670805e-01  -6.5220094e-03  -1.2383040e-03   2.2242133e-03
  -1.1482875e-01   1.6306449e-01   1.8607813e-01  -6.6766315e-03  -1.1146451e-03   1.9693132e-03
  -1.2023519e-01   1.6008496e-01   1.7008738e-01  -6.4722037e-03  -9.2571854e-04   2.1044637e-03
  -1.0079800e-01   1.9261312e-01   1.5940536e-01  -6.9513493e-03  -1.2810650e-03   2.0918914e-03
  -9.9371404e-02   1.2197357e-01   8.7875472e-02  -6.4312845e-03  -1.0386466e-03   2.3120961e-03
  -6.5564710e-02   8.7982212e-02   1.4008252e-01  -4.4008546e-03  -1.0396126e-03   1.7537547e-03
  -4.9600856e-02   1.5085036e-01   1.4185595e-01  -4.9575652e-03  -1.0720134e-03   1.2752697e-03
  -5.6505090e-02   1.3468590e-01   1.1218532e-01  -5.2704612e-03  -3.9080442e-04   1.5445585e-03
  -4.8388734e-02   1.7002957e-01   1.2347251e-01  -6.0051562e-03  -9.9242735e-04   1.5394757e-03
  -6.5847780e-02   1.5491227e-01   1.2171723e-01  -5.7513130e-03  -9.9329783e-04   1.8573605e-03
  -8.4364407e-02   1.6537125e-01   1.1559305e-01  -5.8557525e-03  -1.0728642e-03   1.7705295e-03
  -7.2888950e-02   1.4568955e-01   1.1487206e-01  -5.6561524e-03  -1.1516379e-03   1.6450892e-03
  -8.5465260e-02   1.7836503e-01   9.5327267e-02  -5.7728173e-03  -9.1323595e-04   1.4636676e-03
  -9.8463313e-02   1.5537044e-01   1.1038857e-01  -5.5583392e-03  -9.6904945e-04   1.6563123e-03
  -9.9289106e-02   1.4671513e-01   1.3487828e-01  -5.6256685e-03  -9.5743990e-04   1.5188178e-03
  -9.9117652e-02   1.5161629e-01   1.3047556e-01  -5.4253051e-03  -1.0253186e-03   1.5805365e-03
  -9.7450064e-02   1.6161527e-01   1.0861782e-01  -5.8072009e-03  -1.0891056e-03   1.4420769e-03
  -1.1623678e-01   1.5601655e-01   9.9802916e-02  -5.7257989e-03  -9.9458930e-04   1.5977403e-03
  -1.1627601e-01   1.6616214e-01   9.8577606e-02  -5.8044019e-03  -1.3570405e-03   1.4457409e-03
  -1.0728880e-01   1.6828234e-01   9.7427921e-02  -5.6863660e-03  -1.3252568e-03   1.1032856e-03
  -1.0974041e-01   1.7859527e-01   8.3182127e-02  -6.0564835e-03  -1.0947378e-03   1.0681006e-03
  -1.0057516e-01   1.4611857e-01   9.9056660e-02  -5.7235587e-03  -1.2663540e-03   8.5381957e-04
  -9.8927287e-02   1.8530612e-01   9.4484758e-02  -5.8971533e-03  -1.2036947e-03   9.2121979e-04
  -9.3602419e-02   2.0145678e-01   8.8932853e-02  -5.7227776e-03  -1.4311437e-03   8.9871897e-04
  -9.6495106e-02   1.5562661e-01   1.1646660e-01  -5.8028143e-03  -1.0686055e-03   8.6947389e-04
  -9.2766864e-02   1.6494254e-01   1.1333299e-01  -5.6380239e-03  -1.0734975e-03   9.7811518e-04
  -9.0799787e-02   1.6265073e-01   1.2067998e-01  -5.6936300e-03  -1.1812943e-03   1.0482291e-03
  -7.5709837e-02   1.6163684e-01   1.3862245e-01  -5.3370286e-03  -1.5302622e-03   6.7395629e-04
  -6.5544996e-02   1.3617750e-01   2.2698254e-01  -3.9686561e-03  -1.3736103e-03   8.6369710e-04
  -5.8328255e-02   2.9211393e-01   2.4593798e-01  -5.9049245e-03  -4.9736140e-04  -3.9028917e-04
  -5.0120178e-02   1.3583349e-01   1.6766070e-01  -6.5372457e-03  -4.5007917e-04  -3.3244197e-04
  -5.0384631e-02   1.9539455e-01   1.0250132e-01  -6.7859528e-03  -6.1980857e-04  -3.4512748e-05
  -4.8780118e-02   1.9136274e-01   1.3970686e-01  -5.9247457e-03  -4.2225971e-04   7.4756147e-06
  -6.0755844e-02   1.8364277e-01   1.6195802e-01  -6.4018391e-03  -4.7727875e-04   2.7217411e-04
