   0.0000000e+00   0.0000000e+00   7.1054274e-15   0.0000000e+00   0.0000000e+00   0.0000000e+00
   3.8840563e-02   1.2918493e-02   8.7958208e-02   7.4651961e-04  -1.0840688e-03  -2.1767870e-03
   1.0177556e-01   4.9561935e-02   9.5452848e-02   6.8336511e-04  -6.3417988e-04  -2.7620415e-03
   1.3837182e-01   3.2034543e-02   6.7642257e-02  -4.0858349e-04  -2.4357014e-04  -3.1077146e-03
   2.1105135e-01   6.7243380e-02   1.5713021e-01   1.4360242e-03   5.6288616e-04  -3.8957750e-03
   2.2920388e-01   1.0526307e-01   2.8076979e-01   3.9202254e-03   1.5260528e-04  -5.5496420e-03
   2.0749536e-01   1.2110181e-01   6.0735931e-02  -1.9123544e-04   5.8206742e-04  -5.3690464e-03
   2.1130339e-01   1.6564842e-01   1.1894822e-01   1.5489510e-03   4.5482623e-04  -5.8950107e-03
   2.1872139e-01   1.5604826e-01  -9.6689273e-03   1.2290530e-04   3.8796611e-04  -5.6665132e-03
   2.4120250e-01   1.4663760e-01   1.2693630e-01   3.1485422e-03   3.7965917e-04  -5.9752544e-03
   2.5957776e-01   1.7632697e-01   1.2138909e-01   3.6161992e-03   8.5690612e-04  -5.5389727e-03
   2.7708275e-01   1.2482748e-01  -9.1131225e-03   3.4301046e-04   7.4451043e-04  -5.6489558e-03
   2.8591391e-01   1.5482105e-01  -2.7616253e-02   1.1216235e-03   1.2439785e-03  -5.5254459e-03
   3.1220794e-01   1.6265455e-01   4.9177302e-02   5.9183464e-04   1.0685847e-03  -5.4326407e-03
   3.2053321e-01   1.4764673e-01   1.8895579e-02   1.1986051e-03   1.0840625e-03  -5.2908492e-03
   3.3728423e-01   1.3862580e-01   8.8182771e-03   1.4489868e-03   1.3458999e-03  -5.4400425e-03
   3.4399023e-01   1.6392476e-01  -3.1695333e-02   8.9115945e-04   1.3838424e-03  -5.2272973e-03
   3.5126843e-01   1.4246987e-01   1.9838221e-02   2.1661283e-03   9.6679072e-04  -5.3182685e-03
   3.7515080e-01   1.5902391e-01   1.6353872e-02   2.6681347e-03   1.1233546e-03  -5.0275650e-03
   3.8793961e-01   1.6621958e-01  -3.2416179e-02   1.4423222e-03   1.4810295e-03  -4.7184202e-03
   4.0276392e-01   1.5051384e-01  -8.1278169e-02   2.1090753e-03   1.7056080e-03  -4.6861425e-03
   4.2235773e-01   1.8773596e-01  -8.4546184e-02   1.4138229e-03   1.8146280e-03  -4.6457078e-03
   4.4318726e-01   2.0271487e-01  -1.3513059e-02   3.9146543e-03   2.4063450e-03  -4.4638097e-03
   4.5187192e-01   1.7583312e-01   2.2990686e-02   3.7593397e-03   1.9875023e-03  -4.2597575e-03
   4.5304802e-01   1.7884885e-01  -3.0102733e-04   4.6407899e-03   1.9032564e-03  -4.2691488e-03
   4.4396659e-01   1.7955707e-01   8.0631839e-02   4.7997226e-03   1.7522165e-03  -4.0394689e-03
   4.3745323e-01   2.3523570e-01  -9.1828274e-02   4.6584395e-03   2.4723758e-03  -4.0213351e-03
   4.6157564e-01   2.3293167e-01   1.6161128e-01   1.1945010e-02   1.8959841e-03  -3.9773836e-03
   4.0337633e-01   2.8009360e-01   2.7572777e-01   9.9772749e-03  -7.2354906e-04  -4.8645591e-03
   3.9976001e-01   2.3670121e-01   2.7726481e-01   9.4745084e-03  -6.6179929e-04  -4.6991144e-03
   3.9994313e-01   2.5958328e-01   2.6819429e-01   8.8910585e-03  -1.0785643e-03  -4.6654531e-03
   4.1162884e-01   2.3690436e-01   3.2558197e-01   9.5345449e-03  -1.1338766e-03  -4.7170754e-03
   4.2560950e-01   2.5867819e-01   2.7341790e-01   8.9145855e-03  -1.7018693e-03  -5.1048468e-03
   4.2960534e-01   2.9367610e-01   2.9736213e-01   8.5736260e-03  -1.5567936e-03  -4.7712160e-03
   4.4221621e-01   2.7682770e-01   3.0685220e-01   8.8534532e-03  -1.3990562e-03  -5.1955801e-03
   4.5529913e-01   2.9130857e-01   3.5500745e-01   9.1252473e-03  -1.0866479e-03  -5.0722246e-03
   4.6825913e-01   2.7397340e-01   2.7530982e-01   8.6175773e-03  -1.1146956e-03  -4.7474646e-03
   4.7700173e-01   2.6149439e-01   3.1973952e-01   8.9155035e-03  -1.0397038e-03  -4.3617593e-03
   4.9133979e-01   2.6147672e-01   2.6722615e-01   8.2879779e-03  -9.9410245e-04  -4.5481263e-03
   4.9360829e-01   2.8834978e-01   2.3478357e-01   6.6858830e-03  -1.1877030e-03  -4.8130329e-03
   4.8866612e-01   2.7896608e-01   2.0228114e-01   7.4811060e-03  -1.1155067e-03  -4.7553620e-03
   4.8793802e-01   2.9182258e-01   1.9768044e-01   6.7780519e-03  -1.1058343e-03  -4.6813586e-03
   4.8682598e-01   3.0389759e-01   2.1411996e-01   7.5135728e-03  -8.6932000e-04  -4.6082759e-03
   4.8878224e-01   2.8584400e-01   3.1966511e-01   9.0416261e-03  -7.8401444e-04  -4.2447339e-03
   4.9839963e-01   3.0090352e-01   2.3165622e-01   8.3761757e-03  -7.7413117e-04  -4.1282359e-03
   4.9145211e-01   2.9051691e-01   2.2096673e-01   7.3759080e-03  -1.2405657e-03  -4.0944436e-03
   5.1582372e-01   3.1618298e-01   2.4154817e-01   9.0672418e-03  -8.3660010e-04  -4.2289369e-03
   5.2244930e-01   3.0766953e-01   3.3514348e-01   9.8438826e-03  -8.7807960e-04  -3.9344850e-03
   5.3519737e-01   3.2325886e-01   2.4459704e-01   9.3838901e-03  -9.3586078e-04  -3.8802743e-03
   5.1177302e-01   2.8758892e-01   2.7075389e-01   8.9668602e-03  -1.3128671e-03  -3.3389835e-03
   5.0633830e-01   3.0044286e-01   2.5298898e-01   8.0672706e-03  -1.1874138e-03  -4.0681183e-03
   5.0007671e-01   2.9611960e-01   3.5436715e-01   8.3312947e-03  -1.3391698e-03  -4.4044991e-03
   5.2063826e-01   2.7304898e-01   2.5703845e-01   7.9782093e-03  -1.6583596e-03  -4.7005499e-03
   5.3069533e-01   2.4795250e-01   2.9044794e-01   8.6310737e-03  -1.9597019e-03  -4.6013921e-03
   5.2926972e-01   2.7634434e-01   2.7407627e-01   9.6163293e-03  -1.6117082e-03  -5.0943053e-03
   5.3228007e-01   2.6013092e-01   3.3263808e-01   7.9988782e-03  -1.1989262e-03  -5.2054655e-03
   5.5598135e-01   3.2646382e-01   2.4312606e-01   8.4582024e-03  -1.3509990e-03  -5.3324370e-03
   5.3904221e-01   3.2255323e-01   3.0791484e-01   8.5456594e-03  -1.3145367e-03  -4.5881070e-03
   4.7733998e-01   3.7785756e-01   1.9719188e-01   9.8748745e-03  -1.3855159e-03  -4.0233948e-03
   5.4475798e-01   3.7056138e-01   3.5338823e-01   1.0595724e-02  -1.4782606e-03  -3.9282535e-03
   5.7084935e-01   4.3172016e-01   1.6976860e-01   1.1314251e-02  -1.5006495e-03  -4.2129334e-03
   5.8546059e-01   3.7803938e-01   5.0786070e-01   1.0620825e-02  -1.2331152e-03  -3.8341868e-03
   5.2838785e-01   3.8765809e-01   3.4246621e-01   7.8219495e-03  -1.1794249e-03  -4.1459071e-03
   5.2990652e-01   3.6729393e-01   2.8048901e-01   9.4107953e-03  -1.4676302e-03  -4.1989448e-03
   5.5911782e-01   4.0773774e-01   2.5775676e-01   9.9769694e-03  -1.0234981e-03  -4.0612337e-03
   5.7296026e-01   4.3726051e-01   3.5709906e-01   1.0916913e-02  -1.1432723e-03  -4.0630609e-03
   5.9308118e-01   4.4558680e-01   2.6920011e-01   1.1021496e-02  -1.0539270e-03  -4.1167720e-03
   5.7523853e-01   3.9857717e-01   3.5465758e-01   1.0957355e-02  -1.3134464e-03  -3.7283571e-03
   5.7775195e-01   4.4077416e-01   2.1815915e-01   1.1386387e-02  -1.0641622e-03  -3.7824324e-03
   5.7871632e-01   4.3212478e-01   3.5871161e-01   1.2294802e-02  -1.3391151e-03  -3.4916497e-03
   5.9503919e-01   4.7279898e-01   1.8263099e-01   1.2358219e-02  -8.7208724e-04  -3.7121516e-03
   5.9655822e-01   4.3533370e-01   4.0661046e-01   1.3423005e-02  -1.4154824e-03  -3.6897981e-03
   6.0375672e-01   4.6363494e-01   1.0878700e-01   1.1995937e-02  -1.3980623e-03  -4.1682381e-03
   5.8467587e-01   4.5677545e-01   4.1519696e-01   1.3976536e-02  -1.6001963e-03  -3.8369177e-03
   5.4258176e-01   4.3660354e-01   5.9104596e-02   1.1636589e-02  -1.3837930e-03  -4.3766980e-03
   5.5274712e-01   4.1844781e-01   4.7902015e-01   1.2492053e-02  -1.8244110e-03  -4.0450930e-03
   6.2745229e-01   5.4006410e-01  -2.8585636e-01   1.1213531e-02  -7.9178074e-04  -5.5255147e-03
   5.1239063e-01   5.2039761e-01   5.9518951e-01   1.6605325e-02  -1.3473709e-03  -3.2721580e-03
   1.3231045e+00   5.4014199e-01  -2.8321261e+00   2.3787974e-03   3.7932353e-03  -1.0683317e-02
   1.2868254e+00   1.1544881e+00  -3.8279400e+00  -6.7200801e-03  -1.3340576e-03  -2.6359619e-02
   1.0364666e+00   1.3674570e+00  -2.3958875e+00   1.1602348e-02  -1.6913257e-03  -2.0473285e-02
   1.0063783e+00   1.1604491e+00  -9.0715019e-01   3.2992672e-03  -1.4055256e-03  -1.9815869e-02
   6.6274673e-01   7.6507632e-01   1.4974753e+00  -1.3889066e-02  -2.1224289e-03  -2.1432289e-02
   6.9107014e-01   2.4075816e-01   1.2406566e+00  -3.0683455e-03  -3.1209893e-03  -2.1963165e-02
   6.7644410e-01   3.9759789e-01   1.3442669e+00  -2.6638421e-03  -1.0936542e-03  -1.9954304e-02
   7.4517569e-01   4.5451941e-01   1.2588793e+00  -1.8795121e-03  -1.2214225e-03  -2.0281513e-02
   7.0601515e-01   4.3383568e-01   1.4009396e+00  -4.6624720e-04  -6.1107307e-04  -1.8931620e-02
   7.7567239e-01   4.3269043e-01   1.3607758e+00   4.0128949e-04  -1.0397432e-03  -1.9635756e-02
   7.3909316e-01   4.3894353e-01   1.4470064e+00   2.3427247e-03  -6.1258912e-04  -1.8643031e-02
   7.9101161e-01   4.3220344e-01   1.3321365e+00   1.1673682e-03  -9.8122653e-04  -1.9110115e-02
   7.5849912e-01   4.8250713e-01   1.3726345e+00   3.2959348e-03  -4.0497279e-04  -1.7687814e-02
   8.2100066e-01   4.2858510e-01   1.2905349e+00   2.3253976e-03  -1.0906428e-03  -1.8423646e-02
   7.4319652e-01   4.9689996e-01   1.2478198e+00   3.0874444e-03  -1.2284339e-03  -1.7203324e-02
   7.8225061e-01   4.5604377e-01   1.1990177e+00   8.0020262e-04  -1.3236328e-03  -1.8052873e-02
   7.1871925e-01   5.4629996e-01   1.1520083e+00   3.1622472e-03  -3.8353285e-04  -1.6315871e-02
   8.0849985e-01   4.8982232e-01   1.1739279e+00   1.0295549e-03  -1.4718566e-03  -1.7476789e-02
   7.2257430e-01   5.9036425e-01   1.1113605e+00   5.0815260e-03  -4.7464479e-04  -1.5630759e-02
   8.4538051e-01   4.3693536e-01   1.2625552e+00   2.6361992e-04  -1.1756731e-03  -1.7365861e-02
   6.6885808e-01   6.8098442e-01   9.4424040e-01   7.4683217e-03   6.4892265e-04  -1.3999314e-02
   1.0052785e+00  -1.3032737e+00   2.5715261e+00  -3.3886640e-02  -2.2007165e-02  -2.4746699e-02
  -5.2377562e-01  -9.0121594e+00  -2.1751899e+00  -9.1894000e-02   3.7402920e-04   1.9734460e-02
  -1.2258010e+00  -1.0317203e+00   2.0678929e+00   6.4318197e-03  -7.9022449e-03   1.5405699e-02
  -1.2813847e+00  -1.0408469e+00   2.4125820e+00  -4.3081597e-03  -1.5048729e-02   1.4305046e-02
  -1.1904734e+00  -5.9978150e-01   2.0557355e+00   2.3687879e-03  -1.2813075e-02   1.4327573e-02
  -1.1704614e+00  -7.0729624e-01   2.2592415e+00  -3.3221835e-03  -1.4469155e-02   1.4023517e-02
  -1.1433267e+00  -5.7325374e-01   2.0000800e+00  -2.6067495e-04  -1.3162851e-02   1.3764654e-02
  -1.1367440e+00  -6.3172972e-01   2.2139737e+00  -3.2632435e-03  -1.4665985e-02   1.3597689e-02
  -1.1256066e+00  -5.0049620e-01   2.1267396e+00   1.2843685e-03  -1.3613630e-02   1.3432584e-02
  -1.1010055e+00  -6.1387459e-01   2.1760266e+00  -4.3571163e-03  -1.4201326e-02   1.3114708e-02
  -1.0754275e+00  -5.3146871e-01   2.0638576e+00  -1.3492007e-03  -1.3107173e-02   1.3354556e-02
  -1.0809262e+00  -5.7864708e-01   2.2018164e+00  -3.2389229e-03  -1.3943355e-02   1.3174716e-02
  -1.0711882e+00  -5.0049249e-01   2.0926336e+00  -4.5130701e-04  -1.3459888e-02   1.3378324e-02
  -1.0681128e+00  -5.5372119e-01   2.1909636e+00  -2.9693075e-03  -1.3920194e-02   1.3193605e-02
  -1.0669853e+00  -4.6790082e-01   2.0603794e+00  -3.1837435e-04  -1.3454875e-02   1.2949016e-02
  -1.0696332e+00  -5.3577631e-01   2.1121222e+00  -2.5767995e-03  -1.3750065e-02   1.2311032e-02
  -9.9461248e-01  -4.8219416e-01   1.8415922e+00  -5.1371323e-03  -1.2097285e-02   1.1373411e-02
  -9.7765798e-01  -5.0529426e-01   1.9010227e+00  -7.1270513e-03  -1.1825408e-02   1.1044327e-02
  -9.9585562e-01  -4.1343112e-01   1.8087231e+00  -4.6619824e-03  -1.1496716e-02   1.1031021e-02
  -1.0068247e+00  -4.5952620e-01   1.9741342e+00  -4.9513631e-03  -1.2274815e-02   1.1136603e-02
  -1.0025842e+00  -3.9843212e-01   1.8978483e+00  -2.6471389e-03  -1.1922098e-02   1.1139022e-02
  -9.9292108e-01  -4.5143079e-01   2.0456566e+00  -3.9656734e-03  -1.2500910e-02   1.1170891e-02
  -9.9652452e-01  -3.8113868e-01   1.8830217e+00  -2.4760566e-03  -1.2052476e-02   1.1080030e-02
  -1.0041378e+00  -4.4890710e-01   2.0022247e+00  -4.9683133e-03  -1.2442503e-02   1.0888954e-02
  -1.0346130e+00  -3.9800542e-01   1.7909515e+00  -2.5690474e-03  -1.2222557e-02   1.1566867e-02
  -1.0447843e+00  -4.6794121e-01   2.0821184e+00  -5.0647238e-03  -1.3107883e-02   1.1508086e-02
  -1.0187021e+00  -2.6105165e-01   1.5670848e+00  -1.1552282e-03  -9.9660850e-03   1.1184602e-02
  -1.1000422e+00  -2.3093167e-01   2.8250693e+00  -1.9714561e-03  -9.5809523e-03   1.3888538e-02
  -1.4487918e+00  -2.6033091e-01   2.8690839e+00  -8.4836607e-03  -1.3556551e-02   1.0105206e-02
  -1.4689793e+00  -1.4650781e-01   2.5652261e+00   4.3565704e-03  -1.4137225e-02   9.3217259e-03
