   0.0000000e+00   0.0000000e+00   0.0000000e+00   0.0000000e+00   0.0000000e+00   0.0000000e+00
   2.4355299e-02   1.7050762e-02   1.0409875e-01   2.5315855e-04   3.1763793e-04  -6.2444362e-04
   4.4439486e-02  -4.7201536e-02   3.5625187e-02  -4.0088628e-03   7.7810853e-04  -7.8259118e-04
   7.3470625e-02  -1.3468245e-02   6.9532047e-02  -3.7199857e-03   1.1943516e-03  -1.1968905e-03
   8.4020072e-02  -6.6037320e-02   9.8963894e-02  -4.1008888e-03   1.0639758e-03  -1.2195680e-03
   6.0001647e-02  -4.9595811e-02  -2.9371229e-03  -6.8493239e-03   1.4096737e-03  -9.5673158e-04
   7.3036437e-02  -3.3868352e-02  -4.2792158e-03  -6.8454968e-03   9.8211510e-04  -2.8483661e-04
   1.0955497e-01  -1.5411640e-02   1.6269049e-02  -7.2349363e-03   1.7936351e-03  -6.6431358e-04
   1.2245080e-01   1.9837311e-02   1.1831382e-01  -5.2203200e-03   2.1739194e-03  -2.3752997e-05
   1.3796057e-01   5.9466603e-04   1.4906177e-01  -4.8638182e-03   2.6403169e-03  -1.8350046e-04
   1.3957171e-01   1.3908285e-02   1.1615274e-01  -5.1743074e-03   3.0946448e-03  -4.2255352e-04
   1.3522595e-01   1.2537747e-02   3.5895460e-02  -6.1074259e-03   3.0322651e-03  -2.1827261e-04
   1.2507202e-01   3.0572436e-02  -6.3000302e-02  -9.5289130e-03   3.4565521e-03   1.5211709e-04
   1.3514604e-01   3.7716789e-02   1.7130308e-02  -8.0204306e-03   3.2523860e-03   5.0220503e-05
   1.3431290e-01   7.6097170e-03  -4.4159165e-02  -9.6958403e-03   3.4618121e-03  -4.6102344e-06
   1.4585540e-01   3.6765090e-02   6.4795015e-03  -8.7161381e-03   3.6595891e-03  -2.5014557e-04
   1.3796821e-01   2.5942379e-02   4.8170427e-04  -9.5947902e-03   3.7566140e-03   2.8837228e-05
   1.5582766e-01   1.3019657e-02   6.0488152e-02  -7.7620547e-03   3.7853031e-03  -3.8939007e-05
   1.6201047e-01   2.9047169e-02   7.5459224e-02  -7.7820352e-03   3.9789398e-03  -5.3647535e-04
   1.5073519e-01   2.3830584e-02  -3.2566415e-02  -1.0172639e-02   3.7870968e-03  -2.7215730e-04
   1.7639644e-01   1.8928495e-02   1.0374167e-01  -7.2149982e-03   3.9700685e-03  -7.4388521e-04
   1.7413836e-01   1.9067976e-02   8.2207917e-02  -7.8596338e-03   4.0031908e-03  -7.7685644e-04
   1.5633273e-01   2.0603872e-02  -4.1543591e-02  -1.0787982e-02   3.8323211e-03  -3.8802317e-04
   1.6483883e-01   2.7633984e-02   2.8152898e-06  -9.4341824e-03   4.0876579e-03  -4.7044896e-04
   1.7611748e-01   4.8116754e-02   6.4129552e-02  -8.2168427e-03   4.0938784e-03  -7.9550210e-04
   1.5873472e-01   4.2295775e-02   6.5784603e-02  -7.6006008e-03   4.0824673e-03  -9.8088140e-04
   1.3165008e-01   1.9964199e-02  -6.8018648e-02  -1.0955788e-02   3.9775620e-03  -5.7015507e-04
   1.3035441e-01   4.2580479e-02  -2.9886081e-02  -1.0156838e-02   4.1633305e-03  -6.4145530e-04
   1.2917871e-01   2.8468074e-02  -3.4705665e-02  -1.0731584e-02   4.0942007e-03  -6.1275978e-04
   1.3889755e-01   1.8780414e-02  -1.8516341e-02  -1.0922002e-02   4.1075208e-03  -5.1041320e-04
   1.6854550e-01   1.4798350e-02   7.1654152e-02  -9.3887108e-03   4.1269749e-03  -7.5851284e-04
   1.4748331e-01   3.0064203e-02  -8.5882491e-03  -1.0794885e-02   4.1099374e-03  -2.4998262e-04
   1.3770428e-01   2.6576240e-02  -6.3025385e-02  -1.2149670e-02   4.3283036e-03  -1.8220791e-04
   1.5464853e-01   5.9650974e-02  -1.6411967e-02  -1.0681027e-02   4.2823960e-03  -5.3295971e-04
   1.6966567e-01   4.9132896e-02   9.8616308e-02  -8.6570988e-03   4.3883972e-03  -9.4850697e-04
   1.5507879e-01   3.2777713e-02  -3.1478444e-02  -1.1280257e-02   4.3412979e-03  -5.9828808e-04
   1.5687907e-01   5.1112138e-02  -3.2231293e-02  -1.2097857e-02   4.6827664e-03  -4.8339675e-04
   1.4320345e-01   6.1005704e-02  -3.5107433e-02  -1.1845047e-02   4.2823614e-03  -3.4548524e-04
   1.6117265e-01   3.3871280e-02   6.7620087e-02  -1.0202069e-02   4.3107958e-03  -6.1273180e-04
   1.5987589e-01   4.3676692e-02   4.4145229e-02  -1.0065000e-02   4.6216776e-03  -6.7025666e-04
   1.4189919e-01   4.2167304e-02  -6.4377611e-02  -1.3555474e-02   4.4947337e-03  -3.1994745e-04
   1.6318148e-01   4.3874631e-02   4.3352925e-02  -9.8858504e-03   4.4516388e-03  -8.4523528e-04
   1.6962386e-01   4.7608490e-02   7.6032941e-02  -1.0331387e-02   4.5468579e-03  -8.5334169e-04
   1.4427244e-01   4.6469884e-02  -6.9646962e-02  -1.2174712e-02   4.4226819e-03  -2.8636015e-04
   1.8986093e-01   5.2814590e-02   3.8398091e-02  -1.4239885e-02   5.5762778e-03  -5.8344311e-04
   2.3282687e-01   7.1102700e-02   1.1477880e-01  -1.1675992e-02   5.5734866e-03  -1.6648663e-03
   2.1802655e-01   3.2120090e-02   1.8602763e-01  -1.1660857e-02   5.5370741e-03  -1.3023777e-03
   2.2992491e-01   4.6250267e-02   1.1859943e-01  -1.1551931e-02   5.4614342e-03  -1.5928359e-03
   2.2848873e-01   1.8834116e-02   2.1400760e-01  -1.3175042e-02   5.6541530e-03  -1.3241518e-03
   2.2374996e-01   3.6447420e-02   5.1779212e-02  -1.1141025e-02   5.9351752e-03  -1.6817255e-03
   2.0618734e-01  -6.8757913e-02   8.9973336e-01  -1.3112052e-02   5.4420633e-03  -4.5450409e-04
   5.8259160e-02  -4.3964807e-02   9.8853012e-01  -9.3591923e-03   3.3063841e-03  -1.0348843e-03
   9.4520537e-02  -7.9753761e-02   7.0044296e-01  -7.3630387e-03   2.6742898e-03  -3.2655229e-03
   9.7784731e-02  -6.2326569e-02   7.7657520e-01  -1.4113979e-02   3.5700526e-03  -2.3207559e-03
   1.1184630e-01  -4.6374212e-02   6.9843348e-01  -1.2276999e-02   3.0974348e-03  -2.2853684e-03
   1.3196813e-01  -8.2251196e-02   7.7673547e-01  -1.4768220e-02   3.3794251e-03  -2.1050690e-03
   1.2289144e-01  -6.3232712e-02   6.9436760e-01  -1.3549390e-02   3.0464266e-03  -2.6319794e-03
   1.2079215e-01  -7.9164081e-02   7.5415593e-01  -1.4951781e-02   3.3885237e-03  -2.5446566e-03
   1.1201540e-01  -6.0245085e-02   6.7394559e-01  -1.4547728e-02   3.0876380e-03  -2.6109689e-03
   1.2758843e-01  -6.8750479e-02   8.2147778e-01  -1.3470149e-02   3.3858983e-03  -2.5631673e-03
   1.3398251e-01  -5.3157810e-02   7.6295858e-01  -1.2165022e-02   3.0815091e-03  -2.8856223e-03
   1.2829961e-01  -7.9184089e-02   7.6270286e-01  -1.5001505e-02   3.4279333e-03  -2.6843219e-03
   1.3041289e-01  -4.6606125e-02   7.1455174e-01  -1.2523488e-02   3.0763207e-03  -3.0461560e-03
   1.1744752e-01  -7.0779400e-02   7.9514373e-01  -1.7735106e-02   4.6270825e-03  -1.8789931e-03
   1.7859678e-01  -3.3688416e-02   7.2220548e-01  -1.4424504e-02   3.7241494e-03  -1.6387565e-03
   1.8907156e-01  -3.7990210e-02   7.6289767e-01  -1.2717614e-02   3.1396612e-03  -2.7740647e-03
   1.8909495e-01  -4.5172092e-02   6.0506663e-01  -1.5787064e-02   3.5916739e-03  -2.4790756e-03
   1.8766742e-01  -4.5026694e-02   6.4841119e-01  -1.6360418e-02   3.4559706e-03  -2.5880695e-03
   1.9254048e-01  -3.1952993e-02   7.2661830e-01  -1.3915754e-02   3.3300562e-03  -2.6282371e-03
   1.9172061e-01  -2.5933402e-02   8.4262090e-01  -1.2074683e-02   3.2813492e-03  -2.5873006e-03
   1.8629560e-01  -4.3101291e-02   6.5282034e-01  -1.5530869e-02   3.3175497e-03  -2.3405852e-03
   2.0277121e-01  -4.1456482e-02   7.6479041e-01  -1.4621398e-02   3.3485816e-03  -2.4447178e-03
   2.0485864e-01  -1.3199775e-02   8.0435473e-01  -1.2428777e-02   3.0664741e-03  -2.5178021e-03
   2.1851244e-01  -4.7482061e-02   8.6561009e-01  -1.2845739e-02   3.1790385e-03  -2.5856893e-03
   2.1712721e-01  -4.8897786e-02   7.6516955e-01  -1.2843948e-02   3.0984323e-03  -2.4491801e-03
   2.1132922e-01  -5.9208591e-02   8.1407146e-01  -1.3267278e-02   3.1736711e-03  -2.6874659e-03
   1.9024721e-01  -5.6504250e-02   6.5643605e-01  -1.3908703e-02   2.9243896e-03  -2.4743762e-03
   1.9547805e-01  -6.6522557e-02   8.0468060e-01  -1.3368115e-02   2.9493366e-03  -2.3888215e-03
   1.9446695e-01  -4.6268160e-02   5.9112732e-01  -1.4866130e-02   3.0871193e-03  -2.7743528e-03
   2.0203362e-01  -8.1579150e-02   8.7921571e-01  -1.4107787e-02   2.9041419e-03  -2.3134598e-03
   1.5492119e-01   1.8637334e-01   6.3892880e-02  -1.2565346e-02   3.4382707e-03  -1.4221154e-04
   1.2622399e-01   9.3084367e-02   2.4560100e-01  -1.7633319e-02   1.8500421e-03  -1.7291246e-03
   1.5457626e-01   9.0703095e-03   8.3175241e-01  -1.5473456e-02   1.9226051e-03  -2.0351827e-03
   1.5644699e-01   5.7769858e-02   5.4671654e-01  -1.7259098e-02   2.1535155e-03  -2.5177642e-03
   1.8698480e-01   4.1772237e-02   7.9776186e-01  -1.4042036e-02   2.5419054e-03  -3.1809200e-03
   1.8338503e-01   3.7515436e-02   7.0833629e-01  -1.4121014e-02   2.2014967e-03  -2.9783050e-03
   1.8784360e-01  -1.3394677e-02   6.7230297e-01  -1.7233480e-02   2.7645936e-03  -2.8454267e-03
   1.8420407e-01   1.7120411e-02   7.4066791e-01  -1.5088174e-02   2.3135746e-03  -2.6438123e-03
   1.9735690e-01  -9.2895223e-03   8.7434073e-01  -1.3204709e-02   2.1312360e-03  -2.7535031e-03
   2.1141061e-01  -3.1182247e-02   7.1971811e-01  -1.6626267e-02   2.4006845e-03  -3.1443570e-03
   2.1020461e-01  -1.2728963e-02   8.6323596e-01  -1.3293790e-02   2.2111289e-03  -3.0602464e-03
   2.0609759e-01  -1.8696903e-02   7.7783180e-01  -1.5004543e-02   2.2379580e-03  -2.8713466e-03
   2.0847597e-01  -2.4891136e-02   7.5320824e-01  -1.5902797e-02   2.6121852e-03  -2.9515679e-03
   2.0612153e-01   4.9133841e-03   7.7388318e-01  -1.5068057e-02   2.4250085e-03  -2.8674327e-03
   2.0235885e-01  -1.9916592e-02   6.7170312e-01  -1.7015793e-02   2.4903718e-03  -3.0646506e-03
   1.9909391e-01  -6.5319509e-03   7.8475863e-01  -1.5750192e-02   2.5635267e-03  -2.7421105e-03
   1.2473999e-01   8.8008053e-02   7.2919982e-01  -8.6205017e-03   8.6963370e-04  -2.6400008e-03
   1.2986507e-01   1.4021070e-01   5.8534634e-01  -1.1046027e-02   2.0511794e-04  -3.0364135e-03
   1.3694567e-01   1.3268262e-01   7.6356698e-01  -1.0557782e-02   1.2773970e-03  -2.8753100e-03
   1.4900569e-01   1.3356561e-01   8.0261756e-01  -9.1801488e-03   8.9166484e-04  -3.2135948e-03
   1.6124010e-01   6.0811615e-02   7.7832805e-01  -1.1736771e-02   8.1996837e-04  -3.3008501e-03
   1.8204071e-01   6.7675803e-02   8.0211435e-01  -1.0160237e-02   1.1610714e-03  -3.5801171e-03
   1.7011395e-01   7.7966401e-02   8.2047221e-01  -1.0957987e-02   1.1261930e-03  -3.1652595e-03
   1.7746563e-01   5.3910252e-02   7.5518370e-01  -1.2278478e-02   9.3000774e-04  -3.2968048e-03
   1.9071260e-01   5.3863307e-02   7.5296697e-01  -1.3828419e-02   1.2435779e-03  -3.2618270e-03
   1.8916674e-01   1.0733610e-01   8.1170178e-01  -1.1554071e-02   1.0268626e-03  -3.1265957e-03
   1.8676118e-01   9.4497363e-02   9.1233824e-01  -1.0282741e-02   1.1975125e-03  -3.1245595e-03
   1.8063293e-01   6.1182500e-02   8.3772796e-01  -1.1906711e-02   1.1578831e-03  -3.1307353e-03
   1.7659835e-01   6.4737253e-02   8.7674852e-01  -1.1272721e-02   1.2269399e-03  -3.1381895e-03
   1.7108636e-01   6.9588764e-02   7.9888377e-01  -1.2153579e-02   1.0184799e-03  -3.0854946e-03
   1.6634196e-01   4.9757868e-02   7.7843678e-01  -1.3303532e-02   1.1482589e-03  -2.9837538e-03
   1.6605053e-01   6.5101871e-02   7.4961446e-01  -1.3525972e-02   1.2379590e-03  -3.1637220e-03
   1.8413191e-01   7.0260139e-02   8.3699202e-01  -1.1944065e-02   1.5303602e-03  -3.4682902e-03
   1.8360320e-01   7.5256372e-02   7.4764571e-01  -1.3679702e-02   1.5364304e-03  -3.4612798e-03
   1.7063486e-01   7.1025687e-02   8.4177517e-01  -1.2160982e-02   1.1799664e-03  -2.9418160e-03
   1.5880709e-01   1.0465784e-01   7.1934195e-01  -1.3159385e-02   1.0583627e-03  -2.8301274e-03
   1.6884610e-01   1.2174642e-01   6.2969063e-01  -1.5503977e-02   1.5309225e-03  -3.1190592e-03
   1.7500065e-01   1.1496047e-01   7.0706078e-01  -1.4012895e-02   1.0617320e-03  -3.2781345e-03
   1.9871061e-01   1.3559727e-01   7.7133523e-01  -1.2729847e-02   2.0237491e-03  -3.7420995e-03
   1.7814205e-01   1.5041254e-01   8.3876225e-01  -1.0508749e-02   1.8128245e-03  -3.5413961e-03
   1.5819186e-01   1.0979686e-01   7.6304862e-01  -1.1866098e-02   2.5481478e-04  -2.9150557e-03
   1.6283967e-01   1.0073947e-01   7.1893505e-01  -1.3007765e-02   6.4107299e-04  -2.8191473e-03
   1.8210958e-01   1.2982060e-01   7.5741094e-01  -1.2368887e-02   1.0417552e-03  -3.3438557e-03
   1.8826023e-01   1.4445318e-01   8.2226783e-01  -1.0828457e-02   1.4055302e-03  -3.5539375e-03
   1.9614253e-01   1.0337606e-01   8.1975801e-01  -1.1433814e-02   1.7245168e-03  -3.8656559e-03
   1.8427496e-01   1.1762904e-01   7.8820515e-01  -1.2131649e-02   1.4972572e-03  -3.8222073e-03
   1.9058171e-01   9.2834985e-02   8.2191697e-01  -1.1451238e-02   9.6944335e-04  -3.8359808e-03
   2.1336949e-01   6.0939861e-02   8.2481303e-01  -1.1580523e-02   1.0664576e-03  -4.1965776e-03
   2.1411477e-01   1.0594743e-01   8.6402727e-01  -1.0459970e-02   1.0761010e-03  -4.1809274e-03
   2.0827591e-01   8.8097328e-02   8.5644514e-01  -1.0945137e-02   1.1325743e-03  -4.2275660e-03
   1.9858102e-01   8.8206379e-02   8.6306355e-01  -1.0834169e-02   8.1908119e-04  -4.2941214e-03
