   0.0000000e+00   0.0000000e+00  -3.5527137e-15   0.0000000e+00   0.0000000e+00   0.0000000e+00
  -2.7737293e-03  -9.8288616e-03  -1.2186414e-03   3.8099420e-04  -2.8759245e-04   1.0623260e-05
  -9.9676036e-03   4.9328166e-03  -2.8578440e-02  -2.9020093e-04  -3.8260856e-04   2.8699579e-05
  -1.9882454e-02  -2.4904658e-02   6.8702296e-02   9.3937737e-04  -1.0188997e-04   2.2552568e-04
  -2.3860334e-02  -3.1655997e-02   8.5504936e-02   1.6556866e-03  -7.3911443e-05   1.9234853e-04
  -2.2776987e-02  -2.9560123e-02   8.7040872e-02   1.4416227e-03   3.4164410e-06   4.3256381e-05
  -3.4931063e-02  -2.8758330e-02   1.2358900e-01   2.0121896e-03   2.2750431e-04   2.1807364e-04
  -2.9216774e-02  -1.6817835e-02   6.1781173e-03  -5.6438549e-04  -1.4387629e-04   6.8093543e-05
  -2.6409420e-02  -2.8706228e-02   4.2837260e-02   5.5156683e-04  -3.7037837e-05   2.4253869e-04
  -1.5293575e-02  -2.6604284e-03  -2.5453025e-03   1.4422549e-04  -2.1579662e-04  -1.0480290e-05
  -2.5544690e-02   3.4654001e-03  -6.9065267e-03   9.2666317e-04  -3.2430083e-04   1.1414782e-04
  -2.0721529e-02   4.6422053e-03   4.1300368e-02   3.7441650e-04  -5.6035547e-05  -1.2395837e-04
  -4.1556943e-02  -1.4807509e-02   1.0897303e-01   2.8423215e-03  -3.0372384e-04   4.8176848e-04
  -8.3376856e-02  -1.3019886e-01   2.7516419e-01   1.0539197e-02  -1.5339015e-03   1.5302839e-03
  -4.8427958e-02  -1.6337445e-02   1.3142529e-01   5.7827452e-03  -1.5473676e-03   3.7494430e-04
  -4.6435150e-02  -1.6520032e-02   1.5902479e-01   6.0422947e-03  -1.3349017e-03   4.2846929e-04
  -4.0984886e-02  -1.1745010e-02   1.4398111e-01   6.3146798e-03  -1.1262195e-03   1.9764998e-05
  -4.9275175e-02  -2.0206608e-02   1.7504097e-01   5.5251765e-03  -1.1048540e-03  -7.9434903e-05
  -4.5647771e-02  -2.0631556e-02   1.0687244e-01   3.8492388e-03  -1.0420836e-03  -1.1446335e-04
  -4.4085436e-02  -3.2953717e-02   8.4576639e-02   3.5198538e-03  -9.9012847e-04   3.5833379e-05
  -2.7031243e-02  -2.1913583e-02   6.1618646e-02   3.4425531e-03  -1.0962970e-03  -1.9257537e-04
  -1.6945946e-02   1.5393205e-02   2.3521211e-02   3.6067319e-03  -1.6722437e-03  -1.2677535e-04
  -3.4093296e-02  -1.4725269e-02   1.2888109e-01   5.1181224e-03  -1.1006262e-03   2.1028777e-05
  -3.5544330e-02  -3.6458598e-02   1.5616357e-01   5.3403584e-03  -9.8648746e-04   2.2014087e-05
  -3.0883145e-02  -3.9503797e-02   1.2550555e-01   4.1158559e-03  -1.4133490e-03  -7.2318292e-05
  -1.8648892e-02  -3.2385871e-02   9.8699589e-02   2.9226206e-03  -1.1578790e-03  -6.1425361e-05
   1.5081959e-03  -3.0710354e-02   1.3504472e-02   2.1593725e-03  -1.3251495e-03  -2.4466787e-04
   4.4486366e-04  -1.7363208e-02   8.9455170e-02   3.2041384e-03  -1.4646931e-03  -2.0756041e-04
  -1.1471808e-02  -8.4174965e-03   3.6463922e-02   3.3787499e-03  -1.2317503e-03  -1.7661178e-04
   3.4438725e-03  -1.4293383e-02   2.0660092e-01   2.7572988e-03  -1.2750970e-03  -1.9769369e-04
  -4.1002248e-03  -1.1927108e-02   9.4414620e-02   1.7757126e-03  -1.4947220e-03  -3.5515072e-04
  -3.5217328e-03   4.7352940e-03  -5.4391319e-03   1.5887277e-03  -1.6821933e-03  -4.0906081e-04
  -1.7888358e-02  -7.3916449e-03   1.2268660e-01   1.9823155e-03  -1.4493103e-03  -3.1893411e-04
  -2.1708557e-02   4.0811863e-03   7.3753019e-02   1.9074104e-03  -1.4921146e-03  -3.9677003e-04
  -3.8836227e-02  -8.1679159e-03   9.1761402e-02   1.9102453e-03  -1.3102501e-03  -1.2712235e-04
  -4.2234378e-02  -1.4342860e-02   1.0086761e-01   2.5274032e-03  -1.1666782e-03  -6.1248908e-05
  -2.4224213e-02   1.8456714e-02   4.8264026e-02   1.2346335e-03  -1.4553825e-03  -3.1182688e-04
  -3.5497686e-02   4.1729584e-03   9.3881902e-02   1.9579191e-03  -1.1883412e-03  -1.3937296e-04
  -3.3261292e-02   1.0527804e-02   8.8128298e-02   2.1472947e-03  -1.2515313e-03  -2.0974471e-04
  -3.7036133e-02  -1.4229302e-04   1.3672576e-01   2.9121279e-03  -1.0523914e-03   9.6886162e-05
  -3.2198424e-02   2.6650428e-03   9.2026863e-02   1.7167486e-03  -1.2234021e-03  -1.3041239e-04
  -3.5261811e-02  -6.5503937e-03   3.1621425e-02   1.3731435e-03  -1.2191273e-03  -1.4799535e-04
  -2.8078529e-02  -9.8165118e-03   6.5874649e-02   2.2314336e-03  -1.0818364e-03  -4.8386210e-05
  -2.0253962e-02   2.3513923e-02  -3.3766369e-02   1.8896253e-03  -1.4806796e-03  -2.1286801e-04
  -1.8151067e-02   2.0142023e-02   2.2709158e-02   1.2599367e-03  -1.4018145e-03  -2.9933289e-04
  -1.6140640e-02   1.9982432e-02  -2.8606139e-03   1.7874896e-03  -1.2089655e-03  -1.9736544e-04
  -1.4426337e-02   3.6149775e-02  -1.2811024e-02   1.0938565e-03  -1.3630691e-03  -3.1493936e-04
  -1.7690968e-02   2.2784942e-02   1.8421172e-02   1.9006303e-03  -1.1423354e-03  -2.0613454e-04
  -6.7832156e-03   5.3778899e-02  -3.1350099e-02   1.2169556e-03  -1.3953747e-03  -1.9281371e-04
  -2.1669625e-02   3.4912883e-02   7.2837618e-02   2.7168076e-03  -9.6502521e-04   3.1469548e-04
  -1.6567919e-02   3.6905882e-02   3.3020190e-02   1.7859366e-03  -1.0802607e-03  -1.5526641e-04
  -8.5960578e-03   3.0081019e-02  -3.3314370e-02   2.2188732e-04  -1.3604810e-03  -2.3622981e-05
  -7.0719211e-03   4.0102415e-02   4.9855471e-02   7.5048152e-04  -1.2165957e-03  -9.2414731e-05
  -2.5124611e-03   3.9981842e-02  -5.7015367e-02   7.4945003e-04  -1.2403102e-03  -7.1270617e-05
  -3.5484771e-03   7.0790034e-02  -9.2116661e-02  -2.4187396e-04  -1.5700033e-03  -1.1352402e-04
  -2.5314615e-02   2.7507947e-02   4.1010764e-02   1.4892601e-03  -1.1547845e-03   9.6287305e-05
  -2.4853532e-02   4.2344943e-02   3.9912555e-02   1.1547768e-03  -1.2544903e-03   2.9824358e-05
  -2.2959629e-02   5.0050972e-02  -1.9588113e-02   3.2446391e-04  -1.3705954e-03  -1.3559944e-04
  -2.7805399e-02   4.3543361e-02   4.8661181e-02   7.6119608e-04  -1.1433151e-03  -8.6650233e-05
  -3.2386401e-02   3.1874025e-02   3.7858862e-02   1.2123516e-03  -1.1455345e-03   1.7525073e-04
  -3.7412380e-02   1.1336298e-02   9.1817621e-02   1.5621154e-03  -8.5701452e-04   3.0016987e-04
  -2.9508474e-02   3.0316767e-02   3.9787657e-02   6.3019679e-04  -1.0615445e-03   1.4422336e-04
  -3.8394588e-02   2.5815572e-03   7.6134717e-02   1.3057731e-03  -8.3489534e-04   2.3672674e-04
  -3.0832101e-02  -3.3486814e-03   5.7016246e-02   2.1296956e-03  -7.9521131e-04   1.5520751e-04
  -2.4385433e-02   2.5149351e-02   1.9293803e-02   1.5274088e-03  -1.1516824e-03   1.7431344e-04
  -2.3814245e-02   3.6339486e-02   1.8822895e-02   1.4316386e-03  -1.1256998e-03  -3.0025995e-05
  -2.3838436e-02   5.1782903e-02  -3.2930279e-02   7.4496381e-04  -1.1895849e-03   1.9004018e-05
  -2.6815326e-02   2.5171716e-02  -1.5921284e-02   8.7647409e-04  -1.0697466e-03   6.5698476e-05
  -1.9950920e-02   3.8159850e-02  -5.1318786e-02   8.4785482e-04  -1.2459394e-03   1.0665882e-04
  -2.2987094e-02   4.1406510e-02  -3.1504002e-02   6.7069908e-04  -1.1748707e-03   2.6477272e-06
  -1.7641176e-02   4.3876370e-02  -6.0865615e-02   9.2335258e-04  -1.2720584e-03  -7.5514571e-05
  -1.6794697e-02   4.2878149e-02  -4.8747502e-02   8.1365935e-04  -1.1499574e-03   3.1210189e-05
  -1.1700463e-02   5.4686135e-02  -3.1131450e-02   1.3352035e-03  -1.0060103e-03   7.4263429e-05
  -2.0854903e-02   7.8918039e-02  -8.6462568e-02   5.6429825e-04  -1.2263273e-03   8.6785918e-05
  -2.0217001e-02   5.4008811e-02  -1.1775385e-04   7.7578457e-04  -1.1091077e-03   2.5060906e-04
  -5.6441026e-03   4.8082512e-02  -6.6878084e-02   2.1565977e-04  -1.3436277e-03   2.0211355e-05
  -4.7830610e-03   7.7098609e-02  -1.1437734e-01   2.9433330e-04  -1.5039158e-03   9.3005029e-05
  -3.2666216e-03   5.9603922e-02   2.1545404e-02   3.1676103e-04  -1.3371771e-03   1.0102083e-04
  -6.3803465e-03   3.6524267e-02   6.0099039e-03   1.4055878e-03  -1.4722407e-03   1.0055656e-04
  -1.6132684e-02   6.4884155e-02  -7.9673683e-02   1.5384883e-03  -1.3644570e-03   2.0906887e-04
  -1.6287412e-02   5.4685661e-02  -3.0612993e-02   5.9192014e-04  -1.0725655e-03  -8.1961107e-05
  -1.3750011e-02   6.8152561e-02  -2.0548516e-02   9.2250433e-04  -1.4539808e-03  -8.9632841e-05
  -3.1413556e-02   5.9830503e-02  -2.2232584e-02   5.2955275e-04  -1.3119860e-03   2.7477769e-05
  -3.4869258e-02   4.0840438e-02   1.5874010e-02   1.1089894e-03  -1.0195031e-03   3.3401473e-05
  -3.2196418e-02   5.2489583e-02  -4.6166574e-02   4.1940449e-04  -1.1982863e-03  -3.8428368e-05
  -3.6645919e-02   5.8207565e-02  -2.3602206e-03   9.9755860e-04  -8.8574993e-04  -2.9767578e-05
  -2.9881290e-02   5.9619994e-02  -4.2766845e-02   8.6819638e-04  -1.0262292e-03  -7.8808888e-05
  -2.2753902e-02   6.2156218e-02  -2.9368395e-03   1.0927556e-03  -9.5455297e-04  -4.0521666e-05
  -2.6302506e-02   6.1007278e-02  -4.8328720e-03   1.3156349e-03  -1.0281815e-03  -4.1794457e-05
  -3.2035467e-02   6.4797113e-02  -1.4743104e-02   1.4334638e-03  -8.6347637e-04  -2.9529868e-05
  -2.4706993e-02   4.6705848e-02  -2.6798820e-02   1.0916177e-03  -9.7777891e-04  -1.1149041e-04
  -2.1146081e-02   6.2875644e-02  -9.0473436e-02   7.3418006e-04  -1.1776980e-03   5.7830927e-05
  -1.9693879e-02   5.7622022e-02  -6.7032858e-02   1.5319167e-03  -1.1327530e-03   7.4726462e-05
  -1.2533094e-02   9.5573251e-02  -1.2234149e-01  -1.5168790e-05  -1.2644983e-03   1.2733681e-05
  -1.1697228e-02   7.5220825e-02  -1.2043803e-01   2.9424737e-04  -1.1661854e-03   1.7412265e-04
  -5.7455520e-03   8.5789174e-02  -1.0288000e-01   5.0408107e-04  -1.2955936e-03  -4.2674948e-05
  -5.4608292e-03   9.7938388e-02  -8.6842491e-02   9.4095668e-04  -1.4059378e-03  -1.0626619e-04
  -1.5853141e-02   9.6365878e-02  -1.0558339e-01   7.4035391e-04  -1.4132635e-03  -1.9895119e-05
  -2.4900987e-02   7.5706955e-02  -2.0172987e-02   1.5656898e-03  -1.1093508e-03  -6.2189389e-05
  -1.4471174e-02   1.0116818e-01  -7.9948990e-02   9.4008424e-05  -1.3999175e-03  -1.1389824e-04
  -2.3284120e-02   5.2188356e-02  -1.7849189e-02   1.4049842e-03  -1.0261061e-03   2.1168690e-04
  -1.7815801e-02   6.7622117e-02  -5.2790469e-02   1.3187824e-03  -1.0957890e-03   1.5747057e-04
  -1.5898186e-02   8.5062983e-02  -1.0710203e-01  -6.8050731e-05  -1.3204307e-03   6.9867876e-05
  -1.6093686e-02   7.6093496e-02  -4.3720436e-02   7.7139088e-04  -1.3547117e-03   4.8098855e-05
  -2.3874270e-02   9.4675073e-02  -8.7104774e-02   5.4880232e-04  -1.4185800e-03  -1.0277553e-04
  -2.7738182e-02   6.8848494e-02  -6.3583005e-02   8.3679011e-04  -1.3435745e-03  -7.4388347e-05
  -1.8686963e-02   7.5107307e-02  -5.5451745e-02   9.7140389e-04  -1.3944028e-03  -1.4574908e-04
  -2.0777036e-02   8.4125248e-02  -8.5212109e-02   7.7434493e-04  -1.4879876e-03  -7.5383608e-05
  -2.6449527e-02   7.4502137e-02  -2.7837266e-02   1.0332095e-03  -1.3796890e-03  -1.4994338e-04
  -2.0623453e-02   8.0522214e-02  -7.5140172e-02   1.0468108e-03  -1.5050718e-03  -1.8535709e-06
  -2.0644497e-02   7.3949232e-02  -4.8955318e-03   1.3373144e-03  -1.3272183e-03   6.0078788e-05
  -1.9785676e-02   7.6895167e-02  -4.7551368e-02   9.6176601e-04  -1.2238190e-03   1.2616976e-04
  -2.1808073e-02   8.3669631e-02  -5.7492857e-02   6.1680391e-04  -1.2232683e-03   9.7081766e-05
  -1.8541365e-02   7.1112285e-02  -4.2802991e-02   9.8246617e-04  -1.0414698e-03   1.2204450e-04
  -9.9814116e-03   9.9802484e-02  -5.2071295e-02   1.0835082e-03  -1.1724738e-03   2.3769904e-05
  -1.2416470e-02   8.2120268e-02  -4.9773888e-02   1.4952398e-03  -1.2746133e-03   2.3379484e-04
  -2.2269434e-02   9.2048210e-02  -1.2645188e-02   1.1212362e-03  -1.0833213e-03   1.3837147e-04
  -2.1192670e-02   7.8096302e-02  -7.1709156e-02   1.7945477e-03  -1.0174541e-03   3.4443831e-04
  -1.9919571e-02   7.0916469e-02  -3.0448689e-02   1.8244762e-03  -1.1057117e-03   2.6003329e-04
  -1.5281424e-02   8.9166877e-02  -1.0144609e-01   1.2806023e-03  -1.1761875e-03   3.5439268e-04
  -1.1919173e-02   9.8138054e-02  -4.8742755e-02   1.4998114e-03  -8.2371929e-04   3.8518312e-04
  -7.6125657e-03   1.0671514e-01  -8.3914297e-02   1.5838660e-03  -8.9837879e-04   4.1409847e-04
  -3.2285663e-02   1.0423262e-01  -5.9398968e-02   1.2764372e-03  -8.3616288e-04   8.0838130e-04
   1.6237632e-02   8.7138648e-02   1.2111289e-02   1.0573810e-03  -7.5471536e-04   8.6017150e-04
   9.4631008e-02   1.1285273e-01   6.5674818e-01   8.5288034e-04  -1.4221359e-03   1.2791384e-03
   9.9238975e-02   1.6697755e-01   3.5818680e-01  -3.0475784e-03  -2.1802499e-03   1.9788859e-03
   8.2710066e-02   8.1042785e-02  -1.3741640e-01  -1.0310117e-04  -1.3084761e-03   9.7626405e-04
   8.5216518e-02   1.2818258e-01   3.3801633e-02  -7.5246824e-04  -1.1397281e-03   7.3345951e-04
   7.1510295e-02   7.8164315e-02   1.0565789e-02   1.7998020e-04  -9.7282257e-04   1.0249575e-03
