   0.0000000e+00   0.0000000e+00   0.0000000e+00   0.0000000e+00   0.0000000e+00   0.0000000e+00
   1.6135746e-03   7.4993910e-03  -9.3727064e-03  -3.5171567e-04   5.6195645e-04  -9.3960282e-05
   5.0916376e-03   9.0102416e-03  -6.7259597e-03   2.3634981e-04   4.6380861e-04   1.8985142e-04
   3.5665151e-03  -1.7141811e-04  -2.6061832e-02  -1.1503880e-04   4.2594898e-04   1.4978734e-04
   1.5632524e-03  -1.5479328e-02  -2.2619598e-02  -5.2250082e-04   4.1514160e-04   1.0344130e-04
   7.7070331e-04  -1.2064475e-03  -1.5456084e-02   7.8607137e-05   2.7106932e-04   4.0785268e-04
   8.7420058e-04  -7.9974003e-03  -2.3788201e-02  -2.3051491e-05   4.6398061e-04   3.9820737e-04
   1.7046531e-03   9.2606400e-04  -4.0188114e-02  -1.5509982e-04   6.9378338e-04   2.3463040e-04
  -3.6565714e-03   1.7863327e-02  -4.5024236e-02   1.5195925e-04   4.8764971e-04   3.0452223e-04
  -2.3074023e-03   1.9340738e-02  -3.4321927e-02   4.1266320e-04   5.6228354e-04   4.7670811e-04
  -4.6350101e-03   2.4130079e-02  -3.1943108e-02   2.0107602e-04   5.4854186e-04   5.1439219e-04
  -4.6998365e-03   1.8959379e-02  -3.1002684e-02   2.8967619e-04   4.1675970e-04   6.7470805e-04
  -4.8890851e-03   7.8358269e-03  -2.6446768e-02  -9.4604776e-06   4.2080764e-04   7.1908157e-04
  -6.0643047e-03   1.6996206e-02  -2.8642889e-02   4.9966238e-05   3.8607548e-04   7.1250292e-04
  -5.7494843e-03   2.3482607e-02  -2.6959932e-02   8.0394518e-05   3.0977671e-04   7.3150729e-04
   4.4687287e-04   2.6041530e-03  -1.4711350e-02   1.5995701e-04   4.6747639e-04   7.4888119e-04
   4.0176094e-03   1.3423886e-02  -2.7552116e-02   4.1192665e-05   4.9035375e-04   6.7125081e-04
  -1.2170064e-03   3.4206250e-02  -1.6408471e-02   1.3752315e-04   6.3356597e-04   6.8366741e-04
   2.4357840e-03   3.7322151e-02   4.4334679e-03   4.7575501e-04   7.0390788e-04   9.4889996e-04
   1.5702694e-02   2.1667679e-02   8.5516707e-03   6.6899434e-05   1.1215385e-03   1.0766754e-03
   1.5208613e-02   9.1396786e-03   2.1111135e-02   1.1047931e-04   1.0684441e-03   1.1424199e-03
   1.5191455e-02   3.0071896e-02   8.4815449e-03   4.9886318e-05   9.2761352e-04   1.1492959e-03
   1.1465490e-02   1.8222308e-02   2.3632833e-02   2.7433797e-04   8.5358769e-04   1.1342819e-03
   9.7429637e-03   3.8041581e-02   8.5407414e-03  -2.4043850e-04   8.2818631e-04   9.7175478e-04
   7.4955871e-03   4.4589618e-02   1.7168243e-02   1.1836761e-04   5.9882331e-04   9.4729639e-04
   7.8459530e-03   4.0556917e-02   7.9741889e-03  -1.7769496e-04   8.1618703e-04   9.1587123e-04
   3.9364678e-03   7.7805464e-02   1.2819153e-01   2.8438510e-04   1.9619732e-04   3.8882608e-04
   8.7455850e-03   7.8721926e-02   1.1016231e-01   3.6412399e-04   7.8435687e-04  -1.5594553e-04
   1.1277756e-02   9.4300495e-03   6.6514716e-02  -5.5265411e-04   1.0336422e-03   1.7454976e-04
   1.1563927e-02   4.4516003e-02   8.9473806e-02  -5.3980701e-04   8.0637621e-04   3.9016620e-04
   1.4532279e-02   4.5042364e-02   7.6065298e-02  -1.3282729e-03   1.3926418e-03   7.1433449e-04
   2.2185701e-02   2.9298250e-02   1.0515630e-01  -1.5883877e-03   1.6470327e-03   6.6739854e-04
   2.4014224e-02   2.3931995e-02   8.5895764e-02  -8.9410809e-04   1.3290072e-03   8.7392828e-04
   2.3203306e-02   3.8421103e-02   8.4213043e-02  -7.1901961e-04   1.1258749e-03   1.0302197e-03
   2.0067372e-02   4.9820475e-02   8.2303316e-02  -7.7266210e-04   1.0441838e-03   8.8109543e-04
   1.9087221e-02   4.8382483e-02   8.4159013e-02  -8.3510984e-04   1.0094457e-03   1.0149186e-03
   2.3580914e-02   3.1939098e-02   8.0796928e-02  -8.2765266e-04   1.1364943e-03   9.8708014e-04
   2.1594429e-02   3.6825348e-02   7.3664497e-02  -8.9468852e-04   1.0006406e-03   9.2329118e-04
   1.7046059e-02   5.4783970e-02   6.5330470e-02  -5.6402997e-04   6.2195468e-04   1.0209334e-03
   1.3813014e-02   5.9794060e-02   7.7425340e-02  -2.1474493e-04   6.4127330e-04   1.2012351e-03
   1.6391673e-02   5.8617045e-02   7.0992116e-02  -4.1456989e-04   9.7566139e-04   1.1659475e-03
   1.8455122e-02   5.6980338e-02   8.5449291e-02  -3.0646323e-04   5.7545904e-04   1.0540472e-03
   1.9766279e-02   5.1699895e-02   7.5271718e-02  -1.7684678e-04   6.4389780e-04   1.1415397e-03
   1.9570934e-02   5.5188508e-02   8.3054139e-02  -2.6752547e-04   7.1074553e-04   1.1885969e-03
   2.1036769e-02   7.2051683e-02   1.1296989e-01  -3.3172341e-05   7.1492159e-04   1.1710649e-03
   2.1525435e-02   3.2874456e-02   1.2387916e-01  -1.1106246e-04   5.9186047e-04   1.1885472e-03
   1.8257454e-02   6.4051779e-02   1.1993098e-01   6.0456128e-05   8.2209236e-04   1.1422787e-03
   1.1023312e-02   7.3529528e-02   1.2975187e-01   1.8805338e-05   6.5411067e-04   1.2690053e-03
   1.7241327e-02   5.5663214e-02   1.2668323e-01  -7.1853132e-05   1.0390372e-03   1.0660652e-03
   2.0914689e-02   6.0161961e-02   1.4954913e-01  -5.7873209e-04   6.8679034e-04   1.2989987e-03
   2.5610811e-02   5.0100830e-02   1.4260937e-01   1.9086063e-03   1.2355806e-03   2.7148702e-04
   1.7003373e-03   2.2310434e-02   2.4562179e-02   1.3177995e-03   2.3090051e-03  -8.0396747e-04
   6.4923934e-04   2.3940481e-02   6.5602211e-04  -4.2726438e-04   1.5640143e-03   3.6549809e-05
   1.0595063e-02   3.4869230e-02   4.9608261e-03  -4.3642972e-04   1.6883264e-03   3.2621101e-04
   1.2897917e-02   1.9839012e-02   2.5662457e-02  -1.0839353e-04   1.2877148e-03   4.7185077e-04
   1.5653395e-02   1.9504026e-02   6.7224649e-03  -3.9206813e-04   1.5677469e-03   3.2689259e-04
   4.1245846e-03   5.1002747e-02   6.7927718e-03  -1.6550433e-04   9.5758211e-04   2.9776119e-04
   4.7265097e-03   5.0993916e-02   7.3851680e-03   4.4084473e-04   7.8878610e-04   1.6039443e-04
   3.9097323e-03   5.0984234e-02   2.3542209e-02   2.3000144e-04   5.3294546e-04   7.6739370e-05
   1.9130048e-03   5.1611099e-02   3.6233920e-02   3.8728746e-04   3.6594457e-04  -1.8120989e-05
  -3.4351083e-03   6.6366016e-02   2.3968009e-02   5.7646016e-04   1.8944893e-04   2.3837435e-04
  -2.4015825e-03   4.5143340e-02   3.1264551e-02   2.1854194e-04   4.0926306e-04   2.1004247e-04
  -6.4285632e-03   4.4243100e-02   3.9519444e-02   2.1924524e-04   2.2996585e-04   1.7377184e-04
  -2.1772326e-03   4.7891038e-02   4.3469698e-02   4.8182618e-04   1.8714382e-04   1.4705131e-04
  -2.6193926e-03   4.4449083e-02   3.3040827e-02   4.0488543e-04   1.4014856e-04   2.9430250e-04
   9.9736690e-04   4.9332179e-02   3.6869440e-02   4.0288951e-04   3.1404216e-04   3.5604460e-04
  -1.5797680e-03   7.6816590e-02   2.2511831e-02   4.8112833e-04   9.7139311e-05   4.6030188e-04
  -1.4991126e-03   4.8883097e-02   2.3487741e-02   6.0773132e-04   2.8843723e-04   4.8042669e-04
  -1.2195403e-03   6.5474442e-02   2.2699191e-02   5.4205390e-04   2.2197252e-04   4.4226918e-04
  -3.2838954e-03   4.9428738e-02   2.1182020e-02   7.2589308e-04   3.7824557e-04   5.3202179e-04
   7.6567841e-04   7.5722905e-02   3.9880603e-02   4.0063904e-04   3.4769275e-04   5.9519118e-04
   9.3480741e-03   6.0081290e-02   3.2725003e-02   8.0289214e-04   2.7580522e-04   7.0206794e-04
   8.6471742e-03   5.4028654e-02   1.5192998e-02   1.9951568e-04   2.8034882e-04   8.1068469e-04
   1.2572577e-02   6.1143823e-02   2.6664563e-02   5.1870836e-04   2.9538196e-04   7.4117331e-04
   1.1996368e-02   6.3081449e-02   3.8966663e-02   5.4831621e-04   1.7140263e-04   6.3681338e-04
   1.2135512e-02   6.4756729e-02   4.4892804e-02   4.8454175e-04   4.8463663e-04   5.8582761e-04
  -1.1168478e-02   9.8909311e-02   4.0748809e-02   2.4623035e-04  -2.3233163e-04   7.8578614e-04
   8.4880749e-03   4.3282907e-02   1.8918095e-02  -4.5860116e-04  -1.0808337e-04   9.6026094e-04
   5.2439495e-03   5.8241499e-02   2.3443927e-02  -3.2999939e-04   1.0359510e-04   9.9239053e-04
  -6.6574746e-04   7.0386073e-02   3.0422208e-02  -8.7452068e-05  -2.5168244e-04   1.1263465e-03
   3.8744585e-03   4.7214736e-02   5.0053489e-02   5.2845633e-04  -5.4337333e-05   1.3381181e-03
   7.4027718e-03   5.7598493e-02   6.8308992e-02   5.2051837e-04  -9.7954844e-05   1.3159360e-03
   8.8850412e-03   7.1090976e-02   6.3131521e-02   5.1392287e-04  -1.4441830e-04   1.3008482e-03
   1.3963253e-02   6.0513927e-02   4.4952339e-02   6.5709700e-04  -4.0728605e-05   1.5715828e-03
   1.6296887e-02   6.4376177e-02   4.1371175e-02   4.1550730e-04   2.2532721e-04   1.4131199e-03
   2.0909206e-02   8.2907605e-02   5.8339276e-02   5.1918665e-04   9.2748875e-05   1.3907591e-03
   2.0634863e-02   8.5662249e-02   4.2969380e-02   6.1234273e-04   4.6507580e-05   1.5829737e-03
   2.3255402e-02   6.3004942e-02   5.2930837e-02   3.7728851e-04   2.7837034e-04   1.5215190e-03
   2.5116360e-02   6.5577486e-02   5.9444946e-02   3.6161229e-04   3.5123275e-04   1.6279142e-03
   2.2791235e-02   6.9504795e-02   6.6477958e-02   6.0961835e-04   2.2081355e-04   1.5868726e-03
   2.7198087e-02   4.7645923e-02   6.4761910e-02   5.9865709e-04   4.0137643e-04   1.6627134e-03
   2.2881570e-02   6.0598708e-02   7.6353301e-02   5.5389568e-04   4.3029275e-04   1.5575808e-03
   1.9869130e-02   6.4632965e-02   6.4296657e-02   8.0796735e-04   2.6093556e-04   1.7445675e-03
   2.1453333e-02   6.2436432e-02   7.3867950e-02   6.7212577e-04   5.4983385e-04   1.5284185e-03
   1.9163717e-02   9.8914827e-02   6.9015525e-02   8.7054415e-04   2.8803229e-04   1.6618797e-03
   1.6039070e-02   8.3695779e-02   6.6099155e-02   6.4942796e-04   2.3163777e-04   1.6418308e-03
   1.7860646e-02   8.0164702e-02   8.5958167e-02   5.8427295e-04   2.5322558e-04   1.5584671e-03
   1.8271503e-02   7.9073338e-02   7.1916071e-02   3.9131967e-04   2.5540633e-04   1.6935171e-03
   2.2783082e-02   7.5891413e-02   6.7830824e-02   6.4380218e-04   8.0507707e-05   1.8206344e-03
   2.8657056e-02   9.6407492e-02   1.1288555e-01   1.2089283e-03   4.9789965e-04   1.5059977e-03
   2.6867734e-02   1.4172232e-01   2.2404069e-01   3.5261097e-03   5.0798565e-04   1.3144954e-03
   2.2639475e-02   9.6784537e-02   1.6063639e-01   2.5117360e-03   1.0612684e-03   1.0907871e-03
   3.5864638e-02   8.0130487e-02   1.2014798e-01   5.1890298e-04   1.9272989e-03   8.9566018e-04
   3.5129241e-02   4.6525945e-02   1.7625358e-01   6.5096900e-04   1.7900684e-03   1.0841311e-03
   4.5703958e-02   7.4258086e-02   1.5809969e-01   4.1098410e-05   2.0956143e-03   1.4280019e-03
   5.0295565e-02   7.1787432e-02   1.4476693e-01   5.7791228e-05   1.9360830e-03   1.5667140e-03
   5.3943695e-02   7.2972881e-02   1.7319955e-01   3.1801973e-04   2.1763724e-03   1.5570143e-03
   4.4302355e-02   9.5665121e-02   1.5357924e-01   1.3061222e-04   1.7399922e-03   1.6344694e-03
   3.8955190e-02   8.5938746e-02   1.5663006e-01   5.6255588e-04   1.7447531e-03   1.8846478e-03
   3.8355401e-02   7.1954053e-02   1.4778159e-01   3.0111621e-04   1.7022914e-03   1.9045215e-03
   3.0714045e-02   1.0380938e-01   1.4658666e-01   2.4804643e-04   1.0091214e-03   1.9070235e-03
   3.1113936e-02   7.5902061e-02   1.4272004e-01   1.8587300e-04   9.7679635e-04   1.7828719e-03
   3.0225284e-02   9.7929986e-02   1.5586551e-01   2.9709585e-04   1.0497231e-03   1.8954362e-03
   2.9825864e-02   1.1692877e-01   1.5018998e-01   5.1045399e-04   7.9117188e-04   1.9846445e-03
   2.9738878e-02   8.7281121e-02   1.6689917e-01   5.9155001e-04   9.8300391e-04   2.1872604e-03
   3.5427097e-02   7.8628900e-02   1.7101253e-01   2.4154279e-04   1.0814492e-03   2.0016497e-03
   3.9082623e-02   8.3208391e-02   1.8081599e-01   2.5858836e-04   7.6972631e-04   2.1952945e-03
   3.4007723e-02   6.5924700e-02   1.8020178e-01   5.1570401e-04   6.7478870e-04   2.2780251e-03
   3.1487281e-02   8.5922519e-02   1.6964728e-01   3.9328063e-04   6.5616563e-04   2.3312604e-03
   3.0652535e-02   7.5916745e-02   1.6180671e-01   5.4279482e-04   4.1275199e-04   2.3406465e-03
   2.9154606e-02   7.8476325e-02   1.5941401e-01   5.9459243e-04   5.1241025e-04   2.4086061e-03
   2.5411081e-02   8.6195451e-02   1.4709733e-01   5.3023336e-04   1.2869905e-04   2.2536132e-03
   2.7878227e-02   7.8363947e-02   1.5889229e-01   6.4910868e-04   2.9172060e-04   2.3923099e-03
   2.8266160e-02   8.8676116e-02   1.6999997e-01   7.3897578e-04   1.8815461e-04   2.2532113e-03
   3.1379547e-02   1.1332539e-01   2.8520462e-01   1.5397913e-03   2.2129916e-04   1.8362886e-03
   2.9013942e-02   1.2398227e-01   3.5060533e-01  -3.3927645e-04   4.0701982e-04   1.8040582e-03
   2.6935255e-02   9.6856033e-02   2.8894044e-01   9.0871284e-04  -5.5928821e-05   1.7481213e-03
   3.2605406e-02   7.0440083e-02   2.7458098e-01  -3.3769906e-04   3.5875062e-04   1.6646622e-03
   3.1868839e-02   7.9147415e-02   2.8012653e-01   1.5250682e-03   2.6148956e-04   1.9240041e-03
   3.8348453e-02   9.3330309e-02   2.4814016e-01   2.3767199e-03   4.3683783e-04   1.7628538e-03
   3.1151357e-02   8.6008016e-02   2.4970567e-01   1.4760759e-03   1.5500888e-04   1.6172815e-03
   2.9883389e-02   1.0346119e-01   2.8418102e-01   1.9304952e-03   2.7730154e-04   1.8664729e-03
   3.7930734e-02   8.7747574e-02   2.6892903e-01   1.8079349e-03   8.6328684e-04   1.8887589e-03
   4.1598993e-02   6.5410786e-02   2.4894929e-01   2.0432403e-03   7.5815781e-04   2.0475119e-03
   3.6364431e-02   8.0408291e-02   2.4595219e-01   1.6672633e-03   5.7446795e-04   1.9922463e-03
   3.5918481e-02   6.5622732e-02   2.5515257e-01   2.2310821e-03   3.1114913e-04   2.3812569e-03
   4.0410426e-02   8.0432464e-02   2.4160074e-01   1.7935091e-03   6.3480298e-04   2.0338475e-03
   3.9678973e-02   5.0003522e-02   2.1494109e-01   1.8839440e-03   5.4349653e-04   2.2632478e-03
   4.1180173e-02   6.7980226e-02   1.9628861e-01   1.5291004e-03   7.7331199e-04   2.0313474e-03
   3.7459502e-02   7.0628975e-02   1.9812134e-01   2.0555045e-03   5.6477468e-04   2.0748136e-03
   4.2117491e-02   8.4541929e-02   1.9023399e-01   1.4363327e-03   8.6990665e-04   1.7717608e-03
