   0.0000000e+00   0.0000000e+00  -1.4210855e-14  -2.7755576e-17   1.3877788e-17   3.8518599e-34
   2.1151931e-02   2.7052737e-02   6.3652878e-02  -6.7953524e-07   2.2343090e-04  -2.1405873e-04
   1.2506590e-02   4.8787906e-02   2.3160135e-01   2.5383325e-03  -2.5633701e-04  -8.0420080e-04
   4.8323240e-03   9.1899194e-02   2.7132899e-01   2.8242457e-03  -2.3329532e-04  -1.0379298e-03
   1.9862693e-02  -1.5606271e-02   1.4066200e-01  -1.3019586e-03  -4.5063086e-04  -1.8373411e-03
   2.7972877e-02   5.8901153e-02   1.8558019e-01  -3.6031424e-04  -3.2045165e-04  -1.6749511e-03
   6.0257403e-02   2.9355114e-02   1.8660700e-01  -1.4844145e-04  -8.7127036e-04  -1.1839599e-03
   4.3875576e-02   4.4877608e-02   1.2642152e-01  -6.8245998e-04  -6.7933200e-04  -1.0576909e-03
   4.2511236e-02   5.7400343e-02   1.2428616e-01  -6.4405271e-04  -7.3365738e-04  -9.4110177e-04
   4.5744311e-02   1.0617988e-01   1.0765742e-01  -9.2253567e-04  -2.6386197e-04  -9.2538367e-04
   4.8389883e-02   5.2577925e-02   1.8772221e-01   1.0165618e-03  -8.2142849e-04  -7.1636868e-04
   8.2590798e-02   1.0707910e-01   2.0079128e-01   1.7233844e-03   3.6220947e-04  -2.3100773e-04
   8.5121678e-02   3.9808197e-02   8.7012582e-02  -1.7741972e-03   3.8034930e-04  -8.4881516e-04
   7.0118760e-02   1.0090143e-01   1.2587619e-01  -9.3401977e-05   6.9275373e-04   1.2245780e-04
   8.5678150e-02   5.1344080e-02   1.1875941e-01  -1.1536090e-03   4.7300930e-04  -4.4011230e-04
   8.7511502e-02   1.2399878e-01   2.4591071e-01   2.6025154e-03   8.7472331e-04   4.5221114e-04
   9.5059305e-02   6.3941566e-02   2.0423464e-01   1.1525050e-03   9.3929042e-04  -2.0354613e-05
   9.6286882e-02   1.0374733e-01   1.2272279e-01  -2.7818459e-04   1.6943479e-03   7.9823268e-04
   1.2785421e-01   7.1511783e-02   2.0780289e-01   5.5911518e-04   1.8874911e-03   4.1218574e-04
   1.2725237e-01   1.1478810e-01   1.3412809e-01  -5.7017314e-04   2.4843580e-03   1.3331873e-03
   1.4689257e-01   6.4898707e-02   1.7355030e-01   1.0735233e-04   2.2605563e-03   1.1227803e-03
   1.4218928e-01   1.4910035e-01   1.1254996e-01  -3.3975408e-04   3.1208392e-03   1.9712180e-03
   1.5206284e-01   9.0638467e-02   2.0142945e-01   6.3879880e-04   2.4277610e-03   1.1354223e-03
   1.3976863e-01   1.7262957e-01   1.3712843e-01   2.9476497e-04   3.4298195e-03   1.7919149e-03
   1.5195532e-01   6.8391038e-02   2.4696706e-01   1.5621907e-03   2.3166753e-03   1.3643883e-03
   1.1984285e-01   2.2155236e-01   2.8621247e-01   4.0773793e-03   4.1493662e-03   1.8669811e-03
   1.9561293e-01  -1.3738597e-02   3.1224837e-01   1.5074642e-03   2.6880151e-03  -9.0141399e-04
   8.1740623e-02   3.4403429e-01   1.8798220e-01   3.9729575e-03   5.1492459e-03   3.9266513e-03
   1.0986526e+00  -9.7033351e-01   7.2097181e-01  -1.7641500e-03   2.2560764e-03  -7.5228629e-04
   6.7071184e+00  -3.0713697e+00   2.6945695e-01  -2.5526627e-03   3.0450719e-03  -5.0731483e-02
   5.2148800e+00  -1.2400374e+00   1.0495451e-01   1.2671433e-02   1.1575480e-02  -3.4814886e-02
   5.4901723e+00  -1.1727225e+00   1.2929647e-01   1.3322867e-02   9.6794346e-03  -3.9817080e-02
   5.3314546e+00  -7.1473529e-01  -7.2707814e-02   1.0471498e-02   1.1667746e-02  -3.5002236e-02
   5.4542614e+00  -8.8911043e-01   3.0910218e-02   1.0407294e-02   9.7461183e-03  -3.7665318e-02
   5.3808185e+00  -7.4220768e-01  -4.3494855e-02   8.9640295e-03   1.1415831e-02  -3.5513151e-02
   5.4636809e+00  -8.3635420e-01   7.7851338e-02   9.6241813e-03   9.7559556e-03  -3.7565768e-02
   5.3856400e+00  -7.7805297e-01  -4.6139645e-03   9.1381098e-03   1.1035935e-02  -3.5657576e-02
   5.4429328e+00  -8.2124637e-01   6.8282522e-02   9.5399312e-03   1.0231873e-02  -3.6852431e-02
   5.3932002e+00  -7.8163581e-01  -4.4344812e-02   8.8258345e-03   1.1136885e-02  -3.5191636e-02
   5.4727550e+00  -8.2627700e-01   8.6549869e-02   1.0542493e-02   1.0606350e-02  -3.6332941e-02
   5.4290558e+00  -7.3982195e-01   5.1699833e-02   1.0963691e-02   1.1323794e-02  -3.5647865e-02
   5.4563150e+00  -8.0895950e-01  -2.3642276e-02   8.3208958e-03   1.1116089e-02  -3.6268322e-02
   5.4335471e+00  -7.4013567e-01   2.6854893e-03   1.0172556e-02   1.1688289e-02  -3.5224460e-02
   5.4670047e+00  -7.7602697e-01   8.2537108e-02   1.0772673e-02   1.1381725e-02  -3.5782397e-02
   5.4414345e+00  -7.5439385e-01  -1.1561713e-01   7.5764372e-03   1.2064365e-02  -3.4946812e-02
   5.4894204e+00  -7.6802598e-01  -4.6686894e-02   7.8646466e-03   1.2384010e-02  -3.4507090e-02
   5.4939632e+00  -7.3002300e-01  -1.4488356e-01   7.4096564e-03   1.3104053e-02  -3.3597475e-02
   5.5103999e+00  -7.5565050e-01   4.1676276e-02   9.8373753e-03   1.2864577e-02  -3.4072946e-02
   5.5151695e+00  -7.3730488e-01  -1.1929907e-01   9.2886283e-03   1.2913051e-02  -3.3871601e-02
   5.3597766e+00  -7.4813136e-01   1.8082852e-01   8.6019679e-03   1.2508647e-02  -3.4407553e-02
   4.9690629e+00  -5.5918087e-01   3.9567913e-01   8.9775023e-03   1.1198333e-02  -3.6570111e-02
   4.7086052e+00  -4.8321609e-01   5.9293730e-01   9.6763417e-03   4.4058352e-03  -4.0624447e-02
   4.6855494e+00  -3.5128822e-01   3.1233095e-01   1.4221421e-02   5.8057182e-03  -4.1099757e-02
   4.6264185e+00  -1.7090080e-01   5.1527952e-01   1.3062094e-02   4.9239545e-03  -4.2315489e-02
   4.5775479e+00  -2.4362336e-01   6.4158847e-01   1.0216306e-02   4.9086788e-03  -4.1551961e-02
   4.6520005e+00  -2.7873472e-01   5.0498942e-01   9.7025337e-03   5.4731467e-03  -4.0536020e-02
   4.6459364e+00  -2.4817467e-01   5.6440804e-01   9.2759937e-03   5.9398305e-03  -3.9548638e-02
   4.6697270e+00  -2.5809602e-01   5.7089885e-01   1.1122634e-02   6.0598992e-03  -3.9735904e-02
   4.6477327e+00  -2.0659537e-01   6.4152161e-01   1.1671780e-02   6.3926701e-03  -3.9231738e-02
   4.6742859e+00  -2.5671384e-01   5.4112507e-01   9.7862550e-03   6.5049062e-03  -3.9302100e-02
   4.6501939e+00  -2.3350063e-01   6.0242404e-01   1.0986011e-02   6.5791944e-03  -3.8715194e-02
   4.6832559e+00  -2.4988970e-01   5.6204517e-01   1.0844788e-02   6.5811522e-03  -3.8894668e-02
   4.6775901e+00  -2.2479057e-01   5.9015528e-01   1.0597671e-02   7.1414206e-03  -3.8119884e-02
   4.6948407e+00  -2.3917171e-01   5.8409063e-01   1.1106882e-02   6.9106165e-03  -3.7936493e-02
   4.7271487e+00  -2.4678166e-01   6.2561690e-01   1.1648540e-02   8.0001579e-03  -3.6235391e-02
   4.7574612e+00  -2.7978500e-01   5.9061017e-01   1.1131231e-02   8.1813236e-03  -3.6068618e-02
   4.7438555e+00  -2.4261069e-01   6.1558938e-01   1.1901823e-02   8.2969481e-03  -3.5711386e-02
   4.7528308e+00  -2.5795543e-01   6.3063849e-01   1.2702169e-02   8.4195764e-03  -3.5924363e-02
   4.7325433e+00  -2.6651839e-01   6.0021589e-01   1.1986300e-02   8.2174710e-03  -3.5509037e-02
   4.7599221e+00  -2.6673859e-01   5.3349976e-01   1.1071408e-02   8.7567176e-03  -3.5953543e-02
   4.7435635e+00  -2.0663682e-01   6.7398454e-01   1.3808996e-02   8.8355029e-03  -3.6152888e-02
   4.7534072e+00  -2.1640901e-01   5.9094456e-01   1.2802148e-02   8.5909925e-03  -3.6055388e-02
   4.7472120e+00  -2.0642771e-01   5.2056636e-01   1.0852082e-02   8.8448166e-03  -3.5713888e-02
   4.7426632e+00  -2.0488496e-01   5.0821421e-01   1.1099414e-02   8.0329486e-03  -3.6688794e-02
   4.6281068e+00  -1.7943597e-01   7.1608128e-01   1.3729180e-02   7.6012864e-03  -3.7616850e-02
   4.5882179e+00  -2.3623515e-01   6.6411680e-01   1.0679079e-02   7.6584479e-03  -3.8068836e-02
   4.5447820e+00  -1.9189607e-01   7.3734078e-01   1.1631448e-02   7.4519085e-03  -3.8725424e-02
   4.5507006e+00  -2.1371840e-01   6.9173310e-01   1.0451910e-02   7.3078655e-03  -3.9159438e-02
   4.5568122e+00  -2.2508019e-01   6.9949910e-01   1.0746888e-02   7.3872794e-03  -3.8343556e-02
   4.5636243e+00  -2.4385450e-01   6.9897907e-01   9.6207227e-03   6.8850801e-03  -3.8815439e-02
   4.5618870e+00  -2.2047502e-01   6.6828075e-01   8.7757384e-03   7.1050790e-03  -3.8385746e-02
   4.5735697e+00  -2.0495711e-01   6.5649124e-01   9.2845021e-03   7.1731004e-03  -3.8154047e-02
   4.5565483e+00  -2.0284630e-01   7.4187004e-01   1.1464094e-02   6.9193897e-03  -3.7712305e-02
   4.5677729e+00  -2.0982482e-01   7.6641111e-01   1.2437282e-02   6.6982020e-03  -3.7650682e-02
   4.5582193e+00  -1.9082593e-01   6.6431809e-01   9.8484316e-03   7.0999047e-03  -3.7216358e-02
   4.5620871e+00  -1.8654495e-01   7.0645405e-01   1.0891015e-02   6.7460568e-03  -3.7437999e-02
   4.5637737e+00  -1.8688236e-01   8.1545776e-01   1.3411351e-02   6.4866221e-03  -3.7087792e-02
   4.5494418e+00  -1.8945669e-01   8.2780043e-01   1.3485346e-02   6.1341648e-03  -3.7318563e-02
   4.5458694e+00  -1.7704286e-01   7.3617632e-01   1.1118070e-02   6.4678450e-03  -3.7170591e-02
   4.5500409e+00  -2.1094875e-01   7.1254949e-01   1.0845833e-02   6.3379105e-03  -3.7272049e-02
   4.5488509e+00  -1.4933366e-01   7.5849252e-01   1.2204623e-02   6.3256282e-03  -3.7102157e-02
   4.5482079e+00  -1.7347272e-01   7.7537272e-01   1.2598995e-02   6.4831747e-03  -3.6955007e-02
   4.5504146e+00  -1.8031975e-01   7.4938772e-01   1.2343948e-02   6.5939749e-03  -3.6857338e-02
   4.5695380e+00  -1.7536945e-01   7.6215250e-01   1.2335684e-02   6.5436673e-03  -3.6664275e-02
   4.5648859e+00  -1.4565043e-01   7.9070260e-01   1.2876850e-02   6.5997022e-03  -3.6802548e-02
   4.5690263e+00  -1.8102522e-01   7.8782187e-01   1.2500212e-02   6.1772527e-03  -3.7097206e-02
   4.5613164e+00  -1.8467728e-01   7.6068805e-01   1.2431613e-02   6.3107096e-03  -3.6799666e-02
   4.5848615e+00  -1.7433862e-01   6.9686841e-01   1.0895883e-02   6.3779001e-03  -3.7010637e-02
   4.5682582e+00  -1.5478636e-01   7.1801460e-01   1.1762250e-02   6.8010075e-03  -3.6744431e-02
   4.4804289e+00  -1.7385841e-01   8.3147799e-01   1.1804331e-02   6.2486535e-03  -3.7438559e-02
   4.4845479e+00  -1.6582100e-01   8.5167663e-01   1.0993768e-02   6.8376703e-03  -3.8155884e-02
   4.4852292e+00  -1.5016313e-01   8.6343496e-01   1.0944036e-02   5.3935618e-03  -3.9582208e-02
   4.4617567e+00  -1.5760132e-01   8.8578366e-01   1.0939459e-02   4.7890883e-03  -3.9888703e-02
   4.4409729e+00  -2.0335455e-01   8.2572050e-01   9.5239540e-03   4.7246221e-03  -3.9947155e-02
   4.4478601e+00  -1.7324816e-01   8.1418829e-01   8.8465374e-03   4.7461379e-03  -4.0057092e-02
   4.4791740e+00  -1.7132057e-01   7.9215721e-01   8.1445444e-03   5.3505244e-03  -3.9901254e-02
   4.4744327e+00  -1.5556196e-01   7.6572474e-01   7.4639161e-03   5.7292363e-03  -3.9483740e-02
   4.4750429e+00  -1.6801673e-01   8.0866199e-01   8.2138751e-03   5.6168061e-03  -3.9166692e-02
   4.4918212e+00  -1.3870000e-01   8.8389434e-01   9.7368348e-03   5.7908974e-03  -3.9103396e-02
   4.4995333e+00  -1.2090548e-01   8.6511781e-01   9.4611860e-03   5.4456515e-03  -3.9045211e-02
   4.5073928e+00  -1.4921955e-01   8.1589564e-01   9.0689218e-03   5.9869826e-03  -3.8981848e-02
   4.5009345e+00  -1.3929676e-01   9.1996229e-01   1.1744445e-02   5.2914414e-03  -3.8614121e-02
   4.4757922e+00  -1.3759504e-01   8.6449063e-01   1.1044260e-02   4.9692860e-03  -3.9492002e-02
   4.4996229e+00  -1.4233931e-01   8.3308397e-01   9.8679992e-03   5.6812009e-03  -3.9860443e-02
   4.5131388e+00  -1.3955383e-01   8.3430531e-01   1.0964787e-02   4.8593819e-03  -3.9765339e-02
   4.4983039e+00  -1.2769474e-01   8.1948258e-01   1.0300464e-02   3.4890005e-03  -4.1940567e-02
   4.5038009e+00  -1.4550283e-01   7.3751400e-01   7.0363844e-03   4.8697644e-03  -4.0603367e-02
   4.5037816e+00  -1.4029517e-01   7.5287622e-01   8.2050950e-03   4.8257105e-03  -4.0187151e-02
   4.4902381e+00  -1.4901027e-01   7.5939909e-01   8.3346216e-03   4.9437361e-03  -3.9499692e-02
   4.4968263e+00  -1.3895625e-01   7.9680967e-01   9.3502101e-03   5.0173482e-03  -3.9282791e-02
   4.5027707e+00  -1.3118352e-01   7.8810330e-01   8.0969958e-03   5.3654283e-03  -3.9401361e-02
   4.5221930e+00  -1.3450164e-01   8.2987451e-01   9.4768616e-03   5.2959256e-03  -3.9326558e-02
   4.5299480e+00  -1.2942949e-01   8.0658345e-01   8.6614657e-03   5.5652077e-03  -3.9295543e-02
   4.4818204e+00  -1.5142877e-01   8.7734262e-01   1.0614070e-02   5.1670646e-03  -3.9317440e-02
   4.4627324e+00  -1.3155454e-01   9.3029269e-01   1.1390231e-02   5.1623083e-03  -3.9832300e-02
   4.4581997e+00  -1.3357121e-01   8.3445685e-01   1.0399101e-02   5.0085629e-03  -4.0134406e-02
   4.4238266e+00  -1.3162794e-01   8.9307115e-01   1.0865067e-02   3.9334994e-03  -3.9716710e-02
   4.4852681e+00  -1.1532806e-01   7.1768800e-01   1.0614988e-02   4.7392866e-03  -4.0673166e-02
   4.4377663e+00  -5.8827552e-02   2.6852066e-01   1.5306416e-02   5.1510152e-03  -4.1875868e-02
