   0.0000000e+00   0.0000000e+00   0.0000000e+00   0.0000000e+00   0.0000000e+00   0.0000000e+00
  -1.0816882e-02   6.7029472e-03  -9.0298781e-02  -5.0948210e-05   1.7695837e-04  -8.3018165e-05
  -1.8156041e-02   2.2535789e-02  -8.9603881e-02  -2.2728003e-04  -9.8091142e-06   1.2742719e-04
  -1.0668749e-02   3.0734885e-02   3.6101609e-02   8.7075828e-04   2.2045348e-04   7.5266346e-06
   1.0832649e-02   3.1643922e-02  -8.1656185e-02  -2.8027529e-04   5.4647051e-05  -1.1076975e-04
  -9.6293770e-03  -6.0875705e-03  -2.2910271e-02  -1.1782902e-03   4.4360697e-05  -1.8984280e-04
   2.7829533e-02  -1.9498248e-02   6.9977961e-02  -2.4965931e-04   4.8013850e-04  -1.1168832e-03
   2.5551740e-02  -5.0247518e-03  -2.6956206e-03  -3.1247321e-04   1.7805921e-04  -1.1253437e-03
   5.5485780e-02   4.1993414e-02  -2.8304382e-02  -1.8103834e-04   2.3479065e-04  -1.9647279e-03
   5.3036648e-02   4.1250802e-02  -5.7564347e-03   4.0057737e-04  -1.9059712e-04  -2.0784516e-03
   5.5516952e-02   4.9503703e-02   5.1367629e-02   8.8464737e-04  -2.1128965e-04  -2.3630203e-03
   6.7143691e-02   5.0392209e-02   1.0842276e-02   8.9802066e-05  -5.4002014e-04  -2.5275109e-03
   7.5169493e-02   7.1919857e-02   1.9347450e-02   5.0853178e-04  -4.6222949e-04  -2.8738627e-03
   7.5133002e-02   7.1753756e-02   6.4418935e-02   1.2942279e-03  -7.1692009e-04  -3.1202947e-03
   7.8743173e-02   6.7682543e-02   8.0446344e-02   1.2285436e-03  -7.1599394e-04  -3.1848647e-03
   8.0083340e-02   6.6551877e-02   6.7148303e-02   1.1651298e-03  -8.2418449e-04  -3.4575394e-03
   8.3794852e-02   7.2355331e-02   3.6906039e-02   1.0903380e-03  -9.8650054e-04  -3.6487669e-03
   9.4723849e-02   6.4320138e-02   2.9961776e-02   8.9367534e-04  -1.2628412e-03  -3.8390749e-03
   9.4574448e-02   5.7710250e-02   5.9784153e-02   1.6301270e-03  -1.2893433e-03  -3.8809844e-03
   8.8193942e-02   6.7170593e-02   8.7652587e-02   1.9185017e-03  -1.3099906e-03  -3.9739946e-03
   6.9507709e-02   7.5422871e-02   4.3291451e-02   1.5897876e-03  -1.3759805e-03  -3.9735695e-03
   6.2484420e-02   7.2656716e-02   4.1961699e-02   1.7637020e-03  -1.3908833e-03  -4.0973935e-03
   6.2173825e-02   7.8603890e-02   9.9702344e-02   2.2962310e-03  -1.5084845e-03  -4.2960390e-03
   9.1304436e-02   7.5926254e-02   6.3223445e-02   1.4512641e-03  -1.7018246e-03  -4.5119966e-03
   9.5617946e-02   7.2622557e-02   8.1644001e-02   1.9211002e-03  -1.7025080e-03  -4.6406706e-03
   8.6241236e-02   1.1741136e-01   7.8846852e-02   2.6206008e-03  -1.6491023e-03  -4.1920841e-03
   5.7193048e-02   1.2015539e-01   2.5952647e-02   2.2563670e-03  -1.5288238e-03  -3.3836260e-03
   4.2495715e-02   7.1172545e-02   6.1164282e-02   2.0658378e-03  -1.4973311e-03  -2.6534853e-03
   1.6151506e-02   8.3633197e-02   2.5280066e-02   1.4911740e-03  -1.5423993e-03  -3.2584864e-03
   3.6335377e-02   5.3595795e-02   6.4316726e-02   1.2949882e-03  -1.0184142e-03  -3.1021540e-03
   6.0483784e-02  -1.9760303e-02   4.2445621e-02   1.2378385e-04  -7.4550674e-04  -3.1911309e-03
   8.2438973e-02   1.1819703e-03  -4.5692072e-02  -4.0620381e-04  -1.0266150e-03  -3.8558200e-03
   7.6059813e-02   4.8608028e-02  -3.8700878e-02  -4.0785060e-04  -1.4710488e-03  -3.6778967e-03
   8.8019547e-02   7.4715550e-02  -1.8136324e-02  -1.0138415e-04  -1.4754305e-03  -3.9423454e-03
   1.0099451e-01   5.9950489e-02   6.4597834e-02   6.3447947e-04  -1.6716669e-03  -4.1850107e-03
   1.1019003e-01   4.0973862e-02   7.5881814e-02   6.3047159e-04  -1.7038754e-03  -4.2527273e-03
   1.2497017e-01   5.5895031e-02   6.4347384e-02   5.2021511e-04  -1.5885746e-03  -4.5116259e-03
   1.2758396e-01   5.9431412e-02   4.6852371e-02   1.1818813e-03  -1.7636321e-03  -4.7267507e-03
   1.0937939e-01   4.5582539e-02  -2.0771714e-02   1.1034397e-05  -2.3134301e-03  -4.6727005e-03
   1.1230624e-01   4.4089085e-02   3.6889921e-02   1.0364228e-03  -2.2811890e-03  -4.8366814e-03
   1.1885024e-01   3.1230986e-02   3.8449666e-02   7.6636070e-04  -2.3769404e-03  -4.9128089e-03
   1.2080767e-01   4.1392642e-02   2.6236953e-02   7.6649698e-04  -2.4133224e-03  -4.9112840e-03
   1.2742274e-01   3.3930870e-02  -7.2912351e-05   9.1666568e-04  -2.5698615e-03  -5.0477210e-03
   9.6874316e-02   4.7695768e-02  -8.4678202e-03   1.0916371e-03  -2.7680947e-03  -4.7218933e-03
   9.4081972e-02   5.8813670e-02   2.8314953e-02   1.4425440e-03  -3.1662356e-03  -4.8309104e-03
   1.0082369e-01   5.4486288e-02   4.9170701e-02   1.8373796e-03  -2.9546065e-03  -5.0599756e-03
   1.0468262e-01   3.4294564e-02  -9.6263675e-04   1.2740899e-03  -3.2299657e-03  -4.5929525e-03
   1.1084402e-01   2.7527159e-02   3.9564399e-02   1.6935867e-03  -3.1636937e-03  -4.9313177e-03
   9.5861894e-02   2.9315148e-02   8.9158693e-02   2.5830692e-03  -3.2581910e-03  -4.6688196e-03
   9.1088855e-02   2.4101908e-02   6.8524033e-02   1.7660036e-03  -3.3970518e-03  -4.6368850e-03
   7.2950437e-02   4.7092439e-02   8.2244500e-03   3.4159024e-04  -3.3919561e-03  -4.1852073e-03
   6.6430896e-02   3.4350072e-02  -3.2544563e-03   1.4477553e-03  -3.3901355e-03  -3.9013928e-03
   9.1086231e-02   3.8107716e-02   7.1111351e-02   1.4810169e-03  -3.2874733e-03  -4.2601552e-03
   5.2833085e-02   2.9779766e-02  -7.3950340e-02   2.0604876e-04  -3.4392828e-03  -3.8831735e-03
   5.8386576e-02   1.9071011e-02  -1.0475108e-02   8.4071119e-04  -3.1536302e-03  -3.7139966e-03
   5.2219897e-02  -4.9863389e-03   1.5820778e-02   1.0011756e-03  -3.2753182e-03  -4.8151787e-03
   6.8114309e-02  -1.2564355e-02   1.1533310e-02   3.1580601e-04  -2.9895661e-03  -4.5888696e-03
   8.2059859e-02  -1.8712450e-02  -2.6920336e-02   3.5456630e-04  -3.0178199e-03  -4.9329727e-03
   7.5241097e-02   3.1562467e-03  -6.2908080e-02   3.6031184e-04  -3.2987270e-03  -5.0081495e-03
   7.4467820e-02   3.1960112e-02   1.4896436e-02   1.2069341e-03  -3.5142266e-03  -4.8679483e-03
   8.1357858e-02   2.0007486e-02   8.5448514e-02   1.6750318e-03  -3.5169955e-03  -4.9058910e-03
   4.8309311e-02   8.4610039e-03   3.6718610e-02   1.3519182e-03  -3.5751287e-03  -4.9995979e-03
   5.4463053e-02   1.7639415e-03   1.4299455e-02   1.0781663e-03  -3.3131957e-03  -4.9948959e-03
   8.8256571e-02   1.5950916e-03   4.6330797e-02   1.1890851e-03  -3.4740510e-03  -5.2155126e-03
   7.5075769e-02   1.2161858e-02   4.2882843e-02   1.4924586e-03  -3.5536650e-03  -5.1278720e-03
   7.9888036e-02   1.7323975e-02  -3.7976841e-04   1.2234409e-03  -3.5535358e-03  -5.0455481e-03
   7.7007023e-02   4.4540621e-02   1.2162340e-02   1.4977256e-03  -3.8811677e-03  -5.0361533e-03
   8.1532311e-02   2.4307107e-02   8.8774936e-03   1.5963414e-03  -4.0097901e-03  -5.1623656e-03
   6.9463937e-02   4.0923053e-02   3.6191692e-02   1.7558486e-03  -3.9801908e-03  -4.9826441e-03
   8.7576527e-02   4.7551662e-02   3.6902278e-03   1.2476529e-03  -3.8342082e-03  -5.3104927e-03
   6.8571204e-02   4.9414973e-02  -2.2915638e-02   1.3345137e-03  -4.2645540e-03  -5.1706546e-03
   7.7496450e-02   5.4023514e-02   4.6014002e-02   1.9977282e-03  -4.5642111e-03  -5.4650591e-03
   7.2988428e-02   3.7663203e-02   6.7145629e-02   1.9564884e-03  -4.5259040e-03  -5.6376179e-03
   7.0203415e-02   5.1632412e-02   1.2761615e-02   1.5539348e-03  -4.9547873e-03  -5.6087063e-03
   5.0221050e-02   2.9044390e-02   2.4353216e-02   8.3170622e-04  -5.3529228e-03  -5.0182645e-03
  -2.1050040e-03  -9.7799914e-03  -6.6302727e-02   1.4526364e-03  -5.8042511e-03  -4.4959856e-03
   7.0551750e-03   1.0925902e-01  -5.3573308e-02   2.0290749e-03  -5.2211273e-03  -4.5437266e-03
   6.9090013e-04   4.8055158e-02   7.1028351e-02   2.4339371e-03  -5.5002163e-03  -4.4112023e-03
   2.5677402e-03   3.0393593e-02   1.3299700e-02   1.7661341e-03  -5.7221617e-03  -4.8024215e-03
   3.7986961e-02   2.2799070e-02   9.4114137e-02   1.5550801e-03  -5.5748799e-03  -5.1433320e-03
   6.6196052e-02  -2.3213880e-02   1.2256791e-01   1.3848704e-03  -5.3726792e-03  -5.3278791e-03
   7.7847790e-02  -3.7168164e-02   4.2447867e-02   1.1282038e-03  -5.2330800e-03  -5.7077440e-03
   7.1397407e-02   2.1941164e-02   3.6119443e-03   1.4236080e-03  -5.6260972e-03  -5.4253057e-03
   6.2801617e-02   6.3425224e-02   6.1785317e-02   2.5126075e-03  -5.6736735e-03  -5.4754697e-03
   4.8562685e-02   3.4940521e-02   9.3884377e-02   1.5621949e-03  -5.7212229e-03  -5.3497835e-03
   8.0001820e-02   1.7461002e-02   7.0511687e-02   1.5669895e-03  -5.4794906e-03  -5.6057817e-03
   7.4427240e-02   3.6406360e-02   2.3976099e-02   1.5603910e-03  -6.1589265e-03  -5.8066047e-03
   7.4976167e-02   4.4944781e-02   5.9389052e-02   2.1788779e-03  -5.8180044e-03  -5.7646401e-03
   6.2021695e-02   3.2444425e-02   8.6622639e-02   2.2350018e-03  -6.2873726e-03  -5.7175530e-03
   6.7765867e-02   3.9500710e-03   7.5029808e-02   2.1155127e-03  -5.9996935e-03  -5.5897979e-03
   8.0008315e-02   3.0367762e-02   8.0054750e-03   1.1312518e-03  -6.1442412e-03  -5.7428843e-03
   7.8677713e-02   3.0256751e-02   3.3900056e-02   1.9483435e-03  -5.9616082e-03  -5.9118950e-03
   6.4527514e-02   3.4608582e-02   9.4685902e-02   2.5906235e-03  -5.7940316e-03  -5.8952752e-03
   5.1332803e-02   1.1535152e-02   6.3853099e-02   1.8894933e-03  -6.2741231e-03  -5.3242127e-03
   4.3813880e-02   2.4541477e-02   1.9338429e-02   1.7506088e-03  -6.0915714e-03  -5.5929814e-03
   4.1436944e-02   6.7049637e-03   4.3922689e-02   2.1743316e-03  -6.2163593e-03  -5.6534537e-03
   2.9472120e-02   9.3728359e-03   4.3890007e-02   1.7901246e-03  -6.6504558e-03  -5.6345361e-03
   4.9014702e-02   2.3208302e-02   1.9992746e-03   1.7069433e-03  -6.6488681e-03  -5.6497000e-03
   2.9417626e-02   3.4381789e-02  -2.5800482e-02   1.3728374e-03  -6.4685449e-03  -5.4923274e-03
  -1.3187299e-02   4.8406650e-02   9.4813965e-02   2.3495747e-03  -6.0165941e-03  -4.8708874e-03
   2.9643117e-03   7.2251904e-02   1.0941467e-01   2.8309727e-03  -5.7175099e-03  -4.7690445e-03
   1.5568127e-02   8.9947528e-02  -5.6662536e-02   8.0137541e-04  -5.8818982e-03  -4.1820542e-03
   5.4314084e-02   6.3289099e-02   4.3806684e-02   1.5407954e-03  -5.7419278e-03  -4.0110296e-03
   4.1890473e-02   2.8792441e-02   1.0720890e-02   1.0891551e-03  -5.8246047e-03  -3.5796736e-03
   5.6357671e-02   2.5370131e-02  -8.6965897e-02   2.9765294e-04  -6.1183824e-03  -4.2693543e-03
   7.0670382e-02   3.4123289e-03  -1.0295519e-02   1.2391744e-03  -6.4420583e-03  -4.9490254e-03
   8.6442327e-02   3.4933329e-02   6.9570455e-03   1.4979217e-03  -6.8042477e-03  -5.4446736e-03
   9.7679953e-02   4.3448756e-02   2.0552968e-02   1.7537954e-03  -6.7678932e-03  -5.5314262e-03
   8.7448313e-02   4.4129159e-02  -3.1646950e-02   1.2659299e-03  -7.3009174e-03  -5.4969784e-03
   8.2773368e-02   4.2189612e-02   2.2555094e-02   2.1606276e-03  -7.1722610e-03  -5.4518961e-03
   7.8818971e-02   3.2623353e-02   8.9512153e-02   2.1896189e-03  -7.0345454e-03  -5.4462615e-03
   4.8079902e-02   2.3212355e-03   4.5002870e-02   2.5045078e-03  -7.2655285e-03  -5.5693083e-03
   6.5628297e-02   2.5837311e-03  -3.7977393e-03   1.4296799e-03  -7.2665670e-03  -5.8464129e-03
   6.9852529e-02   6.7782364e-03   1.6174175e-02   1.9085766e-03  -7.5497475e-03  -6.0398408e-03
   6.7866258e-02   2.4090542e-02   6.6544820e-03   1.9808450e-03  -7.8097171e-03  -6.0020412e-03
   6.4558858e-02   4.8242650e-02   6.9725182e-03   1.8784916e-03  -7.8384251e-03  -6.0444424e-03
   5.4398741e-02   4.5167547e-02  -1.3796334e-02   1.7128346e-03  -7.8598349e-03  -5.9886737e-03
   5.5443354e-02   4.6623919e-02  -1.9351287e-02   2.3570018e-03  -7.9338744e-03  -6.2171284e-03
   7.5486818e-02   6.3752373e-02   2.4230803e-02   2.6643996e-03  -7.8779999e-03  -6.2900441e-03
   7.9237455e-02   2.2956440e-02  -1.6147797e-02   1.7272074e-03  -8.2334573e-03  -6.2669996e-03
   6.8959157e-02   4.1780830e-02  -4.1282808e-02   1.9330384e-03  -8.2419820e-03  -6.3203919e-03
   5.9459420e-02   6.1116341e-02  -5.4131221e-02   1.8219428e-03  -8.1277702e-03  -6.2940194e-03
   5.4929507e-02   6.3468997e-02  -3.1748962e-02   2.4937678e-03  -8.3454724e-03  -6.1972622e-03
   4.7764802e-02   9.5435324e-02   1.0663249e-01   3.3736175e-03  -8.0997061e-03  -6.0066691e-03
   3.3600102e-02   5.6734137e-02  -1.2058070e-02   1.8738052e-03  -8.2470617e-03  -5.7044024e-03
   2.1432004e-02   5.6111228e-02  -2.0869400e-02   2.0930957e-03  -8.6693049e-03  -5.4582428e-03
   3.8721433e-02   1.2443382e-02   4.9225486e-02   2.6081147e-03  -8.2844289e-03  -5.4193248e-03
   8.8177560e-03   1.1371498e-02  -3.4721718e-02   2.3636851e-03  -8.5890201e-03  -5.0471122e-03
   2.6732467e-02   1.0062772e-02  -4.0223917e-02   1.6085412e-03  -8.6492785e-03  -4.8084317e-03
