   0.0000000e+00   0.0000000e+00   0.0000000e+00   0.0000000e+00   0.0000000e+00   0.0000000e+00
  -2.8990955e-03   1.2773965e-02   1.9770173e-02   7.3131524e-05  -2.3174089e-04  -2.9124755e-05
   2.7384339e-03  -2.1853268e-02   5.2775774e-02   4.5600184e-04  -1.5994744e-04  -9.6995209e-05
   3.6943237e-03  -2.3135110e-02   9.1423452e-02   7.9110981e-04   1.1231841e-04  -3.2937615e-04
   1.5794063e-02   1.2523016e-02   1.0712885e-01   7.7617090e-04  -7.9775752e-05  -4.4299529e-04
   4.0778336e-03  -2.2479925e-02   5.2906623e-02   6.1838315e-04  -4.3045391e-04  -3.9686073e-04
   2.1258419e-02  -9.5525556e-03   5.8233134e-02   3.5100082e-04  -7.5552175e-05  -4.4489528e-04
   4.4873031e-02   2.8925547e-03   7.0858930e-02   4.5465713e-04  -2.1976532e-05  -8.8091893e-04
   5.0784490e-02  -3.5119293e-03   4.1473942e-02   3.1965366e-04  -3.5975527e-05  -7.2428029e-04
   5.4394168e-02  -2.3516019e-02   4.0840982e-02   2.8560965e-04   4.2035978e-05  -5.7102501e-04
   6.2721408e-02   7.0675692e-03   4.3102199e-02   4.8226416e-04  -1.7146510e-04  -6.3923471e-04
   7.6780172e-02   2.6807195e-02   5.7640307e-02   7.2981516e-04  -2.1526506e-04  -8.7069571e-04
   7.4611768e-02   2.3748150e-02   4.2858066e-02   8.2798727e-04  -2.6904747e-04  -7.2463355e-04
   7.5980476e-02   1.4009007e-02   5.6719912e-02   8.3568467e-04  -1.8801658e-04  -6.8426642e-04
   9.0896581e-02   4.8663327e-02   8.5839572e-02   1.0412440e-03  -2.1087741e-04  -8.7896567e-04
   1.0756999e-01   4.6360453e-02   1.0107452e-01   1.2537348e-03  -8.1647546e-05  -1.0231362e-03
   1.0560597e-01   4.7619699e-03   6.5796432e-02   1.0704261e-03  -2.9007598e-05  -9.1720886e-04
   1.1191677e-01   1.3446035e-02   1.0530638e-01   1.2493120e-03  -1.6109731e-04  -1.2385375e-03
   1.0973655e-01   4.4633132e-02   1.2872520e-01   1.3867496e-03  -1.6087756e-04  -1.3568910e-03
   1.1416437e-01   3.0102083e-02   1.0601849e-01   1.1987222e-03  -2.1828311e-04  -1.5861440e-03
   1.1255352e-01  -1.5776751e-02   1.3551411e-01   1.5243134e-03  -1.5873162e-04  -1.5271624e-03
   1.2527196e-01   4.1990485e-02   9.6620031e-02   1.1412399e-03  -4.2505127e-04  -1.7678850e-03
   1.1702547e-01   2.5958434e-02   1.0757273e-01   1.4485280e-03  -7.0061279e-04  -1.7297930e-03
   1.3326766e-01  -2.8220017e-02   1.4819187e-01   1.6583280e-03  -9.3984881e-04  -1.8940135e-03
   1.4372723e-01   1.6330073e-02   1.7352291e-01   2.1939319e-03  -9.4299052e-04  -2.4161279e-03
   1.3505087e-01   3.4074585e-02   1.5478562e-01   2.5914676e-03  -1.1486558e-03  -2.7349015e-03
   1.3927209e-01  -2.3282927e-02   1.6299941e-01   2.1059447e-03  -1.5433015e-03  -2.7198820e-03
   1.5114451e-01   5.7959874e-02   2.0048854e-01   2.5735727e-03  -1.4115066e-03  -2.8610243e-03
   1.5429017e-01  -3.6637459e-02   1.4699384e-01   1.6547550e-03  -1.2194377e-03  -2.5800464e-03
   1.5496354e-01   2.0584440e-02   2.2897899e-01   2.5422545e-03  -1.0628431e-03  -2.5342773e-03
   1.5735324e-01   1.0181512e-02   1.9174007e-01   2.6196854e-03  -3.3695717e-04  -2.4566491e-03
   1.6915245e-01  -3.1215846e-02   1.8076229e-01   2.0964542e-03  -7.2807459e-04  -2.5488751e-03
   1.8063610e-01   3.4663521e-02   2.3039197e-01   2.4385855e-03  -6.8092328e-04  -2.6695552e-03
   1.8242306e-01   6.3141742e-02   2.3009434e-01   2.4596966e-03  -6.8256299e-04  -2.7183058e-03
   1.7837621e-01  -6.1283138e-03   2.2666235e-01   2.4734860e-03  -6.1398387e-04  -2.5337388e-03
   1.7849142e-01  -4.1806201e-03   2.8307081e-01   2.6316510e-03  -6.4526261e-04  -2.6763170e-03
   1.8228730e-01   1.7309554e-02   2.7418869e-01   2.5492726e-03  -6.3560607e-04  -2.6921487e-03
   1.8457143e-01  -2.3586574e-03   2.6965427e-01   2.6876088e-03  -7.5173420e-04  -2.8361805e-03
   1.8290284e-01  -3.0508950e-03   3.2167471e-01   2.7407993e-03  -7.9307284e-04  -3.0108319e-03
   1.9062354e-01   5.9598965e-02   3.7865484e-01   3.1351054e-03  -1.0817477e-03  -3.5056210e-03
   2.0167756e-01   3.0902818e-02   3.9589599e-01   3.2133350e-03  -1.1951919e-03  -3.7831964e-03
   2.1198875e-01   4.4744373e-03   4.3079203e-01   3.6884199e-03  -1.2081403e-03  -4.1707774e-03
   2.1855839e-01   4.5862470e-02   4.1196388e-01   3.5859723e-03  -1.5423990e-03  -4.1645283e-03
   2.3006791e-01   3.9252508e-02   4.3217011e-01   3.9198859e-03  -1.4018645e-03  -4.4240494e-03
   2.2275193e-01   3.2872850e-02   4.0763677e-01   3.5911116e-03  -1.3661779e-03  -4.5602852e-03
   2.3565477e-01   2.8643481e-02   4.1821303e-01   3.7773505e-03  -1.4448800e-03  -5.0792017e-03
   2.5484288e-01   5.3653236e-02   4.0654039e-01   3.5893999e-03  -1.5084726e-03  -5.3846928e-03
   2.6775931e-01   6.0021031e-02   4.3415332e-01   3.8106528e-03  -1.0909101e-03  -5.5964107e-03
   2.6992735e-01   2.7999570e-02   3.8627099e-01   3.1354927e-03  -1.0628389e-03  -5.5170914e-03
   2.8248704e-01   3.2231185e-02   4.2477617e-01   3.0781808e-03  -1.2064308e-03  -5.6936773e-03
   2.0860273e-01   8.0828962e-03   2.1324226e-01   2.5579767e-03  -3.0326000e-03  -4.5651984e-03
   1.2658402e-01   8.3458478e-02   2.4754690e-01   7.0371763e-04  -3.7089228e-03  -4.2929380e-03
   1.4484824e-01   1.1919245e-01   3.5473556e-01   1.1477645e-03  -2.7202026e-03  -5.1172722e-03
   1.2850287e-01   5.6843058e-02   2.5810143e-01   5.7507973e-04  -2.4095158e-03  -4.7587214e-03
   1.5158370e-01   4.8836119e-02   3.2466837e-01   6.7169924e-04  -2.5523855e-03  -4.9911592e-03
   1.3068442e-01   1.0279660e-01   2.4489788e-01  -7.8051245e-04  -1.7076766e-03  -3.9989532e-03
   1.1731785e-01   7.3537509e-02   2.6665840e-01  -3.6408736e-04  -1.5471600e-03  -4.0292900e-03
   1.1502834e-01   7.4959022e-02   3.3021749e-01  -1.9336405e-05  -1.4159033e-03  -3.8563338e-03
   1.2958424e-01   1.1567988e-01   4.5368583e-01   8.8979058e-04  -1.0757086e-03  -4.5130657e-03
   1.3900132e-01   4.4056871e-02   4.6944893e-01   5.9182752e-04  -9.5852298e-04  -4.8066597e-03
   1.4471571e-01   6.8491911e-02   5.3029286e-01   1.0227126e-03  -1.0493203e-03  -4.8305562e-03
   1.6303647e-01   7.2789792e-02   5.7136687e-01   1.2426983e-03  -1.2061597e-03  -5.1739389e-03
   1.7872714e-01   8.2962261e-02   5.8988375e-01   1.3970832e-03  -1.1854436e-03  -5.1214349e-03
   1.7753535e-01   4.7429429e-02   5.6877040e-01   1.2859120e-03  -1.0104941e-03  -4.8140167e-03
   1.9314863e-01   5.1010065e-02   6.1282142e-01   1.3983428e-03  -9.4710663e-04  -4.8050098e-03
   2.0243667e-01   7.4927113e-02   5.9991053e-01   1.3232520e-03  -6.5912448e-04  -4.8508207e-03
   2.1177227e-01   6.7824650e-02   5.8660534e-01   1.2275499e-03  -7.1296454e-04  -4.8079157e-03
   2.1363199e-01   5.5962797e-02   5.5308089e-01   1.3368548e-03  -7.9553887e-04  -4.7505490e-03
   2.2344966e-01   6.2728375e-02   5.6792820e-01   1.2097486e-03  -6.6568306e-04  -4.9441298e-03
   2.2907278e-01   7.6777229e-02   5.8164668e-01   1.7146884e-03  -6.2613627e-04  -4.9459064e-03
   2.1853698e-01   5.9183100e-02   5.5116251e-01   1.3368898e-03  -8.1204833e-04  -4.8050044e-03
   2.1902046e-01   3.6362823e-02   5.5260747e-01   1.6074432e-03  -8.6734303e-04  -4.8976822e-03
   2.3101751e-01   9.9041469e-02   5.2921212e-01   1.0858206e-03  -9.1223861e-04  -5.1143761e-03
   2.1733678e-01   6.6299884e-02   5.1132696e-01   1.7053848e-03  -1.0206593e-03  -5.0814181e-03
   1.9169284e-01   6.6637332e-02   5.0491077e-01   1.4250508e-03  -9.2584761e-04  -4.8334097e-03
   2.0797349e-01   1.4681048e-01   4.7958606e-01   7.6472667e-04  -1.0764692e-03  -4.9772526e-03
   2.0448658e-01   8.4846918e-02   4.7265509e-01   1.1217884e-03  -1.1928438e-03  -4.9889664e-03
   2.0732743e-01   8.1026705e-02   4.5600702e-01   1.3397532e-05  -1.4072120e-03  -4.8663269e-03
   2.1058533e-01   1.2168726e-01   4.8259501e-01   5.2263491e-04  -1.5476642e-03  -4.9688899e-03
   2.0999764e-01   6.5845957e-02   4.5107945e-01   4.5596691e-04  -1.6758980e-03  -4.8744491e-03
   2.1966417e-01   8.2022546e-02   5.0449838e-01   8.6153038e-04  -1.3491449e-03  -5.2913608e-03
   2.2486490e-01   1.0714009e-01   5.1485145e-01   1.0180490e-03  -1.4118843e-03  -5.2332939e-03
   2.2182041e-01   9.5011654e-02   5.2955466e-01   1.1972631e-03  -1.2329301e-03  -5.1724176e-03
   2.1291336e-01   6.9166157e-02   5.1430873e-01   8.5621314e-04  -1.3837610e-03  -5.0725048e-03
   2.1276549e-01   7.9582606e-02   5.6036886e-01   1.1667993e-03  -1.2012684e-03  -5.1314870e-03
   2.3340446e-01   1.0567084e-01   5.7352018e-01   1.2229939e-03  -1.3439235e-03  -5.2177638e-03
   2.3549753e-01   1.1957590e-01   5.4560982e-01   1.2106840e-03  -1.3441983e-03  -5.2248030e-03
   2.3507035e-01   9.6506660e-02   5.2766714e-01   1.2533839e-03  -1.4702761e-03  -5.2568209e-03
   2.5628747e-01   1.0575085e-01   5.3871494e-01   1.1196764e-03  -1.6686559e-03  -5.1857967e-03
   2.6172624e-01   1.2233986e-01   5.1062414e-01   1.1450286e-03  -1.5659673e-03  -5.1234456e-03
   2.7022919e-01   1.1791580e-01   5.1281220e-01   1.4333569e-03  -1.5688700e-03  -5.2466692e-03
   2.7815983e-01   1.5010768e-01   5.1292146e-01   1.2887779e-03  -1.3953544e-03  -5.2518222e-03
   2.7460557e-01   1.2381114e-01   5.2881342e-01   1.6142143e-03  -1.5275686e-03  -5.2305508e-03
   2.7525213e-01   9.9370964e-02   4.9697101e-01   1.4589870e-03  -1.6641006e-03  -5.0957420e-03
   2.8080566e-01   1.0854737e-01   5.4805749e-01   1.4286435e-03  -1.3442672e-03  -5.0710419e-03
   2.8984204e-01   1.2531146e-01   5.7734107e-01   1.7950802e-03  -1.2644352e-03  -5.0764168e-03
   2.8398983e-01   1.0564172e-01   5.4532927e-01   1.7151654e-03  -1.1184232e-03  -5.0090334e-03
   2.9767047e-01   6.4358217e-02   5.3287357e-01   1.5425896e-03  -1.4944017e-03  -4.9685297e-03
   2.7930842e-01   8.3688962e-02   5.8612647e-01   1.7618232e-03  -1.1792685e-03  -4.8706100e-03
   2.3144975e-01   1.1196917e-01   5.0387932e-01   1.1368007e-03  -1.7695809e-03  -4.1861345e-03
   2.1499121e-01  -5.0079479e-03   3.5838896e-01   6.6947268e-04  -2.8123862e-03  -2.9684512e-03
   2.0987011e-01   1.2878358e-01   3.3093625e-01  -5.4810026e-04  -2.7567487e-03  -3.1750836e-03
   2.1793079e-01   9.0253764e-02   4.1935342e-01  -2.2110606e-04  -2.8172312e-03  -3.4947341e-03
   2.0398643e-01   1.1062790e-01   4.2456878e-01  -5.2097981e-04  -2.4705952e-03  -3.6066171e-03
   2.2125829e-01   2.2787110e-02   4.0444041e-01  -2.3680340e-04  -2.5267292e-03  -3.5295054e-03
   2.3686669e-01   6.7171773e-02   4.4458342e-01  -2.8909302e-04  -2.3015871e-03  -3.7553251e-03
   2.4648147e-01   9.8196262e-02   4.5229062e-01   1.9587556e-04  -2.2797995e-03  -3.8967567e-03
   2.4428983e-01   9.9844049e-02   4.3827149e-01   1.9907487e-04  -2.3596177e-03  -3.8142788e-03
   2.5316719e-01   1.0716737e-01   4.7708263e-01   5.1628042e-04  -2.4935557e-03  -4.0036798e-03
   2.5727663e-01   1.3277701e-01   5.1943052e-01   7.6581261e-04  -2.2997569e-03  -4.0382805e-03
   2.5195782e-01   1.3310834e-01   5.1008306e-01   9.8611051e-04  -2.3549943e-03  -3.9496133e-03
   2.5466779e-01   1.1428114e-01   4.8700503e-01   7.7972707e-04  -2.3150556e-03  -3.8816988e-03
   2.6828278e-01   1.0450680e-01   4.9178922e-01   6.9616444e-04  -2.3676370e-03  -3.9384482e-03
   2.7479452e-01   1.3231050e-01   5.4297512e-01   1.1384091e-03  -2.0860444e-03  -4.1334782e-03
   2.7455895e-01   1.2317402e-01   5.0008529e-01   1.0384670e-03  -2.3046530e-03  -4.0856468e-03
   2.7099132e-01   6.1018097e-02   5.5455306e-01   1.2749739e-03  -2.4094860e-03  -4.1267708e-03
   2.6399106e-01   1.2488256e-01   5.7936524e-01   1.2995180e-03  -2.7249902e-03  -4.2851161e-03
   2.7542397e-01   1.1714426e-01   5.3945070e-01   1.2007211e-03  -2.3865632e-03  -4.4830025e-03
   2.7354016e-01   1.0419385e-01   5.4083817e-01   1.2438519e-03  -2.4321782e-03  -4.7599051e-03
   2.7618830e-01   9.9452109e-02   5.4646258e-01   8.2393260e-04  -2.5038091e-03  -4.7315662e-03
   2.8946920e-01   1.2503476e-01   5.6424796e-01   1.0916983e-03  -2.6145899e-03  -4.7231985e-03
   2.8157855e-01   1.4246134e-01   5.2476663e-01   9.6015267e-04  -2.5755552e-03  -4.6298892e-03
   2.8586522e-01   1.1868274e-01   5.2258195e-01   1.1749216e-03  -2.7179581e-03  -4.6007350e-03
   2.7961668e-01   1.2573918e-01   5.0849778e-01   9.7171846e-04  -2.9634914e-03  -4.4971514e-03
   2.9572425e-01   1.4502052e-01   5.3520326e-01   1.3059414e-03  -2.7519208e-03  -4.7150800e-03
   2.7715119e-01   1.5352996e-01   5.1105428e-01   1.1986252e-03  -2.3831897e-03  -4.6857925e-03
   2.4569214e-01   1.3558445e-01   4.4975761e-01   2.3429794e-04  -2.7037683e-03  -4.3424695e-03
   2.4426029e-01   1.1124023e-01   5.1461483e-01   7.4130594e-04  -2.2139962e-03  -4.6392644e-03
   2.5123196e-01   1.2950398e-01   4.7218418e-01   2.0799225e-03  -1.5574497e-03  -5.0654516e-03
