   0.0000000e+00   0.0000000e+00   8.8817842e-16   0.0000000e+00   0.0000000e+00   0.0000000e+00
  -1.8628248e-03   7.6979500e-02  -1.6899720e-01  -4.1449643e-03  -2.0230945e-04   1.5982663e-04
   1.1832930e-02   1.0044676e-01  -2.8658291e-01  -5.8335371e-03   2.6335561e-04  -2.1492605e-04
   6.1182003e-03   1.2426217e-01  -2.7788876e-01  -7.8330213e-03   1.1358926e-03  -3.3978235e-04
   2.6727467e-02   8.5987144e-02  -5.5092442e-01  -1.0567454e-02   1.3505854e-03  -2.8154318e-04
   1.2342414e-01   9.5320637e-02  -7.0205101e-01  -1.1716586e-02   1.4497090e-03  -1.7049991e-03
   5.7552723e-02   3.2184704e-01  -8.2792729e-01  -1.8314876e-02   3.6981721e-03  -2.7648639e-03
   2.8962301e-02   3.3706649e-01  -8.9589028e-01  -1.9998815e-02   4.3716455e-03  -2.7443896e-03
   1.4714798e-02   3.3597266e-01  -8.4913077e-01  -1.9426847e-02   4.5047345e-03  -2.6044641e-03
   1.1513024e-02   3.4514475e-01  -9.1724357e-01  -2.0347193e-02   4.5600612e-03  -2.6666068e-03
   4.2736743e-03   3.2439583e-01  -7.8277591e-01  -1.9272086e-02   4.6792712e-03  -2.6721893e-03
   1.0422091e-03   3.3762734e-01  -8.4122177e-01  -2.0012016e-02   4.7832500e-03  -2.8067152e-03
  -7.2383246e-03   3.8508501e-01  -9.0130678e-01  -2.0761955e-02   4.5566858e-03  -2.7547494e-03
  -1.5195584e-02   3.4842022e-01  -9.2611470e-01  -2.0995280e-02   4.8765652e-03  -2.5720359e-03
  -1.5291523e-02   3.6153980e-01  -9.0085902e-01  -2.0801438e-02   4.8514735e-03  -2.5702668e-03
   9.6089249e-03   4.0612073e-01  -9.2794438e-01  -2.1635928e-02   4.8833194e-03  -3.0601669e-03
  -2.5214128e-03   3.7235547e-01  -9.0764445e-01  -2.1266038e-02   4.9013658e-03  -2.9267801e-03
  -1.9540153e-03   3.4916549e-01  -8.9506596e-01  -2.1399125e-02   4.8216527e-03  -2.8114916e-03
  -7.4731727e-03   4.1494613e-01  -9.2559494e-01  -2.1869980e-02   4.9362810e-03  -2.8915849e-03
  -1.5173994e-02   3.9459405e-01  -9.8452791e-01  -2.2207342e-02   4.8880385e-03  -2.7052628e-03
  -2.8779321e-02   3.7622861e-01  -9.3798827e-01  -2.1117455e-02   4.8906376e-03  -2.5431690e-03
  -2.5832366e-02   3.9622684e-01  -9.4759550e-01  -2.1712505e-02   4.6594081e-03  -2.6274879e-03
  -3.0266816e-02   4.1621015e-01  -9.0704738e-01  -2.1201268e-02   4.7401617e-03  -2.5030491e-03
  -1.3664955e-02   4.1240057e-01  -9.7693699e-01  -2.2908079e-02   4.9211913e-03  -2.9038996e-03
  -4.1765257e-02   3.4469196e-01  -8.4292629e-01  -2.0520289e-02   5.0033210e-03  -2.0454475e-03
   2.3450903e-02   5.3181652e-01  -1.1963361e+00  -2.9494496e-02   5.5214435e-03  -3.7990012e-03
   1.2097909e-02   7.2129264e-01  -1.3295022e+00  -3.3806213e-02   4.5292679e-03  -4.3923025e-03
  -7.2386474e-02   4.6443438e-01  -1.0395495e+00  -2.6606347e-02   6.0853957e-03  -2.0112769e-03
  -1.9183871e-02   5.6179081e-01  -1.0941680e+00  -3.0127932e-02   5.6866662e-03  -3.0886767e-03
  -2.3559209e-02   6.1591027e-01  -1.0386710e+00  -3.0796371e-02   5.1254383e-03  -2.7161092e-03
  -2.4386301e-03   6.4474799e-01  -1.1376883e+00  -3.3425351e-02   5.5656471e-03  -3.8210681e-03
  -2.4187828e-02   6.7571661e-01  -9.6760398e-01  -3.3271557e-02   5.9038462e-03  -3.8943022e-03
  -3.2739594e-02   6.9648338e-01  -1.0175213e+00  -3.4061094e-02   5.9837750e-03  -3.9806300e-03
  -4.6165014e-02   6.4318556e-01  -9.7047418e-01  -3.2928732e-02   5.9923641e-03  -3.7706463e-03
  -4.9684093e-02   6.2471739e-01  -9.8929813e-01  -3.3872101e-02   6.2364469e-03  -3.8873940e-03
  -4.8442229e-02   6.9086632e-01  -9.5251835e-01  -3.3188130e-02   6.1343104e-03  -3.8885506e-03
  -5.1345840e-02   6.3355385e-01  -9.7780487e-01  -3.3857258e-02   6.2472282e-03  -3.7932794e-03
  -6.0831923e-02   6.6935648e-01  -9.5355859e-01  -3.3778581e-02   6.4888693e-03  -3.9692996e-03
  -5.3898658e-02   6.8779142e-01  -1.0235332e+00  -3.4222736e-02   6.3582759e-03  -3.9496355e-03
  -4.2993635e-02   6.4545692e-01  -9.4132195e-01  -3.3578890e-02   6.5260986e-03  -4.1927533e-03
  -3.1912339e-02   7.1023258e-01  -9.9008272e-01  -3.4404278e-02   6.5052818e-03  -4.4354197e-03
  -3.8545770e-02   6.5998230e-01  -9.3918994e-01  -3.3580972e-02   6.5754142e-03  -4.2404114e-03
  -4.3415016e-02   6.6679926e-01  -9.8590730e-01  -3.4490608e-02   6.4067873e-03  -4.2399480e-03
  -5.7544323e-02   7.0296735e-01  -9.7528154e-01  -3.3791687e-02   6.4148549e-03  -4.0838987e-03
  -5.8716369e-02   6.8791573e-01  -1.0172372e+00  -3.4612935e-02   6.5135764e-03  -4.1129616e-03
  -6.7683865e-02   6.9717116e-01  -9.5989085e-01  -3.4170038e-02   6.4957504e-03  -4.1718518e-03
  -7.7183620e-02   7.2834477e-01  -1.0539705e+00  -3.5170019e-02   6.5937637e-03  -3.9641601e-03
  -7.3095519e-02   6.7042196e-01  -9.6006741e-01  -3.3409608e-02   6.4989194e-03  -3.8242081e-03
  -6.7365432e-02   7.2975566e-01  -1.0619515e+00  -3.5573407e-02   6.5587775e-03  -3.9065138e-03
  -6.8917700e-02   6.8394234e-01  -9.3406910e-01  -3.2877084e-02   6.5515865e-03  -3.7955390e-03
   2.2168321e-02   8.4345688e-01  -1.5188972e+00  -4.6336512e-02   5.9095304e-03  -4.5430501e-03
  -1.7198701e-02   1.1097611e+00  -2.0393958e+00  -6.0636907e-02   3.2993767e-03  -2.1028115e-03
  -1.2365391e-02   1.0423562e+00  -1.8150803e+00  -5.4496335e-02   4.0505166e-03  -2.5595527e-03
  -2.7688939e-02   8.6954677e-01  -1.7553991e+00  -5.2333852e-02   5.0727941e-03  -2.6526112e-03
   4.4731929e-02   9.9420800e-01  -1.6681245e+00  -5.1432423e-02   4.8370816e-03  -4.3868054e-03
   3.4886601e-02   9.8341840e-01  -1.6194024e+00  -5.1800584e-02   6.0595364e-03  -5.4184500e-03
   1.6739752e-02   1.0195817e+00  -1.5680071e+00  -5.1259754e-02   6.3138456e-03  -5.4228906e-03
  -7.2398151e-04   9.7532622e-01  -1.6029675e+00  -5.1518302e-02   6.3503631e-03  -5.3377845e-03
   1.7835006e-03   9.8678095e-01  -1.5483654e+00  -5.1013010e-02   6.4352310e-03  -5.5205505e-03
  -1.2114106e-02   1.0033038e+00  -1.5546740e+00  -5.1196824e-02   6.5986867e-03  -5.4510016e-03
   1.0940249e-02   9.9297918e-01  -1.5752560e+00  -5.1581243e-02   6.3018655e-03  -5.6827387e-03
   4.4341676e-02   1.0197642e+00  -1.7122960e+00  -5.3440008e-02   6.4409434e-03  -5.9324366e-03
   2.9634438e-02   1.0306571e+00  -1.7122204e+00  -5.3023689e-02   6.1384511e-03  -5.6774827e-03
   1.6351910e-02   1.0298717e+00  -1.7172309e+00  -5.3303960e-02   6.3850237e-03  -5.6792267e-03
   4.0147488e-03   1.0418373e+00  -1.7095384e+00  -5.2570009e-02   6.4723124e-03  -5.3309870e-03
   1.2095993e-02   9.7773065e-01  -1.6470967e+00  -5.2134126e-02   6.1432273e-03  -5.4784184e-03
   1.6620911e-02   1.0234665e+00  -1.6247964e+00  -5.1665354e-02   6.0223923e-03  -5.5269881e-03
  -5.5174880e-03   9.5457050e-01  -1.6355022e+00  -5.1359982e-02   6.1888571e-03  -5.4649702e-03
  -1.5554063e-02   9.6377707e-01  -1.6032704e+00  -5.0949614e-02   6.4158057e-03  -5.3129804e-03
  -2.3725865e-02   1.0365194e+00  -1.6517193e+00  -5.1680119e-02   6.7859468e-03  -5.3781721e-03
  -7.5671199e-03   1.0202586e+00  -1.6772896e+00  -5.2165097e-02   6.4980100e-03  -5.3765513e-03
  -5.9767406e-02   9.6729084e-01  -1.5951253e+00  -5.1131351e-02   7.1606180e-03  -4.9030917e-03
  -6.2463120e-02   1.0624112e+00  -1.5755097e+00  -5.1615093e-02   7.0546596e-03  -4.9873534e-03
  -5.2906828e-02   1.0258725e+00  -1.5968440e+00  -5.1057467e-02   6.9693441e-03  -5.0435557e-03
  -4.2467778e-02   9.0543546e-01  -1.5336133e+00  -4.8562091e-02   6.3132771e-03  -4.6105209e-03
  -3.9026574e-02   9.4790309e-01  -1.5634840e+00  -4.8449087e-02   6.3000110e-03  -4.7927697e-03
  -3.6235633e-02   9.3675350e-01  -1.5463049e+00  -4.8084697e-02   6.2724914e-03  -4.8689469e-03
  -3.1822354e-03   9.8781470e-01  -1.6380160e+00  -5.0636191e-02   6.4923385e-03  -5.3728034e-03
  -1.3457108e-03   1.0352754e+00  -1.6997612e+00  -5.1458886e-02   6.7828349e-03  -5.3922134e-03
   8.1660752e-03   1.0334185e+00  -1.7392324e+00  -5.1855906e-02   6.8271734e-03  -5.7639904e-03
   1.4896745e-02   1.0545971e+00  -1.6810439e+00  -5.2492743e-02   7.0793071e-03  -6.1401826e-03
   2.2067474e-02   1.0402829e+00  -1.6717883e+00  -5.2959887e-02   7.4120296e-03  -6.2301455e-03
   1.4427209e-03   1.0608491e+00  -1.6715266e+00  -5.3029897e-02   7.6377495e-03  -6.0459180e-03
   1.1304959e-02   9.9273113e-01  -1.6129251e+00  -5.2395914e-02   7.6238431e-03  -6.2610593e-03
   9.6583506e-03   1.0578993e+00  -1.6265360e+00  -5.2878359e-02   7.6951168e-03  -6.3215501e-03
  -3.8864240e-03   1.0019658e+00  -1.6569726e+00  -5.2779885e-02   7.7318953e-03  -6.1408951e-03
  -1.0028100e-02   1.0057795e+00  -1.5953343e+00  -5.2366654e-02   7.6601611e-03  -6.1419488e-03
   9.3509331e-03   1.0329594e+00  -1.6215656e+00  -5.2164469e-02   7.5432896e-03  -6.6348983e-03
  -1.0870268e-02   1.0287887e+00  -1.6169087e+00  -5.2439933e-02   7.3984334e-03  -6.3639622e-03
  -3.2557546e-02   9.9441354e-01  -1.5857230e+00  -5.1942749e-02   7.6188266e-03  -6.1162109e-03
  -1.2040993e-02   1.0945525e+00  -1.6670507e+00  -5.3159566e-02   7.0193159e-03  -6.4289754e-03
  -1.4993539e-02   1.0102914e+00  -1.6763671e+00  -5.2679901e-02   7.5049680e-03  -6.5390307e-03
  -2.5240991e-02   1.0675947e+00  -1.6850364e+00  -5.2898607e-02   7.3325429e-03  -6.2496834e-03
  -2.1637759e-02   1.0637371e+00  -1.7078079e+00  -5.2107600e-02   7.4170755e-03  -6.3311566e-03
  -2.3753901e-03   1.0354795e+00  -1.6629242e+00  -5.2107962e-02   7.0364396e-03  -6.4025571e-03
  -1.9630389e-03   1.0258837e+00  -1.6484939e+00  -5.2206680e-02   7.5242723e-03  -6.5367810e-03
   8.9266808e-03   1.0501935e+00  -1.6735661e+00  -5.2316555e-02   7.0982303e-03  -6.2747426e-03
  -9.6185940e-03   9.7948998e-01  -1.6422954e+00  -5.1792784e-02   7.7355788e-03  -6.3833136e-03
  -1.2194532e-02   1.0152364e+00  -1.6447792e+00  -5.1942230e-02   6.8967621e-03  -5.7973471e-03
  -3.0657376e-02   9.8607505e-01  -1.6226135e+00  -5.0509674e-02   7.4164120e-03  -5.5459806e-03
  -1.2568843e-02   9.2029946e-01  -1.5617871e+00  -4.9432861e-02   6.4142153e-03  -4.9016876e-03
  -5.9092853e-06   9.8439696e-01  -1.6183368e+00  -5.0938104e-02   7.5592210e-03  -6.3822667e-03
  -4.0472006e-02   8.9712310e-01  -1.4632762e+00  -4.6576664e-02   2.2301811e-03  -1.4947775e-03
  -2.9605285e-01   7.3663531e-01  -1.2561785e+00  -4.1393102e-02  -6.2625379e-03   1.1619340e-02
  -2.9555675e-01   7.7241175e-01  -1.2633103e+00  -4.3481220e-02  -3.5966260e-03   7.0834824e-03
  -2.7447850e-01   8.0871978e-01  -1.3176302e+00  -4.3446717e-02  -4.1401650e-03   6.7614964e-03
  -2.8920879e-01   8.3669825e-01  -1.3726039e+00  -4.4440098e-02  -3.0672228e-03   6.1971104e-03
  -3.0100743e-01   8.0914929e-01  -1.3147452e+00  -4.3582751e-02  -3.4778794e-03   6.5640490e-03
  -2.8880336e-01   8.3663354e-01  -1.2992079e+00  -4.4451584e-02  -2.5723159e-03   5.5480254e-03
  -2.9090009e-01   8.4537268e-01  -1.2887159e+00  -4.4100714e-02  -2.9851889e-03   5.6915035e-03
  -2.9646666e-01   8.1225547e-01  -1.2595451e+00  -4.4295174e-02  -2.4962314e-03   5.5074837e-03
  -3.1630899e-01   8.0879677e-01  -1.2373288e+00  -4.4068533e-02  -2.4717963e-03   5.9211870e-03
  -2.9464643e-01   8.7583246e-01  -1.3207600e+00  -4.4876111e-02  -1.7595838e-03   5.0678705e-03
  -2.8958703e-01   8.4441821e-01  -1.3653603e+00  -4.5317276e-02  -1.6361163e-03   5.0829545e-03
  -2.8722851e-01   8.4375721e-01  -1.3736796e+00  -4.5525788e-02  -1.0026118e-03   4.8265190e-03
  -2.9073018e-01   8.8426361e-01  -1.3637064e+00  -4.5341036e-02  -1.1539202e-03   4.9031455e-03
  -2.7937283e-01   9.0071527e-01  -1.3955218e+00  -4.6053117e-02  -8.4336929e-04   4.1830389e-03
  -2.6423891e-01   8.8872655e-01  -1.4061889e+00  -4.6355361e-02  -8.4655677e-04   3.9527615e-03
  -2.8069218e-01   8.4556442e-01  -1.3305408e+00  -4.5490133e-02  -6.0509608e-04   4.0190004e-03
  -2.6310061e-01   9.2387488e-01  -1.3815148e+00  -4.6655338e-02  -7.1145359e-04   3.6650622e-03
  -2.6584083e-01   9.0840226e-01  -1.3973428e+00  -4.6957323e-02  -7.9428954e-04   3.6971311e-03
  -2.6226115e-01   8.8044501e-01  -1.3639491e+00  -4.6634989e-02  -8.8263696e-04   3.7933930e-03
  -2.7118318e-01   8.9971985e-01  -1.3507616e+00  -4.6652157e-02  -6.0265186e-04   3.5593888e-03
  -2.5044675e-01   8.5799063e-01  -1.4000236e+00  -4.5310588e-02  -9.3605151e-04   3.8729488e-03
  -2.6067405e-01   7.9266973e-01  -1.3110222e+00  -4.4029590e-02  -2.4634035e-04   3.7003918e-03
  -2.6088596e-01   9.1788380e-01  -1.3990505e+00  -4.6072583e-02   1.2387572e-04   3.4756439e-03
  -2.3836945e-01   9.1826456e-01  -1.5276574e+00  -4.7645271e-02   6.1305032e-04   3.3123335e-03
  -2.3643897e-01   9.1514900e-01  -1.5155416e+00  -4.7778905e-02   8.0167192e-04   3.5207395e-03
  -2.4610581e-01   8.7516975e-01  -1.4578115e+00  -4.5969423e-02   9.4366505e-04   3.4401672e-03
