   0.0000000e+00   3.5527137e-15   0.0000000e+00   0.0000000e+00   0.0000000e+00   0.0000000e+00
   8.7428981e-03  -2.8819888e-02   4.7618305e-02  -9.7204371e-05   8.1294662e-04   4.9880130e-04
  -8.6591445e-03  -4.3709514e-02   5.5173625e-02   1.3994120e-04   1.4961470e-03   8.9661737e-04
  -2.5487628e-03  -8.3678210e-02   5.4498832e-02   6.0110283e-04   1.2851026e-03   9.8449142e-04
  -6.0827845e-03  -8.0977899e-02   3.7384384e-02   5.0494363e-04   1.4520510e-03   1.1633317e-03
  -1.2485403e-02  -5.9898249e-02   1.6762442e-02   1.2030367e-03   1.3256897e-03   1.5269765e-03
  -9.9488160e-03  -6.2528323e-02  -2.3301057e-02   5.7237448e-04   1.0382042e-03   1.9514387e-03
  -2.8427143e-02  -5.9932084e-02  -8.1775991e-05   5.9773303e-06   1.9993759e-03   2.0293497e-03
  -4.2400294e-02  -1.0055852e-01  -3.3212568e-02   2.1518113e-04   1.5179870e-03   2.4983127e-03
  -4.0201562e-02  -1.0922988e-01  -1.7245829e-02   3.2609740e-04   1.1639472e-03   1.9444940e-03
  -6.4304009e-02  -1.1188594e-01  -5.0862062e-03   7.3965218e-05   1.0170178e-03   2.1021741e-03
  -6.7623562e-02  -1.0640465e-01  -3.6983366e-02   1.9959891e-04   3.1718015e-04   1.3790948e-03
  -8.5719819e-02  -1.2720437e-01  -1.9758757e-02   6.3167367e-04  -2.6541445e-04   6.5292489e-04
  -1.0343349e-01  -9.4266727e-02  -4.3613255e-02   7.0550338e-04  -9.2958529e-04   9.4904627e-04
  -1.0506010e-01  -1.0371722e-01  -1.1098542e-02   9.1341057e-04  -1.0335981e-03   2.2469098e-04
  -1.0854298e-01  -9.3581481e-02  -2.1741293e-02   1.0456225e-03  -1.3308931e-03  -4.2413440e-04
  -1.2169221e-01  -9.4726285e-02  -3.2727202e-02   1.0791765e-03  -1.7471544e-03  -2.0420712e-04
  -1.2655183e-01  -1.0752400e-01  -8.4240893e-03   1.5681355e-03  -2.0508031e-03  -8.0909128e-04
  -1.6715080e-01  -1.1245436e-01  -3.1367041e-02   1.3621428e-03  -2.8407583e-03  -1.0445592e-03
  -1.7952106e-01  -1.4274230e-01  -3.2323305e-02   2.0770295e-03  -3.4796932e-03  -6.6735332e-04
  -1.7764398e-01  -1.4605955e-01   5.2512213e-03   1.9007451e-03  -3.7609401e-03  -7.9894326e-04
  -1.7660779e-01  -1.3945224e-01   7.8750856e-02   2.1220656e-03  -2.8663082e-03  -1.7774730e-03
  -1.5613257e-01  -1.6968455e-01   8.1186926e-02   2.9743291e-03  -2.1610269e-03  -2.0907197e-03
  -1.7883704e-01  -1.2821635e-01   1.9714131e-02   2.6206761e-03  -2.7034953e-03  -1.7592473e-03
  -1.6010040e-01  -1.4196866e-01   1.7938937e-02   3.1308922e-03  -3.3863484e-03  -1.6553580e-03
  -1.6151675e-01  -1.4139302e-01   2.3437505e-02   2.8540151e-03  -3.0042448e-03  -1.7541282e-03
  -1.8342985e-01  -1.4692965e-01   1.0053337e-02   2.9247383e-03  -3.1628079e-03  -1.6755788e-03
  -1.6934397e-01  -1.9012368e-01   2.4924655e-02   3.7119392e-03  -3.0632271e-03  -1.6632034e-03
  -1.5828547e-01  -1.7980278e-01   4.1065238e-02   4.1990763e-03  -2.3125831e-03  -1.6164551e-03
  -1.7825105e-01  -1.7413533e-01  -2.5921721e-02   3.7171970e-03  -2.6806408e-03  -1.5980282e-03
  -1.8332811e-01  -1.6559582e-01  -1.0761397e-02   3.7769289e-03  -2.6473172e-03  -2.2286921e-03
  -1.8997911e-01  -1.4537995e-01  -1.2166556e-03   3.6352749e-03  -3.1678778e-03  -2.5130577e-03
  -2.0086479e-01  -1.9710630e-01  -2.2291041e-02   3.9529535e-03  -3.7260166e-03  -2.9909372e-03
  -2.0608827e-01  -1.7885035e-01  -4.2511577e-02   4.2749774e-03  -3.8705182e-03  -3.0584200e-03
  -2.1599315e-01  -1.7402359e-01  -5.8038288e-02   3.8783813e-03  -4.0191386e-03  -3.1459068e-03
  -2.2565901e-01  -2.1309252e-01  -4.4242598e-02   4.2177284e-03  -4.6692002e-03  -3.5913881e-03
  -2.5171276e-01  -2.1156313e-01  -4.0243830e-02   4.4679337e-03  -4.7376836e-03  -4.4813540e-03
  -2.7949488e-01  -1.8711457e-01  -4.2644207e-02   3.9059836e-03  -4.8181186e-03  -4.7038998e-03
  -2.8948116e-01  -2.3455990e-01  -2.5048142e-02   4.5690604e-03  -5.1784408e-03  -4.8376993e-03
  -2.9809040e-01  -1.6875306e-01  -5.2206237e-02   4.2705506e-03  -5.2017975e-03  -5.6067009e-03
  -3.0052042e-01  -1.8114939e-01  -5.7422460e-02   4.3606724e-03  -5.2854493e-03  -5.1809280e-03
  -2.9648527e-01  -2.1686247e-01  -4.0336376e-02   4.4858146e-03  -5.5645247e-03  -5.2537397e-03
  -3.0819937e-01  -2.2305464e-01  -3.9519903e-02   4.7539013e-03  -5.5152459e-03  -5.7293307e-03
  -3.1600133e-01  -2.1165984e-01  -6.3261017e-02   4.4548173e-03  -5.6007226e-03  -5.5084413e-03
  -3.0924317e-01  -2.2926874e-01  -7.7693135e-02   4.8029733e-03  -6.0091709e-03  -5.3880891e-03
  -2.9236852e-01  -1.7336763e-01   3.8093007e-02   3.9437759e-03  -5.0129058e-03  -5.0550038e-03
  -2.7213812e-01  -1.6313921e-01   9.7763002e-02   3.9085202e-03  -4.3557965e-03  -4.5810089e-03
  -2.7218991e-01  -2.1418569e-01   6.7249333e-02   4.1427643e-03  -5.1069617e-03  -4.9156776e-03
  -2.4187101e-01  -1.8407035e-01   8.9058945e-02   3.8444554e-03  -4.5895504e-03  -4.7951128e-03
  -2.3720919e-01  -2.2024860e-01   6.4164904e-02   4.0955021e-03  -5.0593278e-03  -4.8239965e-03
  -2.2739905e-01  -1.7521637e-01   2.6148973e-02   4.0113446e-03  -4.6744780e-03  -4.5793942e-03
  -2.3247930e-01  -1.8240218e-01   8.7428744e-03   4.0532153e-03  -4.4980585e-03  -4.3090879e-03
  -2.3217746e-01  -1.9350977e-01  -2.2677640e-02   4.4691891e-03  -4.7672680e-03  -4.6399786e-03
  -2.2730408e-01  -1.7240088e-01  -1.9498336e-02   4.3737619e-03  -4.7817397e-03  -4.4960055e-03
  -2.3054739e-01  -1.8783094e-01  -2.9745373e-02   4.3126894e-03  -4.7284977e-03  -4.4957464e-03
  -2.2203039e-01  -2.2037114e-01  -5.3661425e-02   4.4411394e-03  -4.9683912e-03  -4.8635068e-03
  -2.4140976e-01  -2.0129620e-01  -3.0620551e-02   4.5013978e-03  -4.6142340e-03  -5.3617819e-03
  -2.4066471e-01  -2.2225911e-01  -9.7440853e-02   4.1871521e-03  -4.6134898e-03  -5.0324276e-03
  -2.3932755e-01  -2.4756906e-01  -6.9887482e-02   4.4975495e-03  -4.7265779e-03  -5.5324611e-03
  -2.5245297e-01  -2.2694851e-01  -7.2526697e-02   4.6471367e-03  -4.5490495e-03  -5.6394192e-03
  -2.4510886e-01  -2.4375498e-01  -8.7653633e-02   4.8282440e-03  -4.4241348e-03  -5.3261977e-03
  -2.5450484e-01  -2.5184847e-01  -9.6591455e-02   4.8974040e-03  -4.5388454e-03  -5.5244260e-03
  -2.5423563e-01  -2.6037128e-01  -1.3730826e-01   4.7546927e-03  -4.5138311e-03  -5.9893205e-03
  -2.5177399e-01  -2.6020205e-01  -1.4773829e-01   4.7328723e-03  -4.5733269e-03  -6.2555132e-03
  -2.5286984e-01  -2.8642350e-01  -1.7710950e-01   4.7530046e-03  -4.9604056e-03  -6.2304416e-03
  -2.5790329e-01  -2.6393304e-01  -1.6627081e-01   4.8214353e-03  -5.0816314e-03  -6.3829311e-03
  -2.4743356e-01  -2.6621342e-01  -1.4339511e-01   5.0209356e-03  -4.6907541e-03  -6.6586765e-03
  -2.6205010e-01  -2.8316475e-01  -1.7864839e-01   4.7416172e-03  -4.8263350e-03  -6.4068204e-03
  -2.6092058e-01  -2.6584442e-01  -1.6268668e-01   4.9715326e-03  -4.6422080e-03  -6.4665398e-03
  -2.6268158e-01  -2.6429093e-01  -1.6592833e-01   4.3721588e-03  -4.7064099e-03  -5.8833498e-03
  -2.4157660e-01  -2.8090294e-01  -1.5338284e-02   5.8629691e-03  -2.9752811e-03  -5.7200700e-03
  -2.2663842e-01  -1.8096860e-01  -2.5937537e-04   5.8160316e-03  -2.2894483e-03  -6.1194214e-03
  -2.3086980e-01  -2.5863944e-01  -8.0241394e-02   5.1597797e-03  -3.0381063e-03  -5.9612941e-03
  -2.4019192e-01  -2.2072522e-01  -8.4752355e-02   4.7333706e-03  -2.6727501e-03  -6.2976906e-03
  -2.0621075e-01  -2.8110191e-01  -1.1113343e-01   5.3045456e-03  -2.9406286e-03  -5.8441753e-03
  -2.2208018e-01  -2.6036851e-01  -1.3847285e-01   4.8684707e-03  -2.9308410e-03  -6.4934262e-03
  -2.4784907e-01  -2.6393920e-01  -1.7813371e-01   4.8719815e-03  -3.1890998e-03  -6.1592025e-03
  -2.4511023e-01  -2.6094742e-01  -1.9202134e-01   5.5805954e-03  -3.9015978e-03  -6.4405195e-03
  -2.3723497e-01  -2.2739242e-01  -1.7077746e-01   5.3527612e-03  -3.5222937e-03  -6.7153925e-03
  -2.4596824e-01  -2.4394670e-01  -1.6922109e-01   5.6721220e-03  -3.1043149e-03  -7.3252904e-03
  -2.5488598e-01  -2.4736082e-01  -1.8284911e-01   5.5234537e-03  -3.4605410e-03  -7.2201336e-03
  -2.5611357e-01  -2.3778124e-01  -1.5888488e-01   5.6980121e-03  -3.2931661e-03  -7.3048015e-03
  -2.5118670e-01  -2.1948631e-01  -1.4729161e-01   5.7272585e-03  -3.2134250e-03  -7.6710993e-03
  -2.5131093e-01  -2.3811112e-01  -1.4820747e-01   6.0268047e-03  -3.0815093e-03  -8.0080450e-03
  -2.4809515e-01  -2.5949833e-01  -1.4730334e-01   6.6102998e-03  -2.8832827e-03  -8.1500129e-03
  -2.5461730e-01  -2.5016915e-01  -1.4657748e-01   6.5489755e-03  -2.8239667e-03  -8.4179614e-03
  -2.6792856e-01  -2.5639074e-01  -1.6399213e-01   6.5128988e-03  -2.8235783e-03  -8.7465754e-03
  -2.7748837e-01  -2.5934458e-01  -1.7612119e-01   6.7279561e-03  -3.4128025e-03  -8.8600921e-03
  -2.8393218e-01  -2.5888233e-01  -1.5339474e-01   7.0670485e-03  -3.7379046e-03  -9.6976000e-03
  -2.7994100e-01  -2.4147201e-01  -1.8264796e-01   6.6950154e-03  -3.3705061e-03  -9.7170045e-03
  -2.7848725e-01  -2.8886689e-01  -1.7871084e-01   6.9178072e-03  -3.6366885e-03  -9.8135265e-03
  -2.9747403e-01  -2.7872440e-01  -1.8963171e-01   7.0055657e-03  -3.5456525e-03  -1.0044412e-02
  -3.0832544e-01  -2.7335041e-01  -2.0608512e-01   6.7148072e-03  -4.0191912e-03  -1.0249599e-02
  -3.0297088e-01  -2.9873953e-01  -2.3182219e-01   6.6596512e-03  -4.4237191e-03  -1.0102828e-02
  -2.9003700e-01  -2.5513554e-01  -7.9471801e-02   5.8286782e-03  -4.2061950e-03  -9.1856699e-03
  -2.3703676e-01  -2.0507356e-01   2.0103273e-02   5.7609172e-03  -2.9375831e-03  -9.1351568e-03
  -2.3008605e-01  -2.5521576e-01  -6.6836582e-02   5.7146899e-03  -3.1970030e-03  -9.4075691e-03
  -2.1344836e-01  -2.3193734e-01  -4.5823497e-03   5.8796826e-03  -2.7286344e-03  -9.3013476e-03
  -1.7646794e-01  -1.4152347e-01   7.0263927e-02   6.3562580e-03  -8.0915687e-04  -7.1988958e-03
  -1.5527935e-01  -2.1156555e-01  -2.3862907e-03   5.1660897e-03  -6.4033083e-04  -6.7492064e-03
  -1.5312203e-01  -1.9318731e-01  -4.7799131e-02   5.2627473e-03  -4.9138799e-04  -6.9991387e-03
  -1.4434593e-01  -1.6793362e-01  -8.2476118e-02   5.2579832e-03  -8.8252783e-04  -6.6452026e-03
  -1.2845167e-01  -1.7162174e-01  -1.2142323e-01   5.1984399e-03  -7.8222331e-04  -6.7289609e-03
  -1.4767201e-01  -1.8613477e-01  -1.3219525e-01   5.4551928e-03  -8.2686213e-04  -7.3530983e-03
  -1.7829315e-01  -2.0381467e-01  -1.7766436e-01   5.2045670e-03  -1.3862700e-03  -7.7696588e-03
  -1.8231131e-01  -2.0396020e-01  -1.8743547e-01   4.9505754e-03  -1.7237828e-03  -7.9081062e-03
  -1.7237071e-01  -1.9688705e-01  -2.1724904e-01   4.7997671e-03  -1.8944024e-03  -8.0277691e-03
  -1.8306429e-01  -1.9642771e-01  -1.9887174e-01   4.3639028e-03  -2.0675071e-03  -8.5307727e-03
  -1.8883991e-01  -2.4872407e-01  -2.1849133e-01   5.0799858e-03  -2.4732723e-03  -8.5355079e-03
  -1.7509272e-01  -2.1948883e-01  -1.5001775e-01   4.9821418e-03  -2.0482568e-03  -8.3073689e-03
  -1.9759840e-01  -1.8832247e-01  -1.9186073e-01   4.9875296e-03  -2.4151494e-03  -7.8353558e-03
  -2.1049588e-01  -2.2596775e-01  -2.3029160e-01   5.3635649e-03  -2.7131100e-03  -8.1120226e-03
  -2.4025224e-01  -2.2441903e-01  -2.0817183e-01   5.5626268e-03  -2.9254444e-03  -8.5442070e-03
  -2.3068082e-01  -2.2743269e-01  -2.5098344e-01   5.3949648e-03  -2.7770864e-03  -8.4466971e-03
  -2.2076200e-01  -2.4085803e-01  -2.6151337e-01   5.6849933e-03  -2.7931578e-03  -8.3037411e-03
  -2.2413280e-01  -2.2114033e-01  -2.2893870e-01   6.0206967e-03  -2.9263034e-03  -8.4538978e-03
  -2.3016734e-01  -2.1128326e-01  -2.5065126e-01   5.9167612e-03  -2.9653366e-03  -8.6997700e-03
  -2.4221717e-01  -2.3542790e-01  -2.0981531e-01   6.2695560e-03  -3.3549765e-03  -8.9551071e-03
  -2.4019280e-01  -2.2256935e-01  -1.8586599e-01   6.1051431e-03  -3.3170295e-03  -8.6939985e-03
  -2.3761575e-01  -1.7593289e-01  -6.6191631e-02   5.8494663e-03  -2.7993638e-03  -7.9625751e-03
  -2.1863599e-01  -2.4781508e-01  -9.8104884e-02   6.3046410e-03  -2.8816610e-03  -8.1880761e-03
  -2.1054029e-01  -2.1308331e-01  -9.6279531e-02   6.0653109e-03  -2.4190225e-03  -7.9321546e-03
  -2.1059675e-01  -2.4464699e-01  -1.1642151e-01   6.5822708e-03  -2.6617900e-03  -8.3774467e-03
  -2.0385386e-01  -2.2843329e-01  -1.1775524e-01   7.0850851e-03  -2.8848408e-03  -8.6322115e-03
  -2.0266535e-01  -1.8983001e-01  -1.3129101e-01   6.8443154e-03  -2.5838847e-03  -8.1901898e-03
  -1.9083765e-01  -1.5983904e-01  -8.7076761e-02   6.3063995e-03  -2.1791907e-03  -7.6998195e-03
  -1.8824219e-01  -1.3601945e-01   8.0799512e-03   6.6497859e-03  -1.1536070e-03  -7.9744635e-03
  -1.7693798e-01  -8.9851239e-02   5.6210892e-03   6.8108184e-03  -8.7882927e-04  -7.4076440e-03
  -1.6600095e-01  -1.1292669e-01   1.0469380e-03   6.9734069e-03  -1.2487557e-03  -7.7597535e-03
