   1.4210855e-14   0.0000000e+00  -7.1054274e-15  -1.3877788e-17   3.4694470e-18   0.0000000e+00
  -4.2494163e-02  -2.3614868e-02   9.6940261e-03  -6.1014899e-04  -4.4190767e-04   1.6249999e-04
  -6.7495519e-02  -2.4461072e-03   1.1934398e-01   2.9511471e-04  -3.6042525e-04   1.6065787e-04
  -1.7569510e-03  -4.7469582e-02   2.0027727e-01  -1.1573516e-03   4.2180571e-04   2.1187547e-04
  -4.4077505e-02   1.4831307e-02  -4.1887394e-01  -9.5864808e-03   4.2000109e-04   3.0953116e-03
  -1.0922349e-01   3.2361023e-02  -2.3324901e-01   2.9630469e-04   6.8878220e-06   2.8480242e-03
  -1.1436831e-01   2.4467653e-02  -6.1358536e-02   6.2695109e-04  -5.3558007e-04   2.0076197e-03
  -1.4201451e-01   2.9681636e-02  -1.9166574e-01  -8.7031681e-04  -6.5420873e-04   1.6200994e-03
  -1.5040031e-01   5.2150897e-04  -1.6026650e-01  -9.5555056e-04  -1.3683632e-03   1.0792945e-03
  -1.7976382e-01  -1.7191818e-03  -1.6335179e-01  -1.4685817e-03  -1.2389959e-03   1.2287389e-03
  -1.7555208e-01   2.4709672e-02  -1.6140190e-01  -1.0910666e-03  -1.5738820e-03   5.7242369e-04
  -1.7638230e-01   1.5818553e-02  -1.9198130e-01  -1.5832561e-03  -1.3798834e-03   8.1155507e-04
  -1.4939799e-01   1.9928544e-02  -1.2318431e-01  -1.1192528e-03  -1.5770493e-03   6.1850537e-04
  -1.2076733e-01   2.8884492e-02  -2.0831910e-01  -1.0848299e-03  -1.5927507e-03   6.6821716e-04
  -1.3724610e-01   1.6098596e-02  -9.9103140e-02  -9.3830168e-04  -1.4599547e-03   6.8285769e-04
  -1.7028597e-01   3.5938673e-02  -1.4498658e-01  -1.9779223e-03  -2.0352368e-03   7.2309675e-04
  -1.5459522e-01   5.0855594e-02  -3.9938447e-02   2.3963605e-04  -1.8951684e-03   8.1991224e-04
  -1.4149875e-01   9.7416276e-02   3.0720135e-02   2.1339123e-03  -4.6590191e-04   8.4289629e-06
  -1.9683860e-01   8.4886343e-02   1.3833452e-01   1.9202105e-03  -1.7514251e-03  -2.6946328e-04
  -1.8116287e-01   7.1125957e-02   1.3815599e-01   2.0420169e-03  -2.5511004e-03  -2.6753896e-04
  -2.0181734e-01   4.8292392e-02   6.7580579e-02  -5.8319870e-04  -2.2702935e-03   1.0715871e-04
  -2.0300854e-01   5.8108656e-02   5.6482597e-02  -2.2671849e-04  -2.6893074e-03  -2.1339424e-05
  -2.2532083e-01   6.8781986e-02   4.2524014e-02  -3.8759362e-04  -2.4613461e-03  -6.1376452e-04
  -2.1984402e-01   4.4047477e-02   4.7785673e-02  -4.0513508e-04  -2.5278302e-03  -2.0161741e-04
  -2.4101169e-01   7.1969528e-02   1.9696073e-01   1.9000966e-03  -2.2510950e-03  -6.1218282e-04
  -1.9687771e-01   3.7607631e-02   1.2261237e-01   1.9331289e-03  -1.7320095e-03  -9.0899033e-04
  -1.8258911e-01  -4.8165681e-02   7.9933027e-02  -1.2727145e-03  -2.6261700e-03  -2.6714828e-04
  -1.9436675e-01  -6.6698983e-03   8.3261041e-02  -9.7610517e-04  -1.9144650e-03  -1.1255386e-04
  -1.9506800e-01   4.6128620e-03  -1.9263900e-03  -1.9269290e-04  -1.6580211e-03   3.6351152e-04
  -2.1462908e-01  -2.1689275e-02   1.5788640e-02  -2.5094492e-03  -2.0919212e-03  -4.1818498e-04
  -2.3584610e-01  -7.3990357e-03   6.2028406e-02  -2.3878030e-03  -2.2692084e-03  -4.4148498e-04
  -2.5343485e-01   5.6266655e-03   5.6254831e-02  -1.6938410e-03  -2.4866474e-03  -3.7161798e-04
  -2.5153210e-01  -2.0932922e-02   6.2736686e-02  -2.2484590e-03  -2.6353024e-03   8.8149212e-05
  -2.4029008e-01   1.2828195e-02   3.8509459e-02  -1.3853804e-03  -2.4684143e-03  -6.1424678e-04
  -2.4933768e-01  -7.1809383e-03   5.8654302e-03  -1.1586703e-03  -3.3947778e-03   3.2589303e-05
  -2.8029184e-01   1.7282607e-02   2.4530438e-02  -1.1853067e-03  -3.6871057e-03   4.3232343e-04
  -2.5592962e-01   3.4722852e-03   5.7966506e-03  -1.3605475e-03  -4.0721420e-03   7.6726997e-04
  -2.8563095e-01   2.4692280e-02   1.1148982e-01   7.5865043e-04  -3.2159595e-03  -6.3825423e-04
  -2.7821015e-01  -2.5389625e-03   2.4377547e-02  -2.7580737e-04  -2.7459923e-03  -4.7800184e-05
  -2.6923283e-01   1.7781296e-02   3.4315426e-02  -4.0631579e-05  -3.3615900e-03  -8.5371197e-05
  -2.6199380e-01   4.4125563e-02   9.7226817e-02   2.2517366e-03  -2.4340039e-03  -8.3726360e-04
  -2.6355718e-01   3.8177424e-02   1.1509153e-01   2.2430646e-03  -2.5986795e-03  -1.0912298e-03
  -2.6432870e-01   4.8358763e-03   1.1649149e-01   1.3612049e-03  -3.2142563e-03  -8.4875451e-04
  -2.5034864e-01   6.3016678e-03   1.4087494e-01   8.2056822e-04  -2.9335005e-03  -1.0354677e-03
  -2.4866277e-01   5.4907882e-02   1.8005031e-01   2.0806141e-03  -2.4081291e-03  -1.3805749e-03
  -2.6488267e-01   1.5598277e-01   3.1526354e-01   2.6085809e-03  -2.8026494e-03  -1.8719097e-03
  -2.6644117e-01   1.1886466e-01   2.5814371e-01   1.0060854e-03  -1.3483527e-03  -3.0583379e-03
  -2.6633220e-01   1.8459800e-01   1.3508497e-01  -7.4394476e-04  -1.3339412e-03  -3.1982102e-03
  -2.3927710e-01   2.2240595e-01   2.3797325e-01  -1.0144409e-03  -7.1555891e-04  -2.7248787e-03
  -2.5015051e-01   2.2270594e-01   2.6498032e-01  -1.6116658e-03  -1.4197047e-03  -2.6534379e-03
  -2.3325621e-01   2.1607395e-01   2.2657454e-01  -2.4258917e-03  -1.3312726e-03  -2.7692451e-03
  -2.3332392e-01   2.0936498e-01   1.9934309e-01  -3.2206340e-03  -1.1866878e-03  -2.3911707e-03
  -2.8470326e-01   1.6364210e-01   1.3129184e-01  -2.3762653e-03  -1.8054916e-03  -1.9661259e-03
  -3.2113711e-01   1.2440147e-01   9.2234122e-02  -2.1525265e-03  -1.5312679e-03  -1.4509414e-03
  -3.1787519e-01   1.0235074e-01   1.3157249e-01  -1.7397614e-03  -2.3668148e-03  -1.2615263e-03
  -2.9411717e-01   2.6802830e-02   2.5154652e-02  -1.0857098e-03  -3.3104574e-03  -1.0906970e-03
  -2.6507392e-01  -1.1901934e-02  -1.1169747e-01  -1.6913070e-03  -2.9904685e-03  -5.7847316e-04
  -2.8530478e-01   5.0332951e-02   1.7532768e-02  -2.1620724e-03  -3.9520476e-03  -1.2414805e-03
  -2.1357251e-01   4.5941586e-02   1.0752206e-01  -5.4217559e-04  -2.2901213e-03  -1.5645551e-03
  -2.1325718e-01   4.4398208e-02   1.2921360e-01  -1.4254666e-03  -2.3304337e-03  -1.8968990e-04
  -2.2045282e-01   5.6648777e-02   1.4287427e-01  -1.8113566e-03  -2.5313064e-03  -9.0733360e-04
  -2.1228080e-01   5.2596828e-02   2.4191481e-01  -1.4007766e-03  -1.9215354e-03   8.1123047e-05
  -2.3577400e-01   7.1544748e-02   2.5044421e-01  -6.4367129e-04  -1.8633294e-03   7.1147268e-04
  -2.5166978e-01   4.7502983e-02   1.7766859e-01  -1.5019433e-03  -2.1501548e-03   1.6441369e-04
  -2.5511634e-01   4.5182462e-02   1.6507506e-01  -1.5763067e-03  -2.8803407e-03   1.5252946e-04
  -2.7182453e-01   5.5052148e-02   2.9007186e-01  -7.8164284e-04  -4.5140173e-03  -2.6414248e-05
  -2.4218919e-01   7.0091853e-02   2.2776754e-01  -1.6624572e-03  -4.6476491e-03   1.0601559e-03
  -2.5946821e-01   6.9136376e-02   2.5635198e-01  -9.5119129e-04  -4.0385728e-03   1.2913396e-04
  -2.8599844e-01   5.1036319e-02   2.3975399e-01  -1.3350311e-03  -4.7538801e-03   6.6473996e-05
  -2.8782577e-01   1.3330965e-01   4.8532755e-01   3.7670848e-03  -3.0432322e-03   1.2131388e-03
  -2.3747068e-01   1.5802553e-01   5.0974577e-01   4.6084449e-03  -2.4917831e-03   5.0318906e-04
  -1.9942399e-01   6.6004348e-02   3.6847963e-01   2.2783213e-03  -3.2539619e-03   1.4279015e-04
  -2.3412508e-01   1.1760518e-01   3.3468062e-01   1.4608827e-03  -2.7479344e-03   5.3013370e-04
  -2.2254704e-01   1.1280271e-01   3.1145775e-01   1.4646892e-03  -2.4239835e-03   8.3743985e-04
  -2.3006325e-01   1.3384953e-01   3.8736607e-01   2.7804164e-03  -2.3183972e-03   7.6862618e-04
  -1.8691289e-01   6.5686045e-02   3.5322873e-01   3.1907357e-03  -6.8276784e-04   9.3745288e-04
  -1.7631551e-01  -2.6089499e-04   2.3892272e-01   9.5115427e-05  -8.8571966e-04   2.0120676e-03
  -1.9302863e-01   8.2037836e-03   1.8708710e-01   1.0438016e-05  -1.3903050e-03   1.9259585e-03
  -1.9310220e-01   5.4223380e-02   2.2392053e-01   5.0536250e-04  -1.4577332e-03   1.7768420e-03
  -1.9599054e-01   5.2824129e-02   1.6153857e-01  -1.0230881e-03  -1.8876974e-03   1.8190310e-03
  -2.1536612e-01   7.1440017e-02   2.6708817e-01   1.5700083e-03  -2.3917388e-03   1.7666448e-03
  -2.3696426e-01   8.7395505e-02   2.2353007e-01   1.0602947e-03  -1.1090007e-03   9.9838740e-04
  -2.3737383e-01   4.7990806e-02   1.0366875e-01  -1.8587264e-03  -1.7006393e-03   1.2931634e-03
  -2.2969235e-01   5.2641303e-02   1.3509862e-01  -7.9753344e-04  -2.1193126e-03   1.0888477e-03
  -2.3292897e-01   5.4562770e-02   1.1864573e-01  -7.4148274e-04  -2.3827828e-03   1.1531692e-03
  -2.2825219e-01   7.6594750e-02   1.7042956e-01   4.3045648e-04  -2.0418523e-03   1.1562876e-03
  -1.8630397e-01   9.1279927e-02   1.0021935e-01   2.8086807e-04  -1.8678877e-03   1.7275813e-03
  -1.9533237e-01   5.1942719e-02   1.7540321e-01  -4.9142330e-04  -1.6255367e-03   1.4910542e-03
  -2.1635083e-01   3.4664831e-02   1.7816444e-01  -1.4712102e-03  -1.0693059e-03   1.4913415e-03
  -2.2837014e-01   7.1201847e-02   1.6352029e-01  -6.8805677e-04  -1.3544758e-03   1.5397408e-03
  -2.4675239e-01   9.1935822e-02   2.0150655e-01   3.3428813e-05  -3.9898073e-04   1.4585510e-05
  -2.1839334e-01   6.8069889e-02   2.1658174e-01   7.8141825e-04  -8.8370244e-04   2.3510705e-04
  -2.1714208e-01   6.1834400e-02   2.2842781e-01   3.3508343e-04  -1.4174056e-03   1.8712016e-04
  -2.1404979e-01   8.6341247e-02   2.9019277e-01   8.5740848e-04  -1.7541835e-03   3.2582666e-04
  -2.5739976e-01   2.0679594e-01   3.0258675e-01   5.9550792e-04  -1.5631736e-03  -3.1196707e-04
  -2.7181392e-01   1.4908205e-01   2.9936368e-01   1.5108294e-03  -1.2367799e-03  -5.5092456e-04
  -2.3633660e-01   8.9282927e-02   2.3162436e-01   2.5423446e-03  -1.2143686e-03  -2.7442324e-04
  -2.2985019e-01   5.3460482e-02   2.6845130e-01   2.0575618e-03  -1.9834890e-03  -3.2035715e-04
  -2.2553527e-01   4.6997599e-02   2.5878185e-01   4.7873142e-04  -1.8423946e-03  -3.3843671e-05
  -2.4949563e-01   7.5591043e-02   2.5652445e-01   1.0381435e-03  -1.3076230e-03   8.7802038e-06
  -2.4800528e-01  -1.5114458e-02   1.7073780e-01   7.3967752e-04  -2.0354739e-03   1.0006199e-04
  -2.6379873e-01   8.3695979e-02   2.6344559e-01   1.0067919e-03  -2.0765046e-03  -6.8463023e-05
  -2.9668396e-01   7.0392822e-02   3.4277594e-01   1.7806492e-03  -1.1423563e-03  -4.7720388e-04
  -2.2456628e-01   9.1200882e-02   3.5978176e-01   1.9075286e-03  -1.7953565e-03   2.2398936e-04
  -2.5169170e-01   7.1889106e-02   3.0627896e-01   2.9934291e-03  -1.9907717e-03   4.3242166e-04
  -2.3249740e-01   1.4518554e-01   5.6052299e-01   4.6669939e-03  -2.0195196e-03  -2.1885374e-04
  -2.7657824e-01   2.7334281e-01   7.2603561e-01   5.9121308e-03  -1.9893353e-03  -1.5392275e-03
  -2.0719066e-01   2.5207361e-01   6.5582808e-01   3.9553501e-03  -1.0684959e-03  -3.7072646e-05
  -1.9107525e-01   1.6947506e-01   4.5073198e-01   2.3164976e-03  -2.2270018e-03   2.4545846e-04
  -1.9771982e-01   1.3613443e-01   5.3527469e-01   2.9475026e-03  -2.2036210e-03   1.2324180e-04
  -2.1303822e-01   1.5116215e-01   6.1623385e-01   4.7648532e-03  -1.6844251e-03   1.3804746e-04
  -2.6861045e-01   3.0852562e-01   8.2534384e-01   9.0237529e-03  -1.9014029e-03   4.7368469e-04
  -2.8641602e-01   2.9944589e-01   8.8528423e-01   9.1879936e-03  -1.7405797e-03  -4.7365175e-04
  -2.9393177e-01   2.9318025e-01   8.3974649e-01   7.9634608e-03  -1.3031803e-03  -1.2258201e-04
  -2.2796886e-01   1.8595740e-01   6.4222030e-01   6.6481256e-03  -1.8383925e-03   3.3361352e-04
  -1.9317651e-01   2.1564275e-01   6.9009485e-01   7.3297636e-03  -1.0515903e-03   1.1061444e-03
  -1.9150185e-01   2.2409930e-01   7.3818273e-01   7.1228024e-03  -1.1356837e-03   1.2888839e-03
  -1.9526199e-01   2.0056704e-01   6.5762064e-01   7.1324514e-03  -1.6425166e-03   1.2514553e-03
  -1.8021332e-01   1.8112048e-01   6.8229742e-01   7.5085371e-03  -3.6221020e-04   1.0948930e-03
  -1.8434415e-01   1.7621904e-01   6.3844732e-01   6.8457360e-03   6.7457084e-04   1.9199874e-03
  -1.6871953e-01   1.8641024e-01   6.4337500e-01   6.3717691e-03   1.5289704e-03   2.7927623e-03
  -2.2384366e-01   2.5983847e-01   6.5858683e-01   6.7883641e-03   3.9793996e-04   2.4638605e-03
  -2.2320419e-01   2.2545961e-01   5.7683083e-01   6.8610522e-03   5.1027824e-05   2.1866068e-03
  -2.1624598e-01   1.2016921e-01   4.4709619e-01   4.5787838e-03  -5.0541934e-04   2.2837542e-03
  -2.4626918e-01   1.0299912e-01   4.5818031e-01   3.9227442e-03  -2.9990961e-04   2.0200686e-03
  -2.6265564e-01   1.1215994e-01   4.2623496e-01   3.3560712e-03  -8.4812698e-04   1.7547533e-03
  -2.6990816e-01   1.2340733e-01   4.4399945e-01   3.3144606e-03  -9.8812173e-04   2.0978855e-03
  -2.6377803e-01   1.2748080e-01   4.0960200e-01   2.6243602e-03  -3.3613495e-04   1.6964260e-03
  -2.6427447e-01   1.1660152e-01   3.6901118e-01   2.8780383e-03  -7.1125475e-04   2.1569145e-03
