   0.0000000e+00   0.0000000e+00   0.0000000e+00   0.0000000e+00   0.0000000e+00   0.0000000e+00
  -5.8879593e-03   3.9519125e-02   1.3030232e-02  -5.7815103e-04  -2.6111016e-04  -1.6571735e-05
  -5.1963665e-03   5.9838402e-02   2.2252098e-02  -1.2461851e-03  -2.9997660e-04   7.1923982e-05
  -1.6105833e-02   5.9851288e-02   4.2409238e-02  -1.4702410e-03  -3.6130325e-04   2.2686807e-04
  -3.9512696e-03   8.6054328e-02   4.5928663e-02  -1.5493364e-03  -4.7549566e-04   6.0360873e-05
   6.6835195e-03   9.1765460e-02   4.8351631e-02  -1.9782813e-03  -1.0131893e-03  -8.3863888e-05
   2.3702530e-04   9.6378049e-02   2.6324689e-02  -2.2059070e-03  -2.3670986e-04  -1.0948966e-04
   8.5663046e-04   1.1094276e-01  -1.5219711e-02  -2.0041245e-03  -2.2679119e-04  -1.9094792e-04
   2.6904061e-02   7.6766994e-02  -3.9790469e-02  -9.7461864e-04  -3.8954803e-04  -4.9466570e-04
   1.3085994e-02   1.4591534e-01  -7.7134545e-02  -2.2144024e-03   2.7069103e-04  -6.3935880e-04
   2.6567938e-02   1.3294809e-01  -5.6723844e-02  -2.7938162e-03   2.1486124e-04  -9.3744952e-04
   1.9418716e-02   1.3994216e-01  -8.0791426e-02  -3.4411524e-03  -1.8505357e-06  -6.6602335e-04
   2.4657105e-02   1.4811456e-01  -7.8167413e-02  -3.6659983e-03  -6.5976947e-05  -7.2259717e-04
   2.6040304e-02   1.6116116e-01  -9.7623899e-02  -3.9536894e-03   1.2549665e-04  -6.8574941e-04
   3.5316545e-02   2.1243687e-01  -1.3718538e-01  -4.9104211e-03   2.8876162e-05  -7.0678674e-04
   4.3308003e-02   1.6256981e-01  -1.1315149e-01  -5.0189991e-03   9.2513868e-07  -9.4745002e-04
   4.4257972e-02   2.1563668e-01  -1.3373828e-01  -5.6057434e-03  -5.1547721e-04  -8.5247980e-04
   4.5058203e-02   2.0337703e-01  -1.5024686e-01  -5.8365777e-03  -6.2627365e-04  -9.8143995e-04
   5.8830490e-02   2.3307608e-01  -1.7972669e-01  -6.5178532e-03  -8.6469525e-04  -1.4028884e-03
   6.5721826e-02   2.4210856e-01  -1.7809235e-01  -6.6930964e-03  -9.3344403e-04  -1.4401940e-03
   4.8287564e-02   2.5714586e-01  -1.9509510e-01  -7.4883802e-03  -8.2232340e-04  -1.0410986e-03
   6.1195756e-02   2.5758998e-01  -2.0060801e-01  -7.8348681e-03  -1.1762398e-03  -1.2251777e-03
   6.3863222e-02   2.8162605e-01  -2.3872801e-01  -8.4110697e-03  -1.3119631e-03  -1.1711571e-03
   6.0516361e-02   2.5215200e-01  -2.2029157e-01  -8.3106723e-03  -1.3025088e-03  -1.1527897e-03
   4.9554779e-02   3.2929973e-01  -2.4221004e-01  -8.9236647e-03  -7.3258926e-04  -1.2362601e-03
   6.8349395e-02   3.4071093e-01  -2.3050482e-01  -8.9381170e-03  -1.8866797e-03  -6.0730102e-04
   6.6468180e-02   2.4538841e-01  -1.5345124e-01  -8.2853142e-03  -2.7528325e-03  -2.4134418e-04
   7.2176337e-02   2.7969027e-01  -2.1314221e-01  -8.6286583e-03  -2.3508736e-03  -1.8539536e-04
   8.3248561e-02   2.6374113e-01  -1.8421064e-01  -8.6726559e-03  -2.4371313e-03  -1.8069549e-04
   9.6013153e-02   3.0001736e-01  -2.1702143e-01  -8.7940307e-03  -2.6510818e-03  -4.2405912e-04
   4.5361521e-02   2.7163732e-01  -1.2747814e-01  -8.4339374e-03  -2.2967062e-03  -2.9927803e-04
   3.1103934e-02   3.0210820e-01  -1.7838324e-01  -8.6254713e-03  -1.5214927e-03  -8.8343644e-04
   4.3864572e-02   2.7740927e-01  -1.9948414e-01  -8.4231246e-03  -1.5633042e-03  -9.8308160e-04
   3.7294065e-02   2.8919307e-01  -2.2541141e-01  -8.7041749e-03  -1.1675341e-03  -9.0699608e-04
   4.4262678e-02   2.6374713e-01  -2.1917349e-01  -8.4728562e-03  -1.6551931e-03  -6.8869963e-04
   4.1250854e-02   2.7643329e-01  -2.1438987e-01  -8.4719535e-03  -1.3107065e-03  -7.6229753e-04
   4.3294739e-02   2.6923242e-01  -2.0958801e-01  -8.3744522e-03  -1.8165125e-03  -7.1988692e-04
   7.2332140e-02   2.6445061e-01  -2.2830696e-01  -8.8401119e-03  -2.3159888e-03  -8.7739785e-04
   5.5263744e-02   3.2602426e-01  -2.4163298e-01  -9.7046182e-03  -1.8496318e-03  -8.1940735e-04
   6.8333727e-02   2.9469091e-01  -2.3011065e-01  -9.3218429e-03  -2.0922308e-03  -9.5003884e-04
   6.1587657e-02   2.9776999e-01  -2.3255874e-01  -9.5559610e-03  -1.9545724e-03  -1.0889156e-03
   5.5527319e-02   3.0646252e-01  -2.4958051e-01  -9.7184057e-03  -2.1065025e-03  -1.0234979e-03
   5.6716968e-02   3.3144590e-01  -2.6059940e-01  -9.7402581e-03  -1.9618581e-03  -1.1278647e-03
   5.9911355e-02   3.0905057e-01  -2.7231729e-01  -9.7028640e-03  -1.9384476e-03  -1.0381328e-03
   6.4250466e-02   3.2678883e-01  -2.6155464e-01  -9.7820712e-03  -1.9287033e-03  -1.3293949e-03
   6.1659445e-02   3.5299804e-01  -2.9134857e-01  -1.0262146e-02  -2.0156986e-03  -1.2475930e-03
   6.3954354e-02   3.2850155e-01  -2.6925823e-01  -1.0023103e-02  -2.1373494e-03  -1.2682178e-03
   6.5892652e-02   3.3528831e-01  -2.7551946e-01  -9.7942780e-03  -2.2940046e-03  -1.2298692e-03
   5.2392011e-02   3.1174025e-01  -2.9255091e-01  -9.9496444e-03  -2.0260822e-03  -1.3388012e-03
   5.6863568e-02   3.3310449e-01  -2.8536594e-01  -1.0128046e-02  -2.5376231e-03  -8.0006180e-04
   7.5835905e-02   3.4033568e-01  -2.2944677e-01  -9.9998288e-03  -3.3988522e-03  -4.7949461e-04
   7.3839231e-02   3.7939902e-01  -2.6654872e-01  -1.0045039e-02  -3.2865056e-03  -5.4539248e-04
   8.5694031e-02   3.4114393e-01  -2.6483508e-01  -9.5663942e-03  -3.0191760e-03  -5.2664328e-04
   7.8093375e-02   2.8760495e-01  -2.3966014e-01  -9.2281492e-03  -2.8881232e-03  -8.2431549e-05
   8.7615320e-02   3.1373155e-01  -2.2775405e-01  -9.2398310e-03  -3.1393399e-03  -4.0439287e-04
   2.9437635e-02   2.7182581e-01  -1.6417872e-01  -8.6369795e-03  -2.1152453e-03  -6.9305889e-04
   3.1183948e-02   3.1433566e-01  -2.3282951e-01  -9.4026385e-03  -2.0573701e-03  -4.2281123e-04
   4.8852292e-02   3.1596444e-01  -2.4300333e-01  -8.9578475e-03  -2.1722551e-03  -6.2830875e-04
   3.7907741e-02   3.0229087e-01  -2.3666471e-01  -9.1812893e-03  -2.0540904e-03  -3.7520371e-04
   3.9680268e-02   3.1598567e-01  -2.3495941e-01  -9.0981889e-03  -2.1496399e-03  -4.7497170e-04
   3.7493937e-02   2.9843660e-01  -2.3513422e-01  -9.3312793e-03  -2.2718102e-03  -2.7324855e-04
   4.3651559e-02   3.3293793e-01  -2.6465710e-01  -9.5096230e-03  -2.3057402e-03  -2.9803857e-04
   5.8403993e-02   3.3650282e-01  -2.6190784e-01  -9.7411677e-03  -2.4463789e-03  -4.5063987e-04
   4.5190246e-02   3.1527599e-01  -2.5237532e-01  -9.4653378e-03  -2.3259516e-03  -1.9614298e-04
   4.3985755e-02   3.1443934e-01  -2.4246244e-01  -9.7435508e-03  -2.3669105e-03  -1.4475308e-04
   4.5842059e-02   3.1612549e-01  -2.4527390e-01  -9.5741804e-03  -2.2346254e-03  -3.0485455e-04
   4.9878399e-02   3.5105623e-01  -2.4511486e-01  -9.8716205e-03  -2.2870589e-03  -4.3534598e-04
   3.2489565e-02   3.2819549e-01  -2.3723799e-01  -9.6950807e-03  -2.3937551e-03  -8.1822978e-05
   3.5395881e-02   3.2619065e-01  -2.4787151e-01  -9.9265574e-03  -2.5580007e-03  -1.1466532e-04
   3.8002985e-02   3.3614100e-01  -2.2979415e-01  -9.5936132e-03  -2.4979030e-03  -2.7660064e-04
   4.0668423e-02   3.5435494e-01  -2.4702033e-01  -9.9621490e-03  -2.6527306e-03  -2.2724383e-04
   4.1357507e-02   3.3176003e-01  -2.3733057e-01  -9.5610872e-03  -2.5558768e-03  -1.9538498e-04
   4.4446522e-02   3.3277340e-01  -2.4420528e-01  -1.0101428e-02  -2.5936912e-03  -1.5933119e-04
   4.1646225e-02   3.4878656e-01  -2.4809829e-01  -9.5759005e-03  -2.4953021e-03  -1.4193094e-05
   7.1520052e-02   3.4710730e-01  -2.3785245e-01  -9.2368792e-03  -3.2078049e-03   4.0568049e-04
   7.6113580e-02   3.1386078e-01  -2.8439367e-01  -9.7798720e-03  -3.8211228e-03   6.6222266e-04
   7.2323276e-02   3.5346836e-01  -2.9626064e-01  -1.0318699e-02  -3.7855085e-03   6.7137982e-04
   8.0943966e-02   3.4396390e-01  -3.1782741e-01  -1.0457421e-02  -3.8146150e-03   7.7672871e-04
   7.5693416e-02   3.5640469e-01  -2.8449673e-01  -1.0642833e-02  -3.7338610e-03   9.2711949e-04
   6.7365573e-02   3.4456328e-01  -2.6632149e-01  -9.9690924e-03  -3.6297074e-03   9.1568412e-04
   5.9939615e-02   3.7222401e-01  -2.4121127e-01  -1.0207553e-02  -3.4082864e-03   8.7502386e-04
   7.2605068e-02   2.2407475e-01  -3.7227517e-01  -7.8793109e-03  -3.4792097e-03   5.3552477e-04
   9.3590332e-02   2.0436030e-01  -3.0791701e-01  -5.1472072e-03  -3.3340839e-03   6.9390616e-05
   7.6733341e-02   3.3263869e-01  -2.4732837e-01  -6.7083085e-03  -3.1011997e-03   1.3751127e-04
   7.7609913e-02   2.9877152e-01  -2.9062403e-01  -6.8504526e-03  -3.2873870e-03   8.9495090e-05
   7.8580738e-02   2.8743012e-01  -2.5776748e-01  -6.9709417e-03  -3.4014846e-03   1.4796934e-04
   7.3341324e-02   2.9242429e-01  -2.8275724e-01  -7.1615925e-03  -3.1990752e-03   1.1728174e-04
   6.7358455e-02   2.9167874e-01  -2.6464431e-01  -7.3605726e-03  -3.3881137e-03   1.4570571e-04
   6.7089963e-02   3.0673242e-01  -2.8756074e-01  -7.5876772e-03  -3.6567791e-03   1.7441725e-04
   7.4337391e-02   3.0525885e-01  -2.6272949e-01  -7.6329036e-03  -3.6185294e-03  -1.5168277e-04
   8.1784169e-02   3.1305697e-01  -2.7191514e-01  -7.5852998e-03  -3.7857240e-03  -4.0080837e-04
   6.4365630e-02   2.9609959e-01  -2.3619148e-01  -7.5462086e-03  -3.5829843e-03  -1.0001241e-04
   7.5854612e-02   3.1487765e-01  -2.5757552e-01  -7.8459874e-03  -3.9406711e-03  -3.1105617e-04
   6.9926289e-02   3.1290299e-01  -2.5095619e-01  -7.8427266e-03  -3.9949642e-03  -4.0407069e-04
   7.3760571e-02   3.2734164e-01  -2.7613575e-01  -8.0516411e-03  -3.9926657e-03  -4.4538377e-04
   7.6996305e-02   3.4045267e-01  -2.5616695e-01  -8.0358995e-03  -3.9296787e-03  -4.6109363e-04
   7.7008952e-02   3.1164186e-01  -2.3459891e-01  -7.9059944e-03  -4.0446061e-03  -4.9335131e-04
   6.2975418e-02   3.3111052e-01  -2.4793033e-01  -8.0899929e-03  -4.1149872e-03  -2.3570268e-04
   7.2472504e-02   3.3667226e-01  -2.5278876e-01  -8.5786217e-03  -4.4397888e-03  -1.0962793e-04
   7.0028643e-02   3.3286800e-01  -2.2835254e-01  -8.0904765e-03  -4.8997741e-03   8.3938656e-04
   7.1162782e-02   3.3351510e-01  -2.4174802e-01  -7.5050982e-03  -4.7356583e-03   8.1479806e-04
   8.1625559e-02   3.2220506e-01  -2.4520013e-01  -8.2036639e-03  -4.6665722e-03   4.6295953e-04
   6.4860564e-02   3.1685407e-01  -2.3256284e-01  -7.4650406e-03  -4.3885444e-03   4.4498921e-04
   8.4021550e-02   3.2940868e-01  -2.5338585e-01  -8.5625678e-03  -4.9895255e-03   6.1315866e-04
   6.4766506e-02   3.0713831e-01  -2.2541259e-01  -8.5135741e-03  -4.5900864e-03   5.0136838e-04
   6.1081700e-02   3.0140874e-01  -2.1987155e-01  -8.1093358e-03  -4.2047106e-03   1.6532734e-04
   4.8752338e-02   3.1049468e-01  -2.2933964e-01  -7.8964765e-03  -4.0227795e-03   2.2906280e-04
   5.5472150e-02   3.1456625e-01  -2.2017833e-01  -8.0730860e-03  -3.8390208e-03   2.7781415e-06
   5.5071256e-02   2.9739288e-01  -2.1558643e-01  -7.9096611e-03  -3.8007504e-03   5.1017809e-05
   6.4835499e-02   3.1820220e-01  -1.8799107e-01  -7.8170624e-03  -3.8509651e-03  -3.0478283e-04
   5.6805992e-02   2.9866106e-01  -1.7174828e-01  -7.6926694e-03  -4.1419207e-03  -6.7632620e-05
   6.4716132e-02   3.0832684e-01  -1.5771737e-01  -7.9515271e-03  -4.4144577e-03  -1.5037518e-04
   6.3640695e-02   2.9342943e-01  -1.3197880e-01  -7.2718908e-03  -4.5052761e-03  -1.3756098e-04
   7.7177894e-02   3.2276452e-01  -1.9775879e-01  -8.0822934e-03  -4.6723220e-03  -4.6529947e-04
   9.1741086e-02   3.5994788e-01  -2.9838450e-01  -1.0098451e-02  -4.7033994e-03  -8.3168782e-04
   8.1788720e-02   3.4202669e-01  -2.7483306e-01  -9.5718059e-03  -4.9682982e-03  -5.4004962e-04
   8.7594499e-02   3.2836951e-01  -2.3818568e-01  -8.7323741e-03  -5.0163970e-03  -4.2549410e-04
   8.1820663e-02   3.2726658e-01  -2.2828844e-01  -8.7948715e-03  -5.1572724e-03  -3.5846171e-04
   8.3065714e-02   3.2381345e-01  -2.2706392e-01  -8.3630239e-03  -5.1719115e-03  -4.7782891e-04
   7.3393610e-02   3.2779761e-01  -2.4240903e-01  -8.6638620e-03  -4.9492501e-03  -4.9013000e-04
   6.4029315e-02   3.2089918e-01  -2.4592039e-01  -8.5119932e-03  -5.0768052e-03  -2.2987620e-04
   6.7736173e-02   3.2501614e-01  -2.6516839e-01  -8.7798072e-03  -4.8691165e-03  -5.0698857e-04
   7.2810830e-02   3.5466549e-01  -2.6275223e-01  -8.2779887e-03  -5.0027502e-03  -4.5435194e-04
   1.0262905e-01   3.1281779e-01  -2.3376247e-01  -7.3758190e-03  -5.6128910e-03   3.1965508e-04
   1.0285972e-01   3.0434589e-01  -2.6607645e-01  -8.5183157e-03  -5.8995539e-03   4.8799715e-04
   9.4599046e-02   3.1311928e-01  -2.6418632e-01  -8.5232025e-03  -5.5602169e-03   8.1156448e-04
   9.0702199e-02   3.2350112e-01  -2.6676922e-01  -8.7165293e-03  -5.4317409e-03   8.4554331e-04
   8.7404716e-02   3.3822855e-01  -2.6175080e-01  -8.8800803e-03  -5.5622595e-03   8.3920351e-04
   7.3838555e-02   3.1486651e-01  -2.5928596e-01  -8.9509834e-03  -5.3329803e-03   1.0328355e-03
