   0.0000000e+00   0.0000000e+00   0.0000000e+00   0.0000000e+00   0.0000000e+00   0.0000000e+00
   3.2494354e-02   2.7434870e-02   6.9511514e-02   4.7075206e-04  -1.9402338e-04  -1.0263199e-03
   2.9163086e-02   4.8701875e-02   1.2220798e-01   1.3052087e-04  -5.0536727e-04  -1.0840101e-03
   3.6267353e-02   8.6334403e-02   7.3511386e-02  -2.1552405e-04  -7.6104623e-04  -1.1451439e-03
   4.7436402e-02   8.9361457e-02  -1.1982848e-03  -1.1537646e-03  -1.0441713e-03  -1.4163156e-03
   5.0401812e-02   6.8882417e-02   7.4037830e-03  -1.5472577e-03  -1.2937411e-03  -1.5388624e-03
   7.5911903e-02   8.4632822e-02   5.9981394e-02  -4.3884680e-04  -1.8760181e-03  -1.6821043e-03
   7.8554676e-02   7.5693427e-02  -6.0642266e-02  -2.2070393e-03  -2.3431058e-03  -1.5273985e-03
   7.4142133e-02   1.2771582e-01  -8.1429809e-02  -3.2981769e-03  -2.6080013e-03  -1.6578958e-03
   7.0149881e-02   1.4279728e-01  -2.1374978e-02  -3.1713821e-03  -2.5251435e-03  -1.6849870e-03
   6.8661431e-02   2.0227303e-01  -9.1225754e-02  -4.8441426e-03  -2.4218258e-03  -1.9185816e-03
   5.7521544e-02   2.2306449e-01  -8.1673799e-02  -5.3878384e-03  -2.4905894e-03  -1.9976328e-03
   6.1561830e-02   2.3672143e-01  -5.7645371e-02  -5.6566894e-03  -2.8080948e-03  -2.1360861e-03
   6.0081049e-02   2.3520449e-01  -7.9192567e-02  -5.9235640e-03  -2.6997685e-03  -2.1793853e-03
   6.8273073e-02   2.3675507e-01  -8.4047975e-02  -6.2375547e-03  -2.6872138e-03  -2.2706946e-03
   7.8518444e-02   2.5388621e-01  -6.8908777e-02  -6.5211059e-03  -2.9784458e-03  -2.6387279e-03
   8.6851975e-02   2.8857602e-01  -5.2787150e-02  -7.1526938e-03  -3.0712795e-03  -2.7428336e-03
   8.2361701e-02   3.0705303e-01  -8.4284215e-02  -7.5960068e-03  -3.2628216e-03  -2.7349605e-03
   8.8117293e-02   2.9314560e-01  -9.2142502e-02  -7.5924301e-03  -3.3866098e-03  -2.8339244e-03
   7.2884992e-02   3.0874314e-01  -9.4477661e-02  -8.2175679e-03  -3.4622721e-03  -2.5078593e-03
   6.6796699e-02   3.1571401e-01  -1.2066673e-01  -8.3050386e-03  -3.5006104e-03  -2.6136835e-03
   5.9715271e-02   3.3951094e-01  -1.2203099e-01  -8.7843894e-03  -3.3800345e-03  -2.8124766e-03
   5.9397509e-02   3.5546800e-01  -1.0560725e-01  -8.8333684e-03  -3.4650106e-03  -2.7985222e-03
   3.7190114e-02   3.2163631e-01  -7.9294661e-02  -7.8538524e-03  -3.3012432e-03  -2.4976702e-03
   3.6022884e-02   3.5699464e-01  -1.3167641e-01  -8.5275359e-03  -3.2146930e-03  -2.5907361e-03
   5.3833556e-02   3.4570479e-01  -1.8010427e-01  -9.5936880e-03  -3.4456748e-03  -2.5768958e-03
   9.1321142e-02   3.7461011e-01  -1.6656876e-01  -9.8231677e-03  -3.9726492e-03  -3.0395662e-03
   1.0123762e-01   3.8621330e-01  -1.4471701e-01  -1.0339251e-02  -4.0190103e-03  -3.1008711e-03
   8.1829240e-02   3.7085122e-01  -2.2626172e-01  -1.1084863e-02  -3.7091554e-03  -2.7263421e-03
   9.1990172e-02   3.7473789e-01  -1.4289287e-01  -1.0314529e-02  -3.6037919e-03  -3.0915522e-03
   7.6574523e-02   3.9482422e-01  -1.7429409e-01  -1.0697128e-02  -3.2598203e-03  -3.0183213e-03
   7.3179156e-02   3.9743849e-01  -2.2377188e-01  -1.1258881e-02  -3.2506045e-03  -3.3159285e-03
   6.7488766e-02   4.1881146e-01  -1.9253284e-01  -1.1375951e-02  -3.3026516e-03  -3.3599188e-03
   6.9147416e-02   4.3728979e-01  -2.1943579e-01  -1.2033048e-02  -3.1552148e-03  -3.3430321e-03
   5.9957827e-02   4.5069813e-01  -2.4690261e-01  -1.2236734e-02  -2.8561708e-03  -3.4655781e-03
   5.1840576e-02   4.3762960e-01  -2.8512217e-01  -1.2823986e-02  -2.6276709e-03  -3.4564005e-03
   1.3276131e-02   4.6720211e-01  -2.9154787e-01  -1.3802790e-02  -2.0443952e-03  -2.9995883e-03
   2.5726625e-02   4.8630665e-01  -3.0577288e-01  -1.3999793e-02  -2.0514890e-03  -3.1670280e-03
   2.3214709e-02   4.9615555e-01  -3.0997029e-01  -1.4070381e-02  -2.0010069e-03  -3.2984451e-03
   1.7571807e-02   5.0421330e-01  -3.1765168e-01  -1.4741161e-02  -1.8296484e-03  -3.4689355e-03
   1.5389128e-02   5.0636287e-01  -2.8151503e-01  -1.4566111e-02  -1.6689140e-03  -3.5742572e-03
   6.4513543e-03   5.2428495e-01  -3.2197600e-01  -1.4962825e-02  -1.2113544e-03  -3.6365082e-03
   6.1251781e-03   5.3432178e-01  -3.6304300e-01  -1.5290852e-02  -8.7283571e-04  -3.5269402e-03
  -7.0503439e-03   5.2249550e-01  -3.1626137e-01  -1.5073002e-02  -7.3644085e-04  -3.2644570e-03
  -1.8197045e-02   5.2906242e-01  -3.2977951e-01  -1.4914123e-02  -3.2812371e-04  -3.2182255e-03
  -2.3459470e-02   5.3836148e-01  -3.4701640e-01  -1.5236286e-02  -3.9710232e-04  -3.1394786e-03
  -2.3072165e-02   5.3880496e-01  -3.4149124e-01  -1.5385339e-02  -3.2838323e-04  -3.1440135e-03
  -3.0212929e-02   5.4128455e-01  -3.5146048e-01  -1.5167158e-02   8.5171442e-05  -3.2703085e-03
  -4.5415580e-02   5.5848714e-01  -4.1101433e-01  -1.6164415e-02   2.0862297e-04  -3.2305267e-03
  -4.2649573e-02   5.2440720e-01  -3.6917982e-01  -1.5328565e-02  -1.1067061e-04  -3.0956161e-03
  -1.8049899e-02   5.0093082e-01  -4.4720713e-01  -1.4884033e-02  -3.8647144e-04  -2.9177782e-03
  -2.1632198e-02   5.1229778e-01  -5.5866170e-01  -1.6809301e-02  -3.4597422e-04  -2.7265868e-03
  -1.7027070e-02   5.1643698e-01  -4.6055593e-01  -1.5810540e-02  -4.5540319e-04  -2.9687055e-03
  -1.3678384e-02   4.9344332e-01  -4.7241903e-01  -1.5528960e-02  -2.7878447e-04  -2.8494411e-03
  -1.3242945e-02   5.3325854e-01  -5.3471512e-01  -1.6549499e-02  -1.6464476e-04  -2.8915196e-03
  -1.1781794e-02   5.0856338e-01  -4.5993724e-01  -1.5999419e-02  -6.0194395e-05  -3.0267240e-03
  -1.8925916e-02   5.1358623e-01  -4.9408060e-01  -1.6331280e-02   3.4651313e-06  -2.9566505e-03
  -2.4012170e-02   5.3293025e-01  -5.5980727e-01  -1.6930027e-02   1.7512143e-04  -2.8388826e-03
  -2.9630724e-02   5.1755577e-01  -5.6026013e-01  -1.7125971e-02   1.9130042e-04  -3.0085705e-03
  -3.4248796e-02   5.1468975e-01  -5.2832243e-01  -1.6608623e-02   2.6325881e-04  -2.9161975e-03
  -4.5735610e-02   5.3905000e-01  -6.0336922e-01  -1.7497794e-02   3.2390417e-04  -2.7206119e-03
  -4.1180265e-02   5.2369715e-01  -6.1806710e-01  -1.7948585e-02   2.5390450e-04  -3.0578167e-03
  -4.1371196e-02   5.4621440e-01  -5.9281328e-01  -1.8144066e-02   1.8089356e-04  -3.0405247e-03
  -4.5264689e-02   5.4376239e-01  -6.3466455e-01  -1.7950948e-02   2.9630659e-04  -2.8985957e-03
  -3.9500770e-02   5.3838639e-01  -6.4478037e-01  -1.8280419e-02   3.7090879e-04  -3.0158958e-03
  -5.5070832e-02   5.6156773e-01  -6.1961598e-01  -1.8272300e-02   4.1708727e-04  -2.8513162e-03
  -6.9248350e-02   5.5224875e-01  -6.3381324e-01  -1.8405751e-02   5.7759215e-04  -2.5361653e-03
  -8.0761755e-02   5.5484992e-01  -6.6394014e-01  -1.8829304e-02   5.0066252e-04  -2.4384677e-03
  -8.3084298e-02   5.6634045e-01  -6.6056612e-01  -1.9159862e-02   4.9124704e-04  -2.4624930e-03
  -8.4971867e-02   5.7826988e-01  -6.4689522e-01  -1.9047775e-02   7.4556377e-04  -2.4087130e-03
  -8.0838621e-02   5.8761236e-01  -7.0167785e-01  -1.9564407e-02   6.5425529e-04  -2.3518182e-03
  -8.8411782e-02   5.7408697e-01  -7.0549047e-01  -1.9647776e-02   6.5163643e-04  -2.2762051e-03
  -8.4952209e-02   5.8853164e-01  -7.0474127e-01  -1.9632928e-02   6.7918176e-04  -2.3582879e-03
  -9.4782067e-02   5.4883107e-01  -6.8095293e-01  -1.8878456e-02   7.8957632e-04  -2.1912727e-03
  -7.0967409e-02   5.4512352e-01  -7.5077708e-01  -1.8928618e-02   3.1767962e-04  -2.1323040e-03
  -9.3679030e-02   4.9181588e-01  -8.3674972e-01  -2.0002500e-02   6.8266699e-04  -1.1812822e-03
  -1.3577783e-01   5.6998504e-01  -7.6100992e-01  -2.0410149e-02   1.3606018e-03  -6.4666094e-04
  -1.2762843e-01   5.5348740e-01  -7.6942411e-01  -2.0118813e-02   1.4666322e-03  -1.1087215e-03
  -1.3114369e-01   6.0685287e-01  -7.5589711e-01  -2.0979661e-02   1.5647374e-03  -9.7235224e-04
  -1.0072485e-01   6.4600745e-01  -7.1716515e-01  -2.1347071e-02   1.3540687e-03  -6.7376224e-04
  -1.2175711e-01   3.5804471e-01  -6.5220266e-01  -1.7785497e-02   2.6822003e-03  -1.1235452e-03
  -1.5216480e-01   6.4475745e-01  -8.2305032e-01  -2.2397312e-02   3.0836005e-03  -7.8515916e-04
  -1.4915116e-01   6.1816694e-01  -7.6149712e-01  -2.2265354e-02   2.9636559e-03  -9.1416869e-04
  -1.3632552e-01   6.1403714e-01  -7.5742572e-01  -2.2719331e-02   2.5887360e-03  -1.1135443e-03
  -1.5066069e-01   6.2015692e-01  -7.7282240e-01  -2.2617181e-02   2.6305072e-03  -9.4586318e-04
  -1.4868551e-01   6.1538959e-01  -8.2417539e-01  -2.3511533e-02   2.4990211e-03  -1.0918130e-03
  -1.6137077e-01   6.1981854e-01  -7.8629146e-01  -2.3101708e-02   2.5685516e-03  -9.5387993e-04
  -1.6365232e-01   6.4906220e-01  -8.7095007e-01  -2.4205619e-02   2.8099277e-03  -9.2091521e-04
  -1.7462538e-01   6.4607510e-01  -8.8159129e-01  -2.4542110e-02   2.7329198e-03  -9.7749253e-04
  -1.8273372e-01   6.3486212e-01  -8.4682115e-01  -2.4431682e-02   2.9584621e-03  -9.4078447e-04
  -1.8114882e-01   6.4837819e-01  -8.6792714e-01  -2.4320730e-02   2.9625879e-03  -9.6430735e-04
  -1.8102029e-01   6.4877048e-01  -8.9142770e-01  -2.4694971e-02   2.9641945e-03  -9.6176445e-04
  -1.8468268e-01   6.3938118e-01  -8.6679669e-01  -2.4397527e-02   2.9587558e-03  -9.7323082e-04
  -1.8477976e-01   6.6166376e-01  -8.6888485e-01  -2.4615226e-02   2.9271175e-03  -9.4537253e-04
  -1.8837877e-01   6.5457895e-01  -8.7308776e-01  -2.4413267e-02   2.8707566e-03  -9.0796196e-04
  -1.8111143e-01   6.5654013e-01  -8.8677320e-01  -2.5093040e-02   2.9056572e-03  -1.0785919e-03
  -1.7390523e-01   6.4202852e-01  -8.3234364e-01  -2.4059490e-02   2.7301229e-03  -1.1152022e-03
  -1.8315599e-01   6.6438641e-01  -9.1940653e-01  -2.5151291e-02   2.8774537e-03  -9.2301496e-04
  -1.6195797e-01   6.5339547e-01  -9.1986845e-01  -2.4623988e-02   2.4485856e-03  -1.0527514e-03
  -1.2717719e-01   6.5504752e-01  -9.6296424e-01  -2.5068789e-02   1.8926539e-03  -1.4836263e-03
  -1.4393144e-01   6.8046757e-01  -1.0580088e+00  -2.6750454e-02   1.7929533e-03  -1.0094666e-03
  -1.3949929e-01   6.9446491e-01  -1.0491456e+00  -2.6506278e-02   1.9405340e-03  -1.2158981e-03
  -1.2876735e-01   6.8506592e-01  -1.0108624e+00  -2.6600969e-02   1.8328708e-03  -1.3619455e-03
  -1.2920379e-01   6.6853534e-01  -1.0148117e+00  -2.6422140e-02   1.7677210e-03  -1.1100658e-03
  -1.3900552e-01   6.8210871e-01  -1.0121840e+00  -2.6738031e-02   2.0951884e-03  -1.1978484e-03
  -1.3061459e-01   6.8038193e-01  -1.0132814e+00  -2.6920936e-02   1.8454588e-03  -1.5401312e-03
  -1.4127740e-01   7.0168952e-01  -1.0021081e+00  -2.7018053e-02   1.9592833e-03  -1.6444840e-03
  -1.4363079e-01   7.2123027e-01  -1.0542999e+00  -2.7596008e-02   1.8698820e-03  -1.5035256e-03
  -1.4638936e-01   7.0611212e-01  -1.0460259e+00  -2.7812884e-02   1.8517005e-03  -1.5201987e-03
  -1.3983914e-01   7.1746700e-01  -9.9907853e-01  -2.7642487e-02   1.8111592e-03  -1.5710335e-03
  -1.4988691e-01   7.1398954e-01  -1.0618961e+00  -2.8008881e-02   1.9882437e-03  -1.5045907e-03
  -1.4353571e-01   7.1503182e-01  -1.1418815e+00  -2.9048262e-02   1.7886153e-03  -1.6506564e-03
  -1.4708005e-01   6.8932145e-01  -1.1267436e+00  -2.9192631e-02   1.6803226e-03  -1.6270965e-03
  -1.3947091e-01   7.2102317e-01  -1.1313952e+00  -2.8940438e-02   1.6785608e-03  -1.7963275e-03
  -1.4234290e-01   7.2096093e-01  -1.1095570e+00  -2.9260073e-02   1.6239341e-03  -1.9204979e-03
  -1.3535949e-01   7.3023107e-01  -1.0516135e+00  -2.9054747e-02   1.6254534e-03  -1.9642360e-03
  -1.1860689e-01   7.1522201e-01  -1.0593572e+00  -2.8530476e-02   1.5415472e-03  -2.2542048e-03
  -1.1930951e-01   7.2762228e-01  -1.0874732e+00  -2.9074848e-02   1.5313015e-03  -2.3013171e-03
  -1.0415227e-01   7.1632872e-01  -1.0718344e+00  -2.8831374e-02   1.5225138e-03  -2.4953135e-03
  -1.1533099e-01   7.2709968e-01  -1.1130531e+00  -2.8885619e-02   1.5648211e-03  -2.3263294e-03
  -9.1289288e-02   7.2113722e-01  -1.0886759e+00  -2.8611494e-02   1.4053730e-03  -2.7435148e-03
  -8.8496171e-02   7.2986422e-01  -1.0554117e+00  -2.8978382e-02   1.2424804e-03  -2.9556684e-03
  -9.2364171e-02   7.1691740e-01  -1.0330098e+00  -2.7929250e-02   1.2582244e-03  -2.9359028e-03
  -7.4806013e-02   7.1255427e-01  -1.0883070e+00  -2.8058480e-02   7.1262998e-04  -2.8491852e-03
  -5.8472808e-02   7.2428493e-01  -1.1689242e+00  -2.9497231e-02   4.4551665e-04  -2.8580027e-03
  -6.0739416e-02   7.0527464e-01  -1.1755500e+00  -2.8823107e-02   3.3411434e-04  -2.6132005e-03
  -5.5456440e-02   7.1909620e-01  -1.2252984e+00  -2.9230968e-02   1.0773043e-04  -2.5732686e-03
  -5.3610558e-02   7.0408333e-01  -1.1533413e+00  -2.8800030e-02  -1.4901716e-05  -2.7684325e-03
  -4.3699988e-02   6.9323611e-01  -1.1967111e+00  -2.8904987e-02   3.5655231e-06  -2.7422690e-03
