   0.0000000e+00   0.0000000e+00   0.0000000e+00   0.0000000e+00   0.0000000e+00   0.0000000e+00
   1.9472709e-02   1.4607953e-01   7.6892619e-02  -5.0471686e-03  -7.1321332e-04   2.3324023e-04
   1.2002436e-01   4.7606455e-02   1.1608006e+00  -4.9211170e-03  -8.6995964e-04   1.3224219e-03
   9.3701174e-02  -1.9600979e-01   6.5948729e-01  -2.8669686e-03   3.4887758e-04  -3.4908558e-04
   7.2707745e-02  -3.1302688e-01   1.0030790e+00  -2.9035792e-03   1.5246577e-03  -3.2635135e-04
   1.2834937e-01  -2.6639167e-01   7.1055888e-01  -1.9672913e-03   2.1560879e-03  -1.3198476e-03
   1.2265400e-01  -4.7148568e-02   2.7313618e-01  -4.4572537e-03   1.8199425e-03  -1.4154376e-03
   1.4366400e-01  -4.4544539e-02   4.5732301e-01  -6.0609568e-03   2.0094021e-03  -1.6101569e-03
   1.3374539e-01  -1.1601011e-02   2.9968666e-01  -6.3935067e-03   1.7632740e-03  -8.9814260e-04
   1.4653409e-01  -7.3373787e-02   4.5715420e-01  -6.4340201e-03   1.7447346e-03  -1.0553974e-03
   1.5357832e-01  -9.9903334e-02   3.0729261e-01  -6.2443505e-03   1.7033035e-03  -1.0356348e-03
   1.6648543e-01   8.0072196e-03   5.7943700e-01  -6.2315409e-03   9.1659530e-04  -2.4813362e-04
   1.1128710e-01  -3.0165539e-02   5.3174081e-01  -6.3195756e-03   3.5830374e-04  -4.7480475e-04
   1.2103151e-01  -1.0015810e-01   4.8301231e-01  -6.4500836e-03  -6.1435320e-05  -1.9817444e-04
   1.0349089e-01  -5.0541516e-02   5.3865241e-01  -6.2713064e-03  -3.9295206e-04  -3.2003393e-04
   1.1869052e-01   6.7846191e-03   5.7411130e-01  -6.7404347e-03  -6.4779385e-04  -9.3588604e-05
   1.1777725e-01  -8.0988683e-02   5.3150075e-01  -6.9213325e-03  -6.1887765e-04  -1.4574792e-04
   1.2348715e-01  -8.0859650e-03   6.1725907e-01  -6.3406111e-03  -8.9864314e-04  -2.6754363e-04
   1.0302126e-01  -3.9392691e-02   6.2081177e-01  -7.2728650e-03  -1.4120988e-03  -4.5265628e-04
   1.4432398e-01  -3.7485266e-02   6.7678683e-01  -6.5819281e-03  -1.6189014e-03  -2.1956992e-04
   1.1782687e-01  -8.6014895e-03   6.2424549e-01  -7.2672207e-03  -1.6940084e-03  -4.3064972e-05
   1.3941719e-01  -6.7275126e-02   6.8219958e-01  -7.2189413e-03  -2.2248470e-03  -5.3633683e-04
   1.4972565e-01   4.5486105e-02   6.4588709e-01  -7.1846539e-03  -3.0454413e-03  -9.4823988e-04
   1.5094901e-01  -2.0574136e-02   6.4569660e-01  -7.7944757e-03  -2.9919329e-03  -4.7147868e-04
   1.2937336e-01  -2.3099804e-02   6.5799215e-01  -7.6085112e-03  -2.9851591e-03  -1.4722246e-04
   1.2559355e-01   8.4310560e-02   7.7280843e-01  -6.9637001e-03  -3.1634538e-03   1.6085746e-05
   8.9846379e-02  -4.0128696e-02   5.1728325e-01  -6.4663069e-03  -3.0223687e-03  -2.8086589e-04
  -2.4629280e-02   1.3197758e-02   4.5832990e-01  -8.2795211e-03  -3.3121001e-03  -4.5101885e-04
  -1.0038784e-02   3.6321591e-02   4.7176509e-01  -8.3670417e-03  -3.8916615e-03  -7.5333009e-04
   2.8325562e-02  -3.7461040e-03   4.8009351e-01  -7.9472825e-03  -3.8963073e-03  -8.0685810e-04
   3.5929950e-02  -2.8405152e-02   5.3498489e-01  -7.4352312e-03  -3.7765194e-03  -9.4145505e-04
   5.4726308e-02   3.5288268e-02   4.7815516e-01  -8.1663822e-03  -3.5497487e-03  -7.8149276e-04
   5.9430957e-02  -1.2459162e-02   5.3810356e-01  -7.6532444e-03  -3.5343136e-03  -9.4273025e-04
   8.6408263e-02   5.4930503e-02   5.8899973e-01  -7.3986789e-03  -3.3878846e-03  -9.2796952e-04
   8.4437347e-02   1.4651203e-03   5.9906587e-01  -7.5386174e-03  -3.3866028e-03  -6.9514843e-04
   1.0120874e-01  -1.4295376e-03   5.7385727e-01  -7.6445149e-03  -3.9216886e-03  -6.3541426e-04
   1.1002054e-01   5.5991292e-02   5.4079644e-01  -7.8399609e-03  -3.4499789e-03  -5.0458965e-04
   1.1108046e-01  -1.9230497e-02   5.2324216e-01  -8.3990322e-03  -3.2516095e-03  -3.8606372e-04
   1.1776042e-01   6.3811493e-02   5.5899728e-01  -7.6672711e-03  -3.4062072e-03  -5.3360592e-04
   1.0841136e-01   3.7995288e-02   4.9022812e-01  -7.9566758e-03  -3.4382171e-03  -7.6628808e-04
   1.0074098e-01  -6.3904104e-03   5.2371126e-01  -7.9473499e-03  -3.2322107e-03  -6.3665136e-04
   1.1343209e-01   4.8201332e-02   5.3930697e-01  -7.5615027e-03  -3.1836233e-03  -4.7136026e-04
   1.3987765e-01   7.2337489e-03   5.2781016e-01  -7.4277345e-03  -2.9975021e-03  -3.0288387e-04
   1.4090758e-01  -1.2723654e-02   5.6073985e-01  -7.4842322e-03  -2.9747588e-03  -3.8972421e-04
   1.3419145e-01   5.2320159e-02   5.0980562e-01  -7.5527741e-03  -2.9806205e-03  -4.9228583e-04
   1.2383492e-01   2.8341249e-03   5.2725903e-01  -7.7493321e-03  -2.7171127e-03  -5.6127431e-04
   1.1686757e-01   5.4425946e-02   5.9529263e-01  -6.9826834e-03  -2.8554135e-03  -9.3363513e-04
   1.2859225e-01   7.2471648e-02   5.0895706e-01  -7.4900147e-03  -3.2719076e-03  -9.3481930e-04
   1.4620760e-01   2.9065443e-02   5.6807406e-01  -6.7585201e-03  -3.4374059e-03  -1.3742656e-03
   1.3048428e-01   8.3886041e-02   5.0124044e-01  -6.2575914e-03  -3.7844316e-03  -1.3592018e-03
   9.7339730e-02   2.6905998e-02   5.8394440e-01  -5.0982531e-03  -2.9660671e-03  -1.8361860e-03
   3.8904793e-02   1.4817916e-01   5.2228895e-01  -6.9177209e-03  -2.0716119e-03  -2.0133646e-03
   5.5571996e-02  -2.1697768e-02   4.8484919e-01  -7.9861712e-03  -1.8041901e-03  -2.1795310e-03
   6.9902379e-02   7.3152721e-02   5.7090151e-01  -7.4218975e-03  -1.7836470e-03  -1.7042733e-03
   7.0302313e-02  -5.4885919e-02   5.3544598e-01  -7.6537165e-03  -2.3894382e-03  -1.7040479e-03
   8.0430150e-02   1.2745971e-02   5.2983485e-01  -6.6565626e-03  -2.7539245e-03  -2.0021228e-03
   8.8402850e-02   1.3910603e-02   5.5530284e-01  -6.8647776e-03  -2.6263258e-03  -1.6952298e-03
   1.0242462e-01   7.3843372e-03   6.5061379e-01  -5.9653118e-03  -2.7172247e-03  -1.3004305e-03
   9.6507548e-02   2.5735294e-02   6.5125510e-01  -5.8474314e-03  -2.8152714e-03  -1.4660885e-03
   9.6787719e-02  -5.0879270e-02   6.5292555e-01  -5.7382206e-03  -2.7528624e-03  -1.6079589e-03
   9.0296535e-02   1.1961503e-02   6.7717511e-01  -5.1333618e-03  -3.2005654e-03  -1.9059404e-03
   6.6378128e-02  -4.3977607e-02   6.5621392e-01  -5.5506943e-03  -3.0539210e-03  -1.5708652e-03
   5.6977345e-02  -2.8072929e-02   7.1271018e-01  -4.7895102e-03  -3.3199060e-03  -1.4837229e-03
   7.1074737e-02   1.4155223e-02   6.6064343e-01  -4.4880387e-03  -3.1016268e-03  -1.3523929e-03
   5.6294547e-02  -3.6792772e-02   6.7808796e-01  -4.6858788e-03  -3.2203912e-03  -1.5949447e-03
   5.1232781e-02   2.3513017e-02   6.9845556e-01  -4.8157933e-03  -4.1210349e-03  -2.0962803e-03
   4.7660227e-02   1.7843850e-02   6.9385140e-01  -5.0425193e-03  -4.7250986e-03  -2.4401885e-03
   3.7697200e-02  -3.8225269e-02   7.0000944e-01  -4.3625849e-03  -4.7951915e-03  -2.5220892e-03
   5.1263160e-02   5.2128889e-02   6.8959148e-01  -4.5716139e-03  -5.1035579e-03  -2.7408764e-03
   5.0058762e-02  -2.2493689e-02   6.2763077e-01  -4.5588292e-03  -4.9955927e-03  -2.7781726e-03
   3.6292063e-02   2.0907942e-02   7.0580273e-01  -4.0712441e-03  -5.4125167e-03  -3.2962458e-03
   6.2735235e-03   4.4839108e-02   6.4676654e-01  -4.4961122e-03  -6.3259813e-03  -4.3168282e-03
  -1.8154063e-02  -2.6791666e-02   7.2240624e-01  -4.9694321e-03  -7.5673296e-03  -4.6438384e-03
  -3.1812865e-02   3.9294652e-02   6.7475512e-01  -4.1063294e-03  -8.0961867e-03  -4.5647752e-03
  -6.6736208e-02  -1.0087861e-03   7.6340793e-01  -3.4312799e-03  -7.5505363e-03  -5.1065781e-03
  -9.7325544e-02   2.2721989e-02   6.2505005e-01  -4.3968152e-03  -7.3368534e-03  -5.1875490e-03
  -6.2992906e-02  -7.2458647e-03   6.8869048e-01  -7.2286554e-03  -7.0757323e-03  -4.9960709e-03
  -9.8094383e-02   7.9461127e-02   5.4800283e-01  -6.3413664e-03  -6.6225436e-03  -6.3579869e-03
  -1.2140163e-01   2.1908182e-01   6.0722847e-01  -8.3914302e-03  -6.4883413e-03  -4.9404532e-03
  -1.5995323e-01  -1.7476361e-02   6.9501098e-01  -5.8457797e-03  -6.3980386e-03  -5.7929649e-03
  -1.5610278e-01  -9.1644848e-02   6.3789471e-01  -5.2665416e-03  -6.3538632e-03  -5.1792566e-03
  -1.4431754e-01   6.0527038e-02   6.3573477e-01  -4.5604020e-03  -6.4966281e-03  -5.4687883e-03
  -1.2082895e-01   4.1553122e-02   5.8705231e-01  -4.0721175e-03  -6.6961164e-03  -5.3552325e-03
  -1.3768852e-01  -2.3947539e-02   6.6910206e-01  -4.1647783e-03  -6.6954872e-03  -5.7570387e-03
  -1.4277734e-01   1.2738504e-02   6.1540980e-01  -3.4705705e-03  -6.4733688e-03  -5.8160597e-03
  -1.4402664e-01  -2.4643977e-03   6.0454868e-01  -3.2246600e-03  -6.5591525e-03  -5.3654000e-03
  -1.3918477e-01  -3.1079890e-02   6.3487971e-01  -2.8595218e-03  -6.7036271e-03  -5.2276384e-03
  -1.3726639e-01   4.2286838e-02   5.8755052e-01  -2.6177881e-03  -6.7393695e-03  -5.4292895e-03
  -1.3739470e-01  -3.2583024e-02   5.8389156e-01  -2.7112334e-03  -6.9130648e-03  -5.6693322e-03
  -1.3784023e-01   4.5352173e-02   6.3434676e-01  -2.0836417e-03  -7.0483589e-03  -5.7002376e-03
  -1.4766543e-01  -3.0587131e-02   6.1436848e-01  -2.0820471e-03  -6.8618146e-03  -5.3787571e-03
  -1.2989934e-01   1.8175509e-02   6.5723629e-01  -1.8004608e-03  -7.0251045e-03  -5.5696458e-03
  -1.2046804e-01   2.8067461e-03   6.2893536e-01  -1.7517349e-03  -7.0193554e-03  -5.4067834e-03
  -1.0474036e-01  -5.5188223e-02   6.7000394e-01  -1.0886996e-03  -6.9381824e-03  -4.9804455e-03
  -9.3245329e-02  -5.1115714e-03   6.2828885e-01  -1.1877605e-04  -6.6720350e-03  -5.1082376e-03
  -8.1807105e-02  -4.6093267e-02   6.1109862e-01  -5.8382085e-04  -6.8963686e-03  -4.9011027e-03
  -5.5420382e-02  -5.8311582e-02   6.4675005e-01   2.1760675e-04  -6.6472094e-03  -4.5024699e-03
  -6.6301989e-02  -6.0719036e-03   6.1565383e-01   8.7972430e-05  -6.8613052e-03  -5.1809860e-03
  -7.7514345e-02  -5.2528476e-02   6.4375314e-01  -8.2281457e-04  -7.1744222e-03  -5.3269181e-03
  -1.1900398e-01   4.5309411e-02   6.1228076e-01   5.4613542e-04  -6.9915134e-03  -5.1761305e-03
  -1.3256744e-01  -4.3449511e-03   5.1702848e-01  -1.5777430e-03  -6.2054161e-03  -5.0969240e-03
  -1.3082666e-01   6.4969464e-02   6.0788894e-01  -1.8867108e-03  -6.3547512e-03  -4.9967826e-03
  -1.6552625e-01  -6.2987262e-03   5.9180400e-01  -1.9254086e-03  -6.0469193e-03  -4.8864771e-03
  -2.1026597e-01  -7.3862947e-02   6.8337708e-01  -3.1880976e-04  -6.1515832e-03  -5.4017040e-03
  -1.6314605e-01  -4.0268221e-02   5.9528271e-01  -7.5210118e-04  -6.7407962e-03  -5.6031001e-03
  -1.8234647e-01  -9.4565078e-02   6.9208962e-01  -1.0747332e-04  -6.9975197e-03  -6.0631188e-03
  -2.0650563e-01  -2.3537703e-02   6.7108332e-01   8.0442725e-04  -7.6141495e-03  -6.3957254e-03
  -1.9947510e-01  -6.3356047e-02   7.1928843e-01   5.7710190e-04  -7.4334534e-03  -6.0067758e-03
  -2.1436237e-01  -1.5831414e-02   6.9937396e-01   1.1778805e-03  -7.5467069e-03  -6.2775725e-03
  -2.0746230e-01  -7.0110089e-02   6.4536404e-01   8.7090270e-04  -7.8159383e-03  -6.7454800e-03
  -2.2558661e-01  -5.4409029e-02   7.1095808e-01   1.5586476e-03  -8.1669763e-03  -7.0806854e-03
  -2.1334132e-01  -1.1797489e-02   6.6177606e-01   1.7095781e-03  -8.3655205e-03  -7.2331210e-03
  -2.2887511e-01  -7.5936746e-02   6.6149936e-01   2.0476390e-03  -8.4094951e-03  -7.1390188e-03
  -2.4377122e-01  -5.1058001e-02   6.7754174e-01   2.2164746e-03  -9.0517447e-03  -7.6073346e-03
  -2.4789862e-01  -4.5837025e-02   6.5238933e-01   2.5670922e-03  -9.6810019e-03  -7.9417696e-03
  -2.5191147e-01  -1.1379650e-01   6.8313843e-01   3.4465475e-03  -9.7727791e-03  -8.3043309e-03
  -2.3866243e-01  -4.0736088e-02   6.2677695e-01   3.0258163e-03  -1.0310401e-02  -8.8144121e-03
  -2.7521021e-01  -8.4457951e-02   6.3378873e-01   3.1700224e-03  -1.0436196e-02  -9.4736670e-03
  -3.0512534e-01  -3.7663911e-02   6.4411994e-01   3.8450864e-03  -1.0674787e-02  -9.8251466e-03
  -3.1604573e-01  -6.9366638e-02   5.6302269e-01   3.5455876e-03  -1.0484035e-02  -1.0281700e-02
  -3.0494982e-01  -1.0720153e-01   6.8205527e-01   4.2475291e-03  -1.0724459e-02  -1.0848470e-02
  -2.9895550e-01  -2.5101361e-02   5.8971110e-01   4.5328633e-03  -1.0903630e-02  -1.0881831e-02
  -2.9973646e-01  -1.3064993e-01   6.4227036e-01   4.7006147e-03  -1.0805769e-02  -1.0982329e-02
  -3.2130316e-01  -5.7272119e-02   5.1102489e-01   6.8912195e-03  -1.0888523e-02  -1.1293868e-02
  -2.9292107e-01  -1.8293435e-02   5.7641707e-01   3.9818747e-03  -1.0623531e-02  -1.0773841e-02
  -3.0628182e-01   2.7160023e-02   5.9484091e-01   3.4238048e-03  -1.0594816e-02  -1.1086348e-02
  -3.0579154e-01   1.6440675e-02   5.9953211e-01   2.2228443e-03  -9.5519772e-03  -1.0471681e-02
  -2.9261991e-01  -7.2691555e-02   6.4815820e-01   1.9415597e-03  -9.4907535e-03  -1.0289138e-02
