   0.0000000e+00   0.0000000e+00  -6.6613381e-16   0.0000000e+00   0.0000000e+00   0.0000000e+00
   1.6936514e-03  -6.6319168e-04   3.1885937e-02  -3.1697600e-04   7.3192765e-05  -3.5067710e-04
  -3.1981671e-03   6.3098533e-02   3.1762090e-02  -1.1471327e-03   2.4247488e-04  -6.8861221e-04
   1.3085340e-03   6.1618715e-02   4.0296841e-02  -1.0956044e-03  -1.6939932e-05  -6.6926619e-04
   3.9655663e-03   2.7736215e-02   6.0787716e-02  -3.8059519e-04   5.7057382e-05  -6.6503008e-04
  -4.3872300e-03   4.9569385e-02   1.0305964e-02  -1.0360835e-03   3.8164097e-04  -7.2276679e-04
  -1.7468110e-02   5.2640107e-02   2.2791491e-02  -9.7096284e-04   7.1959974e-04  -1.0139672e-03
  -1.8304389e-02   6.1876641e-02  -1.6798689e-03  -1.0197229e-03   5.6197860e-04  -7.9492377e-04
  -1.7135222e-02   9.5682803e-02  -8.4461423e-03  -9.3673164e-04   7.5348875e-04  -1.0978889e-03
  -1.0584056e-02   1.0310660e-01  -3.1086896e-03  -8.5694483e-04   8.5847371e-04  -1.3038525e-03
  -1.5731868e-02   7.8591006e-02  -1.2749308e-02  -1.2595322e-03   7.4611580e-04  -1.1088054e-03
  -1.9649405e-02   9.0269063e-02  -2.2557112e-02  -1.5542689e-03   8.1794061e-04  -1.1485782e-03
  -1.2446940e-02   8.5928650e-02  -2.6547270e-02  -1.5015986e-03   6.7941661e-04  -1.1045677e-03
  -1.1463013e-02   6.4213392e-02  -1.2949289e-02  -1.5927548e-03   5.2311742e-04  -1.1704556e-03
  -5.6642545e-03   1.1266207e-01   6.6499829e-03  -1.4841588e-03   4.0611191e-04  -1.3473905e-03
   6.8032998e-03   1.0745821e-01   1.0127376e-03  -1.3539685e-03  -3.3210042e-05  -1.2740527e-03
  -9.6030488e-03   7.3692534e-02  -2.7520331e-02  -1.8717185e-03   1.7817157e-04  -9.8961712e-04
  -6.7522830e-03   9.3572594e-02  -3.4347807e-02  -1.8798517e-03   3.4872521e-04  -1.0492033e-03
  -1.2296784e-02   1.0924875e-01  -4.0206463e-02  -2.0906270e-03   3.1748443e-04  -8.9511585e-04
  -1.9170333e-02   8.9841005e-02  -2.6909121e-02  -1.8309137e-03   2.1646332e-04  -7.0309171e-04
  -1.4003022e-02   8.9334895e-02  -2.8224989e-02  -1.8693492e-03   3.5116455e-04  -8.7788666e-04
  -1.4780682e-02   7.0568066e-02  -1.4237879e-02  -1.6985801e-03   2.7380169e-04  -9.5169529e-04
  -1.3704951e-02   1.2137099e-01  -5.7126012e-02  -2.0081695e-03   2.4256920e-04  -9.7571190e-04
  -1.2549800e-02   1.2418045e-01  -6.2046295e-02  -2.3021163e-03  -5.8766787e-05  -9.5500751e-04
  -5.4785104e-03   1.3293290e-01  -4.7432696e-02  -1.6300583e-03   3.4672175e-04  -1.3075382e-03
   3.2594186e-03   1.8134074e-01  -7.6717060e-02  -2.0831829e-03  -2.2817443e-04  -7.8324891e-04
   8.4252471e-03   9.2375182e-02  -5.0058742e-02  -2.5098223e-03  -8.3790174e-04  -5.7890827e-04
   1.6634239e-02   1.5149435e-01  -6.2489290e-02  -2.6551864e-03  -4.9423202e-04  -7.7789064e-04
   9.8984055e-03   1.3029680e-01  -4.8855934e-02  -2.8873879e-03  -7.5994840e-04  -5.0370294e-04
   9.8677184e-03   1.1682948e-01  -8.8512415e-03  -2.4631112e-03  -8.7717244e-04  -6.0661436e-04
  -1.2310656e-02   1.0498715e-01  -1.1966424e-02  -2.7193544e-03  -8.5209053e-04  -2.0325794e-04
  -1.2904422e-02   1.2625704e-01  -1.8345763e-02  -2.3813123e-03  -5.4574213e-04  -4.7588818e-04
  -1.1209566e-02   1.3359967e-01  -3.6377975e-02  -2.3851865e-03  -4.9127891e-04  -4.7840191e-04
  -1.8141127e-02   1.2464653e-01  -3.1825144e-02  -2.3675151e-03  -4.8963210e-04  -4.4574728e-04
  -1.8021758e-02   1.1188545e-01  -1.8920552e-02  -2.4670881e-03  -4.0348001e-04  -5.3076989e-04
  -1.8303196e-02   1.0793541e-01  -3.8347784e-02  -2.6092926e-03  -3.2612240e-04  -4.8850190e-04
  -1.0574559e-02   1.1410962e-01  -3.1766205e-02  -2.7268524e-03  -3.0901911e-04  -5.3877111e-04
  -6.1852406e-03   1.0331453e-01  -2.2652088e-02  -2.5123735e-03  -6.9971142e-04  -3.7174654e-04
  -2.4866575e-03   1.3039559e-01  -2.5455445e-02  -2.6894301e-03  -7.8485224e-04  -5.7703555e-04
  -1.9914441e-03   1.6708506e-01  -4.6236912e-02  -2.9097899e-03  -8.3246260e-04  -5.6958958e-04
   7.5872485e-03   1.1517411e-01  -2.2240800e-02  -2.4580695e-03  -9.8104096e-04  -6.8170802e-04
   1.3196593e-02   1.3988332e-01  -5.6422539e-02  -2.9288705e-03  -1.0023281e-03  -8.6410020e-04
   1.9853516e-02   1.6199084e-01  -6.5239028e-02  -2.9273690e-03  -1.0951314e-03  -8.8339293e-04
   1.5001065e-02   1.2559066e-01  -5.2814659e-02  -2.7278444e-03  -9.6986743e-04  -7.5537439e-04
   1.8065572e-02   1.1566792e-01  -3.9067833e-02  -2.4264649e-03  -9.0720945e-04  -7.7524326e-04
   1.9876281e-02   1.4653360e-01  -3.5270223e-02  -2.4942889e-03  -8.8079890e-04  -6.8935157e-04
   1.4889691e-02   1.3341449e-01  -4.3030316e-02  -2.7948541e-03  -8.3826988e-04  -5.8757144e-04
   1.0979599e-02   1.7075461e-01  -5.4468395e-02  -2.9636618e-03  -9.9244341e-04  -5.3289208e-04
   1.4343450e-02   1.3111748e-01  -1.2395015e-02  -2.6175063e-03  -1.0915368e-03  -4.3905906e-04
   3.0882907e-02   1.0993381e-01  -3.4272886e-02  -2.5804956e-03  -9.3667113e-04  -6.7833602e-04
   2.4981573e-02   1.2365597e-01   1.5081293e-02  -2.3454770e-03  -1.0580708e-03  -5.9138985e-04
   3.7123398e-02   1.4635521e-02   3.8810269e-02   7.7968643e-04  -1.1166006e-03  -8.1533916e-04
   4.9622962e-02   7.1327061e-02  -1.6223121e-02  -8.3282704e-04  -1.2923099e-03  -9.4722405e-04
   5.2176184e-02   1.0003755e-01   1.2925086e-02  -1.3619325e-03  -1.4838032e-03  -7.3762559e-04
   5.9229727e-02   1.2629289e-01  -3.2414492e-02  -2.5124558e-03  -1.6096529e-03  -9.3344938e-04
   3.6406421e-02   9.7561543e-02   2.1466628e-03  -1.9785836e-03  -1.2733074e-03  -5.0356864e-04
   4.6768284e-02   9.4168579e-02  -1.6232229e-02  -1.6569317e-03  -9.9037310e-04  -6.7605394e-04
   3.7074143e-02   1.2761756e-01  -3.6224266e-02  -2.0236165e-03  -9.6398096e-04  -5.3721939e-04
   3.6171592e-02   1.4043658e-01  -4.5856555e-02  -2.0456618e-03  -9.4513212e-04  -4.7416847e-04
   3.8874971e-02   1.0019601e-01  -2.5546852e-02  -2.0858094e-03  -8.8888910e-04  -4.6659078e-04
   2.9487368e-02   1.2133887e-01  -3.8110515e-02  -2.2784892e-03  -7.4589180e-04  -4.2585780e-04
   3.0361123e-02   1.1393838e-01  -3.5194096e-02  -2.4032916e-03  -8.7680211e-04  -3.3881736e-04
   4.1787933e-02   1.2641155e-01  -4.1651218e-02  -2.7366759e-03  -9.0704129e-04  -6.0943943e-04
   3.7688380e-02   1.2830472e-01  -4.1715241e-02  -2.9329790e-03  -1.1413577e-03  -5.4517106e-04
   2.5400433e-02   1.2679572e-01  -3.8953319e-02  -2.5523804e-03  -7.3021256e-04  -3.6263864e-04
   2.4568668e-02   1.2709408e-01  -5.4556396e-02  -2.8753140e-03  -7.7841427e-04  -3.9936651e-04
   2.8440807e-02   1.1426048e-01  -4.9031851e-02  -2.8020932e-03  -8.9548821e-04  -4.2599872e-04
   3.3968147e-02   1.3146633e-01  -4.5864713e-02  -2.7973998e-03  -9.1385031e-04  -4.0257071e-04
   3.4561030e-02   1.3760157e-01  -6.9389182e-02  -2.8361615e-03  -9.4150421e-04  -4.3656301e-04
   2.8427240e-02   1.3531419e-01  -6.1520201e-02  -2.7590786e-03  -5.8893234e-04  -4.3559976e-04
   3.0125138e-02   1.2270294e-01  -5.9287709e-02  -3.0025723e-03  -7.0630662e-04  -3.8250819e-04
   2.0199139e-02   1.4362471e-01  -6.6558509e-02  -2.8052619e-03  -8.3102691e-04  -3.0525159e-04
   8.2483331e-03   1.4551075e-01  -6.7550879e-02  -2.6050533e-03  -7.5792363e-04  -3.3789580e-04
   1.1648544e-02   1.7776766e-01  -8.0633528e-02  -3.0783195e-03  -8.4091020e-04  -3.6799800e-04
   3.5606235e-02   1.7088331e-01  -6.7835295e-02  -3.1945676e-03  -1.2485274e-03  -3.4776550e-04
   2.9847102e-02   1.2111261e-01  -2.1486585e-02  -2.5549478e-03  -1.2322875e-03  -2.4190665e-04
   2.0570212e-02   1.5056858e-01  -3.8380262e-02  -2.5762953e-03  -1.0640529e-03  -3.3496674e-04
   2.5929203e-02   1.4259360e-01  -3.7150654e-02  -2.9381261e-03  -1.1626363e-03  -3.9974259e-04
   3.4735389e-02   1.5296493e-01  -1.6085790e-02  -2.8194169e-03  -1.2481601e-03  -6.3349557e-04
   1.6716316e-02   1.3192776e-01   1.5434947e-02  -2.5469058e-03  -9.4118203e-04  -6.2994982e-04
  -9.7681268e-04   1.4908710e-01  -2.2822953e-02  -2.8733165e-03  -8.4529216e-04  -2.0068540e-04
   7.5305041e-03   1.6412045e-01  -5.4860838e-02  -3.1394530e-03  -6.8979387e-04  -4.4300644e-04
  -4.8642000e-03   1.3169504e-01  -2.9320914e-02  -2.6387358e-03  -4.0821992e-04  -3.8115352e-04
  -4.2444383e-03   1.5301985e-01  -4.0523709e-02  -2.8367628e-03  -1.4455194e-04  -5.3591784e-04
  -4.6972738e-03   1.6743181e-01  -3.3162074e-02  -2.8626373e-03  -7.6394965e-05  -6.2519858e-04
  -8.6272835e-04   1.6405162e-01  -2.1301036e-02  -2.7147031e-03  -2.5651370e-04  -5.3943810e-04
  -8.1705436e-03   1.3360292e-01  -4.4732183e-03  -2.6286596e-03  -1.1649583e-04  -3.2993082e-04
  -9.3811150e-03   1.6568382e-01  -1.8959791e-02  -2.7783483e-03   1.8425749e-04  -5.3689100e-04
  -5.3366222e-04   1.5410866e-01  -1.2512452e-02  -2.6952056e-03  -4.8268080e-05  -6.2785133e-04
  -1.9784728e-02   1.6464509e-01  -1.5419703e-02  -2.8999835e-03   3.8926663e-05  -3.6714686e-04
  -1.4730967e-02   1.9879196e-01  -4.4076220e-02  -3.3619784e-03   3.3725865e-05  -3.8207084e-04
  -2.6994642e-02   1.6784382e-01   8.2215667e-03  -2.3587513e-03   1.9231097e-04  -1.6880829e-04
  -3.2232508e-02   1.6105189e-01   2.2898120e-02  -2.0323631e-03   2.3410069e-04  -1.0496764e-04
  -3.2352662e-02   1.6364457e-01  -8.2564611e-03  -3.3219769e-03   3.4117373e-05  -9.7419187e-05
  -2.5561920e-02   1.8348453e-01  -2.0272206e-03  -2.9114190e-03  -1.2645971e-04  -2.5645226e-04
  -3.3891460e-02   1.6765522e-01   3.2078877e-03  -2.8327493e-03   1.6909662e-05  -2.2128791e-04
  -2.0882148e-02   1.6633393e-01   1.1741303e-02  -2.4536649e-03   5.4614541e-06  -3.9795713e-04
  -2.0794724e-02   1.7220737e-01   2.9162496e-02  -1.9543711e-03   2.8301371e-04  -5.7267618e-04
  -1.9771069e-02   1.6201093e-01  -4.7849718e-03  -3.0741494e-03  -1.2429512e-04  -2.0296341e-04
  -6.6924813e-03   1.5423803e-01   2.9523141e-02  -2.8282359e-03  -2.5063474e-04  -2.9592423e-04
  -1.3021631e-02   1.6475340e-01   1.4513993e-02  -3.0497014e-03  -3.2846352e-04  -1.5902227e-04
  -1.3396808e-02   1.4902017e-01   4.2275208e-02  -2.6464646e-03  -1.5484248e-04  -3.5314544e-04
  -1.1269858e-02   1.6500610e-01   1.7502009e-02  -2.8488124e-03  -1.0467725e-04  -3.0080066e-04
  -8.3159673e-03   1.4823281e-01   3.6616439e-02  -2.6635869e-03  -2.7421357e-04  -2.5054449e-04
  -7.6730356e-03   1.4023317e-01   2.8567067e-02  -2.4966560e-03  -2.1625963e-04  -3.5515168e-04
  -7.7413940e-04   1.5440973e-01   2.8351048e-02  -2.2605626e-03  -2.6296548e-04  -4.4591955e-04
  -1.1801333e-02   1.2092419e-01   4.4645120e-02  -1.6825737e-03   5.4157088e-05  -3.3081264e-04
  -2.0734446e-02   1.5752902e-01   3.0105773e-02  -2.7000249e-03  -8.3420809e-06  -2.4587866e-04
  -7.2927739e-03   1.6763479e-01   3.5739210e-02  -2.2137742e-03  -1.1641870e-04  -3.8852931e-04
  -2.0440229e-02   1.5106035e-01   2.0781617e-02  -2.6520962e-03   9.1167750e-05  -2.7263633e-04
  -3.5752527e-03   1.3215083e-01   1.9549638e-02  -2.2558316e-03  -3.2302436e-06  -4.3471094e-04
  -1.6405688e-02   1.5220174e-01   2.7329784e-02  -2.5129562e-03   1.6508069e-04  -3.9541558e-04
  -2.0837248e-02   1.3785603e-01   1.6076408e-02  -2.0163388e-03  -9.1155059e-05  -1.4188594e-04
  -3.6284288e-02   1.6095157e-01   3.4960716e-02  -2.1604463e-03  -2.0196339e-04   1.5158427e-04
  -2.1569894e-02   3.3858069e-03  -8.6038811e-03   4.9827405e-04  -3.6397109e-04   1.9839065e-04
   4.3754332e-03   6.6435990e-02   3.0007907e-02   1.2084827e-03  -8.2936713e-04   1.9209977e-04
  -5.8185243e-03   1.2822398e-01   3.8637995e-02  -6.4466026e-04  -5.4132420e-04  -2.0746845e-05
  -1.5648958e-02   1.2981828e-01   7.8549351e-03  -8.8561766e-04  -3.9505716e-04   1.8868319e-04
  -2.8196880e-02   1.7430202e-01  -1.7740430e-02  -1.9309520e-03  -2.5467159e-04   2.7376729e-04
  -9.8010703e-03   1.6112551e-01  -1.7166200e-02  -1.5448179e-03  -5.7614379e-04   2.6317932e-04
  -6.4658926e-03   1.4763807e-01   8.0439474e-03  -1.3764732e-03  -4.4141333e-04   1.3932601e-04
  -1.7171571e-02   1.5543929e-01  -2.5913347e-02  -2.2158406e-03  -6.3303922e-04   4.8099456e-04
  -1.8107135e-02   1.5718294e-01  -3.8574686e-03  -2.0766759e-03  -5.0623391e-04   3.7381256e-04
  -1.5508886e-03   1.6239302e-01   5.3282419e-03  -2.4047270e-03  -7.8095035e-04   2.2889723e-04
  -5.1768337e-04   1.3039956e-01   2.1087446e-02  -2.6064024e-03  -9.5803116e-04   3.3517381e-04
   1.5349959e-03   1.7379884e-01   1.1667040e-02  -2.4662371e-03  -1.0004314e-03   2.1643465e-05
  -8.2004376e-03   1.6097961e-01   1.3608226e-02  -2.8249132e-03  -1.1964467e-03   2.9494186e-04
   5.9747420e-04   1.5105888e-01   3.4760183e-02  -2.6187310e-03  -1.0623075e-03   7.8570217e-05
  -2.1021449e-03   1.4457991e-01   5.2119855e-02  -2.8170278e-03  -1.0741451e-03   1.9516800e-04
