   0.0000000e+00   0.0000000e+00   0.0000000e+00   0.0000000e+00   0.0000000e+00   0.0000000e+00
   3.0302625e-03  -5.1642002e-03  -3.9237477e-03  -3.8770891e-04   6.3704166e-04   8.2998930e-04
  -5.8654961e-02   1.2887669e-01   1.2601154e-01  -1.1194977e-03   2.0765748e-04   1.4480169e-04
  -6.7993841e-02  -6.1078213e-03   6.1578490e-02  -4.2355786e-04   5.5252506e-05   5.2963524e-05
  -4.7306401e-02   1.2459766e-01   2.4434636e-01  -2.1054568e-03  -1.7587469e-04   4.1513010e-04
  -6.9957112e-02  -5.5552461e-02   8.5777452e-02  -8.4582835e-04  -9.4648022e-05   2.0264870e-04
  -1.2162561e-01   2.9021138e-02   1.1811540e-01  -1.9640313e-03  -4.7985416e-04   5.3590974e-04
  -1.1984386e-01   5.5095444e-02   1.2286121e-01  -1.4171824e-03  -4.5157444e-04   7.0340924e-04
  -1.1037025e-01   9.6998967e-02   1.5814395e-01  -1.9992825e-03  -7.5956959e-04   4.7362898e-04
  -1.2946314e-01   2.9048531e-02   1.2505021e-01  -1.0176155e-03  -9.3627929e-04   2.9081897e-04
  -1.3729349e-01   9.3865706e-02   1.1152958e-01  -1.5207056e-03  -1.3958939e-03   1.8185033e-04
  -1.3505342e-01   4.3080095e-02   1.0880206e-01  -1.3297920e-03  -1.9954029e-03   4.3274729e-04
  -1.2291549e-01   9.8752629e-02   1.2316262e-01  -1.8175872e-03  -1.9921333e-03   7.3286657e-04
  -1.4710761e-01   3.0162863e-02   1.1761398e-01  -1.4488341e-03  -2.1257546e-03   6.4702473e-04
  -1.3745515e-01   1.3102813e-01   1.5063638e-01  -1.6706331e-03  -2.3665640e-03   6.1008919e-04
  -1.6281774e-01   2.3042608e-03   1.2897174e-01  -2.6735287e-04  -2.7816966e-03   2.0940380e-04
  -1.6597893e-01   7.3182198e-02   1.0424365e-01  -1.0345770e-03  -3.0334592e-03   2.6795143e-04
  -1.7222709e-01   6.3749670e-02   1.3056506e-01  -4.4821621e-04  -3.0070313e-03  -1.9834766e-04
  -1.7014393e-01   1.3357398e-01   1.0066291e-01  -3.2409813e-04  -3.3133534e-03  -1.7229316e-04
  -1.6395734e-01   8.7437892e-02   1.5133245e-01   5.6303684e-04  -3.2083071e-03  -1.9639382e-04
  -1.5838914e-01   1.1208384e-01   1.4763033e-01   8.5786433e-04  -3.4084228e-03  -2.7730693e-04
  -1.4960329e-01   9.2482908e-02   9.7707669e-02   4.7384120e-04  -3.4951288e-03  -3.9011964e-04
  -1.4796933e-01   1.0061592e-01   1.3542608e-01   2.0729205e-04  -3.7207352e-03  -3.9936434e-04
  -1.5668423e-01   1.3867442e-01   1.4140642e-01   7.7256947e-04  -3.4947841e-03  -3.9881187e-04
  -1.4831551e-01   8.3839155e-02   1.3349798e-01   7.8241768e-04  -3.8546309e-03  -2.3402945e-04
  -1.7545036e-01   1.5877214e-01   3.4956945e-01   1.2124355e-03  -3.7896723e-03  -1.8201174e-04
  -1.4001300e-01   3.6155569e-03  -6.5691156e-02   4.2494091e-03  -2.3763364e-03  -5.5969983e-04
  -1.1077414e-01   1.6321852e-01  -1.4764842e-02   8.8794441e-04  -2.4949858e-03   9.1688322e-07
  -1.3082551e-01   5.9157110e-02   1.6175016e-01   3.2819678e-03  -2.5034865e-03  -1.5745090e-04
  -1.1639488e-01   1.3307599e-01   2.7419844e-01   4.0207346e-03  -2.6693825e-03   4.7448846e-05
  -1.4208290e-01   2.0786016e-02   3.4337314e-01   1.4331164e-03  -3.1533633e-03  -1.5624036e-04
  -1.4483397e-01   7.5526459e-02   3.9763410e-01   1.7278820e-03  -3.4388205e-03  -7.3030025e-05
  -1.6673026e-01  -1.9797810e-02   4.3732558e-01   1.5577660e-03  -3.6200272e-03   4.7670336e-05
  -1.7220247e-01   5.0092073e-02   4.5003983e-01   2.3589539e-03  -3.9261919e-03  -7.1990877e-06
  -1.8278594e-01   3.3077922e-02   4.3483772e-01   2.3244917e-03  -4.2046156e-03  -2.1228179e-04
  -1.8278302e-01   8.1157818e-03   4.7804950e-01   1.8737519e-03  -4.5895077e-03  -3.5752731e-04
  -2.0439878e-01   7.2986146e-02   5.0267794e-01   1.4985656e-03  -4.6355930e-03  -3.0444223e-04
  -2.0041166e-01  -2.0272538e-02   4.7805206e-01   1.1766021e-03  -4.8667111e-03  -2.3025589e-04
  -2.1067382e-01   2.3439668e-02   4.9425267e-01   1.6388465e-03  -4.9480961e-03  -5.4299375e-04
  -2.0032101e-01   4.3103282e-02   5.0806697e-01   1.4989156e-03  -5.1669428e-03  -4.1739074e-04
  -2.2291941e-01  -8.9633041e-03   5.7186723e-01   1.4207003e-03  -5.3835659e-03  -5.5708984e-04
  -2.3220778e-01   2.6559198e-02   5.6317922e-01   1.4418720e-03  -5.6579484e-03  -8.7851821e-04
  -2.5429050e-01  -2.2765384e-02   5.5949605e-01   1.0455341e-03  -5.5803068e-03  -1.0010040e-03
  -2.6347680e-01  -1.2962700e-02   5.8277591e-01   1.7464063e-03  -5.8903410e-03  -1.3086263e-03
  -2.7015653e-01   3.2490000e-02   6.2129361e-01   1.4552026e-03  -6.3011344e-03  -1.2335177e-03
  -2.7157402e-01  -3.0336755e-02   6.4617844e-01   1.4066670e-03  -6.2742940e-03  -1.0911843e-03
  -2.6739389e-01   2.5233447e-02   6.3285555e-01   1.3418388e-03  -6.4415908e-03  -1.3405711e-03
  -2.7847877e-01  -8.2080739e-03   6.4644469e-01   9.4523321e-04  -6.6131553e-03  -1.2344159e-03
  -2.8653517e-01  -2.8886869e-02   7.3645985e-01   1.4133580e-03  -6.4492254e-03  -1.3370246e-03
  -3.1362733e-01  -3.2912719e-02   6.7167468e-01   1.5271797e-03  -6.7444193e-03  -1.9136110e-03
  -3.3548003e-01   1.3963333e-02   5.9774791e-01   1.1288957e-03  -6.8055463e-03  -2.3867780e-03
  -3.4746458e-01   9.2697936e-02   4.1737682e-01   2.3153040e-03  -6.1515973e-03  -3.1713787e-03
  -3.2070576e-01   6.7141745e-02   3.8608059e-01   9.1099638e-04  -5.6446452e-03  -2.4481661e-03
  -3.2182969e-01   9.0275075e-02   5.0327999e-01   1.1086393e-03  -6.4326321e-03  -2.8279543e-03
  -3.1946216e-01   6.7188087e-02   5.2029758e-01   1.0343230e-03  -7.0474413e-03  -3.0354012e-03
  -3.2004952e-01   2.5906270e-02   6.1385006e-01   9.5672394e-04  -6.7870104e-03  -2.8097409e-03
  -3.0849378e-01   7.3447206e-02   6.4007441e-01   4.9745958e-04  -6.8648330e-03  -2.5102559e-03
  -2.7942047e-01   2.0328940e-02   7.1291711e-01   9.4949072e-04  -6.5391915e-03  -2.4884686e-03
  -2.6924731e-01   6.8187241e-02   6.9799114e-01   1.1679910e-03  -6.4627450e-03  -2.4609776e-03
  -2.6996879e-01  -1.5422739e-02   7.0414070e-01   1.0605125e-03  -6.1899774e-03  -2.4432813e-03
  -2.9111780e-01   4.2343840e-02   7.3665715e-01   1.0673145e-03  -6.0601368e-03  -2.4752141e-03
  -2.8818434e-01  -2.2000881e-02   7.5771234e-01   5.5766634e-04  -6.1720569e-03  -2.4236415e-03
  -2.9050029e-01   3.4458414e-02   8.3744075e-01   8.7406019e-04  -6.2801756e-03  -2.3518066e-03
  -2.9233628e-01   2.3858276e-03   8.2852197e-01   5.9961441e-04  -6.1115116e-03  -2.2349684e-03
  -2.9936301e-01  -1.3127714e-02   9.2991279e-01   8.4859165e-04  -6.0355062e-03  -1.9777279e-03
  -2.9295798e-01  -5.1392737e-03   8.9408102e-01   7.7495295e-05  -5.7608978e-03  -1.6639103e-03
  -2.9598565e-01  -7.7684086e-02   9.1810133e-01   4.5164908e-04  -5.5486643e-03  -1.2053550e-03
  -2.9846660e-01  -5.6983003e-03   9.2806997e-01  -2.0312056e-04  -5.3888616e-03  -1.1629352e-03
  -2.9997028e-01  -9.2766946e-02   9.3439313e-01  -1.4273319e-05  -5.2796619e-03  -1.2480639e-03
  -2.7430058e-01  -3.8222195e-02   9.7048725e-01  -2.8373861e-04  -5.1278041e-03  -1.1142996e-03
  -2.9607172e-01  -4.2378430e-02   9.4748622e-01  -1.6209309e-05  -4.7463221e-03  -8.9934317e-04
  -1.4499744e-01   3.4664156e-02   1.0629738e+00  -3.5253479e-03  -3.5763919e-03  -7.1175446e-04
  -1.4701235e-01  -2.2854634e-02   1.2293479e+00  -9.1637674e-03  -4.0945018e-03  -1.5131443e-03
  -1.5946923e-01  -1.7817420e-01   1.3404961e+00  -6.8645218e-03  -3.3686943e-03  -1.2367548e-03
  -1.4491761e-01  -6.4473810e-02   1.2581837e+00  -7.4919223e-03  -3.5595170e-03  -1.3381163e-03
  -1.7550363e-01  -1.8337489e-01   1.2197082e+00  -8.3273498e-03  -3.7633085e-03  -1.4453158e-03
  -2.2737278e-01  -2.0020296e-01   1.1967452e+00  -7.5463264e-03  -3.2907906e-03  -1.6550983e-03
  -2.4438524e-01  -9.6341267e-02   1.2747555e+00  -7.4730865e-03  -3.8444925e-03  -1.9016584e-03
  -2.4993001e-01  -2.5477681e-01   1.1301177e+00  -6.2515531e-03  -3.2580729e-03  -1.7192733e-03
  -2.1436501e-01  -1.8074955e-01   1.0498054e+00  -6.2052156e-03  -2.2514012e-03  -1.5102867e-03
  -2.2151171e-01  -1.0211220e-01   1.1615871e+00  -8.8177224e-03  -2.7951267e-03  -1.3542294e-03
  -2.1893024e-01  -2.0190857e-01   1.1698120e+00  -8.5427205e-03  -2.5835068e-03  -1.4971739e-03
  -2.0454611e-01  -1.2984387e-01   1.2147497e+00  -8.8268508e-03  -2.4817470e-03  -1.6913817e-03
  -1.8248888e-01  -1.9782085e-01   1.1153548e+00  -9.5173132e-03  -2.3764235e-03  -1.5039967e-03
  -1.8273472e-01  -1.5910000e-01   1.1966837e+00  -9.7805744e-03  -2.6967955e-03  -1.5670462e-03
  -2.0024973e-01  -1.5610471e-01   1.1514267e+00  -1.0080606e-02  -2.8360395e-03  -1.6796694e-03
  -2.1959024e-01  -1.9439243e-01   1.2466517e+00  -1.0176044e-02  -3.1556470e-03  -1.9265602e-03
  -2.5940537e-01  -1.2854976e-01   1.2126252e+00  -1.0411638e-02  -3.4115289e-03  -2.3777564e-03
  -2.6566611e-01  -1.9162510e-01   1.2314737e+00  -1.1102208e-02  -3.6602703e-03  -2.5036400e-03
  -2.9338984e-01  -1.4353539e-01   1.2682901e+00  -1.0808782e-02  -4.0082847e-03  -2.7847260e-03
  -2.8961653e-01  -1.5091156e-01   1.2815878e+00  -1.1869811e-02  -4.4030459e-03  -2.8389617e-03
  -3.2789848e-01  -1.7890874e-01   1.3130093e+00  -1.1659484e-02  -4.4396178e-03  -3.2040838e-03
  -3.2993586e-01  -1.2878984e-01   1.2966506e+00  -1.1972676e-02  -4.3995286e-03  -3.4975720e-03
  -3.4449696e-01  -2.0036738e-01   1.3050846e+00  -1.2284616e-02  -4.4613759e-03  -3.6218821e-03
  -3.7198445e-01  -1.4273446e-01   1.4367467e+00  -1.3139519e-02  -4.4800522e-03  -3.3514633e-03
  -3.8501195e-01  -1.6931885e-01   1.3512286e+00  -1.3219454e-02  -4.4622205e-03  -3.8981035e-03
  -4.1673307e-01  -1.8711185e-01   1.4285172e+00  -1.3218048e-02  -4.9837134e-03  -4.5040860e-03
  -4.0627431e-01  -1.1419912e-01   1.3548660e+00  -1.3257428e-02  -4.9102596e-03  -4.7213907e-03
  -4.2341822e-01  -1.9171902e-01   1.4680132e+00  -1.3885324e-02  -5.4491857e-03  -4.7635876e-03
  -4.0099214e-01  -2.0918240e-01   1.4033797e+00  -1.3301573e-02  -5.1972354e-03  -5.1253197e-03
  -3.6970825e-01  -1.9875469e-01   1.3789316e+00  -1.3341741e-02  -4.7737690e-03  -5.5953646e-03
  -3.5836962e-01  -1.3967299e-01   1.4358208e+00  -1.4965997e-02  -5.2857458e-03  -5.2788844e-03
  -3.9502156e-01  -2.9165569e-01   1.3624212e+00  -1.5698155e-02  -4.5508042e-03  -4.5703043e-03
  -4.3406738e-01  -1.6751570e-01   1.4829387e+00  -1.4857519e-02  -4.6691262e-03  -4.1220874e-03
  -4.1079868e-01  -2.8731642e-01   1.4749836e+00  -1.5471638e-02  -4.4169988e-03  -3.5011512e-03
  -4.0921349e-01  -2.6823535e-01   1.6042714e+00  -1.6111349e-02  -4.4144843e-03  -3.6345034e-03
  -4.0536676e-01  -2.2435779e-01   1.5580546e+00  -1.6807359e-02  -4.3901844e-03  -3.9171778e-03
  -3.7232937e-01  -2.9737927e-01   1.6060457e+00  -1.6608477e-02  -3.8659525e-03  -3.4555097e-03
  -3.2444949e-01  -2.4319803e-01   1.6415891e+00  -1.6791142e-02  -3.7260168e-03  -3.2547228e-03
  -3.2242954e-01  -2.3170786e-01   1.7116992e+00  -1.7146582e-02  -3.6083912e-03  -3.5262974e-03
  -3.4565308e-01  -3.2705232e-01   1.7385831e+00  -1.7281259e-02  -3.7353881e-03  -3.8361405e-03
  -3.2946078e-01  -2.5553632e-01   1.8039950e+00  -1.7761740e-02  -3.6761733e-03  -3.8389932e-03
  -2.9745829e-01  -3.4628041e-01   1.7465441e+00  -1.8273165e-02  -3.4250092e-03  -3.3651642e-03
  -2.6382295e-01  -2.9168295e-01   1.8184239e+00  -1.8278379e-02  -2.7626419e-03  -2.6385652e-03
  -2.6680545e-01  -2.8707023e-01   1.7814660e+00  -1.8215116e-02  -2.7689268e-03  -2.5096313e-03
  -2.5531062e-01  -3.3219174e-01   1.8371213e+00  -1.8217546e-02  -2.7550290e-03  -2.6596527e-03
  -2.4559789e-01  -2.9251435e-01   1.7921405e+00  -1.8752664e-02  -2.6040835e-03  -2.5021517e-03
  -2.3238030e-01  -3.6840770e-01   1.8393596e+00  -1.8879766e-02  -2.2473534e-03  -2.2236772e-03
  -2.3813900e-01  -2.8322230e-01   1.8215814e+00  -1.8956403e-02  -2.2140505e-03  -2.3773072e-03
  -2.1922875e-01  -4.1125057e-01   1.8753396e+00  -1.8218178e-02  -1.9865309e-03  -2.3351049e-03
  -1.9918656e-01  -3.1524427e-01   1.8507338e+00  -1.7314906e-02  -1.7043490e-03  -2.0171003e-03
  -1.3833527e-01  -3.9448341e-01   1.8250566e+00  -1.7672822e-02  -6.6572674e-04  -1.0598052e-03
  -1.3674472e-01  -2.7347518e-01   1.8905181e+00  -1.7855585e-02  -1.1571627e-03  -1.2962552e-03
  -1.6790070e-01  -3.3537654e-01   1.8058780e+00  -1.7080458e-02  -9.6502639e-04  -1.0712833e-03
  -1.4424532e-01  -3.0734591e-01   1.7648472e+00  -1.3037239e-02  -4.1041815e-04  -3.6735762e-04
  -1.6978588e-01  -5.5947036e-01   1.6812105e+00  -6.5691621e-03   9.2106966e-04  -7.5013796e-04
  -1.2868919e-01  -4.8521747e-01   1.4770641e+00  -7.1533754e-03   5.5937036e-04  -1.9192710e-03
  -1.7533700e-01  -2.3210724e-01   1.5666379e+00  -8.2251689e-03  -1.3333520e-03  -2.5564672e-03
