   0.0000000e+00   0.0000000e+00   7.1054274e-15   0.0000000e+00   0.0000000e+00   0.0000000e+00
  -7.0582424e-03  -4.8891559e-02   1.1724272e-02   8.6821064e-06   1.6681789e-04   4.4637900e-04
  -3.3698881e-03   3.5761247e-02   4.1242445e-02   1.7795364e-04  -9.1625068e-05   4.3056668e-04
  -1.1545986e-03  -4.6385003e-03   4.7054590e-02   7.8205214e-04  -1.4274599e-04   5.0311390e-04
  -1.6652439e-02  -5.3521741e-02   7.2754322e-02   7.0803924e-04   3.7883865e-05   6.2566100e-04
  -1.0798100e-02   4.0809102e-02   9.4367049e-02   1.1812669e-03   1.7741791e-04   7.2228698e-04
  -1.4804911e-02  -4.6485345e-02   5.0451849e-02   1.1298174e-03   1.0504416e-03   9.2419383e-04
   3.0965905e-02  -1.2338669e-02   9.7648625e-02   1.1478905e-03   1.1862428e-03   2.4843190e-04
   4.8004300e-02  -7.3405608e-03   6.5996843e-02   1.2817829e-03   1.8568151e-03  -1.0379212e-04
   5.1705661e-02  -5.2754269e-02   5.3057990e-02   1.2393845e-03   2.0283905e-03   7.9130564e-05
   6.7707966e-02  -1.3912091e-02   1.0344099e-01   1.6395429e-03   1.9440683e-03  -1.9681250e-04
   7.6506277e-02   1.6102911e-02   1.0232022e-01   1.6003175e-03   2.0950980e-03  -2.1512387e-04
   8.0183973e-02  -2.3073181e-02   7.5827764e-02   1.5485743e-03   2.2152293e-03  -6.6468904e-05
   9.6316846e-02  -1.5100255e-03   1.2641229e-01   1.8734263e-03   2.0991525e-03  -3.8940547e-04
   1.2762907e-01   7.7364135e-04   1.3376910e-01   2.0034015e-03   1.8825883e-03  -5.2076013e-04
   1.2686295e-01   2.3356633e-02   8.6712493e-02   1.7396435e-03   1.9468065e-03  -6.7913106e-04
   1.3644098e-01  -3.4253470e-02   9.9326687e-02   1.6594967e-03   1.8358614e-03  -7.2815248e-04
   1.5915814e-01   3.7502767e-02   9.6778647e-02   1.5729673e-03   1.6793995e-03  -1.0476157e-03
   1.5208056e-01  -3.6350665e-03   5.5841202e-02   1.3918407e-03   1.8090546e-03  -9.5767612e-04
   1.6556740e-01  -2.3569476e-02   9.3043631e-02   1.3489025e-03   1.6481317e-03  -1.0264173e-03
   1.8977689e-01   2.8935878e-02   9.9330690e-02   1.0472045e-03   1.8587628e-03  -1.1981313e-03
   1.9277565e-01   1.9572740e-02   1.1719993e-01   1.0682237e-03   2.0654778e-03  -1.2674398e-03
   1.9762741e-01  -3.7903126e-02   1.0598342e-01   9.1327052e-04   2.6012630e-03  -1.2316230e-03
   2.2051308e-01   1.1504884e-02   1.4861350e-01   1.2232342e-03   2.7510049e-03  -1.7312851e-03
   2.2849626e-01   3.5804282e-02   1.2053848e-01   1.4496562e-03   2.4734072e-03  -1.9163993e-03
   1.7234787e-01  -2.4836758e-03   1.2755308e-01   1.8986833e-03   1.9452101e-03  -1.5008306e-03
   1.7820302e-01   2.2039957e-02   1.5584467e-01   1.5503230e-03   2.3942842e-03  -1.4967700e-03
   1.8130404e-01   7.5130880e-02   1.2098137e-01   8.5858036e-04   1.8980123e-03  -1.3025670e-03
   1.9507893e-01  -2.1917929e-02   1.6456955e-01   1.4801122e-03   2.1032879e-03  -1.5669585e-03
   2.0462426e-01   3.5847352e-02   2.0417653e-01   1.7856476e-03   2.1699804e-03  -1.8394996e-03
   2.2105126e-01  -2.7492669e-02   1.3371686e-01   9.3092786e-04   2.2339234e-03  -1.5716603e-03
   2.4294489e-01  -9.6081743e-03   1.7623207e-01   1.3549955e-03   2.6878180e-03  -1.9708887e-03
   2.5211096e-01   8.2335665e-03   2.0181502e-01   1.2527470e-03   2.9122464e-03  -2.1559581e-03
   2.5193276e-01  -1.4155053e-03   1.6626160e-01   1.5020687e-03   3.0343793e-03  -2.4180222e-03
   2.6235237e-01  -4.5401371e-02   1.9162715e-01   1.4032017e-03   2.6998536e-03  -2.3243559e-03
   2.6459759e-01   1.7447610e-02   2.0652342e-01   1.4847326e-03   3.0639361e-03  -2.4182547e-03
   2.6005622e-01   8.8339884e-03   2.0215226e-01   1.4954415e-03   2.9932882e-03  -2.3492882e-03
   2.6776778e-01  -1.8771705e-02   1.9776413e-01   1.5182565e-03   2.7127877e-03  -2.1809384e-03
   2.8295100e-01   4.9096883e-02   2.1431799e-01   1.3631294e-03   2.7629732e-03  -2.3420677e-03
   2.7077745e-01   3.9228216e-02   2.0325387e-01   1.2970474e-03   2.8486391e-03  -2.0766498e-03
   3.0501715e-01   1.1444321e-02   2.2782161e-01   1.0524220e-03   2.6894677e-03  -2.1829654e-03
   3.1400038e-01   6.0541464e-02   2.3543933e-01   9.1992658e-04   3.1978121e-03  -2.2954436e-03
   3.0771003e-01   4.0345035e-03   2.1130815e-01   7.2949164e-04   2.9848883e-03  -2.2396617e-03
   3.1767108e-01   2.0289126e-02   2.2307414e-01   1.0032703e-03   3.1536104e-03  -2.3976290e-03
   3.1816868e-01   7.3104383e-02   1.9231888e-01   9.5550186e-04   3.0566100e-03  -2.2241999e-03
   3.1980886e-01   5.2722207e-04   2.0306769e-01   1.0485725e-03   2.9749188e-03  -2.2454319e-03
   3.2359101e-01   6.7353151e-02   1.9682030e-01   6.6637940e-04   3.0115130e-03  -2.3185425e-03
   3.2475763e-01   7.4073114e-02   1.9065794e-01   1.0436973e-03   2.8759212e-03  -2.6368287e-03
   3.4402535e-01   1.5590697e-02   1.6518323e-01   4.0009311e-04   3.0517732e-03  -2.4313235e-03
   3.2979769e-01   7.5516541e-02   2.5998642e-01   1.6281943e-03   3.1609791e-03  -2.5107587e-03
   2.5337394e-01   7.8345752e-02   4.0221026e-01   4.6703432e-03   1.9485731e-03  -1.1894969e-03
   1.7980274e-01  -1.4338165e-01   9.3524318e-02   3.2217545e-03   7.4428548e-04   4.2008946e-04
   1.3317307e-01  -3.2429523e-03   1.6642519e-01   1.2598720e-03   2.1891989e-04   5.3111417e-04
   1.8593281e-01   7.5239655e-02   2.4809187e-01   2.0141235e-03   8.1842916e-04  -2.2311656e-04
   1.7274519e-01   2.4151568e-03   1.6031800e-01   1.8210269e-03   1.2265709e-03  -1.4862242e-04
   2.0140178e-01   5.7932145e-03   2.0993231e-01   1.6394804e-03   1.2637559e-03   1.8495082e-04
   2.3337269e-01   4.7268166e-02   2.1575251e-01   1.4252085e-03   2.3100742e-03  -1.8588745e-04
   2.4832645e-01  -4.2640855e-05   2.1710022e-01   8.5934927e-04   2.5060387e-03  -3.6572531e-04
   2.5211817e-01   2.6666729e-02   2.4805434e-01   1.0482624e-03   2.7006397e-03  -8.6442206e-04
   2.6472735e-01   5.3920690e-02   2.6407489e-01   7.0489290e-04   2.9949355e-03  -7.5475994e-04
   2.6219323e-01   4.5383618e-02   2.4063576e-01   5.8887776e-04   2.9359472e-03  -9.1125983e-04
   2.6633036e-01   2.3874662e-02   2.4418378e-01   5.5921519e-04   2.7235506e-03  -8.4056548e-04
   2.6010075e-01   3.9381791e-02   2.5549223e-01   6.4363664e-04   2.9340564e-03  -8.3841285e-04
   2.7919490e-01   7.7552685e-02   2.8547282e-01   9.6121923e-04   2.9078085e-03  -1.2968620e-03
   2.8083548e-01   5.1605735e-02   2.6314922e-01   5.0939270e-04   3.1184947e-03  -1.3288119e-03
   2.8585283e-01   3.4113366e-02   2.9841700e-01   4.4053243e-04   3.4969147e-03  -1.4005092e-03
   2.8436112e-01   3.4342252e-02   3.2370025e-01   7.5537131e-04   3.6301118e-03  -1.5959201e-03
   3.0171068e-01   4.6055141e-02   2.7348566e-01   2.0983800e-04   3.6916222e-03  -1.7798477e-03
   2.8697989e-01   2.5447166e-02   2.5741466e-01   3.9018552e-04   3.7384966e-03  -1.6742946e-03
   2.9358094e-01   4.9360653e-02   2.9027282e-01   1.8371439e-04   3.6676915e-03  -1.7616196e-03
   3.0257111e-01   6.5943199e-02   2.9167711e-01   5.1563832e-04   3.7205843e-03  -1.7725011e-03
   3.0896335e-01   4.9997955e-02   3.0170758e-01   6.1903311e-04   3.7136225e-03  -1.8583018e-03
   3.0543923e-01  -7.4761311e-04   2.8522699e-01   5.1677554e-04   3.8427150e-03  -1.6008834e-03
   3.1247468e-01   6.8005871e-02   3.4241156e-01   5.4441389e-04   3.7956379e-03  -1.8619750e-03
   2.7987443e-01   8.2814100e-02   2.5020009e-01  -9.2387964e-05   3.3365933e-03  -1.7501006e-03
   2.6324377e-01   3.5705340e-02   2.8430180e-01   1.0659747e-04   3.0050101e-03  -1.5299118e-03
   2.7233001e-01   8.0819183e-02   3.0710597e-01   5.6436038e-04   2.9538773e-03  -1.5110287e-03
   2.6516579e-01   3.9745691e-02   2.7019866e-01   2.2221619e-04   2.7801303e-03  -1.5076390e-03
   2.6606187e-01   9.3626161e-02   3.1502201e-01   2.9569517e-04   2.3187506e-03  -1.3545503e-03
   2.6303185e-01   6.9848323e-02   2.5709667e-01   5.0836204e-04   3.0965433e-03  -1.3417516e-03
   2.6134250e-01   1.4593107e-02   2.4905659e-01   4.2081774e-04   3.3393178e-03  -1.1972522e-03
   2.7351820e-01   7.4438149e-02   2.9091664e-01   6.2833360e-04   3.4966882e-03  -1.5007281e-03
   2.8239261e-01   9.2453692e-02   2.9825785e-01   8.1311983e-04   3.6882633e-03  -1.6881589e-03
   2.8728474e-01   5.9713052e-03   3.0007409e-01   8.2355145e-04   3.7546459e-03  -1.4716282e-03
   2.8420689e-01   3.2346827e-02   3.6966429e-01   1.1684763e-03   3.6836351e-03  -1.8183431e-03
   2.8839403e-01   7.0002457e-02   3.4382445e-01   9.8934476e-04   3.8356235e-03  -1.7341971e-03
   2.8170900e-01   1.8672606e-02   3.3568213e-01   8.5622356e-04   3.8491786e-03  -1.8163203e-03
   2.8812991e-01   4.6959147e-02   3.7907508e-01   7.1310801e-04   4.0757469e-03  -1.7857537e-03
   2.8490594e-01   3.4002140e-02   3.9014465e-01   9.5884770e-04   4.0476039e-03  -1.6941880e-03
   2.9456644e-01   3.2189487e-02   3.8870958e-01   8.8619924e-04   4.0988045e-03  -1.6657618e-03
   2.8160747e-01  -1.4686305e-03   3.1802565e-01   2.6328879e-04   4.3741060e-03  -1.4734613e-03
   2.9212905e-01   4.2989008e-02   3.7019228e-01   6.8208831e-04   4.4112615e-03  -1.9642469e-03
   2.9963285e-01   5.1398770e-02   3.4331170e-01   6.8484085e-04   4.2526319e-03  -1.8675101e-03
   2.9687400e-01   1.7109045e-02   3.3011507e-01   6.3611463e-04   4.4799667e-03  -2.0070493e-03
   2.9320587e-01   5.0361822e-02   3.2376363e-01   3.7015277e-04   4.1715771e-03  -1.9239213e-03
   3.0967771e-01   5.7191321e-02   3.5780572e-01   6.4312957e-04   4.1647642e-03  -2.0913717e-03
   3.0097441e-01   6.7347151e-02   3.0430118e-01   1.3246744e-04   4.3154774e-03  -1.9445269e-03
   2.9737080e-01   2.5974364e-02   3.2920832e-01   3.0970870e-04   4.3556958e-03  -1.9991624e-03
   2.8275391e-01   4.9437954e-02   3.4588793e-01   1.4751523e-04   3.9075525e-03  -1.8353520e-03
   2.6876158e-01   9.0343179e-02   3.3322431e-01   4.3376963e-04   3.5409848e-03  -1.5956826e-03
   2.4237742e-01  -1.9810633e-02   1.6020916e-01  -7.5127846e-04   3.5627360e-03  -5.1917334e-04
   2.3218211e-01   1.0420011e-01   2.0924624e-01  -1.1919031e-03   2.6878045e-03  -7.1408007e-04
   2.4748918e-01   1.4460469e-01   2.7533309e-01  -2.6308263e-04   2.0740864e-03  -1.2086518e-03
   2.2979372e-01   5.1021703e-05   2.7553913e-01  -3.4968599e-04   2.4524771e-03  -6.3454537e-04
   2.6665673e-01   1.1432111e-01   3.0161898e-01  -2.5991316e-05   2.8315497e-03  -1.4364224e-03
   2.5788400e-01   3.4555205e-02   2.2451318e-01  -4.6486159e-04   3.2085572e-03  -1.2851006e-03
   2.7028337e-01   3.5692536e-02   2.6290288e-01  -4.1867651e-04   3.3021768e-03  -1.4736186e-03
   2.8406949e-01   8.6841152e-02   2.5981064e-01  -1.1106902e-04   3.4859299e-03  -1.6317990e-03
   2.8208831e-01   5.0642966e-02   2.7667290e-01  -5.5933966e-05   3.4374406e-03  -1.5045870e-03
   2.8896927e-01   7.8349908e-02   3.5387840e-01   4.7987340e-04   3.2445879e-03  -1.8374783e-03
   3.0143327e-01   1.0411422e-01   3.2374688e-01   3.6776704e-04   3.4869630e-03  -1.9046637e-03
   2.9900681e-01   4.3610918e-02   3.1174488e-01   2.9998391e-04   3.4492801e-03  -1.7108565e-03
   3.0129913e-01   5.6948658e-02   3.5194746e-01   4.5903345e-04   3.4411417e-03  -1.6836085e-03
   3.1019942e-01   7.3711698e-02   3.2782532e-01   3.5693129e-04   3.6898969e-03  -1.6268190e-03
   3.0221567e-01   2.5553760e-02   3.2794883e-01   1.6554583e-04   3.7627640e-03  -1.6660014e-03
   2.9746825e-01   5.4283824e-02   3.4400590e-01   2.7870419e-04   3.8592281e-03  -1.5612015e-03
   2.9789867e-01   8.6321240e-02   3.2084974e-01   7.8840576e-05   3.5186827e-03  -1.7656178e-03
   3.0199413e-01   1.0288916e-01   3.1527801e-01   2.1480712e-04   3.6359517e-03  -1.8177244e-03
   3.0086007e-01   6.0360316e-02   2.9081814e-01  -1.7267670e-04   3.5631454e-03  -1.5705406e-03
   3.0155283e-01   5.8530470e-02   3.2052779e-01   2.0116784e-05   3.6591401e-03  -1.6869371e-03
   3.0235873e-01   8.8359352e-02   3.5004712e-01   3.9523504e-04   3.5486882e-03  -1.7838904e-03
   3.0573526e-01   1.0031402e-01   2.9989205e-01  -2.1514423e-04   3.7364189e-03  -1.8143504e-03
   3.0331255e-01   6.0376885e-02   2.8104193e-01  -3.7489331e-04   3.4296368e-03  -1.7392007e-03
   2.5507062e-01   1.1338257e-01   3.4765759e-01  -2.9113459e-04   2.9880966e-03  -1.6370873e-03
   2.4271760e-01   1.3976772e-01   3.1758508e-01  -2.0402094e-04   3.0235999e-03  -1.6942075e-03
   2.4468834e-01   4.2318231e-02   2.8713744e-01  -1.0056518e-03   2.8654304e-03  -1.7865411e-03
   2.6125662e-01   1.5604938e-01   2.9840914e-01  -2.2795889e-04   2.4256979e-03  -2.0984119e-03
   2.6247135e-01   6.1953611e-02   2.2389150e-01  -1.3115071e-03   2.2335444e-03  -2.0698570e-03
   2.6549628e-01   1.2734967e-01   2.4895330e-01  -1.1603662e-03   2.5925546e-03  -2.1396561e-03
