   0.0000000e+00   0.0000000e+00   7.1054274e-15   1.3877788e-17   8.6736174e-19  -1.2037062e-35
   1.1962602e-02   2.0557770e-02   1.9016907e-02  -3.2511892e-04  -4.1685472e-04   8.9998139e-05
   1.2636571e-02   4.1648533e-02   8.0016877e-02  -1.4366099e-04  -2.5508191e-04   2.8099079e-05
   4.5920638e-03   8.2493114e-02   8.3369209e-02  -4.2596880e-04   1.9927142e-04   3.3291657e-04
  -4.6114561e-03   1.7298255e-02   7.5032315e-02  -2.1063806e-04   3.6978068e-04   4.0726167e-04
   6.0956336e-03   1.1888345e-01   7.2098054e-02  -7.3928032e-04   1.7284513e-04   1.3263948e-04
   2.7243495e-03   2.2978016e-03   6.7989354e-02   7.5549718e-04  -1.9794888e-04   2.9352064e-04
  -2.0566883e-03   6.0678844e-02   1.2664371e-01   2.2206093e-03  -3.1191845e-05   1.0760240e-04
  -7.5658379e-03   4.9540894e-02   3.6777112e-02   2.3823107e-03  -2.5730151e-04  -3.7603018e-05
  -5.9118974e-03   3.0190840e-03   9.6124787e-02   2.5937907e-03  -1.6515232e-04   2.5215092e-04
   2.5337557e-03   5.7140236e-02   9.0427373e-02   3.2461915e-03  -3.0460840e-04   7.0910520e-06
  -3.3144228e-03   6.4387645e-02   2.6598727e-01   2.9626632e-03   5.2273302e-04  -2.6153601e-04
   3.0409911e-03   1.9455238e-02   3.5379458e-01   3.1070937e-03   8.1354006e-04  -7.2004090e-05
   1.1543794e-02   7.5852053e-02   3.1097619e-01   3.3309311e-03   6.3586048e-04  -2.0404123e-04
   1.0762778e-03  -3.2444928e-02   3.3597789e-01   4.1097723e-03   8.2650964e-04  -6.4854222e-04
  -2.8821354e-04   8.4043076e-02   3.3765669e-01   4.2863218e-03   7.3774506e-04  -7.6265070e-04
   2.2017800e-03  -1.2164788e-02   3.0584977e-01   4.4406675e-03   7.2117689e-04  -9.8791936e-04
   6.5029953e-03   3.8079359e-02   3.9152471e-01   5.2727875e-03   8.4646151e-04  -1.6228636e-03
   1.3228907e-02   2.1440141e-02   2.6153242e-01   4.6557899e-03   1.0246326e-03  -1.6433787e-03
  -2.1959134e-02  -2.4674453e-02   2.6859127e-01   5.2710995e-03   1.7839894e-03  -1.1467655e-03
  -1.6611593e-02   1.0015115e-01   3.3878271e-01   4.8957345e-03   2.1314736e-03  -1.2088352e-03
  -1.9763123e-02  -4.4479133e-03   3.8899948e-01   5.9333923e-03   2.2066009e-03  -1.6211767e-03
  -1.7794833e-02   4.6959196e-02   3.5626594e-01   6.0618544e-03   1.7229097e-03  -2.0114396e-03
  -2.6710895e-02   5.7780606e-03   3.4862105e-01   5.8432659e-03   1.9890750e-03  -2.1731252e-03
  -1.9708784e-02   1.6644134e-02   3.3249724e-01   5.8367709e-03   1.5849004e-03  -2.0723157e-03
  -1.9211058e-02   6.5516069e-02   5.1360132e-01   5.6557198e-03   2.6031815e-03  -1.8933126e-03
  -8.2013660e-03   4.7512095e-02   4.5797505e-01   5.1149938e-03   1.8843106e-03  -1.3213869e-03
   2.0027474e-03   7.8074970e-02   4.1159539e-01   5.2137480e-03   2.1922665e-03  -1.9048283e-03
  -4.5727870e-02  -4.3885384e-02   2.4368955e-01   8.3395865e-03   1.9096055e-03  -1.9076677e-03
  -6.2639452e-02  -9.1878289e-02   9.4453781e-02   1.0076553e-02   9.6887659e-04  -1.5019215e-03
  -6.5261279e-02  -1.0994867e-02   1.9135697e-01   1.0589897e-02   2.1539821e-03  -2.3566713e-03
  -4.2126225e-02  -6.6317081e-02   1.8275511e-01   1.2173439e-02   1.4527134e-03  -2.5552345e-03
  -3.7574695e-02   1.3730989e-02   3.1406176e-01   1.2246521e-02   1.9061981e-03  -3.2910749e-03
  -3.0059335e-02  -8.4230984e-02   3.1170658e-01   1.2636961e-02   1.8208098e-03  -3.3562413e-03
  -3.9075077e-02  -2.3924764e-02   3.5720878e-01   1.3482728e-02   2.2284670e-03  -3.6857206e-03
  -4.8171035e-02  -1.2382937e-01   2.6921751e-01   1.4535639e-02   1.7658911e-03  -3.7344917e-03
  -5.6446435e-02  -8.2456829e-02   2.7814276e-01   1.5438725e-02   2.2715830e-03  -4.1075744e-03
  -7.1236271e-02  -5.1045493e-02   2.0542164e-01   1.5398404e-02   2.3269461e-03  -4.0192952e-03
  -7.5367078e-02  -9.6527908e-02   2.2282879e-01   1.5509802e-02   2.6444649e-03  -4.0844838e-03
  -7.5665893e-02  -3.2096348e-02   2.3978543e-01   1.5767449e-02   2.6094583e-03  -4.0260391e-03
  -8.4616216e-02  -6.8127989e-02   2.3963963e-01   1.5318387e-02   2.7311964e-03  -4.0619390e-03
  -9.5376171e-02  -6.1965687e-02   2.9736561e-01   1.5371631e-02   3.2456867e-03  -4.2788455e-03
  -9.1995162e-02   3.2487688e-02   3.6616688e-01   1.3218858e-02   3.3653786e-03  -4.0550040e-03
  -1.0849962e-01  -2.5535790e-02   4.1521763e-01   1.2552956e-02   3.8433315e-03  -3.4942334e-03
  -1.2094023e-01   1.1480049e-03   3.9421223e-01   1.2485937e-02   4.4188135e-03  -3.5716649e-03
  -9.4012776e-02  -5.4543854e-02   3.9527541e-01   1.2118302e-02   3.4840830e-03  -3.4576504e-03
  -1.1089852e-01  -8.5226478e-03   4.5358720e-01   1.2659585e-02   4.3283228e-03  -3.2792773e-03
  -8.1861663e-02   9.7926558e-03   4.2098443e-01   1.1936759e-02   3.8739273e-03  -2.9834633e-03
  -9.9345282e-02  -5.1261472e-02   4.7306334e-01   1.2308008e-02   4.9777492e-03  -3.2416772e-03
  -8.4337147e-02   1.1235266e-02   3.7818678e-01   1.2755778e-02   3.8863318e-03  -3.3207150e-03
  -6.8243333e-02  -8.6978095e-02   2.8196949e-01   1.3212417e-02   5.0839605e-03  -3.0864462e-03
  -1.0562997e-01   1.1046915e-01   4.6240411e-01   1.2261773e-02   6.2219054e-03  -2.2913639e-03
  -9.2469273e-02  -4.8037026e-02   3.7518149e-01   1.3713145e-02   5.3536508e-03  -2.0118962e-03
  -5.9862317e-02  -1.1695876e-01   3.5482246e-01   1.4231712e-02   2.6536029e-03  -2.4053023e-03
   3.2813486e-02  -9.2369784e-02   2.4381435e-01   1.4876722e-02  -7.4281222e-04  -2.6832448e-03
  -3.8306208e-02  -8.1196835e-03   1.7305744e-01   1.5063796e-02   1.3346413e-03  -2.6254672e-03
  -6.6905041e-02  -7.5342200e-02   2.2359707e-01   1.7088398e-02   1.1089381e-03  -2.9581972e-03
  -9.2326497e-02  -5.9665408e-02   2.1757613e-01   1.7928901e-02   1.6057067e-03  -3.4032437e-03
  -7.3250611e-02  -1.0613070e-01   2.5751792e-01   1.7525042e-02   1.9091113e-03  -2.9302341e-03
  -5.4728971e-02  -2.7746588e-02   3.1733688e-01   1.5813907e-02   1.8742211e-03  -3.0505337e-03
  -3.4571751e-02  -6.8327372e-02   3.3306861e-01   1.4770325e-02   1.9562787e-03  -2.8871620e-03
  -3.4051185e-02  -3.2231110e-02   3.8655872e-01   1.5077693e-02   1.8195663e-03  -2.8278351e-03
  -1.5243340e-02  -1.8038698e-02   3.8733135e-01   1.3900123e-02   2.1035038e-03  -3.0118595e-03
  -3.4922850e-02  -5.6642359e-02   4.1648054e-01   1.3753149e-02   2.6923020e-03  -2.7880884e-03
  -1.9384869e-02  -3.9811624e-03   4.4950507e-01   1.3812379e-02   2.4266375e-03  -2.6872267e-03
  -2.1341382e-02  -9.1036441e-02   4.2796091e-01   1.3869481e-02   2.7295381e-03  -2.4013421e-03
  -2.1387638e-02  -3.6124389e-02   4.4516230e-01   1.3653136e-02   3.0736954e-03  -2.4593581e-03
  -3.3195015e-02  -2.7966480e-02   4.2389629e-01   1.2894999e-02   3.1897674e-03  -2.2456611e-03
  -2.7149369e-02  -7.5427627e-02   4.7575316e-01   1.2954583e-02   3.6292413e-03  -2.0305047e-03
  -2.6830637e-03   8.7390406e-03   4.8946058e-01   1.3342655e-02   3.6250653e-03  -1.8542014e-03
   2.8276515e-02  -1.0057871e-01   5.0429732e-01   1.2910207e-02   3.8232273e-03  -1.8132337e-03
   1.4837326e-02  -3.9433150e-02   4.9273743e-01   1.3274621e-02   4.2118952e-03  -1.7283013e-03
  -9.3004298e-03  -4.4778155e-02   4.4709956e-01   1.2148814e-02   4.3213550e-03  -1.7450292e-03
  -3.0995683e-02  -6.7449729e-02   5.6180990e-01   1.2640089e-02   4.7449308e-03  -1.9212195e-03
   1.5000203e-02   7.3350041e-03   4.3149429e-01   1.1505621e-02   3.9847110e-03  -2.1691688e-03
   1.6784494e-02  -5.5535096e-03   4.4458527e-01   1.0457667e-02   5.1169245e-03  -2.2092854e-03
  -5.5120003e-02   1.2955886e-01   5.8332642e-01   8.2639239e-03   5.6175386e-03  -2.5009125e-03
  -1.6440790e-02  -6.8796619e-02   2.9946875e-01   9.3904319e-03   5.1509585e-03  -1.5726900e-03
  -6.1655484e-02   1.1090919e-01   2.6231847e-01   7.3439572e-03   6.3200085e-03  -1.0695658e-03
  -5.4771591e-02  -4.6058963e-02   3.8140688e-01   7.8552935e-03   5.9853101e-03  -1.4035290e-03
  -3.9558881e-02   6.5972204e-02   4.4115533e-01   9.4865452e-03   5.7248340e-03  -1.8359964e-03
  -4.7778846e-02  -3.7532372e-03   5.4956691e-01   9.7283974e-03   4.9967996e-03  -2.4671835e-03
  -5.7615690e-02   8.2309087e-02   6.5129195e-01   9.6713730e-03   4.7941640e-03  -2.1114504e-03
  -4.2180298e-02  -2.4626828e-02   5.9776519e-01   8.8467120e-03   3.6353513e-03  -2.4399296e-03
  -3.3312240e-02   5.0033962e-02   6.5758488e-01   8.6925538e-03   4.2064218e-03  -2.2985474e-03
  -3.4376805e-02   2.7820002e-02   6.0347886e-01   8.1553666e-03   3.8049249e-03  -2.1989190e-03
  -5.8432529e-02   4.6607718e-02   6.2745272e-01   8.6464053e-03   4.2109576e-03  -2.1717766e-03
  -6.9734844e-02   1.9833228e-02   6.2420238e-01   8.4748754e-03   3.9745341e-03  -2.1000265e-03
  -4.9188794e-02  -1.3660727e-02   6.3915700e-01   9.1092657e-03   4.2907745e-03  -2.0377951e-03
  -4.5689111e-02   2.8581975e-02   5.7036057e-01   8.9487601e-03   4.0034742e-03  -2.0334223e-03
  -4.9968750e-02   8.1697529e-03   5.1288883e-01   8.8321891e-03   3.6806609e-03  -1.3448240e-03
  -6.1966263e-02   3.1545059e-02   6.0082233e-01   9.3794291e-03   3.2740973e-03  -1.0846144e-03
  -7.5162380e-02   5.4536179e-02   6.1532558e-01   9.3642282e-03   2.8712409e-03  -1.4610836e-03
  -7.4717901e-02  -6.5641565e-03   5.7909386e-01   9.0861316e-03   3.1112517e-03  -1.4007329e-03
  -6.3044373e-02   5.5065415e-02   5.6315203e-01   8.7903886e-03   3.8699922e-03  -2.0660919e-03
  -5.1075132e-02  -3.7070382e-02   6.3380925e-01   9.0409022e-03   3.0474305e-03  -1.8620844e-03
  -6.3210143e-02   4.9822181e-02   6.3480930e-01   9.1205715e-03   3.7017458e-03  -1.9537874e-03
  -5.8433215e-02   4.9929190e-02   6.6476208e-01   8.7127025e-03   2.5354311e-03  -1.5683303e-03
  -7.3576899e-02   7.9535970e-05   7.1749200e-01   8.9400250e-03   3.4685541e-03  -1.4958870e-03
  -5.7236346e-02   5.4539552e-02   5.2503350e-01   8.5029179e-03   3.1307615e-03  -1.9344983e-03
  -2.8910637e-02   3.6861143e-02   4.2312090e-01   7.6769709e-03   3.6001559e-03  -1.8602185e-03
  -1.3132492e-01   1.3788183e-01   4.1553267e-01   9.1414451e-03   4.9843380e-03  -9.7383693e-04
  -1.1026183e-01  -1.4784730e-01   2.1585220e-01   1.3952277e-02   3.2601417e-03  -1.2138378e-03
  -1.8280559e-02  -1.1466679e-01   2.2936460e-01   1.1070341e-02   2.8867474e-03  -1.0972361e-03
  -5.9085329e-02  -4.9266880e-02   3.3707592e-01   9.8387634e-03   2.4678412e-03  -1.7910759e-03
  -8.8698469e-02  -4.3912917e-02   3.9331642e-01   1.2993612e-02   2.5496275e-03  -1.8501634e-03
  -6.4765315e-02  -1.0454532e-01   4.4456872e-01   1.2360256e-02   2.3808706e-03  -2.0123066e-03
  -7.9264113e-02  -9.2126311e-02   4.5579659e-01   1.3310850e-02   3.1096466e-03  -2.1769460e-03
  -7.4698142e-02  -8.1282069e-02   4.2133712e-01   1.2603497e-02   2.5747247e-03  -1.9046471e-03
  -9.3136279e-02  -8.6954236e-02   4.7808837e-01   1.2728301e-02   3.2432102e-03  -1.8973973e-03
  -1.0001519e-01  -2.2836754e-02   4.5932270e-01   1.2584713e-02   3.3043932e-03  -1.9695535e-03
  -1.2780733e-01  -1.3631019e-01   4.4852597e-01   1.2561460e-02   3.4523153e-03  -2.4189263e-03
  -1.2416947e-01  -4.1797821e-02   4.7994099e-01   1.2232925e-02   3.5498559e-03  -1.6840315e-03
  -1.3175346e-01  -5.9764908e-02   5.2350547e-01   1.1878225e-02   3.4534270e-03  -1.9893006e-03
  -1.5658231e-01  -4.7122201e-02   5.6716902e-01   1.2041419e-02   4.1056986e-03  -1.8081300e-03
  -1.7028606e-01  -1.8043047e-02   5.5089334e-01   1.1986398e-02   4.0383602e-03  -1.7326569e-03
  -1.7315220e-01  -1.0673081e-01   5.3558552e-01   1.2219812e-02   4.0180427e-03  -1.5436312e-03
  -1.9559002e-01  -1.6543565e-02   5.6911057e-01   1.2325677e-02   4.3458064e-03  -1.7582034e-03
  -1.9816188e-01  -9.2820287e-02   5.7505281e-01   1.1986081e-02   3.8544052e-03  -1.4681215e-03
  -2.0781073e-01  -5.5472349e-02   6.0562170e-01   1.2413162e-02   4.5321742e-03  -1.3252219e-03
  -2.0010134e-01  -6.2521951e-02   5.6320530e-01   1.2397028e-02   4.1759923e-03  -1.3959170e-03
  -2.0568380e-01  -1.2796290e-01   6.4404041e-01   1.2847824e-02   4.5009258e-03  -1.4462852e-03
  -2.3663481e-01  -7.9169806e-02   6.3120597e-01   1.3076009e-02   4.7612744e-03  -1.3562826e-03
  -1.9502072e-01  -6.0991373e-02   5.3906505e-01   1.2351041e-02   4.2408737e-03  -2.0162670e-03
  -1.5951200e-01  -2.4502400e-02   2.3726993e-01   1.4300982e-02   3.2402319e-03  -2.3868195e-03
  -1.1978734e-01  -5.2351295e-02   3.3025182e-01   1.2688110e-02   3.2126953e-03  -6.8824556e-04
  -1.2586059e-01  -1.0343681e-02   5.0661311e-01   1.1666636e-02   3.1890431e-03  -1.6980174e-03
  -1.4625524e-01  -8.4173161e-02   1.1780053e-01   1.2998799e-02   1.6017996e-03  -1.4184776e-03
  -1.7717870e-01  -1.1252139e-01   1.6529488e-01   1.5104156e-02   1.6037235e-03  -1.2488578e-03
