   1.4210855e-14   0.0000000e+00  -1.7763568e-15   0.0000000e+00   0.0000000e+00  -4.8148249e-35
   2.8223330e-02   2.5421361e-02  -9.6858144e-02  -1.8455618e-03  -6.2276101e-04   4.4002628e-04
   9.2907444e-03  -7.1329609e-02   6.8611678e-02   3.2410023e-03  -2.7671799e-04   2.5566541e-05
   1.7604591e-02  -2.4156142e-01   3.3539058e-01   1.0371950e-02  -8.8047329e-04   2.7372420e-04
   4.1706498e-02  -1.0045121e-01   1.7689647e-01   6.6186180e-03  -7.8658438e-04  -4.7466743e-04
   1.5849868e-02  -1.5349999e-01   3.8767657e-01   9.8665386e-03  -1.4063805e-03   2.5096716e-04
   2.1593122e-02  -3.4230364e-01   1.2253293e+00   3.0440155e-02  -1.2935332e-03  -1.5844677e-03
   1.6493693e-02  -3.5078747e-01   1.2952607e+00   3.2385269e-02  -1.1322322e-03  -1.9790473e-03
   1.9338112e-02  -4.0673329e-01   1.2471012e+00   3.1288139e-02  -1.0420878e-03  -2.0068976e-03
   3.5567300e-02  -3.3049509e-01   1.2161622e+00   3.0903587e-02  -9.5546687e-04  -2.6194780e-03
   3.4284310e-02  -3.4502794e-01   1.2406259e+00   3.1055468e-02  -1.1177818e-03  -2.6595259e-03
   3.5038138e-02  -3.7364250e-01   1.2294839e+00   3.0563938e-02  -9.6126218e-04  -2.5583657e-03
   4.1613089e-02  -3.4639604e-01   1.2460083e+00   3.1026788e-02  -9.2064663e-04  -2.8049811e-03
   3.4393160e-02  -3.6266275e-01   1.2412096e+00   3.0923530e-02  -8.1118563e-04  -2.7986304e-03
   4.0752636e-02  -3.6831832e-01   1.2555382e+00   3.1244741e-02  -9.6498225e-04  -2.9744122e-03
   3.7116472e-02  -3.4630854e-01   1.2163382e+00   3.1093988e-02  -1.0607536e-03  -3.0471908e-03
   2.4131534e-02  -3.8563201e-01   1.2314259e+00   3.1762740e-02  -1.0083567e-03  -2.8861705e-03
   3.2852033e-02  -3.6485157e-01   1.1951826e+00   3.1027005e-02  -8.7217083e-04  -3.1205980e-03
   2.3521588e-02  -3.3616016e-01   1.2027143e+00   3.1303450e-02  -9.2498247e-04  -3.0574334e-03
   1.4123068e-02  -3.2967316e-01   1.1382941e+00   3.0481402e-02  -9.9946499e-04  -2.9463309e-03
   3.5194464e-02  -3.7312434e-01   1.2158858e+00   3.1372112e-02  -1.0844409e-03  -3.2105543e-03
   1.9029286e-02  -3.3650114e-01   1.1651311e+00   3.0739081e-02  -8.8836012e-04  -3.1891933e-03
   1.9027525e-02  -3.5308632e-01   1.1766497e+00   3.1126978e-02  -1.1499011e-03  -3.4452485e-03
  -6.8449648e-04  -3.4239481e-01   1.1570096e+00   3.0725338e-02  -1.0615367e-03  -3.4807938e-03
  -4.5078326e-03  -4.0352310e-01   1.2646911e+00   3.3375267e-02  -1.2964483e-03  -3.5904036e-03
  -7.8181148e-04  -3.4226778e-01   1.0373431e+00   2.7965184e-02  -1.9082171e-04  -2.7333262e-03
   1.1866534e-02  -2.2761278e-01   7.9489059e-01   2.1969063e-02   1.9996314e-05  -2.7118271e-03
  -7.1274868e-04  -2.7899255e-01   8.6672976e-01   2.2287841e-02   4.8812939e-05  -2.7823222e-03
  -2.2943450e-02  -2.3378466e-01   8.5656309e-01   2.1399121e-02  -1.0464500e-04  -2.4655169e-03
  -2.2617332e-02  -2.4481101e-01   9.0339694e-01   2.2087478e-02   1.8253445e-05  -2.3964701e-03
  -1.3323472e-02  -1.9330205e-01   8.7312169e-01   2.0065607e-02  -1.1369668e-03  -2.7898485e-03
   1.6627236e-02  -2.4877596e-01   9.7304766e-01   2.3236998e-02  -1.8434801e-03  -3.5006631e-03
   3.8264788e-03  -2.0488271e-01   9.2603286e-01   2.1725643e-02  -1.8983296e-03  -3.3257354e-03
   4.5824871e-03  -2.2318731e-01   8.8073927e-01   2.2924682e-02  -2.2125104e-03  -3.3764164e-03
   3.9789613e-03  -2.5261052e-01   9.5216456e-01   2.4016929e-02  -2.7533701e-03  -3.3427247e-03
   3.8378107e-03  -2.3567752e-01   9.2599958e-01   2.3359868e-02  -2.5852844e-03  -3.5743160e-03
   9.4836214e-04  -2.0322958e-01   9.7597091e-01   2.3900007e-02  -2.7678385e-03  -3.4033862e-03
   7.5790552e-03  -2.7285313e-01   1.1103150e+00   2.7407382e-02  -3.5988627e-03  -3.5125004e-03
   4.6649789e-03  -2.9372270e-01   1.1090847e+00   2.6647449e-02  -3.7261407e-03  -3.5914752e-03
  -9.0359375e-03  -2.6009735e-01   1.0506660e+00   2.6472372e-02  -3.3856699e-03  -3.5384648e-03
  -2.2486116e-02  -2.8331437e-01   1.0416672e+00   2.6416729e-02  -3.4605329e-03  -3.2781140e-03
  -2.2571126e-02  -3.4006764e-01   1.0769719e+00   2.7411281e-02  -3.2627468e-03  -3.3974744e-03
  -2.0705636e-02  -2.8683181e-01   1.0933524e+00   2.7549420e-02  -3.4014050e-03  -3.3712438e-03
  -2.5324334e-02  -3.1727212e-01   1.0872548e+00   2.8110026e-02  -3.3771969e-03  -3.3500138e-03
  -3.3412700e-02  -3.1271477e-01   1.1686658e+00   2.9018340e-02  -3.4583060e-03  -3.4461350e-03
  -4.2931909e-02  -3.2800583e-01   1.2169840e+00   3.1360032e-02  -3.4804075e-03  -3.4575161e-03
  -3.1484617e-02  -3.4618075e-01   1.1832815e+00   3.0408291e-02  -3.8048073e-03  -3.3535644e-03
  -6.4908509e-02  -3.6275154e-01   1.2300217e+00   3.1314537e-02  -3.3272697e-03  -3.1745190e-03
  -5.9359421e-02  -3.1369655e-01   1.2281741e+00   3.0502944e-02  -3.8192725e-03  -3.4236519e-03
  -6.5116191e-02  -3.8799821e-01   1.2027109e+00   3.1779879e-02  -3.1296544e-03  -2.9858167e-03
  -7.0439864e-02  -3.6824016e-01   1.3441045e+00   3.1150985e-02  -2.6699258e-03  -2.5567888e-03
  -5.9430953e-02  -3.5677142e-01   1.2694414e+00   3.2599148e-02  -2.1589738e-03  -2.9628452e-03
  -3.2978184e-02  -2.9962026e-01   1.1027273e+00   2.4533413e-02  -2.7649845e-03  -2.4178821e-03
  -5.4511592e-02   7.8277903e-02   2.8219243e-01   6.1684213e-03  -3.1735200e-03   1.0953907e-03
   9.4806581e-02  -1.1546669e-01   3.9684638e-01   6.9933265e-03  -3.4482060e-03  -3.0100591e-03
   1.0936915e-01   2.1054860e-01   4.3781418e-01  -3.2649958e-03  -6.4483081e-03  -4.1619211e-03
   1.2393409e-01   1.5061083e-01   5.0306486e-01   1.3275070e-03  -7.0067189e-03  -5.0436232e-03
   1.2720370e-01   1.3624850e-01   6.4830341e-01   3.6183738e-04  -6.7971452e-03  -5.1592601e-03
   9.9683743e-03  -2.6944656e-01   1.2995353e+00   2.4546346e-02  -5.0937816e-03  -4.3862144e-03
   2.2204245e-02  -2.8187102e-01   1.4280650e+00   2.9185991e-02  -5.4523724e-03  -4.9426733e-03
   4.4231862e-02  -3.5504575e-01   1.4364285e+00   2.9405428e-02  -5.8966477e-03  -5.2698077e-03
   1.3021937e-02  -2.8547799e-01   1.3107911e+00   2.7750027e-02  -5.7042018e-03  -4.8873441e-03
   1.9488704e-02  -3.4654908e-01   1.3465543e+00   2.8984607e-02  -5.9335210e-03  -4.9320665e-03
   5.8515849e-03  -3.0714151e-01   1.3067756e+00   2.8066191e-02  -5.9195813e-03  -4.9907922e-03
  -8.1824991e-04  -3.1328865e-01   1.3223140e+00   2.9179582e-02  -6.1482312e-03  -4.7868722e-03
   2.7350877e-02  -3.1900813e-01   1.2114472e+00   2.7959275e-02  -6.6251245e-03  -5.1489060e-03
   2.7392107e-02  -3.8591119e-01   1.2378495e+00   2.9690245e-02  -6.8246827e-03  -5.0589604e-03
   1.6535996e-02  -3.0284732e-01   1.1946869e+00   2.8496433e-02  -6.5975985e-03  -5.1008749e-03
   3.7396462e-02  -3.4217686e-01   1.1912185e+00   3.0297903e-02  -7.0638550e-03  -5.4272201e-03
  -2.8870052e-02  -3.2896040e-01   1.2803656e+00   2.9846379e-02  -5.7522405e-03  -3.8301193e-03
  -8.0827005e-02  -3.8283434e-01   1.2018551e+00   3.0427744e-02  -6.0895993e-03  -2.2087549e-03
  -5.5682652e-02  -3.4364068e-01   1.0896191e+00   2.9040540e-02  -6.0167449e-03  -3.1927612e-03
  -6.3168854e-02  -3.7132394e-01   1.1745901e+00   3.0840030e-02  -6.0377704e-03  -2.8686593e-03
  -6.2840986e-02  -3.2763613e-01   1.1042631e+00   2.9291735e-02  -5.9201623e-03  -3.3797844e-03
  -6.3254646e-02  -4.0881187e-01   1.2599895e+00   3.1443533e-02  -5.7498896e-03  -2.5305026e-03
  -5.9598076e-02  -3.5169923e-01   1.1885933e+00   2.9133582e-02  -4.1714183e-03  -3.9211583e-03
  -3.3839397e-02  -4.0067483e-01   1.2780408e+00   2.9326483e-02  -5.6213486e-03  -2.8069450e-03
   2.3587153e-01   6.2638154e-02  -3.2594430e-02  -2.7349563e-03  -3.1458208e-03  -5.4053446e-03
   7.5761331e-02   6.4327290e-02  -3.5583407e-01  -1.3844940e-02  -3.4991901e-03   6.3823992e-03
   2.8336713e-01  -6.7062714e-01   1.7506087e+00   4.8717995e-02  -4.8131746e-03  -3.7493540e-03
   2.6034785e-01  -4.4064103e-01   1.2970020e+00   3.8405793e-02  -5.5956933e-03  -3.9390189e-03
   2.5953308e-01  -5.4713327e-01   1.4277085e+00   4.0102555e-02  -6.3340569e-03  -3.8049834e-03
   2.3954929e-01  -4.9049403e-01   1.2964748e+00   3.7185569e-02  -5.6076324e-03  -4.7515209e-03
   2.3273720e-01  -5.3142827e-01   1.3413225e+00   3.8267309e-02  -5.8875328e-03  -4.5378209e-03
   2.0837779e-01  -5.4229407e-01   1.3021137e+00   3.7664481e-02  -5.5767798e-03  -4.8364438e-03
   1.8450718e-01  -4.9181292e-01   1.0983158e+00   3.2360793e-02  -5.6296975e-03  -3.4481619e-03
   1.7322931e-01  -3.8123482e-01   7.4746302e-01   2.4986797e-02  -5.9731220e-03  -3.7449128e-03
   1.6136706e-01  -4.1883802e-01   8.6061700e-01   2.9222357e-02  -6.3121833e-03  -3.6454229e-03
   1.5953246e-01  -4.0548711e-01   7.7132047e-01   2.7378136e-02  -5.7690836e-03  -3.7555243e-03
   1.5002518e-01  -4.2186538e-01   9.1324438e-01   2.9478602e-02  -5.9767253e-03  -3.7921816e-03
   1.4692627e-01  -3.8725507e-01   8.1286999e-01   2.7988337e-02  -5.4911970e-03  -3.8167847e-03
   1.4617213e-01  -4.3686161e-01   8.4425196e-01   2.8895597e-02  -5.3425615e-03  -3.5586105e-03
   1.5315310e-01  -4.1751351e-01   8.3787830e-01   2.8479180e-02  -5.3483924e-03  -3.9301920e-03
   1.3823299e-01  -4.2045941e-01   8.9534317e-01   2.9421171e-02  -5.3713087e-03  -3.5821158e-03
   1.4567382e-01  -3.5915862e-01   8.0637589e-01   2.7729756e-02  -5.3935455e-03  -3.9438920e-03
   1.3517724e-01  -4.4505752e-01   9.3477870e-01   3.1336814e-02  -5.3049893e-03  -3.8411121e-03
   1.3657376e-01  -4.7868523e-01   9.3991242e-01   3.1354671e-02  -4.8253058e-03  -4.0205475e-03
   1.0402576e-01  -3.8100185e-01   1.0043288e+00   3.0551750e-02  -4.7617801e-03  -2.1781455e-03
   3.8218428e-02  -4.2329908e-01   1.0874767e+00   3.3185884e-02  -4.2775855e-03  -5.6218021e-04
   4.5891186e-02  -5.2676879e-01   1.0581874e+00   3.2468175e-02  -2.7162122e-03  -2.7539354e-03
   9.8786359e-03  -4.5611405e-01   1.2296874e+00   3.4047151e-02  -2.0548138e-03  -2.4004494e-03
  -2.8407724e-02  -4.0676123e-01   9.7662816e-01   2.9628542e-02  -1.4966045e-03  -1.5408193e-03
  -1.7661340e-02  -4.1405574e-01   1.1532642e+00   3.0999656e-02  -1.0501286e-03  -1.1854848e-03
   8.2178514e-02  -2.9356910e-01   8.8217396e-01   2.6939151e-02  -2.4738440e-03  -2.5322507e-03
   7.1500503e-02  -4.4479925e-01   8.9237127e-01   2.9870375e-02  -3.5162093e-03  -3.1090777e-03
   7.0126461e-02  -4.2540035e-01   1.0340828e+00   3.3686387e-02  -4.0494341e-03  -2.5823770e-03
   4.5958437e-02  -4.6864532e-01   1.0679720e+00   3.4951061e-02  -3.7071344e-03  -2.5098782e-03
   5.8512352e-02  -4.5036557e-01   1.1295909e+00   3.4422725e-02  -3.3541586e-03  -2.8334524e-03
   5.9622467e-02  -4.4364433e-01   1.1899298e+00   3.5133547e-02  -3.5606955e-03  -3.2489600e-03
   7.5730185e-02  -4.9233495e-01   1.1971824e+00   3.6104955e-02  -3.6653665e-03  -3.4419677e-03
   7.5867416e-02  -5.1924154e-01   1.1671440e+00   3.5857506e-02  -3.8036853e-03  -3.2240726e-03
   8.2441610e-02  -4.9007621e-01   1.1123628e+00   3.5851808e-02  -3.4901649e-03  -3.4597900e-03
   6.5119794e-02  -5.1857919e-01   1.1977231e+00   3.8268645e-02  -4.0703561e-03  -3.2382732e-03
   7.4724615e-02  -5.3368833e-01   1.2256799e+00   3.7705068e-02  -3.9335969e-03  -3.3324615e-03
   4.2113589e-02  -5.4163048e-01   1.3992454e+00   4.0779558e-02  -4.6233639e-03  -2.8589322e-03
   2.2291207e-02  -6.1368970e-01   1.6443785e+00   4.7646902e-02  -6.1023622e-03  -2.2221478e-03
   2.1273274e-02  -5.9492283e-01   1.4472886e+00   4.4145811e-02  -5.6597365e-03  -2.4671899e-03
   6.3003562e-03  -5.9576053e-01   1.4203681e+00   4.3618436e-02  -5.8434285e-03  -1.6288634e-03
  -5.2079412e-04  -5.7044624e-01   1.3504621e+00   4.1684520e-02  -5.6353020e-03  -1.7979327e-03
  -3.6972496e-03  -5.7423486e-01   1.4456340e+00   4.2964952e-02  -5.7735119e-03  -1.8474425e-03
   8.1984923e-03  -5.1450351e-01   1.3595092e+00   4.1708654e-02  -5.9160731e-03  -1.9986810e-03
   2.0291537e-03  -5.4965362e-01   1.3787244e+00   4.2695395e-02  -6.1046979e-03  -1.9487059e-03
   9.2815176e-03  -5.5403406e-01   1.3888569e+00   4.2065868e-02  -6.2208110e-03  -2.0065832e-03
   5.8364902e-03  -5.4845733e-01   1.3496153e+00   4.1477832e-02  -4.9630307e-03  -1.7401901e-03
   2.2425547e-02  -5.4447595e-01   1.2999566e+00   3.9155548e-02  -4.3874744e-03  -2.1072168e-03
   8.3140302e-03  -6.0721803e-01   1.5080533e+00   4.3172153e-02  -3.0699997e-03  -2.0094541e-03
  -2.8262815e-02  -4.0367509e-01   1.2728724e+00   3.5145619e-02  -1.4618173e-03  -6.2506293e-04
   1.0261932e-01  -5.7620411e-02   1.4839106e-01   1.0845257e-02  -5.9111495e-03  -1.1324406e-03
   3.5733598e-01   8.5775334e-03  -8.4306525e-01  -1.0413661e-02  -3.0526091e-03  -4.6485182e-03
