   0.0000000e+00   0.0000000e+00  -7.1054274e-15  -1.3877788e-17   1.7347235e-18   2.4074124e-35
  -4.1463748e-02   5.2998680e-02   4.1325925e-02   6.3960865e-04   2.1603296e-04  -4.6103451e-04
  -4.4907655e-03  -1.8187134e-02  -3.1308197e-02  -8.3107946e-04   7.8902009e-04  -5.7154036e-04
  -7.5242663e-03  -1.9782054e-02   6.3446229e-03  -9.1210002e-04   6.3764880e-04   2.1705713e-04
  -1.8165825e-03  -9.1437468e-03   6.8020951e-02   5.4544815e-04   9.8969446e-04   1.1320480e-04
  -1.7665955e-02  -1.7975262e-02   8.1287771e-02   1.9573621e-04   1.7569994e-03  -3.0310294e-04
  -3.2782819e-02  -3.2528388e-03  -2.1202085e-03  -1.0813374e-04   8.8336629e-04   1.5049778e-04
  -2.5412863e-02  -2.8368421e-02   7.5640991e-03  -9.3008402e-04   8.0325956e-04   3.9803164e-04
  -2.4190125e-02   4.0485643e-03   9.4168750e-02   4.5521000e-04   1.5968226e-03  -4.0786508e-04
  -3.1736469e-02  -1.2736242e-02   1.2060897e-02  -4.1327038e-04   1.1973143e-03  -1.8322882e-04
  -1.8965822e-02  -8.3091122e-03   1.1048784e-01   9.8719253e-04   1.5953730e-03   1.8598709e-04
   7.1471152e-03  -3.3159962e-03   7.6779408e-02   5.4299077e-04   2.5218019e-03  -1.4259719e-04
   2.8083642e-03  -3.6175838e-03   5.3692863e-02  -3.1174945e-04   1.4522918e-03   2.9704201e-04
   9.9764329e-03  -5.9802252e-03   3.0669250e-02  -1.4337166e-03   2.1423746e-03   3.0290306e-04
  -6.8725908e-03   1.4319562e-04   3.9002843e-02  -6.6716269e-04   1.9697008e-03   2.8174252e-04
  -1.7172064e-02  -1.7494523e-05   9.4284286e-02   2.6749746e-04   3.0392416e-03  -6.1559766e-04
   1.1367545e-02  -2.4497573e-02   8.0691915e-02   1.9527445e-03   2.5317688e-03  -6.7276787e-04
   2.4226368e-02  -8.4529598e-03   1.0528624e-01   2.1385712e-03   3.1533253e-03  -1.0183608e-03
  -1.2473840e-02  -1.1396760e-02   1.2948824e-01   2.7054943e-03   3.2935482e-03  -1.4134849e-03
   1.1193742e-02  -1.5755424e-02   1.1502574e-01   2.8100136e-03   2.8189793e-03  -1.6111565e-03
   5.5162948e-03   4.6135521e-02   1.5357051e-01   3.0951286e-03   3.9316287e-03  -2.0406067e-03
  -4.7884338e-03   1.9674371e-02   1.0961482e-01   2.0332940e-03   3.7974692e-03  -1.6736272e-03
   1.5716566e-03   3.7109447e-02   2.0342143e-01   2.7029084e-03   3.3470830e-03  -1.3712980e-03
   1.6314733e-02   3.1175856e-02   1.8774780e-01   3.5100796e-03   3.8645685e-03  -1.7496272e-03
   1.1766058e-02   2.3248940e-02   1.6249133e-01   3.2537855e-03   4.2990028e-03  -2.0998894e-03
  -2.2948602e-02   9.2698136e-02  -1.3629823e-01   1.7290080e-03   3.4041242e-03  -2.2232892e-03
  -3.1991159e-02   1.4919615e-02  -7.1824590e-02   1.0931605e-03   2.9788604e-03  -3.0855188e-03
  -3.6127501e-02  -1.7967761e-02   4.5815489e-02  -1.3465704e-05   3.0976604e-03  -2.2222826e-03
  -4.2860836e-02   2.4737546e-02   4.0696652e-02   1.5154800e-03   4.2303405e-03  -3.0611190e-03
  -4.4342984e-02   1.2019554e-02  -3.6598482e-02   1.3842435e-03   3.2914767e-03  -2.0607728e-03
  -4.4265336e-02   4.0180666e-02   1.0047815e-01   2.0484883e-03   3.7218602e-03  -2.7550379e-03
  -3.1920227e-02   1.0866634e-02   1.4965751e-01   1.6678832e-03   3.9599337e-03  -2.7131644e-03
  -5.3905165e-02   9.4180307e-03   1.2985839e-01   1.3831805e-03   3.1412748e-03  -2.4838598e-03
  -2.2416740e-02   5.3676442e-02   3.1146888e-01   3.7077634e-03   3.1677602e-03  -1.6771168e-03
  -8.5612753e-03  -1.4556181e-02   4.3796181e-01   2.9582179e-03   4.6206984e-03  -2.1608564e-03
   5.9458319e-02  -3.3600688e-02   3.5397653e-01  -8.8598803e-06   4.4321853e-03  -2.7048467e-03
   4.7804365e-02   9.7580809e-03   3.5380155e-01   1.5054317e-03   3.4080314e-03  -2.3151584e-03
   4.7981070e-02   6.9397549e-03   4.7000558e-01   4.6619675e-03   2.8764448e-03  -2.0038284e-03
   5.7149391e-02   1.3195041e-02   5.0338830e-01   6.0309316e-03   4.3935082e-03  -2.5669256e-03
   1.6858315e-02   2.2153185e-01   6.4360327e-01   6.9415378e-03   4.8471902e-03  -3.0183387e-03
   3.1000961e-02   1.4822577e-01   4.5159064e-01   3.3035013e-03   3.9153354e-03  -2.6727476e-03
   3.5946151e-02   1.0376342e-01   5.1967094e-01   3.5978934e-03   4.2235339e-03  -2.6325423e-03
   2.3115645e-02   9.6061333e-02   5.8149896e-01   5.4210291e-03   3.8269243e-03  -2.6066604e-03
   2.9182934e-02   3.9595862e-02   4.6415485e-01   3.9084811e-03   3.8127511e-03  -2.4945972e-03
   1.0221149e-02   2.9240948e-02   4.5889637e-01   2.5209575e-03   4.5925159e-03  -2.5682033e-03
   4.5455345e-03   3.9886641e-02   3.9782634e-01   3.1593123e-03   4.2694863e-03  -2.3709465e-03
   7.7466085e-03   5.1948534e-02   5.1755911e-01   4.4838241e-03   3.8240191e-03  -2.4440017e-03
   9.5823687e-04   7.3354659e-02   4.7644725e-01   5.5601676e-03   4.2809030e-03  -2.5421696e-03
   2.8470778e-02   5.4664794e-02   5.2682912e-01   5.8996947e-03   4.3170141e-03  -2.6603558e-03
   2.0601662e-03   6.1981456e-02   4.2548912e-01   5.6920606e-03   4.3081492e-03  -2.9132885e-03
  -5.1057387e-02   8.8513772e-02   1.2662153e-01   1.1082061e-04   3.6064566e-03  -1.3803586e-03
  -2.3763009e-02   6.2945713e-02   3.9854942e-02  -4.4544212e-04   4.9648741e-03  -1.2157936e-03
  -8.9014046e-02   6.2125152e-02  -7.5413224e-02   1.9184886e-04   4.8948177e-03  -2.2205117e-03
  -7.3567927e-02   5.6987738e-02  -2.1058791e-02  -5.1935293e-04   4.3422462e-03  -1.6479615e-03
  -6.4709732e-02   7.9662103e-02   1.0160362e-01   1.6908464e-03   4.4637412e-03  -1.9765248e-03
  -4.6933544e-02   4.7583521e-02   1.6829922e-01   2.6403788e-03   4.4259308e-03  -1.7544922e-03
  -5.0020754e-02   6.2268673e-02   1.3017756e-01   3.6107038e-03   3.8886824e-03  -1.5117623e-03
  -4.9677212e-02   7.8651495e-02   2.0061606e-01   3.2639320e-03   4.2129168e-03  -2.4813582e-03
  -5.2193019e-02   2.2358523e-02  -1.4654387e-02  -1.2562042e-03   4.7460888e-03  -1.4221175e-03
  -2.6286822e-02  -8.3625340e-03   4.2761122e-02  -2.1118424e-03   4.5695878e-03  -5.5751316e-04
  -2.3372184e-02   5.7622270e-02  -3.9997810e-02  -2.3497873e-03   5.2681368e-03  -6.1042372e-04
   2.0797920e-03   2.2536161e-02   9.1582650e-02  -1.7979995e-03   4.6252956e-03  -4.4240233e-04
  -2.1638912e-02   2.8834890e-02   9.6988638e-02  -2.1844570e-03   5.0213678e-03  -1.6353364e-03
  -2.1111104e-02   1.7292761e-02   1.0108767e-01  -2.2878638e-03   4.6835308e-03  -1.9135260e-03
  -4.1063011e-02   2.0181701e-02   3.7545817e-02  -2.0526327e-03   4.0748544e-03  -1.9476168e-03
  -2.7660325e-02   3.5906813e-02   3.6620223e-01  -6.3212903e-04   4.6403835e-03  -2.8242530e-03
  -2.7039319e-02   9.1966269e-02  -7.8736810e-01  -5.9767526e-03   3.4117550e-03  -1.4548357e-03
  -6.1874039e-02   8.4586065e-02  -4.9147661e-01  -3.4706601e-03   3.4203966e-03  -1.0208735e-03
  -7.7878437e-02   9.0210115e-02   2.1102870e-01  -6.5247900e-04   3.1518003e-03  -2.0952288e-03
  -6.1954879e-02   6.3652312e-02  -2.9877941e-02  -2.1790526e-03   2.8942598e-03  -2.3883358e-03
  -5.6110846e-02   8.0693475e-02   1.3746572e-01  -1.6987814e-03   2.8976779e-03  -1.7006963e-03
  -5.3942012e-02   4.4741847e-02   4.3726147e-02  -2.1360323e-03   2.5944700e-03  -1.9554409e-03
  -6.0368814e-02   4.8057471e-02   1.7159664e-01  -1.7042538e-03   2.9125075e-03  -2.1243230e-03
  -5.7840175e-02   6.7207822e-02   1.4202250e-01  -1.5566937e-03   3.5968959e-03  -2.1253419e-03
  -2.4749929e-02   5.6668217e-02   3.1352445e-02  -1.3073714e-03   3.4313585e-03  -2.5938825e-03
  -4.9613329e-02   4.9000456e-02   7.8366813e-02  -9.6123649e-04   3.3574952e-03  -2.5454223e-03
  -3.9969614e-02   1.6541684e-02   9.5117550e-02  -2.3547561e-03   3.3106089e-03  -2.6279429e-03
  -2.4584461e-02   1.6431972e-02   5.0038969e-02  -2.5797125e-03   3.2712516e-03  -2.7196547e-03
  -2.0687989e-02   2.8567475e-02   8.1089239e-02  -1.9688120e-03   3.4908469e-03  -2.7273204e-03
  -1.0199091e-02   3.2780850e-02   9.8369892e-02  -1.6271564e-03   4.0365334e-03  -2.4688050e-03
  -3.6944895e-02   5.4751421e-02  -8.7530216e-05  -2.8988785e-03   4.8866178e-03  -2.9200503e-03
  -3.4275425e-03   3.4070804e-02  -4.5432872e-02  -2.7429805e-03   4.1344090e-03  -2.7514159e-03
   2.8875788e-03   5.6925180e-02   2.2371849e-02  -1.7227095e-03   4.8799309e-03  -3.2460864e-03
   2.3588521e-02   4.9266838e-02  -8.0375571e-02  -2.4842416e-03   6.0747758e-03  -3.1229120e-03
   5.4715789e-02   4.1715058e-02   1.7805854e-02  -1.6993433e-03   4.9764998e-03  -2.7714968e-03
   1.1499254e-02   7.8462790e-02   1.5954259e-02  -1.5285566e-03   5.7627740e-03  -3.0765746e-03
   3.8229216e-02   5.5753693e-02  -4.1438550e-02  -1.6748402e-03   5.1061573e-03  -2.4932010e-03
   3.3402019e-02   5.9666115e-02   4.6061836e-02  -1.8709127e-03   5.5427710e-03  -2.0659732e-03
   3.2138015e-02   6.4055771e-02   9.1609733e-02  -7.1769248e-04   5.6161138e-03  -2.2189353e-03
   2.4823348e-02   7.1900656e-02   1.1515320e-01  -1.0589494e-03   5.8071729e-03  -1.6678451e-03
  -1.7949260e-02   3.4202132e-01   4.4532646e-01   4.7656664e-03   5.4735048e-03  -2.1588760e-03
   6.5192719e-05   3.6749744e-01   5.0602089e-01   6.5669121e-03   5.4527252e-03  -2.9957318e-03
   1.7259398e-02   2.6679778e-01   2.2696033e-01   2.0908496e-03   4.3383486e-03  -2.5062769e-03
   4.2244905e-02   2.1006446e-01   3.2776306e-01   4.8447610e-03   5.0153529e-03  -2.5443320e-03
   6.4914673e-02   1.8596764e-01   3.2997418e-01   6.3447563e-03   6.1993519e-03  -2.2932354e-03
   6.7793609e-02   1.7936902e-01   3.6558637e-01   6.4702325e-03   6.3515788e-03  -1.8769226e-03
   9.3703340e-02   1.5909130e-01   3.6337627e-01   5.8930922e-03   7.0783211e-03  -1.2501866e-03
   8.4018852e-02   1.5138333e-01   3.5578948e-01   5.7728059e-03   6.5845829e-03  -1.4855900e-03
   7.6336735e-02   1.7069256e-01   3.5283453e-01   5.1241645e-03   7.2755673e-03  -1.9936531e-03
   4.9781200e-02   1.6576938e-01   1.9901234e-01   4.1781937e-03   6.3953313e-03  -2.0939716e-03
   5.5577345e-02   1.3995467e-01   2.4688634e-01   4.5865414e-03   5.6118332e-03  -2.2683541e-03
   5.6576913e-02   1.4416258e-01   2.5998975e-01   4.3796537e-03   6.2826167e-03  -2.5372739e-03
   7.8208298e-02   1.5395887e-01   2.5771008e-01   5.5879109e-03   6.4249142e-03  -2.2067329e-03
   1.0450625e-01   1.7334236e-01   2.6962134e-01   4.8251568e-03   6.5436254e-03  -1.6433585e-03
   5.5816960e-02   2.1540588e-01   3.1696442e-01   3.3354142e-03   6.8166332e-03  -2.1520357e-03
   8.2863457e-02   1.7849810e-01   1.5344091e-01   3.0576464e-03   5.8367316e-03  -2.3531875e-03
   5.4219827e-02   1.7859647e-01   1.7345482e-01   3.3394442e-03   6.3063439e-03  -2.0918812e-03
   6.6044452e-02   1.8851750e-01   2.0590351e-01   3.0862103e-03   8.0403575e-03  -2.2157939e-03
   1.1683360e-01   1.6027496e-01   2.0966926e-01   3.3237392e-03   6.7669776e-03  -2.0587786e-03
   1.1391621e-01   1.7497255e-01   3.7831412e-01   4.7615532e-03   7.3413105e-03  -2.0878501e-03
   1.0927096e-01   1.6698186e-01   3.6895598e-01   5.7138497e-03   7.4987122e-03  -2.1712789e-03
   1.0833600e-01   1.8299717e-01   2.3935250e-01   3.7263317e-03   6.6306357e-03  -1.6786721e-03
   1.0571522e-01   2.0839908e-01   4.2513470e-01   4.9558968e-03   6.8275571e-03  -1.5977421e-03
   1.2716259e-01   2.0919454e-01   4.8158613e-01   5.9821657e-03   7.8466857e-03  -9.9628109e-04
   1.5411787e-01   1.8164384e-01   5.1973875e-01   6.5861745e-03   8.5861400e-03  -5.1260925e-04
   8.8649424e-02   2.2469101e-01   5.1443637e-01   9.0237972e-03   8.3802688e-03  -1.4505853e-03
   1.1368889e-01   1.9669644e-01   4.8175183e-01   8.9804450e-03   8.4315172e-03  -1.3294921e-03
   1.2893884e-01   1.9021672e-01   5.4474474e-01   9.1192980e-03   8.0022737e-03  -1.2814545e-03
   1.3655723e-01   2.4938309e-01   6.3280535e-01   7.9423828e-03   8.7680011e-03  -1.9754481e-03
   1.1510797e-01   2.3015904e-01   4.9787364e-01   6.7278289e-03   8.4364063e-03  -2.2421864e-03
   1.3061726e-01   2.1557932e-01   5.2347593e-01   6.9785150e-03   7.4746641e-03  -2.1488941e-03
   9.7271855e-02   2.3077049e-01   5.7456915e-01   7.8434547e-03   8.1898207e-03  -2.2777778e-03
   1.1071998e-01   2.2672971e-01   5.4266423e-01   7.7255931e-03   8.0054236e-03  -2.1773767e-03
   1.4121923e-01   1.8999836e-01   3.9691201e-01   8.2366641e-03   7.3031584e-03  -1.9465032e-03
   1.2197300e-01   2.0876691e-01   4.7438310e-01   8.3653382e-03   7.0848042e-03  -1.7063990e-03
   1.0803083e-01   2.2861164e-01   5.7137298e-01   8.9406735e-03   8.1150416e-03  -2.3584474e-03
   1.1824694e-01   1.8792157e-01   4.6644427e-01   8.1475915e-03   7.6926090e-03  -2.0727309e-03
   1.1554611e-01   1.9929310e-01   5.1542742e-01   8.6910586e-03   7.3609876e-03  -2.0710302e-03
   1.3935969e-01   1.9812098e-01   4.9334690e-01   8.1716020e-03   7.5420137e-03  -1.9430971e-03
