   0.0000000e+00   0.0000000e+00  -3.5527137e-15  -1.7347235e-18   8.6736174e-19   1.5046328e-36
  -1.5629627e-02  -4.4867915e-02   1.0122903e-01   2.1587624e-04   1.3628369e-04   2.4098795e-04
  -2.1340745e-02  -4.6921411e-02   8.7014814e-02   4.1092639e-04  -1.1524798e-04   1.2859727e-04
  -3.1220516e-02  -7.0801511e-02   6.6398832e-02   9.9046391e-05   1.7758327e-04   3.2467155e-04
  -2.5762454e-02  -7.0512630e-02   1.0870297e-01   6.6853942e-04   1.6503153e-04   2.5629725e-04
  -2.1435694e-02  -2.9735593e-02   2.0033105e-03  -1.8787669e-05  -1.7361989e-05   1.9227611e-04
  -2.8269745e-02  -4.1912819e-02   5.5587157e-02  -5.2310380e-04   7.9003934e-05   3.0551046e-04
  -2.2087613e-02  -3.5262586e-02  -1.7462842e-02  -4.0819686e-04  -4.4284739e-05   2.4459783e-04
  -1.7686872e-02  -2.2142236e-02   1.9047366e-02  -4.4851663e-04  -6.7039797e-05   2.8517000e-04
  -2.6465508e-02  -2.9656122e-02   1.1758314e-02  -2.1723849e-04   2.3551062e-04   3.0973546e-04
  -3.1196091e-02  -3.2141427e-02   1.0148847e-02  -3.0776022e-05   1.5700999e-04   2.2204850e-04
  -3.8037515e-02  -3.2605024e-02   3.6726895e-02   6.6476408e-04   4.5295196e-04   1.0480279e-04
  -2.8052303e-02  -6.5144214e-03   9.9033313e-03  -2.1780078e-04   3.7793253e-04   3.9448103e-05
  -1.9783850e-02  -5.7156064e-03  -3.8511676e-02  -7.0250085e-04   1.0553933e-04   1.8578638e-04
  -1.5981612e-02  -1.4370873e-02   1.8312311e-02  -1.7886700e-05   1.5240678e-04   1.0585275e-04
  -1.8936544e-02   4.9094619e-04  -6.9226522e-04   6.4318623e-04   1.2663096e-04   1.4179000e-04
  -2.3783797e-02   7.1621989e-03   3.8476101e-02  -1.7005759e-05   4.4283098e-04   1.9692792e-04
  -1.9278845e-02  -1.7153176e-02   1.9391644e-02   1.1372068e-03   3.4309449e-04   2.8286933e-04
  -1.7573058e-02   1.4190642e-02   2.6889895e-02   8.2321539e-04   4.2191433e-04   2.1941585e-04
  -2.9048431e-02  -7.2578379e-03   2.0972923e-03  -2.3212439e-04   4.8806288e-04   7.7647897e-05
  -2.6885985e-02   1.7650776e-03   3.5678737e-03   2.1501411e-04   3.2329048e-04   3.1281040e-04
  -2.0687700e-02   8.3804428e-03   3.8332735e-02   1.1125470e-03   4.6793737e-04   3.9420463e-04
  -1.9983896e-02   4.5467682e-03   8.8383659e-02   1.1247491e-03   3.8470036e-04   2.6353826e-04
  -3.0299570e-02  -8.4749386e-03  -4.5698359e-02  -6.4011523e-04   2.5275705e-04   4.6359290e-04
  -2.0362663e-02  -3.1220042e-02   9.8062105e-02   1.0812091e-03   4.3218279e-04   4.0061689e-04
  -1.6808271e-02   1.2572570e-02  -4.5021371e-02   5.3267741e-04  -8.7476459e-05   3.2854387e-04
  -9.9446706e-03   1.2266017e-02   1.2428337e-01   1.0150773e-04   3.6418031e-04   2.8969607e-04
  -2.5548464e-02  -1.3044309e-02  -3.2274759e-02   7.2643113e-04   1.8885053e-04   4.9209195e-04
   6.0220474e-02   3.6192813e-02   4.7250911e-01   5.6920113e-04  -7.4112854e-04   6.2680919e-04
   5.8353965e-02   8.1048424e-03   3.0451392e-01   1.4745621e-04  -1.7034768e-03   6.0031193e-04
  -3.0283413e-02  -4.1708921e-03   4.1135930e-02   2.8123183e-03  -6.3485260e-04   1.1174073e-03
  -7.8289101e-02  -9.7736787e-02   2.6576394e-01   7.4850970e-03  -3.5207161e-04   1.5837355e-03
  -1.3921659e-02   5.1461703e-03   2.0613783e-02   8.0827534e-04  -1.0015661e-03   6.8615527e-04
  -1.4949431e-02   6.3655062e-03   6.4618287e-02   1.1812944e-03  -7.4037976e-04   7.8605925e-04
  -2.3053981e-02   1.3147438e-02   7.2978337e-02   1.0222777e-03  -7.4937258e-04   7.5478474e-04
  -2.9255988e-02   3.9903219e-03   1.3655186e-01   1.0059684e-03  -4.3120371e-04   7.7518429e-04
  -2.7941543e-02   2.3820731e-03  -1.5015352e-02   7.2126094e-05  -4.1898484e-04   6.8172589e-04
  -2.6629616e-02   2.1944351e-02   4.8563229e-02   3.6357256e-04  -2.3922130e-04   5.9595359e-04
  -1.6480192e-02   2.9809901e-02  -3.5887112e-02   5.1153236e-04  -5.2095371e-04   5.9752428e-04
  -1.7454811e-02   2.2213605e-02   5.3511560e-02   4.6565966e-04  -2.3358154e-04   6.2100035e-04
  -1.4863797e-02   8.0437354e-03   2.1359394e-02   1.3855536e-03  -2.4173921e-04   5.6786083e-04
  -2.7609194e-02  -1.2664885e-02   1.1980589e-01   2.2939211e-03   1.0909200e-04   7.3913067e-04
  -2.5758899e-02  -4.9085396e-03   5.2258723e-02   1.3057091e-03  -1.3890277e-04   3.6019133e-04
  -2.0113276e-02  -5.4246153e-03   4.3028503e-02   2.0488167e-04  -1.7592127e-04   4.8349006e-04
  -1.7100436e-02  -2.8530478e-02   1.9965738e-02   9.5472590e-04  -1.5842446e-04   4.2699058e-04
  -1.6936469e-02  -2.0761964e-02   2.1740641e-02   7.4093889e-04  -2.2432807e-04   5.5911057e-04
  -9.2667999e-03   2.3591754e-03  -8.4480112e-03   1.2078664e-04  -3.4952553e-04   4.0289560e-04
  -1.5749082e-02   2.2803897e-02  -3.6353324e-02  -1.8546657e-04  -5.1805581e-04   4.4140547e-04
  -2.4483155e-02  -1.3427045e-02   3.4300968e-02   8.1802075e-04  -2.9882569e-04   4.3343839e-04
  -2.9023914e-02  -8.1969355e-03   2.6866632e-02   1.4420365e-03  -3.5581988e-04   6.0260986e-04
  -1.7688549e-02   4.1022297e-03   5.1914267e-02   1.0989442e-03  -3.3745946e-05   6.3581591e-04
  -1.8197297e-02  -9.3030296e-03   4.7987962e-02   1.6381184e-03   1.2449761e-04   4.7797148e-04
  -5.6612774e-03   2.1703775e-02  -8.9232430e-02  -4.6201659e-04  -6.1105046e-04   3.4468228e-04
  -1.6656054e-02   2.2004341e-02   2.9858937e-02   4.9238572e-04  -1.1902351e-04   3.0010286e-04
  -1.5068599e-02   1.3171439e-02   3.0593240e-02   1.5512803e-03   3.4942365e-05   3.6917506e-04
  -2.7906614e-02   4.8882118e-03   6.8001931e-03   9.9698282e-04  -1.7630072e-04   3.1219492e-04
  -3.2290509e-02  -1.3406747e-03  -1.7405114e-02  -2.4804841e-04  -5.5409302e-04   5.9897153e-04
  -1.7963089e-02   1.9148536e-02  -8.9633973e-02  -1.0212671e-03  -4.2663574e-04   4.2409601e-04
  -1.3809234e-02   3.7248126e-02  -2.7504844e-02  -5.1348139e-04  -4.3952372e-04   4.3686825e-04
  -1.2941746e-02   4.2385339e-02  -1.4661230e-02   1.6184935e-04  -2.8797458e-04   3.0503282e-04
  -2.4978828e-02   3.0857902e-02   1.4815416e-02  -5.7910059e-05  -2.0539567e-05   4.1162994e-04
  -2.6959168e-02   1.5537803e-02   2.9533906e-02   3.7825259e-04   1.1881685e-04   3.4488163e-04
  -2.5825795e-02   3.7034003e-02  -1.0027939e-02  -1.1631310e-04  -1.5197003e-04   3.7729749e-04
  -1.9360764e-02   5.4829050e-02  -3.9837825e-02   4.7533848e-05  -1.6072442e-04   6.7388894e-05
  -2.0103666e-02   5.4854849e-02  -2.5723447e-02  -7.9937322e-05  -2.4747751e-04   2.1764532e-04
  -2.7613070e-02   2.2130102e-02   3.6342374e-02   1.9196055e-04   1.9956948e-04   3.8361280e-04
  -1.6853483e-02   3.5979984e-02  -4.7756527e-02  -1.4910494e-04  -6.7696180e-05   2.5789849e-04
  -1.7883108e-02   6.1133602e-02  -5.4575508e-02  -4.9301584e-04  -1.3730262e-04   2.7233519e-04
  -1.5872526e-02   5.0457143e-02  -3.1312427e-02  -3.1112812e-05  -2.0180464e-04   2.9726226e-04
  -1.8153676e-02   5.6054651e-02  -2.2206192e-02   4.1146194e-04  -1.3859956e-04   2.9950352e-04
  -2.0997544e-02   5.6662372e-02   1.0511580e-02   2.5960381e-04   7.4105183e-05   3.9832493e-04
  -2.3299854e-02   3.6082779e-02   2.6821038e-02   9.2613538e-04   8.0965472e-05   4.1570260e-04
  -3.3355514e-02   5.2760301e-02  -3.2818603e-03   3.4378565e-04   1.2353232e-05   5.6005517e-04
  -2.9505395e-02   2.7772571e-02  -1.8406159e-02   4.1147713e-04   1.2301613e-04   3.9575047e-04
  -1.6565342e-02   5.1257593e-02  -4.4461595e-02   5.0603295e-04  -1.6488520e-04   5.4042997e-04
  -1.5922502e-02   3.5448663e-02  -2.5581969e-02   6.6676913e-04  -2.1041388e-04   4.1846480e-04
  -1.9050251e-02   5.7378867e-02   3.3595661e-03   2.2218372e-04  -3.3349495e-04   6.3514606e-04
  -2.7219963e-03   7.3215793e-02  -8.9557536e-02  -1.3627035e-03  -1.1424175e-03   4.6038531e-04
  -4.5591544e-03   5.5405984e-02  -5.7402619e-02  -8.8727030e-04  -6.0586222e-04   3.5752555e-04
   1.6723383e-03   7.6643214e-02  -1.0116408e-01  -8.7124175e-04  -8.0820225e-04   1.6176315e-04
  -1.1117727e-02   8.1134287e-02  -1.0974417e-01  -1.1936642e-03  -6.7729363e-04   2.6939130e-04
  -1.4200610e-02   6.2745472e-02  -3.2460394e-02  -1.1669880e-04  -5.3313479e-04   3.2769934e-04
  -3.0622891e-02   7.6908136e-02  -1.0071490e-02   7.8867863e-04  -3.0857844e-04   3.1612905e-04
  -2.8157858e-02   8.6029652e-02  -2.6253362e-02  -2.4096985e-04  -2.8903985e-04   2.9997551e-04
  -3.0664794e-02   7.6475603e-02  -1.0275774e-02   2.2786983e-04  -1.1369362e-04   2.7336609e-04
  -2.5406589e-02   8.8635759e-02  -4.7060503e-02  -1.1479096e-04  -3.5033936e-04   2.5170469e-04
  -3.1145806e-02   7.3470980e-02   3.9619669e-02   1.0152408e-03   8.0308236e-05   3.9073350e-04
  -3.0790888e-02   7.2802005e-02   1.1123514e-02   7.9429538e-04   1.4022634e-04   2.1766844e-04
  -2.8685512e-02   6.2475542e-02  -4.5800119e-02  -6.4138781e-05  -6.1191813e-06   4.2772920e-04
  -1.5908924e-02   7.6982319e-02  -2.3013617e-02  -1.0047875e-04  -3.6556077e-05   2.3016806e-04
  -6.5148516e-03   1.0429200e-01  -1.0230896e-01  -1.1256848e-03  -3.7137704e-04   1.4635873e-04
  -1.2654375e-02   9.0090694e-02  -3.3493430e-02  -4.9465336e-04  -2.7803787e-04   4.0449464e-04
  -1.4330575e-02   9.3389446e-02  -3.4516081e-02   9.3355859e-05  -2.4704188e-04   2.5019393e-04
  -2.7697315e-02   9.0122156e-02  -2.5445737e-02   6.1665932e-04   2.5887035e-05   4.2301836e-04
  -2.7453141e-02   6.4493953e-02   4.2627103e-02   1.3436400e-03  -4.8718984e-05   5.1134996e-04
  -3.0358884e-02   9.4256031e-02  -3.6640142e-02  -1.9433089e-04  -1.0048906e-05   5.1088323e-04
  -2.8594164e-02   7.3919023e-02   4.1839541e-02   1.4919623e-03   3.3287784e-05   5.6927998e-04
  -3.6111800e-02   1.0613255e-01  -2.7455627e-02   7.4770582e-04  -3.9524334e-05   4.0413086e-04
  -3.5915843e-02   7.1533868e-02  -1.9015828e-02  -9.3344603e-04   2.8954044e-05   6.3235455e-04
  -2.2535640e-02   6.2690407e-02  -3.4515663e-02  -5.0337007e-04  -1.8908922e-04   6.0312913e-04
  -1.1076451e-02   1.0435354e-01  -1.0728475e-01  -1.1240186e-03  -4.3951380e-04   4.3573891e-04
  -1.0062599e-02   9.6598245e-02  -3.1766283e-02  -7.2977480e-04  -2.7082328e-04   3.5940507e-04
  -5.1893211e-03   9.9865177e-02  -5.0104022e-02  -6.4374359e-04  -3.8423124e-04   2.9092916e-04
  -1.4041741e-02   6.6484512e-02   1.5645083e-02   1.3503283e-04  -1.6215408e-05   4.9486803e-04
  -1.0097643e-02   8.6940440e-02  -6.9890241e-03  -4.4200650e-04   1.0022463e-04   2.3278633e-04
  -1.7407721e-02   7.9363449e-02  -3.2581698e-02  -1.3899995e-04  -5.1180051e-05   4.7705392e-04
  -1.2671741e-02   9.2006905e-02   1.0354211e-02   1.2642365e-04   4.4167344e-05   2.8366818e-04
  -2.3474044e-02   1.0171655e-01  -5.1772338e-02  -4.2692503e-04  -1.5259265e-05   2.6671214e-04
  -1.6583598e-02   8.4619001e-02  -1.7956567e-02  -1.6733983e-04  -1.1998127e-04   3.0515244e-04
  -2.2971587e-02   1.0688112e-01  -4.4407575e-02   1.2771902e-04   9.7750371e-05   4.6469429e-04
  -3.0147097e-02   9.1127382e-02   1.6559594e-02   9.5735188e-04   3.1485303e-04   7.3942937e-04
  -2.6272784e-02   1.1340690e-01  -5.5993870e-02  -4.4060735e-04   4.6315282e-05   2.6399427e-04
  -3.0201711e-02   1.0043670e-01  -1.0765234e-01  -2.9134623e-04  -7.8354763e-05   3.0130149e-04
  -1.7575986e-02   1.0644991e-01  -8.6718338e-02  -5.3656517e-04  -2.1381171e-04  -5.2771132e-05
  -1.6370752e-02   1.2227345e-01  -8.7613765e-02   4.9478260e-04  -3.6610077e-04  -8.9350600e-05
  -1.6163935e-02   1.4207149e-01  -7.5013174e-02  -2.0644174e-04  -2.9818410e-04   2.2891872e-04
  -2.0235222e-02   1.1332450e-01  -1.9585118e-02   8.6852010e-04  -1.5298358e-04   1.2952374e-04
  -2.6564389e-02   1.0899544e-01  -4.3265999e-02   6.3174399e-04  -2.5078219e-04   3.2626084e-04
  -2.2287685e-02   1.0164724e-01   5.1195780e-03   1.2397065e-03   1.1760209e-04   4.4851262e-04
  -1.7231982e-02   1.4555434e-01  -4.7871773e-02   8.6422766e-04   1.9603449e-04   3.4383074e-04
  -1.6436906e-02   1.2885774e-01  -5.0612208e-02  -3.3188799e-04  -3.2473266e-04   3.9629169e-04
  -2.7379415e-02   1.0576652e-01  -3.1698582e-02   6.6086504e-04   2.9783343e-04   3.6213758e-04
  -2.4168159e-03   1.4759999e-01  -2.8881097e-02   1.1530121e-03   3.6719521e-04   6.2181297e-04
  -1.0723929e-02   1.4844821e-01  -2.4526523e-02  -1.8598859e-04   4.7086666e-04   5.1916597e-04
  -2.0361821e-03   1.1207126e-01   2.8775838e-03   3.5612461e-04  -9.2097116e-05   4.2921464e-04
  -1.2931073e-02   1.4817410e-01  -1.4456295e-01  -1.6879297e-03   3.0576009e-04   3.6227709e-04
  -4.8984057e-02   7.7210736e-02   5.4269131e-01   1.3842337e-02  -3.6655504e-04   2.9390111e-03
   7.7210118e-02   9.6633061e-02   3.9585611e-01   1.1347257e-02  -3.2951459e-03   6.7407078e-04
   5.9844824e-02   9.8797096e-02   6.9052411e-03   4.5039537e-03  -3.0961861e-03  -3.9075586e-05
