   0.0000000e+00   0.0000000e+00  -3.5527137e-15   0.0000000e+00   0.0000000e+00   0.0000000e+00
   1.8876925e-02   1.5100565e-02  -1.7491941e-02  -2.3372570e-04  -1.6125703e-04   1.2992620e-04
   1.9492949e-02   5.3381055e-02  -6.5863290e-02  -1.5131174e-03  -3.7013598e-06   1.6769837e-04
   1.1727254e-02   5.7206279e-02  -5.1179657e-02  -2.0909810e-03   7.6627945e-05   3.5391655e-04
   1.3550568e-02   7.6009045e-02  -7.6774984e-02  -2.5197919e-03   1.3558997e-04   3.1070415e-04
   1.4918692e-02   8.4628345e-02  -8.0110296e-02  -3.0891185e-03   1.7376299e-04   2.1557078e-04
   3.6764684e-03   7.4405830e-02  -9.6421828e-02  -3.0088625e-03   4.0235741e-04   3.2620934e-04
   3.6776550e-03   1.3072298e-01  -1.0800293e-01  -3.5528554e-03   3.8040929e-04   3.3970512e-04
   1.0892409e-02   1.0278945e-01  -9.9091941e-02  -3.5041539e-03   2.3063072e-04   3.1782965e-04
   1.6567297e-02   1.2746585e-01  -1.1012410e-01  -3.9892935e-03   1.6445206e-04   2.5425615e-04
   2.9654842e-02   1.4206781e-01  -1.8402681e-01  -5.6795995e-03   9.2522043e-05   1.9449104e-04
   2.7101097e-02   1.7203832e-01  -2.3184853e-01  -6.8094915e-03   2.9431162e-04   3.4869619e-04
   4.6508494e-02   1.9316488e-01  -2.5811852e-01  -7.0466826e-03  -1.7887011e-05   2.2621088e-04
   4.6731898e-02   2.0387140e-01  -3.0645351e-01  -7.9408753e-03   2.6103975e-04   2.3033105e-04
   4.2925417e-02   2.0655784e-01  -2.7520320e-01  -8.1531064e-03   3.3123455e-04   5.5572539e-04
   6.0630957e-02   2.2143580e-01  -2.9812369e-01  -8.3656512e-03   1.9048424e-05   4.0482007e-04
   4.9736070e-02   2.0084096e-01  -3.4563865e-01  -8.4029926e-03   2.4404275e-04   3.8548487e-04
   4.5742959e-02   1.9518296e-01  -3.0978777e-01  -8.3316604e-03   3.2708399e-04   5.2783553e-04
   4.9282293e-02   2.2565090e-01  -3.2803779e-01  -8.5759644e-03   5.2073286e-04   4.8669926e-04
   4.0969092e-02   2.3118006e-01  -3.6730441e-01  -9.1500115e-03   7.9073086e-04   4.0538445e-04
   3.2069795e-02   2.1035448e-01  -3.1799370e-01  -9.0986209e-03   9.4449096e-04   4.6790094e-04
   2.9283183e-02   2.3780089e-01  -3.5396620e-01  -9.3561463e-03   1.0036616e-03   4.2760125e-04
   2.8268319e-02   2.2994407e-01  -3.6281613e-01  -9.3691683e-03   1.1102813e-03   3.4093315e-04
   2.3407946e-02   2.1240321e-01  -3.0685540e-01  -9.1526115e-03   1.0475139e-03   6.1863823e-04
   2.6589857e-02   2.0943348e-01  -3.2188894e-01  -8.6644483e-03   1.2934811e-03   4.2513508e-04
   1.6652336e-02   2.0190687e-01  -3.4260166e-01  -9.1174041e-03   1.2311299e-03   3.1044504e-04
   2.0081211e-02   2.2586468e-01  -4.0357908e-01  -1.0367091e-02   1.2643993e-03   2.0146761e-04
   3.0396580e-02   2.2942404e-01  -3.8729633e-01  -9.7558820e-03   1.4515586e-03   7.8570307e-05
   3.6843336e-02   2.1700456e-01  -4.0258824e-01  -1.0179073e-02   1.4851849e-03  -1.6470256e-05
   3.2913671e-02   2.2847017e-01  -3.7373191e-01  -1.0154472e-02   1.3804404e-03   1.7679176e-04
   2.0725615e-02   2.3683270e-01  -4.0603324e-01  -1.0087882e-02   1.5423560e-03   1.7509977e-04
   1.0957149e-02   2.4074433e-01  -4.3606885e-01  -1.0661079e-02   1.8021388e-03   1.9324933e-04
   6.5237821e-03   2.3896521e-01  -4.1437818e-01  -1.0404937e-02   1.8410927e-03   3.4283491e-04
   6.6962742e-03   2.6427867e-01  -4.5977559e-01  -1.0694047e-02   2.3172751e-03   1.2488297e-04
   2.9165135e-02   2.6096847e-01  -4.4576251e-01  -1.1106031e-02   2.4279891e-03  -1.3354520e-04
   6.4338336e-02   2.7248604e-01  -4.3864648e-01  -1.1006349e-02   2.3053934e-03  -2.9104950e-04
   5.8302431e-02   2.9427279e-01  -4.4152749e-01  -1.1402072e-02   2.7824976e-03  -3.6954375e-04
   6.1906554e-02   2.7413096e-01  -4.2107500e-01  -1.1184187e-02   2.7454380e-03  -2.5084601e-04
   5.9918681e-02   2.9616527e-01  -4.3542064e-01  -1.1418870e-02   2.6852900e-03  -3.1940212e-04
   6.0251861e-02   2.6845461e-01  -4.3519387e-01  -1.1445646e-02   2.6476558e-03  -3.8548508e-04
   6.6705861e-02   3.0880950e-01  -4.3572651e-01  -1.1675345e-02   2.7228131e-03  -2.7131893e-04
   6.1704993e-02   3.0970320e-01  -4.4728139e-01  -1.1272264e-02   3.2916944e-03  -5.1148550e-05
   7.7094838e-02   3.0222396e-01  -3.9391618e-01  -1.0955472e-02   3.2622805e-03   6.4006171e-06
   7.3178881e-02   3.0867826e-01  -4.0220828e-01  -1.0526092e-02   3.2924231e-03   1.1298486e-04
   7.9700801e-02   2.9816678e-01  -4.1508165e-01  -1.0559134e-02   3.5500216e-03  -8.5984570e-05
   8.7858230e-02   2.6886638e-01  -3.3869821e-01  -9.8479524e-03   3.4257624e-03  -1.8177875e-05
   8.8727889e-02   3.1984750e-01  -3.6133195e-01  -1.0136510e-02   3.5785545e-03  -2.7036699e-05
   1.1446126e-01   3.0201601e-01  -3.5774882e-01  -1.0154047e-02   3.3485807e-03  -2.4538953e-04
   1.2200210e-01   3.0106539e-01  -3.6976423e-01  -9.9676482e-03   3.6419496e-03  -2.0088926e-04
   1.4803595e-01   3.2089307e-01  -4.1737903e-01  -9.9187590e-03   3.4495632e-03  -4.4467143e-04
   1.1592463e-01   3.0902908e-01  -3.5003589e-01  -1.0278672e-02   3.3368909e-03  -1.7128809e-04
   7.6770341e-02   2.7518475e-01  -3.2805905e-01  -9.2593539e-03   3.5641005e-03   1.1785215e-04
   8.1734854e-02   2.5226169e-01  -3.6870704e-01  -9.0456837e-03   4.0287595e-03  -1.7672138e-05
   8.5347242e-02   2.7411432e-01  -3.2473018e-01  -8.8948205e-03   3.9048362e-03   1.3724558e-04
   8.5659563e-02   2.9358364e-01  -3.5293820e-01  -8.8444868e-03   3.9286280e-03   1.4069113e-04
   8.4909182e-02   2.9483879e-01  -3.6338300e-01  -9.2080687e-03   3.9862808e-03  -5.6157878e-06
   8.8713458e-02   2.9691090e-01  -3.4880033e-01  -9.0466095e-03   3.9318652e-03   1.6545172e-05
   9.5168264e-02   3.1053555e-01  -3.5646811e-01  -8.9986303e-03   4.0037289e-03  -1.0864313e-04
   8.9200086e-02   2.6012910e-01  -3.2111779e-01  -8.4008988e-03   4.3721419e-03  -1.4790782e-04
   8.3278145e-02   2.5018149e-01  -2.8998855e-01  -7.6781287e-03   4.6951525e-03  -4.8946069e-05
   8.8618423e-02   3.0002877e-01  -3.3933559e-01  -8.3250863e-03   4.8134989e-03  -1.2508536e-04
   9.0402840e-02   2.8005913e-01  -3.2837447e-01  -8.5633309e-03   4.8020339e-03  -1.9522667e-04
   1.0352541e-01   2.8004708e-01  -3.1282243e-01  -8.2505284e-03   4.8053030e-03  -1.5277984e-04
   1.0556133e-01   2.9215824e-01  -3.4106239e-01  -8.5126916e-03   4.8401666e-03  -1.4521704e-04
   1.0946551e-01   2.9141332e-01  -3.1846988e-01  -8.5733999e-03   4.7432997e-03  -7.8801516e-05
   1.2216148e-01   3.0030743e-01  -3.1377506e-01  -8.3447258e-03   5.0515896e-03  -2.8175340e-04
   1.2155335e-01   2.9214786e-01  -3.4873704e-01  -9.1361527e-03   5.2009458e-03  -2.8702804e-04
   1.2654328e-01   3.0576186e-01  -3.2701644e-01  -9.1272815e-03   5.1643407e-03  -1.9916563e-04
   1.2151485e-01   3.3282458e-01  -3.5896496e-01  -9.1818928e-03   5.3628514e-03  -1.8773412e-04
   1.2085712e-01   2.9343896e-01  -3.2725469e-01  -8.9116568e-03   5.3818215e-03  -2.2136168e-04
   1.1261829e-01   3.0736542e-01  -3.4561479e-01  -9.0022784e-03   5.3080755e-03  -1.5429597e-04
   1.1185353e-01   3.0688212e-01  -3.7458909e-01  -8.9364000e-03   5.5245744e-03  -3.3750925e-04
   1.1790617e-01   3.1258632e-01  -3.4573056e-01  -9.5260136e-03   5.3820090e-03  -6.6864996e-04
   1.2507884e-01   2.9221553e-01  -2.7188384e-01  -7.7785688e-03   5.6406408e-03  -7.2332968e-04
   1.3166237e-01   3.1300172e-01  -3.0547406e-01  -8.2900857e-03   5.6659759e-03  -7.2663869e-04
   1.2752987e-01   2.8963483e-01  -3.3041559e-01  -9.2780670e-03   5.4871371e-03  -7.3735066e-04
   1.3740034e-01   3.1783917e-01  -3.3213037e-01  -9.2351279e-03   5.5518134e-03  -7.1509924e-04
   1.3861577e-01   3.2945533e-01  -3.3854706e-01  -9.6927783e-03   5.3924294e-03  -8.3107633e-04
   1.5414512e-01   2.7521235e-01  -3.2443168e-01  -9.2536868e-03   4.9660086e-03  -1.3081572e-03
   1.3753250e-01   3.1279028e-01  -3.5891426e-01  -9.2292764e-03   4.9880643e-03  -1.0872293e-03
   1.4690900e-01   2.9376592e-01  -3.5427261e-01  -9.3520545e-03   5.0260594e-03  -1.2743981e-03
   1.5264351e-01   2.8866597e-01  -3.0390884e-01  -8.5665958e-03   4.7013917e-03  -1.4434489e-03
   1.5714467e-01   3.0648252e-01  -3.1200227e-01  -8.4123210e-03   5.0136992e-03  -1.5811732e-03
   1.4365055e-01   2.7304078e-01  -2.6694791e-01  -8.1523466e-03   4.9305645e-03  -1.5867405e-03
   1.5372921e-01   2.9585874e-01  -2.7740719e-01  -7.9664097e-03   4.6437703e-03  -1.5902884e-03
   1.5955688e-01   3.1209129e-01  -3.3412970e-01  -8.4985516e-03   4.5637937e-03  -1.6603025e-03
   1.5905375e-01   2.8539930e-01  -2.7287897e-01  -8.0724641e-03   4.4226718e-03  -1.5217408e-03
   1.6482357e-01   3.0303593e-01  -2.6902801e-01  -7.7691698e-03   4.1906001e-03  -1.5456010e-03
   1.6604019e-01   3.0897517e-01  -2.9509636e-01  -8.0242080e-03   4.0696308e-03  -1.6494707e-03
   1.7270737e-01   2.9140444e-01  -2.5049942e-01  -7.6773209e-03   3.9195435e-03  -1.8893880e-03
   1.7502721e-01   3.0993839e-01  -2.8287233e-01  -7.5129194e-03   3.3042040e-03  -1.7263745e-03
   1.7882055e-01   3.1704897e-01  -3.0272665e-01  -8.0435990e-03   2.7484094e-03  -1.8431781e-03
   2.0525760e-01   3.1050603e-01  -2.7751544e-01  -7.6526393e-03   2.2314518e-03  -2.2172643e-03
   2.1491322e-01   3.3348785e-01  -3.0492033e-01  -7.6842227e-03   1.8194105e-03  -2.1615245e-03
   2.3303564e-01   3.1688868e-01  -2.6935665e-01  -7.4689720e-03   1.3282510e-03  -2.3118725e-03
   2.3175371e-01   3.2006631e-01  -2.4845699e-01  -6.8955007e-03   1.3815212e-03  -2.3621706e-03
   2.3253286e-01   3.1717126e-01  -2.7446078e-01  -7.0537813e-03   1.3222687e-03  -2.4235755e-03
   2.2019627e-01   2.9788897e-01  -2.3364953e-01  -6.9474205e-03   1.2262889e-03  -2.3878254e-03
   2.1231930e-01   3.0547418e-01  -2.4611633e-01  -6.3604502e-03   1.1161466e-03  -2.2021490e-03
   1.8910543e-01   3.4223346e-01  -2.6807829e-01  -7.3103690e-03   1.0493483e-03  -1.9275909e-03
   1.7748733e-01   2.5570032e-01  -2.5752490e-01  -6.5999301e-03   8.9581821e-04  -1.9433803e-03
   1.6635107e-01   2.8835661e-01  -2.8091795e-01  -6.1944965e-03   1.1138438e-03  -1.8726160e-03
   1.8052090e-01   2.7855864e-01  -2.8674385e-01  -6.6583023e-03   9.3056689e-04  -2.1613828e-03
   1.5452518e-01   2.6945678e-01  -2.5842234e-01  -6.5858914e-03   1.1208133e-03  -2.1364409e-03
   1.7569310e-01   2.8987832e-01  -2.7150185e-01  -6.3850268e-03   1.0345605e-03  -2.4106876e-03
   1.7134488e-01   2.9124326e-01  -2.9185755e-01  -7.2577612e-03   8.3865727e-04  -2.3450195e-03
   1.7468874e-01   2.9018260e-01  -2.6135386e-01  -6.6846104e-03   6.5380363e-04  -2.2800726e-03
   1.9016892e-01   3.2127979e-01  -2.8262786e-01  -6.5532991e-03   6.8927976e-04  -2.4339188e-03
   2.0642954e-01   2.8709562e-01  -2.4135252e-01  -6.0313930e-03   5.4137029e-04  -2.6916630e-03
   1.8356118e-01   3.0143930e-01  -2.5604921e-01  -6.3334111e-03   5.8164738e-04  -2.4702141e-03
   1.8225451e-01   3.1966617e-01  -2.6869710e-01  -6.4049202e-03   6.6674341e-04  -2.4919558e-03
   1.9294461e-01   2.7971173e-01  -2.3310013e-01  -6.0895054e-03   5.6035245e-04  -2.5833839e-03
   1.9897259e-01   3.0486249e-01  -2.4892125e-01  -5.9562810e-03   5.1978294e-04  -2.5437500e-03
   1.9551870e-01   2.9781967e-01  -2.4448871e-01  -6.2529661e-03   5.3868876e-04  -2.6355124e-03
   1.8969862e-01   2.9872538e-01  -2.3160732e-01  -6.0264596e-03   3.3107298e-04  -2.4281727e-03
   1.9055639e-01   3.2716565e-01  -3.0006527e-01  -6.7998241e-03   4.3643669e-04  -2.5499825e-03
   1.9701941e-01   2.8791106e-01  -2.1857656e-01  -5.7238050e-03   1.5438198e-04  -2.6133249e-03
   1.9559529e-01   2.9068761e-01  -2.0906676e-01  -5.2579428e-03   2.3325460e-04  -2.5161775e-03
   1.9669206e-01   3.1150170e-01  -2.9044619e-01  -6.5832990e-03   3.3945502e-04  -2.6797044e-03
   2.1687186e-01   3.0275719e-01  -2.4520623e-01  -6.1261818e-03   1.8913394e-04  -2.7905500e-03
   1.9922163e-01   3.3014981e-01  -2.7740160e-01  -6.1510569e-03   2.7818157e-04  -2.5895634e-03
   1.9805066e-01   3.0580269e-01  -2.4556984e-01  -6.0333640e-03   2.9914896e-04  -2.7837930e-03
   2.1257070e-01   2.9192402e-01  -2.1167078e-01  -5.3589831e-03   7.3904434e-05  -2.8803290e-03
   2.0026362e-01   2.9952773e-01  -2.6396930e-01  -5.6902700e-03   1.2150100e-04  -2.6986233e-03
   2.1945245e-01   3.0380129e-01  -2.3432741e-01  -6.2425428e-03  -2.0072715e-04  -2.9324796e-03
   2.2617036e-01   2.8518518e-01  -2.3496021e-01  -5.3214576e-03  -2.6269624e-04  -2.9204561e-03
   2.1816841e-01   3.1022234e-01  -2.6157047e-01  -5.7532930e-03  -2.0483325e-04  -3.0088832e-03
   2.2087419e-01   2.6252574e-01  -1.8797494e-01  -4.9529130e-03  -2.0928741e-04  -3.0773416e-03
   2.2224445e-01   2.9681751e-01  -2.0491758e-01  -4.7332174e-03  -5.3211124e-05  -3.0843881e-03
