   0.0000000e+00   0.0000000e+00   0.0000000e+00   0.0000000e+00   0.0000000e+00   0.0000000e+00
  -3.9389841e-03   1.5664693e-02   2.7799312e-02   9.4947234e-04   1.8332726e-04   6.3341775e-04
  -2.4398375e-02  -6.1715293e-03   2.9744995e-02   1.3654583e-03   6.4745892e-04   1.1211094e-03
  -2.9422825e-02   9.4248245e-03   3.3941333e-02   1.1396002e-03   4.6722606e-04   1.2799552e-03
  -2.8567431e-02   2.7781752e-02   4.7088575e-02   1.4148612e-03   4.5273534e-04   1.4198206e-03
  -2.1485377e-02   3.5350009e-02   5.7521228e-02   1.8628230e-03   5.0815521e-04   1.4422504e-03
  -1.9061818e-02  -1.9296647e-02   1.1112007e-01   2.3316050e-03   2.9685499e-04   1.9016170e-03
  -1.0590800e-02   1.4432147e-02   1.4277168e-01   2.8156264e-03   6.9456195e-04   1.7729990e-03
  -1.0445918e-02  -2.3560005e-02   9.8243153e-02   2.6671231e-03   1.1053306e-04   1.8903449e-03
  -1.3838734e-02  -9.5361880e-03   1.5044794e-01   2.5543944e-03   2.4131174e-04   2.1700651e-03
  -6.2176131e-03   6.3722861e-03   1.5453483e-01   2.6666089e-03  -7.3278501e-06   2.4637625e-03
  -5.4774427e-02  -7.9815570e-02   4.5169754e-02   2.0463872e-03   8.9130936e-04   3.3283652e-03
  -2.7997798e-02   4.9273671e-02   1.3927910e-01   3.0271246e-03   7.6536939e-04   3.2138048e-03
  -5.2475206e-03   5.7538565e-04   1.8755539e-01   3.6239891e-03   4.7785580e-04   2.8261417e-03
  -1.6924710e-02   1.3511410e-02   1.5805094e-01   3.0499232e-03   8.9342256e-04   3.1497310e-03
  -2.1956352e-02  -4.7701538e-02   1.3828678e-01   2.2963860e-03   3.7810633e-04   3.6157032e-03
  -1.2329600e-02   4.0961230e-02   1.7669335e-01   2.7358781e-03   5.6513263e-04   3.2645951e-03
  -2.5998478e-02  -4.9481292e-03   1.2188646e-01   2.4782178e-03   4.4741029e-04   3.7274431e-03
  -2.6622829e-02  -5.4049171e-03   1.7300978e-01   2.8350711e-03   5.7537133e-04   3.7306300e-03
  -1.2106711e-02   4.4622244e-02   1.7725214e-01   2.7348906e-03   4.0436100e-04   3.8880297e-03
  -1.4834903e-02  -6.1194228e-03   1.8220627e-01   2.6745588e-03   6.0781159e-04   4.2216520e-03
  -6.8831482e-03  -1.2805330e-02   2.3560374e-01   2.8900300e-03   2.6237035e-04   4.3212736e-03
   7.8175398e-03   2.5304263e-02   2.2956014e-01   3.2334918e-03   2.6752469e-04   4.3792542e-03
  -1.0129007e-02   1.4370564e-02   1.8303431e-01   2.4803059e-03   6.6586670e-04   4.4408979e-03
   5.5674349e-04  -1.9882087e-02   2.0270930e-01   2.5623353e-03   3.1088667e-04   4.6702160e-03
   4.6172385e-04   5.1493969e-02   2.4720607e-01   2.3377492e-03   2.1778227e-04   4.3992337e-03
  -1.7991147e-02   1.9665812e-02   2.1395101e-01   1.5394619e-03   2.4631195e-04   4.7186101e-03
  -3.4321066e-02  -6.4786274e-03   1.8151015e-01   6.4326913e-04   6.0355691e-04   4.8048311e-03
  -1.5105891e-02   3.2043866e-02   1.3190513e-01   1.4542528e-04  -2.0386190e-04   4.8470144e-03
  -4.7415218e-02  -8.1030108e-02   1.0049871e-02  -7.2697038e-04  -7.7510102e-05   5.0532278e-03
  -3.3121813e-02   6.7473034e-02   3.4481027e-02  -1.5125501e-03   2.8787216e-04   4.9686212e-03
  -1.3457906e-02   8.5934679e-03   1.1290645e-01  -1.2602766e-03   2.4126196e-04   5.0387854e-03
  -1.3281764e-02   5.3086182e-02   1.5566259e-01  -8.4376355e-04   6.5536637e-04   4.7037531e-03
  -1.3220483e-02  -3.9965633e-02   1.7976122e-01  -7.2841799e-04   3.6195956e-04   5.0159157e-03
   6.3846381e-03   2.2622474e-02   1.9113991e-01  -1.4214552e-03   6.4985470e-04   4.7388866e-03
   1.1608599e-02   2.6839460e-02   2.0835814e-01  -5.8693869e-04   1.2632168e-03   4.6837317e-03
   2.1319082e-02   1.1455544e-02   1.7796513e-01  -1.2386476e-03   9.8247347e-04   4.5387386e-03
   2.5667424e-02   4.7910351e-02   1.9119283e-01  -1.5820584e-03   7.5315855e-04   4.7370193e-03
   4.0640130e-02   6.3154666e-02   2.2638859e-01  -1.2695315e-03   9.1622549e-04   4.5728215e-03
   3.8219594e-02   2.6746448e-02   1.8390053e-01  -1.5662369e-03   6.0459594e-04   4.5848291e-03
   4.0463548e-02   3.2190380e-02   2.2452056e-01  -1.6036373e-03   7.0770895e-04   4.3885472e-03
   5.5557326e-02   6.8597375e-02   2.2820306e-01  -1.5758927e-03   5.7369435e-04   4.2865461e-03
   5.6900783e-02   2.3664539e-02   1.9935013e-01  -1.8628240e-03   5.0522201e-04   4.1485790e-03
   4.9007537e-02   4.0626785e-02   2.3815059e-01  -1.4312499e-03   4.5367098e-04   4.3826964e-03
   5.2387060e-02   5.6482598e-02   2.2959817e-01  -1.4944502e-03   5.7484519e-04   4.5869468e-03
   6.1175873e-02   6.2769101e-02   2.2841900e-01  -1.5817317e-03   6.3227473e-04   4.9566916e-03
   7.1933402e-02   4.6895152e-02   2.4374358e-01  -2.0099518e-03   6.0140405e-04   5.0330698e-03
   5.8515846e-02   4.1594116e-02   2.5642050e-01  -1.9123002e-03   8.0587683e-04   5.1163054e-03
   6.8914720e-02   5.7537948e-02   2.6529730e-01  -1.7687094e-03   8.8140465e-04   5.0725384e-03
   4.0819040e-02   5.9723227e-02   1.8043641e-01  -2.2517523e-03   9.4030308e-04   5.2627526e-03
   1.7687622e-02   6.5105834e-02   2.1274808e-01  -2.3829716e-03   8.0972692e-04   5.6840849e-03
   9.2156831e-03   5.6690914e-02   1.2370810e-01  -2.1314078e-03   2.5828558e-04   6.0742135e-03
  -1.5417255e-02   9.3472249e-03   1.2277418e-01  -1.7215211e-03   8.8030557e-04   5.6948185e-03
   2.2971093e-02   9.9222848e-02   1.6046366e-01  -1.9330836e-03   5.7881582e-04   5.2621258e-03
  -5.8861303e-03   1.8324179e-02   7.9046092e-02  -3.2983192e-03   7.5797190e-04   5.6726150e-03
   2.2309213e-02   6.3754629e-02   1.5826358e-01  -2.3521929e-03   7.5744919e-04   5.2967136e-03
   6.2833451e-03   6.3745440e-02   1.0371804e-01  -2.4839564e-03   9.9792681e-04   5.7858837e-03
  -5.0063109e-03  -3.5200819e-03   1.3529971e-01  -1.9975393e-03   1.3056456e-03   5.9851368e-03
   1.4184158e-02   9.9707974e-02   1.1778179e-01  -2.7888070e-03   8.1054122e-04   6.1357792e-03
   4.4378820e-03   3.8111601e-02   1.3803739e-01  -2.2288686e-03   9.5755745e-04   6.3458851e-03
   1.4190418e-02   5.4018149e-02   2.1814329e-01  -1.9750075e-03   7.5148230e-04   6.3715409e-03
   2.1969874e-02   7.2345564e-02   2.0715937e-01  -2.0613582e-03   1.0917284e-03   6.3054986e-03
   2.3267603e-02   2.2597873e-02   1.8814028e-01  -2.2665045e-03   8.2870099e-04   6.3798869e-03
   3.7723536e-02   5.3955589e-02   2.5778749e-01  -1.4844833e-03   9.0780344e-04   6.4197998e-03
   3.0725073e-02   7.7311404e-02   2.2814768e-01  -2.0514796e-03   1.2002235e-03   6.4223601e-03
   2.1707936e-02   1.2092857e-02   2.1062088e-01  -1.8509749e-03   1.2133788e-03   6.6250542e-03
   2.7151292e-02   4.5948416e-02   2.5180966e-01  -1.7955758e-03   1.0836491e-03   6.6927452e-03
   3.2165146e-02   8.3320980e-02   2.5984404e-01  -1.4514111e-03   1.0194661e-03   6.7168056e-03
   2.6595777e-02   6.6536500e-02   2.3655522e-01  -1.8942175e-03   9.5409937e-04   6.7665393e-03
   3.6261760e-02   3.3027622e-02   2.6569035e-01  -1.2910189e-03   8.9421330e-04   6.7501202e-03
   2.7447491e-02   6.0545413e-02   2.8222317e-01  -9.2251666e-04   1.1860897e-03   6.7492969e-03
   2.9275383e-02   1.0439227e-01   2.2388435e-01  -1.6860664e-03   1.1392690e-03   6.7924181e-03
   2.6740994e-02   5.7920586e-02   1.9487641e-01  -1.8677040e-03   1.0915343e-03   6.9013557e-03
   3.9921691e-02   7.8290668e-02   2.3787203e-01  -1.4217729e-03   1.1261122e-03   6.8205712e-03
   2.2730291e-02   1.0861822e-01   2.2825927e-01  -1.5058096e-03   1.1756293e-03   6.7738562e-03
   1.8844893e-02   3.7983695e-02   1.9556346e-01  -2.0495743e-03   9.6648326e-04   6.7220419e-03
   3.0421487e-02   9.7537156e-02   2.1989180e-01  -1.8913635e-03   1.1465433e-03   6.4875054e-03
   4.5841118e-02   9.4071694e-02   2.0199544e-01  -1.9868164e-03   7.3171049e-04   6.5142588e-03
   3.3465725e-02   2.7247114e-03   1.7806749e-01  -2.1699137e-03   7.5824752e-04   6.4057463e-03
   2.9625268e-02   6.5558875e-02   1.7985107e-01  -2.3060265e-03   1.6370324e-03   6.2384293e-03
   5.4047229e-02   1.1723151e-02   1.6806904e-01  -2.1921647e-03   1.7970626e-03   6.0855227e-03
   3.9886142e-02   2.4718320e-02   2.0727658e-01  -1.9969973e-03   1.7575783e-03   6.5355393e-03
   5.5168458e-02   7.2155563e-02   2.3374560e-01  -1.7292641e-03   1.5955545e-03   6.4138489e-03
   4.5587458e-02   5.9703622e-02   2.7050714e-01  -1.6304706e-03   1.6660569e-03   6.8544104e-03
   5.1683924e-02   2.0511963e-02   2.7121165e-01  -1.5008169e-03   1.6668748e-03   6.9124948e-03
   5.6600027e-02   5.1419015e-02   3.0641332e-01  -1.2936323e-03   1.5917690e-03   7.1168427e-03
   6.9359567e-02   6.2999983e-02   3.1764292e-01  -1.2761184e-03   1.7642262e-03   7.1843094e-03
   5.8343076e-02   3.2953118e-02   2.8404962e-01  -1.7179341e-03   1.8072267e-03   7.3613395e-03
   5.7441031e-02   3.9425945e-02   3.0467429e-01  -1.3979522e-03   1.8850504e-03   7.4848481e-03
   5.5985678e-02   5.6032958e-02   2.7249626e-01  -1.5558071e-03   1.9921295e-03   7.6517464e-03
   5.1384830e-02   6.8336170e-02   2.2893112e-01  -1.8032590e-03   2.1308233e-03   7.6497552e-03
   4.4051956e-02   3.7595751e-02   2.4070886e-01  -1.5258204e-03   2.1731783e-03   7.8485754e-03
   6.0297357e-02   8.7048300e-02   2.5638506e-01  -1.7505709e-03   2.0185179e-03   7.4577169e-03
   6.9042517e-02   9.7594759e-02   2.0781922e-01  -1.9209390e-03   2.3831949e-03   7.0714006e-03
   7.2759087e-02   7.7961051e-02   2.0301284e-01  -2.1521499e-03   2.1852334e-03   6.9265167e-03
   8.3323107e-02   1.1521414e-01   2.3361915e-01  -1.8944201e-03   2.0708208e-03   6.7544893e-03
   7.8226071e-02   8.3150498e-02   2.4815490e-01  -1.5932316e-03   2.2489327e-03   6.6983450e-03
   7.7670403e-02   8.7981612e-02   2.9055109e-01  -1.6945536e-03   1.9471426e-03   6.7590271e-03
   8.3713378e-02   7.6363161e-02   2.7354093e-01  -1.6701154e-03   2.1692902e-03   6.5578658e-03
   6.8422084e-02   5.6128676e-02   2.4039741e-01  -2.0723174e-03   1.8131314e-03   6.4385449e-03
   7.9630950e-02   9.4934208e-02   2.7031297e-01  -1.5164582e-03   1.6023055e-03   6.5371269e-03
   7.6017143e-02   1.0306835e-01   2.4586343e-01  -1.4610579e-03   1.6820496e-03   6.5418760e-03
   7.5459159e-02   4.9249837e-02   2.2272284e-01  -2.0946720e-03   1.6757464e-03   6.5110919e-03
   7.9975038e-02   1.1378064e-01   2.6184990e-01  -1.7885693e-03   1.6851248e-03   6.4781514e-03
   7.4113100e-02   4.8884908e-02   2.1399137e-01  -1.8621900e-03   1.8063504e-03   6.6683079e-03
   8.5334224e-02   2.7539257e-02   2.3484510e-01  -1.8422596e-03   1.9909440e-03   6.5801204e-03
   9.9527231e-02   9.6840531e-02   2.7495873e-01  -1.4407092e-03   1.9565682e-03   6.7437822e-03
   9.6066349e-02   7.1006901e-02   2.4529176e-01  -1.6788440e-03   1.9619645e-03   6.7217670e-03
   9.5037810e-02   6.8040264e-02   2.8129458e-01  -1.4515675e-03   2.0282421e-03   6.9297718e-03
   1.0833287e-01   9.4587208e-02   3.1091766e-01  -1.4204060e-03   1.8422684e-03   7.0502359e-03
   1.1387199e-01   1.0067319e-01   2.9712711e-01  -1.2643630e-03   2.2367775e-03   7.1052598e-03
   1.0251496e-01   7.7115962e-02   2.5953054e-01  -1.7923050e-03   1.9406966e-03   7.2263217e-03
   1.1828177e-01   9.2281825e-02   3.3448616e-01  -9.2337151e-04   2.0503704e-03   7.3069681e-03
   1.2284146e-01   1.3502881e-01   2.9630741e-01  -1.3506417e-03   2.1176722e-03   7.4676326e-03
   1.2859113e-01   9.0183525e-02   3.1550368e-01  -1.8468666e-03   2.0696320e-03   7.4751826e-03
   1.3554749e-01   1.0612792e-01   3.1832989e-01  -1.9252171e-03   2.0246013e-03   7.4888117e-03
   1.3212460e-01   1.0842734e-01   2.9708459e-01  -1.6260675e-03   2.0650953e-03   7.7041067e-03
   1.3579319e-01   7.1400654e-02   3.0958332e-01  -1.1065721e-03   2.0496684e-03   7.6671202e-03
   1.4876839e-01   1.1574894e-01   3.3102282e-01  -1.8294936e-03   1.9281572e-03   7.8298718e-03
   1.6242100e-01   1.2964387e-01   3.1065211e-01  -1.7521755e-03   2.1034013e-03   7.4137263e-03
   1.6074961e-01   9.5900918e-02   2.7042708e-01  -2.1383110e-03   2.0854949e-03   7.2456488e-03
   1.5775621e-01   9.0983847e-02   2.8324725e-01  -1.8061221e-03   1.9536990e-03   7.4031386e-03
   1.6922109e-01   1.5513966e-01   3.2093389e-01  -1.8788357e-03   1.9209299e-03   7.1480232e-03
   1.3178853e-01   9.0808014e-02   3.0612150e-01  -1.2283314e-03   1.4638795e-03   7.6060521e-03
   6.2103382e-02   1.1084095e-02   3.0166309e-01   2.4798652e-05   1.1287930e-03   7.8779082e-03
   9.0717348e-02   1.3257166e-01   2.7581068e-01  -1.0720375e-03   1.0737145e-03   7.5121714e-03
   8.7171613e-02   6.4813344e-02   2.9889834e-01  -1.4577078e-03   1.1650864e-03   7.7929842e-03
   9.5156270e-02   9.6668434e-02   3.4875084e-01  -1.2051986e-03   1.2929220e-03   7.4600115e-03
   8.8331466e-02   9.5093126e-03   3.0538952e-01  -1.6014118e-03   1.1766516e-03   7.5710983e-03
