   1.4210855e-14  -7.1054274e-15  -3.5527137e-15   1.3877788e-17   3.4694470e-18   6.9388939e-18
  -2.2338756e-02  -3.3201751e-01  -1.2894515e-02   3.1291981e-03  -1.6008118e-03   1.6067422e-03
  -8.6952930e-02  -7.1795374e-01   4.1258861e-01   7.9715642e-03  -2.6501170e-03   4.5144598e-03
  -3.8923364e-02  -1.4278826e-01   2.9342624e-01   7.6221846e-04  -5.9654970e-04  -3.5519915e-03
  -8.3872981e-02  -2.9521695e-02   2.6873163e-01   1.4028086e-03  -1.7556511e-03  -3.1655392e-03
  -1.1601595e-01  -3.2145836e-02   3.0027488e-01   5.2905770e-04  -1.2514019e-03  -3.8603451e-03
  -7.5332485e-02  -4.0195158e-02   2.6272169e-01   2.2692968e-04  -1.0550559e-03  -2.4962165e-03
  -1.0182084e-01  -1.9548921e-02   3.0720654e-01  -4.0825607e-04  -2.5952210e-04  -3.1636057e-03
  -1.1449683e-01   3.1004617e-02   2.8286567e-01  -4.7546598e-04  -4.4333526e-04  -4.1226472e-03
  -1.0831507e-01   3.9536437e-02   2.7421795e-01  -1.3271432e-03   1.3709424e-05  -4.0633084e-03
  -1.4078782e-01   4.7395325e-02   3.1196977e-01  -3.6396774e-04  -8.7667148e-04  -5.5277673e-03
  -1.4592651e-01   4.4068814e-02   3.0688279e-01  -1.0281098e-03   5.6600088e-04  -5.0447275e-03
  -1.6941398e-01   4.7243742e-02   3.0328364e-01  -4.8016100e-04   1.2172670e-04  -6.0286377e-03
  -1.9377570e-01   6.4295296e-02   3.0226972e-01  -6.7442482e-04   2.6280049e-04  -7.1588533e-03
  -2.0871136e-01   7.1600650e-02   2.5504738e-01  -6.0430378e-04  -4.1068379e-04  -7.4638914e-03
  -1.6439305e-01   6.5885117e-02   2.6114290e-01  -6.7718132e-04  -9.0694566e-04  -7.7111885e-03
  -1.5513428e-01   6.2887350e-02   2.4950373e-01  -8.2462447e-04  -3.6777562e-04  -7.7872808e-03
  -1.6164239e-01   7.6212614e-02   3.1599800e-01  -8.9076454e-04   8.7076842e-04  -6.0781220e-03
  -1.5430827e-01   9.8580954e-02   2.3735288e-01  -2.2297191e-03   1.5478286e-03  -5.7232404e-03
  -1.7148823e-01   1.1762883e-01   2.1798062e-01  -2.9630894e-03   2.0196613e-03  -7.2116378e-03
  -1.5810616e-01   1.2194890e-01   1.9593959e-01  -2.5661677e-03   1.0910103e-03  -7.6009254e-03
  -1.3318589e-01   1.1595884e-01   1.9594845e-01  -2.5273571e-03   1.5224526e-03  -6.2340275e-03
  -1.4880962e-01   1.1338117e-01   1.9550064e-01  -2.4625819e-03   1.1759251e-03  -7.3335727e-03
  -2.0836648e-01   1.2330052e-01   2.0933457e-01  -2.8608530e-03   1.5119574e-03  -8.8841092e-03
  -1.7662834e-01   1.1137557e-01   1.8568253e-01  -2.4878866e-03   9.0844853e-04  -9.2535398e-03
  -1.4324664e-01   1.5278562e-01   4.3229994e-01  -8.4292957e-04   1.8210242e-03  -5.9905532e-03
  -3.7786171e-04   1.8744714e-01   7.5231810e-01  -2.5817234e-03   6.7202655e-04  -3.2793639e-03
   2.6474173e-02   7.3170397e-02   4.6670284e-01  -1.5101272e-03   2.6675383e-03  -4.1763709e-03
   1.5112117e-02   1.0874437e-01   4.8582504e-01  -1.7825513e-03   1.9903121e-03  -3.4841422e-03
   1.5924340e-02   1.5415648e-01   6.0646411e-01  -2.3433114e-03   1.6112420e-03  -2.6132562e-03
  -5.5895992e-02   1.3528730e-01   6.2993287e-01  -1.6036298e-03   7.6549267e-04  -5.1011896e-03
  -4.2136107e-02   1.2655971e-01   6.1317189e-01  -1.5167772e-03   1.1479779e-03  -4.5641233e-03
  -5.0254828e-02   1.2327927e-01   5.6228014e-01  -1.5934281e-03   1.8907244e-03  -4.8381969e-03
  -5.3782056e-02   1.7529057e-01   6.0687445e-01  -1.9802638e-03   2.2108852e-03  -4.0592355e-03
  -4.4806038e-02   1.5089228e-01   6.2610658e-01  -1.7023924e-03   2.9256176e-03  -3.9532630e-03
  -5.2494771e-02   1.4739718e-01   6.1351570e-01  -2.1728442e-03   3.2664015e-03  -3.2358041e-03
  -3.7896377e-02   1.6697153e-01   5.9502471e-01  -2.1868789e-03   3.7170048e-03  -3.4646395e-03
  -3.1973747e-02   1.6701091e-01   5.6716542e-01  -2.8256073e-03   3.4820529e-03  -3.2270052e-03
  -4.4003428e-02   1.6691525e-01   6.1134975e-01  -2.7452400e-03   3.2028413e-03  -4.0839396e-03
  -3.1672902e-02   1.7675230e-01   6.3524569e-01  -2.9710618e-03   3.1823965e-03  -3.5652490e-03
  -2.1293474e-02   1.7239823e-01   6.0568367e-01  -2.4106164e-03   3.3121772e-03  -4.2800159e-03
  -4.2014140e-02   1.8718708e-01   5.5487198e-01  -2.5573353e-03   3.5936426e-03  -3.5298038e-03
  -5.0756402e-02   1.7317830e-01   5.9299289e-01  -1.9599413e-03   3.2616385e-03  -4.9212293e-03
  -6.4093402e-02   1.7192876e-01   5.7812533e-01  -2.8157072e-03   3.2091627e-03  -3.6486487e-03
  -1.2448702e-01   1.0204684e-01   7.1755658e-01   2.0286226e-05   3.6489564e-03  -1.3549639e-02
  -7.4822582e-02   1.4908734e-01   7.8555529e-01   1.4251806e-03   4.2137916e-03  -1.2495520e-02
   6.0522001e-03   1.7874017e-01   6.8630381e-01  -8.8722576e-04   4.6950749e-03  -8.8491710e-03
  -2.9600058e-02   1.8507029e-01   7.5327106e-01  -4.3086119e-04   3.9857603e-03  -6.5742892e-03
   9.1418307e-02   1.3735716e-01   6.0227929e-01  -1.1894080e-03   4.9289676e-03  -1.2681048e-04
   6.0565390e-02   8.2139989e-02   7.2366969e-01   7.4774318e-04   3.6629835e-03   1.3612112e-04
  -1.0773538e-01  -3.3581177e-01   9.0388556e-01   4.4567181e-03  -3.5479719e-03   4.1519808e-03
  -7.0144819e-02  -2.9940021e-01   6.6449245e-01   7.7209156e-04  -3.0073697e-03   1.9412441e-03
   8.5894960e-02   7.5474985e-02   5.8113641e-01   2.2016320e-03  -4.2561204e-03   1.8610369e-03
   1.3145777e-01   1.3996261e-01   5.0728512e-01   1.1720652e-03  -4.1461310e-04   2.9864453e-03
   1.3856622e-01   1.2939926e-01   5.9889994e-01   1.7361792e-03  -1.3847933e-03   3.1362806e-03
   1.1136466e-01   8.9148767e-02   5.3358605e-01   8.4886672e-04   2.3420481e-04   2.3409225e-03
   1.2179238e-01   9.2989692e-02   5.9685181e-01   1.9003970e-03  -2.1308845e-04   2.2112157e-03
   4.6417938e-02   1.5773046e-01   5.4782381e-01   1.9895169e-03  -6.1638417e-04  -2.0973864e-03
   6.9860684e-02   1.4965981e-01   5.7191106e-01   2.2652921e-03   5.3193214e-04  -6.8662249e-04
   7.1859609e-02   1.4787894e-01   5.0500908e-01   1.4607197e-03   2.3494341e-03   1.1409373e-03
   1.2765916e-01   1.5986219e-01   6.0453640e-01   7.5979177e-04   1.0530921e-03   6.5474932e-04
   1.2243546e-01   1.9162658e-01   5.9133393e-01   8.9758689e-04  -2.2540467e-04  -3.0080804e-03
   4.4607140e-02   1.6806965e-01   6.2319833e-01   7.9969377e-04   1.4365541e-03  -6.5413000e-04
   8.4081570e-02   2.0115947e-01   5.2161056e-01   8.2887909e-04   2.1103777e-03  -1.3640152e-03
   8.2134136e-02  -6.1424669e-02   5.8141794e-01   1.7279703e-03   2.7580335e-03   2.6841183e-05
   1.0805397e-01   5.7909419e-02   4.6513133e-01   2.4023995e-03   2.8506447e-03   8.9231677e-04
   9.3626907e-02   1.4004101e-01   6.5203686e-01   3.5634424e-03   2.7982794e-03   1.6786659e-03
   7.5352194e-03   1.6510599e-01   4.6536972e-01   6.0065173e-04   2.3678402e-03  -6.8683428e-04
   1.3485956e-02   1.5987435e-01   5.6372411e-01   2.9304338e-03   1.5763015e-03  -7.5163149e-04
   1.2091222e-01   1.7705959e-01   3.6393712e-01  -1.2377798e-03   3.2040979e-03   5.1541854e-04
   1.5787648e-01   1.5096576e-01   3.7907560e-01  -1.4112016e-03   5.1654749e-03   2.7852731e-03
   1.1972147e-01   1.2905806e-01   5.8406893e-01   1.8217749e-03   4.4568909e-03   2.5765734e-03
   1.2578198e-01   1.2681859e-01   5.2959293e-01   1.2402288e-03   4.8821433e-03   2.4381720e-03
   1.2452859e-01   1.9787748e-01   4.7378001e-01   7.4824325e-04   4.8234404e-03   1.7878763e-03
  -8.5493066e-02  -5.4368920e-01   7.1317715e-01   5.2426510e-03   9.9266968e-04   3.3921378e-04
  -1.6158227e-01  -6.0232260e-01   5.6709452e-01   3.2435149e-03   1.9313359e-04   7.0516206e-04
  -5.3496812e-02  -1.7180653e-01   5.7008754e-01   7.2160345e-04  -1.6144846e-03  -5.6817769e-04
  -5.4396715e-02   1.0742702e-01   6.2408246e-01  -8.0734212e-04  -5.9070464e-04   4.1448079e-04
  -9.9706074e-02   7.5775456e-02   4.6533742e-01  -4.3882414e-03   4.1389180e-03   5.3345063e-03
  -3.3892888e-02   1.1878852e-01   7.1109625e-01  -6.7199539e-04   2.9797655e-03   2.3895068e-03
  -3.2695475e-02   1.0782825e-01   6.5525163e-01  -8.9220071e-04   3.1566151e-03   2.5967734e-03
   2.1790282e-02   1.5123526e-01   6.6008585e-01  -1.9570119e-04   3.6250888e-03   2.3578313e-03
  -1.6870207e-02   1.5065428e-01   5.9356108e-01  -1.7286595e-03   3.6002683e-03   8.9458927e-04
   6.9911872e-03   1.7135886e-01   6.5429719e-01  -1.1610631e-03   3.7854892e-03   2.1768465e-03
   2.0927704e-03   1.6042991e-01   6.6449440e-01  -1.9814038e-03   4.3077639e-03   2.6508762e-03
   1.8175513e-02   1.3594335e-01   6.7084523e-01  -1.2947393e-03   4.1395690e-03   2.9625307e-03
   3.1706751e-02   1.7585883e-01   6.1212079e-01  -1.5489333e-03   4.6182147e-03   3.2288559e-03
   4.3079069e-02   1.6059729e-01   6.2079214e-01  -1.2128016e-03   4.6168454e-03   3.0995302e-03
   3.5649408e-02   1.6786653e-01   6.5943896e-01  -1.6774189e-03   4.8574326e-03   3.1472254e-03
   4.8300212e-02   1.3210870e-01   6.9921107e-01  -1.2391181e-03   5.5225215e-03   4.3447162e-03
   7.8311383e-02   1.4501198e-01   6.7506521e-01  -1.0363910e-03   5.0338925e-03   4.8941798e-03
   7.9823886e-02   1.4483905e-01   6.9979631e-01  -7.9980698e-04   4.9602716e-03   3.9151079e-03
   7.5276586e-02   1.6279637e-01   7.1481623e-01  -1.0617982e-03   5.1015726e-03   4.1680115e-03
   6.4235600e-02   1.5507565e-01   7.1525726e-01  -9.1073476e-04   4.8230240e-03   3.4678702e-03
   4.7590255e-02   1.5719330e-01   7.0849809e-01  -1.0338266e-03   4.2581022e-03   2.6973304e-03
   7.7170297e-02   1.4078256e-01   7.2959185e-01  -1.0362040e-03   5.1734010e-03   3.3515055e-03
   4.9718029e-02   1.5261053e-01   7.2708005e-01  -8.3455679e-04   4.2986210e-03   2.7435382e-03
   6.8931699e-02   1.6090577e-01   7.8318433e-01  -7.6546681e-04   3.5858762e-03   1.5203266e-03
   4.9953899e-02   1.4631157e-01   6.9672006e-01  -1.3492867e-03   4.3455356e-03   2.0061028e-03
  -3.9559665e-02  -2.8133432e-01   9.4710003e-01  -1.2884450e-03   4.9840167e-03  -3.7781910e-04
   7.1863282e-04  -3.0643144e-01   9.3168082e-01   3.2444558e-04   3.3523881e-03  -4.6955466e-03
   8.3224330e-03  -1.8938165e-01   5.6454403e-01   2.6933425e-03  -8.2200088e-04  -5.9983077e-03
   3.6747597e-03  -1.9775539e-01   5.6706424e-01   8.9774904e-04   6.9766063e-04  -3.3738821e-03
  -7.3380857e-02   2.1147264e-01   4.8092151e-01  -2.1722432e-04   1.1959223e-03  -3.8682458e-03
  -1.0336555e-01   2.1284108e-01   6.2469163e-01   4.4672585e-04   1.6255078e-04  -4.0637804e-03
  -1.1854169e-01   2.5786355e-01   5.4848615e-01   9.2358027e-04   9.1834854e-04  -5.0288799e-03
  -1.0653353e-01   2.6459275e-01   6.0073864e-01   7.4967494e-04   7.0975388e-04  -4.6683981e-03
  -1.0085755e-01   2.4643668e-01   5.8661445e-01   1.2510262e-03   1.3586049e-03  -4.4823744e-03
  -6.7049890e-02   2.5829839e-01   6.6059947e-01   1.3020639e-03   1.4450061e-03  -3.4310143e-03
  -7.0349260e-02   2.7700143e-01   6.2485289e-01   1.3602945e-03   1.5273046e-03  -3.8926091e-03
  -6.6412255e-02   2.6730486e-01   6.3154690e-01   1.0960105e-03   1.6216355e-03  -3.5533208e-03
  -5.6123644e-02   2.4225434e-01   6.2178010e-01   1.2761281e-03   1.7789873e-03  -3.6867020e-03
  -6.2918368e-02   2.3760956e-01   6.8007267e-01   1.2343572e-03   1.8127486e-03  -3.2806277e-03
  -7.2792824e-02   2.3712324e-01   6.0640221e-01   1.4514978e-03   1.9708283e-03  -3.5633180e-03
  -7.5082740e-02   2.7196930e-01   6.3483061e-01   1.0895942e-03   1.5915336e-03  -3.3370677e-03
  -9.1434122e-02   2.6781346e-01   5.6128483e-01   1.1013188e-03   1.9397049e-03  -3.3734506e-03
  -6.8469612e-02   2.5583310e-01   6.4129232e-01   1.0068621e-03   1.6896207e-03  -3.1131311e-03
  -6.9783961e-02   2.6009279e-01   6.1266195e-01   1.4096340e-03   1.9133807e-03  -3.1753916e-03
  -7.1557232e-02   2.7502525e-01   6.8836381e-01   1.4088468e-03   1.7970112e-03  -3.1816429e-03
  -8.0857502e-02   2.7277153e-01   5.5920093e-01   1.3000743e-03   2.1291474e-03  -3.5394434e-03
  -7.9897239e-02   2.9861921e-01   6.0465294e-01   9.9423670e-04   1.6622608e-03  -3.4010308e-03
  -7.4742162e-02   2.8681180e-01   5.1935884e-01   1.3888626e-03   2.0109162e-03  -3.8849538e-03
  -7.6377724e-02   2.7902731e-01   7.2928391e-01   1.3866588e-03   1.2209090e-03  -3.7594725e-03
  -8.3926971e-02   2.6344202e-01   5.0454395e-01   2.1496127e-03   2.4821435e-03  -3.4592107e-03
  -8.1777644e-02   3.5767303e-01   9.4226105e-01   9.6243305e-04   5.2349456e-04  -1.8859313e-03
  -2.5228434e-01   2.6306923e-02   2.1806580e-01   3.3514119e-03   4.4349674e-03  -1.9200301e-03
  -1.8792730e-01   1.0378432e-01   2.1071098e-01   6.6915181e-03   4.4072126e-03   5.5719187e-04
  -1.5916463e-01   1.4137307e-01   6.7838715e-01   6.2595580e-03   3.6229149e-03   1.7207202e-03
  -1.7099249e-01   8.3025925e-02   2.1220039e-01   3.4467293e-03   3.9843997e-03  -9.1530488e-04
