   0.0000000e+00   0.0000000e+00  -7.1054274e-15  -5.5511151e-17  -8.6736174e-19  -4.8148249e-35
  -1.3703875e-02  -5.5654703e-03   5.5258049e-02  -5.7333138e-04   2.7061612e-04  -2.3095067e-05
  -3.3946192e-03   2.5332193e-02   5.6811932e-02  -2.6292544e-04   3.9192746e-04   2.0105458e-04
   4.3435728e-03   1.6630131e-02   2.9634476e-02  -6.5804998e-04   4.6509571e-04   4.0066689e-04
   7.2165267e-03   1.3128262e-02   5.8977524e-02  -3.9653211e-04   1.9951444e-04   3.2127063e-04
  -7.0895968e-03   3.6837138e-02   3.8422185e-02  -7.9508571e-04  -2.2755886e-04   3.2878014e-04
  -5.3765214e-03  -7.8091947e-03   8.4426202e-02  -5.9123835e-04  -1.9128307e-04   4.2850575e-04
   3.4415722e-03   3.3329341e-02   4.4944234e-02  -1.9387772e-04  -9.1451210e-05   3.7645895e-04
   1.0178228e-02   3.8506258e-02   5.6353989e-02  -4.7194100e-04  -5.8631165e-05   4.4223307e-04
   1.7342074e-02   5.1582888e-02   7.4228813e-02   3.4617392e-04   2.2966776e-04   4.5000824e-04
   1.9989263e-02   7.5086655e-02   7.7352286e-02   4.3833008e-04   4.0881198e-04   2.6835723e-04
   1.9924501e-02   1.9558471e-02   3.4923359e-02  -4.6068703e-04   1.9320855e-04   3.9390625e-04
  -1.0385592e-02   8.3750113e-02   4.2199700e-02  -1.7986056e-04   1.9670756e-04   4.8259255e-04
  -1.4011785e-02   7.7106490e-02   1.0468213e-02  -1.0716243e-03   1.6485952e-05   6.1489223e-04
  -5.2451137e-04   4.8891572e-02   5.4029687e-02  -1.1627556e-04   1.4584363e-04   5.0634302e-04
   3.3443170e-03   9.7495299e-02   4.4515530e-02   1.3903071e-04   2.4266878e-04   5.6294052e-04
   9.6381191e-04   8.5184397e-02   2.0294948e-03  -9.2108002e-04   6.7136204e-05   4.8390458e-04
   8.6482381e-03   5.5212423e-02   4.3952026e-02  -6.1514191e-04   1.3959577e-04   4.7490073e-04
   2.2501253e-03   9.5693464e-02   3.1849174e-02  -4.0504710e-04   1.2179085e-04   4.9867714e-04
  -1.4757226e-03   7.7615750e-02   3.2885142e-02  -6.6568676e-04   1.0525641e-04   4.1576790e-04
   2.0392101e-03   4.7051431e-02   4.4981852e-02  -4.0208503e-04   8.8809860e-05   5.2768991e-04
  -1.9529044e-02   9.9767922e-02   4.7281222e-02  -3.9129053e-04   1.2312079e-04   5.5659625e-04
  -2.1055792e-02   9.4288211e-02   2.6764619e-02  -1.2649823e-04   1.0730059e-04   4.1386030e-04
  -2.2907666e-02   6.9816092e-02   9.9226537e-02  -7.7192568e-04   2.5936316e-04   2.7645169e-04
  -1.8939920e-02   8.8861062e-02   5.5713443e-02  -8.8082113e-05   1.5122944e-04   1.0785942e-04
  -2.1429790e-02   7.8723082e-02   1.2264248e-01  -5.6575216e-04   1.4943298e-04   1.8280685e-04
  -1.6976175e-02   7.3752843e-02   9.9780680e-02   2.8687335e-04   5.8596043e-04   4.3260751e-04
   1.7945764e-03   7.2698056e-02   7.9363952e-02   1.0434375e-03   4.9292872e-04   2.7734776e-04
  -4.2950405e-03   5.2629717e-02   7.3925133e-02  -1.8397182e-04   5.0631882e-04   3.4243697e-04
   2.2040991e-05   6.3257454e-02   3.4236740e-02  -1.0880534e-03   3.1286087e-04   7.3864755e-04
   9.9021278e-03   6.7112299e-02   6.8487808e-02  -1.4135969e-04   4.2884307e-04   7.6452526e-04
   3.6391257e-03   7.0754051e-02   3.4444994e-02  -2.1636648e-04   3.3043618e-04   7.3776327e-04
   2.5767096e-03   6.7058346e-02   1.3154549e-01   2.4515650e-04   2.8818761e-04   4.7548214e-04
   8.1498801e-03   9.0113397e-02   6.4123400e-02   4.6687883e-04   2.5227097e-04   4.1917411e-04
   1.3456234e-02   7.1136569e-02   1.0512274e-01  -1.9358932e-04   3.6345575e-04   4.8129159e-04
   1.1981337e-02   8.1132151e-02   7.2363799e-02   4.3110877e-04   5.7112529e-04   5.7953170e-04
   2.4252659e-03   9.8685472e-02   7.2080237e-02   4.9517570e-04   3.6547099e-04   4.5002793e-04
   9.9830368e-04   6.3588423e-02   1.0452053e-01   8.3326931e-04   1.9584309e-04   4.6827048e-04
   4.2914478e-03   1.0158040e-01   8.9062957e-02   5.8308478e-04   6.3711589e-04   3.5701718e-04
   1.5155319e-02   5.4812848e-02   9.0550215e-02   7.7228969e-04   6.4357010e-04   3.0642911e-04
   4.6944221e-03   8.6833861e-02   1.0537168e-01   5.7098429e-04   6.9123138e-04   3.8139825e-04
   1.0161524e-02   7.7848458e-02   8.6121608e-02   1.1767724e-03   6.6207150e-04   3.5434243e-04
   1.3678637e-02   8.7638471e-02   9.5592833e-02   1.9191455e-04   7.3177212e-04   4.7765836e-04
   1.1364391e-02   1.0394942e-01   2.5535550e-02   8.8585296e-05   8.0090652e-04   4.5580911e-04
   2.0572083e-02   6.7802080e-02   7.7359668e-02   2.5892200e-04   7.3146644e-04   3.2867049e-04
   1.0456295e-02   1.3218165e-01   4.1652554e-02   1.0662557e-03   7.2725661e-04   2.4690950e-04
   5.7774720e-03   1.0624885e-01   1.1351001e-01   7.2095505e-04   6.3498660e-04   2.5169706e-04
   2.3675632e-02   1.0150951e-01   6.7558953e-02   1.4306198e-03   7.2262472e-04   2.3502850e-04
   3.1507097e-02   1.1352259e-01   9.9362050e-02   3.5863480e-04   7.9047657e-04   2.7357044e-04
   2.8861613e-02   9.5410558e-02   2.0695797e-02   1.1279338e-03   1.0762698e-03   4.1354759e-04
   9.6843430e-03   1.8284244e-01   2.1448010e-01   1.2555701e-04  -8.9379676e-06   1.0791836e-03
  -6.4833586e-03   1.0979436e-01   3.6065672e-01   9.2672013e-04   6.1900328e-04   1.2697248e-03
  -1.3465924e-04  -1.5174392e-02   5.8739130e-02   1.1947657e-03   2.5757120e-03   1.1829572e-03
  -2.6694132e-02   1.2392215e-01   2.0930808e-01   1.0343219e-03   1.4235731e-03   4.2037272e-04
  -2.3496409e-02   2.0585700e-02   1.5191417e-01   1.7781542e-03   1.6099056e-03   4.8451361e-04
  -3.2111494e-02   9.8899830e-02   1.7644191e-01   1.8201742e-03   1.5026531e-03   4.8910070e-04
  -2.4479987e-02   4.2442127e-02   1.9038437e-01   1.6407830e-03   1.5402791e-03   6.5189218e-04
  -1.1116579e-02   7.8619823e-02   2.1786660e-01   1.5505100e-03   1.2327768e-03   5.4112199e-04
   3.7435100e-03   1.9770461e-02   2.0856564e-01   1.1427808e-03   1.4309158e-03   5.6978435e-04
   9.6561157e-03   6.4191300e-02   2.1334632e-01   1.8604872e-03   1.3100729e-03   3.7628747e-04
   2.0961673e-02   6.4617478e-02   1.5170224e-01   1.3344657e-03   1.5893196e-03   3.2457740e-04
   3.3702552e-02   4.7367622e-02   1.8923111e-01   1.3166461e-03   1.5110148e-03   3.9783189e-04
   2.7487226e-02   7.2558532e-02   1.3611401e-01   1.5299003e-03   1.6709625e-03   4.2264433e-04
   2.3993249e-02   6.4350770e-02   1.4236058e-01   1.9104926e-03   1.5799547e-03   1.2325963e-04
   1.5083467e-02   8.9964770e-02   1.1854908e-01   1.4398304e-03   1.4527170e-03   5.7194137e-04
  -5.1049549e-04   1.1094462e-01   8.2015667e-02   1.2696837e-03   1.3601590e-03   4.7745669e-04
   7.0298607e-03   6.4298435e-02   9.7142891e-02   8.0135953e-04   1.6125912e-03   4.6496983e-04
   1.2429290e-02   1.1656259e-01   1.2445364e-01   2.2742614e-03   1.4451607e-03   2.5299343e-04
   1.9542413e-03   1.1301288e-01   1.1603432e-01   1.8466356e-03   1.4586799e-03   3.2252724e-04
   1.2386174e-02   1.0443738e-01   1.7399199e-01   2.7374792e-03   1.5812469e-03   2.6142935e-04
   7.2733224e-03   1.3528820e-01   1.1870901e-01   1.8086807e-03   1.6687946e-03   3.2956313e-04
  -4.7042601e-04   9.2549434e-02   6.9868713e-02   9.8089630e-04   1.5485185e-03   3.7281267e-04
  -5.9574499e-03   1.3425080e-01   8.9443474e-02   1.9027775e-03   1.3950234e-03   6.0779749e-04
  -2.0182437e-02   1.4744257e-01   5.7753829e-02   1.4609768e-03   9.1104807e-04   5.7698312e-04
  -5.9641556e-03   1.0351954e-01   5.7444096e-02   6.6193807e-04   6.6287948e-04   5.6463014e-04
   3.5296248e-03   1.0363347e-01   8.1666982e-02   1.3480473e-03   5.0907397e-04   2.6977276e-04
   3.9412778e-02   6.0340416e-02  -1.4211806e-02   1.4042977e-03   1.2219875e-03   2.1900375e-04
   2.4426287e-02   1.5729883e-01   8.9924526e-02   9.2368645e-04   1.2891342e-03   7.8262930e-04
   1.8721065e-02   1.1793238e-01   8.0486497e-02   1.8002560e-03   1.5347448e-03   7.8904432e-04
   1.6008340e-02   9.7202329e-02   6.3257110e-02   1.2704689e-03   1.4071597e-03   3.6772429e-04
   3.1393822e-02   6.0927195e-02   1.1738644e-01   1.5719557e-03   1.7199015e-03   3.0454472e-04
   3.5757928e-02   1.3171290e-01   1.1253759e-01   2.1842321e-03   1.7805144e-03   2.9323157e-04
   3.0156092e-02   1.0248468e-01   9.7099380e-02   2.4083606e-03   2.0125122e-03   1.8315263e-04
   1.1353212e-02   1.1300426e-01   1.2924898e-01   2.7882272e-03   1.7743439e-03  -4.7742152e-05
   5.9754566e-03   1.6677425e-01   1.0927787e-01   3.0457520e-03   1.9780585e-03  -2.5748471e-05
   6.7312912e-03   1.4507675e-01   1.1001904e-01   2.1430020e-03   1.6944961e-03   1.4956208e-05
   1.3299417e-02   1.6274940e-01   5.5103148e-02   1.8191729e-03   1.9557636e-03   1.0809886e-04
  -3.8489880e-03   1.5831569e-01   4.5924662e-02   2.4742765e-03   1.6513861e-03  -1.6196771e-05
   1.8048690e-03   1.3207404e-01   7.7070985e-02   2.7832974e-03   1.9828925e-03   8.8801495e-05
  -8.3927101e-03   1.8477539e-01   7.2415104e-02   2.9922660e-03   1.7177575e-03   2.2419689e-04
   5.6093805e-03   1.3393175e-01   6.8758606e-02   2.0370065e-03   2.1115643e-03   3.6117658e-04
   3.3320186e-03   1.3966534e-01   4.3078224e-02   1.5969728e-03   1.9107924e-03   2.4948075e-04
  -7.0375234e-03   1.7774402e-01   4.0278719e-02   2.2250398e-03   2.0715097e-03   4.3816432e-04
  -1.3022852e-02   1.1675752e-01   6.6867895e-02   2.4285659e-03   1.7624087e-03   1.9213177e-04
  -3.8907907e-03   1.6288932e-01   9.1101705e-02   2.9030160e-03   2.2344913e-03   1.8455426e-04
  -7.3102075e-03   1.1981252e-01   9.7756906e-02   2.6235077e-03   1.9255856e-03  -9.2876525e-05
   1.5366812e-02   1.2550106e-01   1.0561703e-01   2.9041518e-03   2.2388781e-03   2.4471057e-04
   1.9751394e-02   1.4211034e-01   6.5219649e-02   2.3373172e-03   1.9679117e-03  -5.4780617e-05
   3.3633397e-02   1.1368210e-01   1.1620391e-01   2.8660591e-03   2.6236886e-03   5.6996229e-04
   2.2918016e-02   1.7760251e-01   5.3987112e-02   2.7814400e-03   1.5501636e-03   3.8908989e-04
   1.5851819e-02   1.0831518e-01   7.2657105e-02   2.6652010e-03   2.5020193e-03   6.1577144e-04
  -1.2394119e-02   1.3140902e-01   5.9101838e-02   2.2163231e-03   9.5997420e-04   1.2383030e-04
   3.3400258e-02   1.1192532e-01   6.4762337e-02   2.3125650e-03   3.3057977e-03   9.2647389e-04
  -3.0292708e-01   8.6086820e-02  -7.3414015e-02  -6.0808450e-04  -7.8240265e-03  -7.7615501e-03
  -3.5305057e-01   1.1961018e-01  -1.0183864e-01   2.3888171e-05  -1.1771820e-02  -8.7015863e-03
  -2.4386635e-01   1.1707106e-01  -6.8086083e-02   6.2161720e-04  -7.0743487e-03  -6.4547155e-03
  -2.5072936e-01   1.3977898e-01  -1.2670638e-02   1.2467950e-03  -8.1306854e-03  -6.4115298e-03
  -2.1922647e-01   1.6266432e-01   4.1492962e-04   1.4511474e-03  -6.3397877e-03  -5.4919010e-03
  -2.2877857e-01   1.2669077e-01  -1.1750478e-02   1.7607312e-03  -7.1382162e-03  -5.8955365e-03
  -2.2153118e-01   1.4907064e-01   4.8556150e-02   1.5415040e-03  -6.2984010e-03  -5.5386397e-03
  -2.1833349e-01   1.5581060e-01  -3.0356571e-02   1.6176672e-03  -6.8583502e-03  -5.6338267e-03
  -2.0482537e-01   1.3232982e-01  -3.1254354e-02   1.4589588e-03  -6.4132451e-03  -5.5784288e-03
  -2.1752491e-01   1.3174955e-01  -2.1106908e-02   1.6691925e-03  -6.9503997e-03  -5.7055533e-03
  -2.1179792e-01   1.6387737e-01  -2.4472620e-02   1.8567135e-03  -6.4810984e-03  -5.4090048e-03
  -2.0424830e-01   1.2657734e-01  -1.5079841e-02   2.1166286e-03  -6.6196416e-03  -5.8811272e-03
  -1.9485091e-01   1.3451988e-01   1.2009986e-02   2.3188220e-03  -6.0511153e-03  -5.6999459e-03
  -2.0921497e-01   1.6141889e-01  -3.8871977e-02   2.0837629e-03  -6.2784742e-03  -5.6625414e-03
  -2.0668424e-01   1.3707087e-01  -4.5271486e-02   1.2231776e-03  -5.9184809e-03  -5.4321536e-03
  -1.9825655e-01   1.4734797e-01  -4.0083342e-02   1.9906627e-03  -6.0888965e-03  -5.5879497e-03
  -1.9174879e-01   1.7626812e-01   1.1201613e-04   2.5372629e-03  -5.8846473e-03  -5.2106888e-03
  -1.9309719e-01   1.5125140e-01  -9.0003093e-03   1.7705351e-03  -5.9274632e-03  -5.1697861e-03
  -1.9042892e-01   1.9048892e-01  -3.6697356e-02   1.9207530e-03  -5.8194798e-03  -5.1788785e-03
  -1.8464324e-01   1.3555813e-01  -1.3113982e-02   2.0541117e-03  -6.0494974e-03  -5.3389322e-03
  -1.8793397e-01   2.0486332e-01   7.6965866e-03   2.7092577e-03  -5.8223762e-03  -5.0937960e-03
  -1.7273878e-01   1.8717975e-01  -3.7162419e-02   1.8927002e-03  -5.5580928e-03  -4.8359812e-03
  -1.5760652e-01   1.5066609e-01  -1.2447506e-02   1.4013414e-03  -5.5152641e-03  -4.4584757e-03
  -1.7552474e-01   1.9522062e-01  -4.8304874e-02   1.9869591e-03  -5.4554712e-03  -4.6778933e-03
  -1.7657763e-01   1.4505744e-01  -2.0496209e-02   1.4194132e-03  -5.2847513e-03  -4.7947548e-03
  -1.6884159e-01   1.5916284e-01  -2.0179658e-02   1.7511440e-03  -5.1541895e-03  -5.0551779e-03
