   0.0000000e+00   0.0000000e+00  -7.1054274e-15   6.9388939e-18   1.7347235e-18  -1.2037062e-35
  -4.5871421e-03  -7.2107501e-02  -3.4533308e-02  -5.7598081e-04   1.4967683e-04   2.4908780e-04
  -6.4632837e-03  -4.2326194e-02   5.9234837e-02  -7.6734181e-04   3.8974455e-04   9.2478059e-05
   1.1187885e-02  -3.1028016e-02  -7.9236017e-03  -1.0235569e-03   3.8809954e-04   1.5387561e-04
   1.7088892e-02  -7.1908638e-02   9.5247562e-02  -1.5628779e-03   4.1827079e-04   3.8219557e-04
   1.6688454e-02  -6.5457788e-02  -2.3636487e-03  -1.6367173e-03   4.3938511e-04   2.3823020e-04
   5.6996894e-02  -5.3861064e-02   2.8033264e-01  -4.7471376e-03   2.7897245e-05   7.7291780e-04
   1.9135452e-01  -7.6810900e-02   4.2446604e-02  -3.0263578e-03  -4.0123261e-03   2.4008446e-03
   2.1788359e-01  -1.4342238e-01   1.6146675e-01  -6.5211367e-03  -7.3222856e-03   4.9891050e-04
   2.9585305e-01  -1.7381543e-01   6.1891645e-01  -6.7547862e-03  -6.9371342e-03   1.6884768e-03
   3.0235124e-01  -1.5223285e-01   4.6154440e-01  -6.4357639e-03  -7.7130280e-03   1.8533939e-03
   2.9728380e-01  -1.7764806e-01   4.6180941e-01  -6.2677020e-03  -7.0136506e-03   2.2417303e-03
   2.3222261e-01  -1.5487652e-01   4.1690715e-01  -7.6483056e-03  -7.2122685e-03   2.2730751e-03
   2.1644019e-01  -1.1130638e-01   5.1378673e-01  -7.4655928e-03  -7.3372842e-03   1.7073854e-03
   2.5784261e-01  -1.4440802e-01   4.3615239e-01  -8.0503528e-03  -6.8668256e-03   2.0622247e-03
   2.6938217e-01  -1.5629822e-01   5.4961390e-01  -8.2459472e-03  -6.6399808e-03   2.2874125e-03
   2.8137371e-01  -1.4980481e-01   5.0289858e-01  -9.1235826e-03  -7.2901694e-03   1.7177762e-03
   3.3001995e-01  -1.3202956e-01   5.1343206e-01  -9.6106272e-03  -7.1970985e-03   1.6278882e-03
   3.2672825e-01  -1.5986517e-01   5.0483772e-01  -1.0475473e-02  -7.3378831e-03   1.2420663e-03
   3.6963606e-01  -1.2922563e-01   5.8496132e-01  -9.8732119e-03  -6.4971562e-03   9.6726643e-04
   3.7067494e-01  -1.7952581e-01   5.2225721e-01  -1.2182074e-02  -6.7005908e-03   9.7175278e-04
   3.8136188e-01  -1.3049051e-01   6.6595637e-01  -1.1141037e-02  -6.4819219e-03   1.5770666e-03
   3.7510403e-01  -1.5940819e-01   6.1451754e-01  -1.3736390e-02  -6.3204344e-03   1.1807938e-03
   3.8934069e-01  -1.7473211e-01   7.0026080e-01  -1.0497951e-02  -5.2963641e-03   3.2893401e-03
   3.6903704e-01  -9.4890956e-02   5.7215466e-01  -1.5581261e-02  -6.8140948e-03   2.8146838e-03
   3.3807761e-01  -1.5567634e-01   4.8575602e-01  -1.9464273e-03  -3.2565697e-03   7.8854447e-03
  -3.8492987e-01   1.3469738e+00   3.0327474e-01   4.5950900e-02  -8.9142706e-03   1.2210463e-02
  -6.6551645e-01   1.5587860e+00   1.5708443e+00   7.7122637e-02  -1.0554059e-02   1.0052177e-02
  -5.0192193e-01   1.2491064e+00   1.5004796e+00   5.9612463e-02  -6.0275094e-03   8.3127007e-03
  -5.5283642e-01   1.2227389e+00   1.3961419e+00   5.8491759e-02  -6.5668187e-03   7.3524424e-03
  -3.5159932e-01   1.0183373e+00   1.3059388e+00   4.7097044e-02  -4.8225758e-03   6.2177768e-03
  -3.1227099e-01   1.0927823e+00   1.2932307e+00   4.4952659e-02  -7.1289434e-03   4.5828930e-03
  -2.6293105e-01   9.9813157e-01   1.2117991e+00   4.1936913e-02  -6.6204925e-03   4.5036320e-03
  -2.6237719e-01   1.0059349e+00   1.1914145e+00   4.1150078e-02  -7.2138033e-03   3.9940451e-03
  -2.1340168e-01   9.7673853e-01   1.1204618e+00   3.7230904e-02  -7.2985959e-03   3.6880579e-03
  -1.9284665e-01   9.4662784e-01   1.0776133e+00   3.5543361e-02  -7.1023193e-03   3.4252289e-03
  -1.5823242e-01   8.9789840e-01   1.0648847e+00   3.2498413e-02  -6.8700321e-03   2.8543661e-03
  -1.3622098e-01   9.6185870e-01   1.0187885e+00   3.2497687e-02  -6.9366775e-03   2.4862200e-03
  -9.6714978e-02   8.9687352e-01   9.4804265e-01   2.9690387e-02  -6.3702143e-03   2.3701154e-03
  -9.3834088e-02   9.1063055e-01   9.4360764e-01   2.9285574e-02  -6.4166245e-03   1.6862025e-03
  -3.1713767e-02   8.8081393e-01   8.9847548e-01   2.6543427e-02  -6.2670468e-03   1.5004290e-03
  -4.7062048e-02   8.8942560e-01   8.5726503e-01   2.6639842e-02  -5.6432702e-03   1.3597791e-03
  -1.3533097e-02   8.2044210e-01   8.4498489e-01   2.4798994e-02  -5.5852499e-03   1.1497705e-03
  -4.7221517e-02   8.8732346e-01   9.0907398e-01   2.6900453e-02  -5.9823567e-03   1.2101394e-03
   9.5559425e-03   8.4396221e-01   8.7888787e-01   2.4408427e-02  -6.0127603e-03   1.0909650e-03
  -2.9271846e-03   8.9166705e-01   8.8576751e-01   2.6616835e-02  -6.5678707e-03   1.2193562e-03
   8.4838701e-02   8.0817022e-01   8.5831054e-01   2.3172194e-02  -6.0436483e-03   8.3825373e-04
   6.0337214e-02   9.0485666e-01   9.6397783e-01   2.7388828e-02  -5.3834623e-03   9.2638620e-04
   1.8184572e-01   7.8748006e-01   9.7419921e-01   2.2187849e-02  -4.5530943e-03   4.1255480e-04
   4.6323331e-02   8.7015541e-01   1.0291550e+00   2.7861567e-02  -4.7983893e-03   1.1607437e-03
   1.5250911e-02   5.8542306e-01   3.6198301e-01   2.9714233e-03  -5.6208989e-03   2.9077944e-03
  -4.3293493e-01   1.8679528e+00   4.1430719e-01   3.0581935e-02  -9.4301203e-03   5.5429731e-03
  -5.0195633e-01   1.8275199e+00   2.5374924e+00   5.7216451e-02  -1.5220029e-03   9.4211102e-03
  -2.4113931e-01   1.2638776e+00   1.7153590e+00   3.3245377e-02  -6.6773158e-03   5.3221135e-03
  -4.0159812e-01   1.3473225e+00   1.5925550e+00   3.7999717e-02  -8.4887290e-03   6.4259535e-03
  -2.7922912e-01   1.1976072e+00   1.5747494e+00   2.9423925e-02  -9.1630509e-03   3.4952580e-03
  -3.3568966e-01   1.3355337e+00   1.5441051e+00   3.1616537e-02  -9.4670823e-03   3.2647127e-03
  -3.0837858e-01   1.1919926e+00   1.4759075e+00   2.6236208e-02  -9.8317805e-03   3.0391502e-03
  -3.4325846e-01   1.2629457e+00   1.5588043e+00   2.7078409e-02  -9.8975996e-03   2.8396731e-03
  -3.1960387e-01   1.2084211e+00   1.4594558e+00   2.3586589e-02  -1.0372502e-02   2.3904977e-03
  -3.5417012e-01   1.2327053e+00   1.4620583e+00   2.5142407e-02  -1.0360325e-02   2.1390979e-03
  -3.2856507e-01   1.2207754e+00   1.4716174e+00   2.2456329e-02  -1.0895154e-02   1.9652702e-03
  -3.6282637e-01   1.2118971e+00   1.4424347e+00   2.3384126e-02  -1.1405872e-02   1.9559746e-03
  -3.6035087e-01   1.1752605e+00   1.4254013e+00   2.1342834e-02  -1.1177670e-02   1.7027084e-03
  -3.8934055e-01   1.2273597e+00   1.4631949e+00   2.2464872e-02  -1.1349860e-02   1.6284421e-03
  -3.7625188e-01   1.1767232e+00   1.4120057e+00   2.0718365e-02  -1.1418998e-02   1.6137034e-03
  -3.9384882e-01   1.1809628e+00   1.4482256e+00   2.2022755e-02  -1.1343950e-02   1.8228317e-03
  -3.9090233e-01   1.1900000e+00   1.4649394e+00   2.0974513e-02  -1.1346475e-02   1.6651982e-03
  -3.9090899e-01   1.2050159e+00   1.4319890e+00   2.1622566e-02  -1.1176569e-02   1.8670152e-03
  -3.7984773e-01   1.1689124e+00   1.4122191e+00   1.9998904e-02  -1.1366968e-02   1.5919744e-03
  -3.9052656e-01   1.1962300e+00   1.4477901e+00   2.0946194e-02  -1.1367677e-02   1.6619950e-03
  -3.6115671e-01   1.1786970e+00   1.4694181e+00   1.9872680e-02  -1.1498493e-02   1.7116335e-03
  -3.6459394e-01   1.2097792e+00   1.4498937e+00   2.0362027e-02  -1.1852686e-02   1.7469691e-03
  -3.6435017e-01   1.1619414e+00   1.4442001e+00   1.9565368e-02  -1.1711313e-02   1.5444727e-03
  -3.5629086e-01   1.1950155e+00   1.4426200e+00   2.0478014e-02  -1.1743448e-02   1.5518212e-03
  -3.5746567e-01   1.2381602e+00   1.4316669e+00   2.0877838e-02  -1.1484496e-02   1.7533005e-03
  -3.8828731e-01   1.1835830e+00   1.4281510e+00   2.1447287e-02  -1.1311301e-02   1.9723477e-03
  -3.7896516e-01   1.1902853e+00   1.4288407e+00   2.0223321e-02  -1.1239017e-02   1.9869904e-03
  -3.7146933e-01   1.2283185e+00   1.4170546e+00   2.1387453e-02  -1.0774768e-02   2.2036552e-03
  -3.7167256e-01   1.1452394e+00   1.4003152e+00   2.0261372e-02  -1.0653808e-02   1.8484218e-03
  -3.8387841e-01   1.1710822e+00   1.4388729e+00   2.0109042e-02  -1.1140832e-02   1.7240554e-03
  -3.6925408e-01   1.1805866e+00   1.4266115e+00   1.9926694e-02  -1.1282841e-02   1.4792536e-03
  -3.7954516e-01   1.1802522e+00   1.4271012e+00   1.9882991e-02  -1.1051359e-02   1.5964511e-03
  -3.8073334e-01   1.1525346e+00   1.4305612e+00   1.9455603e-02  -1.1012059e-02   1.4843565e-03
  -3.8663648e-01   1.1735193e+00   1.4449380e+00   1.9956974e-02  -1.0997288e-02   1.5747812e-03
  -3.7480729e-01   1.1832755e+00   1.4772953e+00   2.0007551e-02  -1.1408729e-02   1.2924262e-03
  -3.7170765e-01   1.2017993e+00   1.4741268e+00   2.1794694e-02  -1.1967739e-02   1.2996151e-03
  -3.8232918e-01   1.1758945e+00   1.4120700e+00   2.0604395e-02  -1.1682048e-02   1.2242839e-03
  -4.0202207e-01   1.1862748e+00   1.4791307e+00   2.1246902e-02  -1.1706069e-02   1.2338954e-03
  -4.0561116e-01   1.1827261e+00   1.5193951e+00   2.1187996e-02  -1.1808405e-02   1.1001070e-03
  -4.1560312e-01   1.2011669e+00   1.5443205e+00   2.1810189e-02  -1.1651413e-02   8.9816227e-04
  -4.1079885e-01   1.2054933e+00   1.4946869e+00   2.1277790e-02  -1.1836934e-02   7.2416003e-04
  -4.2247196e-01   1.1979740e+00   1.4996785e+00   2.1452073e-02  -1.1545958e-02   7.7325606e-04
  -4.2610106e-01   1.1849352e+00   1.5132630e+00   2.0988991e-02  -1.1822341e-02   7.7953786e-04
  -4.4862625e-01   1.2073460e+00   1.5700505e+00   2.1706270e-02  -1.1711875e-02   1.0501672e-03
  -4.4436725e-01   1.2092385e+00   1.5836150e+00   2.1731576e-02  -1.1804361e-02   7.7629635e-04
  -4.4061283e-01   1.2102497e+00   1.5781262e+00   2.1640460e-02  -1.1779397e-02   7.5110084e-04
  -4.3613153e-01   1.1626089e+00   1.5524442e+00   2.0933415e-02  -1.2041304e-02   6.9859623e-04
  -4.4645591e-01   1.1863846e+00   1.5937697e+00   2.1595996e-02  -1.2126141e-02   7.4059674e-04
  -4.4884402e-01   1.2268016e+00   1.5842214e+00   2.2371550e-02  -1.1544903e-02   6.5743503e-04
  -4.5059363e-01   1.2624720e+00   1.6161159e+00   2.5603513e-02  -1.1190337e-02   4.5517939e-04
  -4.4752142e-01   1.2128348e+00   1.5651889e+00   3.1192710e-02  -1.0441863e-02   2.4802534e-03
  -4.6054676e-01   1.3008328e+00   1.5106612e+00   2.9288107e-02  -1.0642462e-02   3.5080026e-03
  -4.7644259e-01   1.2994687e+00   1.6404927e+00   2.8310236e-02  -1.1642116e-02   3.0094411e-03
  -4.6409420e-01   1.2909964e+00   1.6148876e+00   2.7463004e-02  -1.1282018e-02   2.7161597e-03
  -4.5822696e-01   1.2400722e+00   1.6296274e+00   2.6608270e-02  -1.1557968e-02   2.3649165e-03
  -4.6178232e-01   1.2819268e+00   1.6727527e+00   2.6594512e-02  -1.1082602e-02   2.1898189e-03
  -4.6702521e-01   1.2696257e+00   1.6534014e+00   2.5788910e-02  -1.0564617e-02   2.2322649e-03
  -4.7819955e-01   1.2283105e+00   1.6671173e+00   2.5782048e-02  -1.0024451e-02   2.1744255e-03
  -4.7759070e-01   1.2585968e+00   1.7016177e+00   2.5293615e-02  -9.9622905e-03   2.1583674e-03
  -4.7946308e-01   1.2378126e+00   1.6655159e+00   2.4804835e-02  -9.7763263e-03   1.9851243e-03
  -4.7797206e-01   1.2076128e+00   1.6804311e+00   2.4607019e-02  -9.5612399e-03   1.9567005e-03
  -4.8070497e-01   1.2116657e+00   1.7189748e+00   2.4929139e-02  -9.3669786e-03   1.8378862e-03
  -4.6741509e-01   1.2314989e+00   1.6592853e+00   2.4259260e-02  -9.6532550e-03   1.7961377e-03
  -4.6593689e-01   1.2187083e+00   1.6138018e+00   2.4288250e-02  -9.6223804e-03   1.8116031e-03
  -4.5680123e-01   1.2157126e+00   1.6334022e+00   2.4328953e-02  -9.6918801e-03   1.8408136e-03
  -4.6031588e-01   1.2231118e+00   1.6824250e+00   2.5095256e-02  -9.5281486e-03   1.8171793e-03
  -4.5147510e-01   1.2276172e+00   1.7008129e+00   2.4830526e-02  -9.2592729e-03   1.6610229e-03
  -4.5698076e-01   1.2406226e+00   1.6302872e+00   2.4132855e-02  -9.3601823e-03   1.6091499e-03
  -4.4639118e-01   1.2120569e+00   1.6446523e+00   2.4056255e-02  -9.4181104e-03   1.7047257e-03
  -4.4781310e-01   1.2266410e+00   1.7154274e+00   2.4951225e-02  -9.3223897e-03   1.7457562e-03
  -4.4159524e-01   1.2146237e+00   1.7315263e+00   2.4563866e-02  -9.5161933e-03   1.8867502e-03
  -4.3568884e-01   1.2548916e+00   1.7287341e+00   2.4996248e-02  -9.5328469e-03   1.6206611e-03
  -4.5316236e-01   1.2321277e+00   1.6979669e+00   2.5733038e-02  -8.7814269e-03   1.7536135e-03
  -4.6876616e-01   1.2318735e+00   1.6804478e+00   2.4517647e-02  -8.2919553e-03   2.1917635e-03
  -4.6308329e-01   1.1756410e+00   1.5674427e+00   2.5059197e-02  -8.0291425e-03   2.6381714e-03
  -4.2305089e-01   1.2305686e+00   1.5015169e+00   2.5799993e-02  -7.9718397e-03   2.5353217e-03
  -4.3529616e-01   1.2484780e+00   1.5360356e+00   2.3583552e-02  -7.8200253e-03   2.3402990e-03
  -4.3737836e-01   1.2454108e+00   1.5007498e+00   2.3117165e-02  -7.7528823e-03   2.5352613e-03
