   1.4210855e-14   0.0000000e+00   0.0000000e+00   0.0000000e+00   0.0000000e+00   0.0000000e+00
  -5.2628993e-03  -1.1090497e-01  -3.3180485e-02   3.2659640e-04  -2.1289390e-06   1.3847896e-04
  -1.2004839e-02   5.0446075e-02   2.4101003e-02   1.4880329e-04  -1.8852973e-04   2.0881864e-04
  -1.1082537e-02  -3.8148669e-02  -1.4402570e-02   2.4254122e-04  -3.4879309e-04   2.5804331e-04
  -7.1408815e-03  -7.7821806e-02  -4.4773184e-02  -2.4402726e-04  -3.2242058e-04   3.7044062e-04
  -8.4715563e-03   1.3576868e-02   2.4685987e-02   5.3935948e-04  -4.4303142e-04   2.9964897e-04
  -1.5043197e-02  -1.3751015e-01  -3.4606747e-03   5.6266683e-04  -5.3207458e-04   2.8645307e-04
  -1.1116095e-02  -2.3847246e-02   3.3248319e-03   1.5065085e-04  -5.3447322e-04   3.0454004e-04
  -1.6050172e-02  -4.6545847e-02  -2.3359328e-02   5.8352956e-04  -6.1545210e-04   4.0342341e-04
  -1.5939952e-02  -7.7116933e-02  -4.5842714e-02   1.1183111e-04  -6.6553135e-04   3.2303498e-04
  -2.2525126e-02  -3.6295932e-02  -4.7888933e-02   5.1267817e-04  -7.8430003e-04   5.0995854e-04
  -2.4974807e-02  -1.0527249e-01  -6.2243984e-02   3.3169672e-04  -7.5672431e-04   5.4710584e-04
  -2.6776814e-02  -3.8576902e-02  -6.6354541e-02   3.5325670e-04  -7.6985838e-04   6.3400446e-04
  -2.3569543e-02  -8.0410775e-02  -7.1634390e-02   7.0544563e-04  -6.1979530e-04   7.4215413e-04
  -2.0537317e-02  -1.0637883e-01  -5.5890933e-02   3.8851772e-04  -5.8104183e-04   7.1233188e-04
  -2.0573803e-02  -6.0074733e-02  -5.2285290e-02   7.6054648e-04  -5.1924230e-04   7.3043841e-04
  -2.1179934e-02  -1.0704295e-01  -7.5404404e-02   6.5128029e-04  -5.2576468e-04   8.5272243e-04
  -2.7958181e-02  -9.5852364e-02  -7.7032415e-02   4.2739837e-04  -9.0023099e-04   1.0670487e-03
  -2.7306653e-02  -7.6374898e-02  -8.4307120e-02   5.5090011e-04  -9.0886774e-04   1.2999345e-03
  -2.3459897e-02  -1.3439793e-01  -8.8382029e-02   6.6370549e-04  -7.9538254e-04   1.2970275e-03
  -3.6176979e-02  -1.1736708e-01  -8.8891189e-02   5.0279564e-04  -1.0951871e-03   1.4783313e-03
  -4.1215267e-02  -6.1705715e-02  -9.5525276e-02   7.2111410e-04  -1.2496741e-03   1.6970972e-03
  -3.8038774e-02  -1.3656794e-01  -8.9648571e-02   7.2168948e-04  -1.0506236e-03   1.8377830e-03
  -3.8141150e-02  -7.2244688e-02  -9.2151126e-02   5.3635325e-04  -1.1439117e-03   1.7841569e-03
  -4.0515605e-02  -5.2802707e-02  -1.0454683e-01   7.0959364e-04  -1.1795668e-03   1.9292899e-03
  -4.2365198e-02  -1.5550694e-01  -9.9757263e-02   7.1592827e-04  -1.2041523e-03   1.8764736e-03
  -4.3414779e-02  -4.6445522e-02  -7.1045058e-02   3.4566869e-04  -1.3545409e-03   2.1043246e-03
  -4.2048763e-02  -1.3847787e-01  -9.1833348e-02   1.0307817e-03  -1.2286203e-03   2.0425248e-03
  -4.3486357e-02  -8.9835181e-02  -4.4376604e-02   1.5726138e-03  -1.4541197e-03   1.7966832e-03
  -5.0967690e-02  -1.1550814e-01  -9.7163974e-02   4.8630317e-04  -1.4675049e-03   2.1622921e-03
  -4.6543962e-02  -1.5101652e-01  -8.0339613e-02   4.4179892e-04  -1.4703931e-03   2.0772545e-03
  -4.9552638e-02  -1.4219582e-01  -7.1860191e-02   2.9219522e-04  -1.7223405e-03   2.1330026e-03
  -4.9968307e-02  -1.1898048e-01  -6.0357351e-02   1.8699571e-04  -1.6672839e-03   2.6057001e-03
  -5.7499616e-02  -1.2508496e-01  -6.5407996e-02   9.2195342e-05  -1.9665813e-03   2.8190497e-03
  -5.2676801e-02  -1.7997198e-01  -8.8565316e-02   1.6734991e-04  -2.0843301e-03   2.7124891e-03
  -5.7206094e-02  -1.0499948e-01  -8.3316774e-02  -6.7880875e-05  -2.1709691e-03   2.8699322e-03
  -5.5983862e-02  -1.8439746e-01  -8.3063845e-02   1.8336475e-04  -2.2001534e-03   2.7675589e-03
  -5.8875658e-02  -1.2540486e-01  -7.6618819e-02  -1.6099959e-04  -2.3612479e-03   2.8457633e-03
  -6.0678071e-02  -1.6319766e-01  -1.1201919e-01   2.4724833e-04  -2.2412965e-03   2.8338262e-03
  -6.1450759e-02  -1.8123578e-01  -9.1885256e-02  -1.0805266e-05  -2.3604181e-03   2.7405663e-03
  -6.2479305e-02  -1.2522787e-01  -7.3960236e-02   3.6254515e-04  -2.4080013e-03   2.8329746e-03
  -6.1928709e-02  -1.9004939e-01  -9.0183555e-02   5.0806366e-05  -2.3048608e-03   2.9087459e-03
  -6.4993794e-02  -1.3965467e-01  -9.8432848e-02  -8.6621028e-05  -2.4209556e-03   2.8827791e-03
  -6.6837814e-02  -1.3076155e-01  -1.0915684e-01   1.3525425e-04  -2.4333731e-03   2.9752947e-03
  -6.6946023e-02  -1.9447163e-01  -1.0074737e-01   3.0150972e-04  -2.2395140e-03   2.8530349e-03
  -6.3725243e-02  -1.1885513e-01  -8.7679075e-02  -2.4236728e-04  -2.3392471e-03   3.0471612e-03
  -6.1735905e-02  -1.2574239e-01  -1.0407758e-01  -9.4357635e-05  -2.2025424e-03   3.0611687e-03
  -6.2487413e-02  -1.9762828e-01  -1.0661510e-01   1.2141558e-04  -2.1471531e-03   3.1369059e-03
  -6.2385858e-02  -1.4774406e-01  -1.0836644e-01  -1.2627033e-04  -2.1039327e-03   3.0868758e-03
  -6.4106818e-02  -1.0628332e-01  -1.0900847e-01   1.6856417e-04  -2.1071795e-03   3.2367811e-03
  -6.1759275e-02  -1.8187855e-01  -1.1287064e-01  -3.8361170e-05  -2.0719775e-03   3.1473022e-03
  -6.4988317e-02  -1.2031313e-01  -1.1037540e-01  -6.0516820e-05  -2.0828642e-03   3.2003391e-03
  -5.7301926e-02  -1.3892015e-01  -1.1176403e-01   2.1079446e-04  -1.9933480e-03   3.1591260e-03
  -6.0601482e-02  -2.0961625e-01  -1.1043005e-01   3.8623093e-04  -2.1705018e-03   3.1979104e-03
  -6.5316163e-02  -1.4328379e-01  -9.9087487e-02   7.1258437e-04  -2.1638193e-03   3.1563705e-03
  -6.7180150e-02  -1.2887909e-01  -1.2570213e-01   5.6162521e-04  -1.9195340e-03   3.0175282e-03
  -6.3667698e-02  -2.1072001e-01  -1.3869397e-01   1.9214331e-04  -1.7308022e-03   2.9264978e-03
  -6.5885419e-02  -1.5652300e-01  -1.3763338e-01   4.0743815e-04  -1.8768463e-03   2.9816700e-03
  -6.5096114e-02  -2.0974115e-01  -1.2749801e-01  -1.4371146e-04  -2.1446294e-03   2.9180247e-03
  -6.2812270e-02  -1.7095337e-01  -1.1730465e-01  -4.1854681e-04  -1.8985045e-03   2.9198528e-03
  -6.5716724e-02  -1.6290090e-01  -1.2006481e-01  -1.4986820e-04  -2.1153028e-03   2.9128305e-03
  -6.4666865e-02  -2.1844816e-01  -1.3147665e-01  -4.4295265e-04  -2.1234664e-03   3.0563459e-03
  -6.7061760e-02  -1.7326680e-01  -1.2095939e-01  -3.4767523e-04  -2.0792270e-03   3.0747943e-03
  -6.9390446e-02  -1.5799359e-01  -1.4569567e-01  -4.0509940e-04  -2.0719533e-03   3.2763379e-03
  -6.9909280e-02  -2.1964401e-01  -1.4791918e-01  -6.1113238e-04  -2.0556578e-03   3.1539749e-03
  -6.8767251e-02  -1.6334778e-01  -1.2583146e-01  -4.3593628e-04  -2.0410194e-03   3.1946825e-03
  -6.6216513e-02  -2.1936260e-01  -1.1833609e-01  -3.5494007e-04  -2.0404436e-03   3.0977935e-03
  -6.5035932e-02  -2.0938568e-01  -1.1827055e-01  -7.4236748e-04  -2.0535885e-03   3.0766950e-03
  -6.9497797e-02  -1.6910012e-01  -1.2453234e-01  -4.0178226e-04  -2.0847459e-03   3.0418609e-03
  -6.6852864e-02  -1.8624343e-01  -1.3335557e-01  -4.5896885e-04  -1.9222090e-03   3.1086341e-03
  -6.8660795e-02  -2.1273287e-01  -1.2893476e-01  -6.5179019e-04  -2.0456887e-03   2.9855328e-03
  -6.6969798e-02  -1.3979809e-01  -1.4324059e-01  -6.5036592e-04  -2.0716918e-03   3.1336708e-03
  -6.4105995e-02  -1.8093618e-01  -1.4804804e-01  -3.8711177e-04  -1.9319573e-03   2.9772699e-03
  -6.1143976e-02  -2.2989709e-01  -1.5293701e-01  -8.2702149e-04  -1.9156244e-03   2.9622041e-03
  -5.8778352e-02  -1.2323178e-01  -1.2599892e-01  -5.6690391e-04  -1.9707369e-03   2.9725607e-03
  -5.6785382e-02  -1.9835213e-01  -1.4802011e-01  -4.5115960e-04  -1.8156494e-03   2.9874554e-03
  -6.1059882e-02  -2.0190435e-01  -1.3817015e-01  -6.7551083e-04  -1.9253439e-03   2.9174032e-03
  -6.6891943e-02  -1.5173222e-01  -1.4886361e-01  -3.5337359e-04  -1.9313709e-03   3.1310419e-03
  -6.4473181e-02  -2.1640947e-01  -1.6241876e-01  -4.4388692e-04  -2.0277535e-03   3.0526813e-03
  -6.7095651e-02  -1.7412725e-01  -1.4744906e-01  -3.0949418e-04  -1.9489558e-03   3.2340295e-03
  -6.7674609e-02  -1.6250420e-01  -1.5429863e-01  -3.1660715e-04  -2.1466968e-03   3.0912238e-03
  -7.1544557e-02  -2.2274231e-01  -1.3797212e-01   3.0824294e-04  -1.7848745e-03   3.3223970e-03
  -7.0232095e-02  -1.6614335e-01  -1.5392722e-01  -2.1698439e-04  -2.2471893e-03   2.3825789e-03
  -6.5601362e-02  -1.3838870e-01  -1.7396128e-01   1.0579732e-04  -2.3457608e-03   2.2337116e-03
  -7.4070527e-02  -2.1215920e-01  -1.5801551e-01   5.7585376e-04  -1.7779231e-03   3.0170884e-03
  -7.8886922e-02  -1.5639750e-01  -1.6615085e-01  -1.4188883e-04  -2.1734658e-03   2.8333252e-03
  -7.4805889e-02  -2.2595143e-01  -1.4073391e-01   4.7564238e-04  -1.8424520e-03   3.0237636e-03
  -7.8959579e-02  -1.6825696e-01  -1.3515357e-01  -1.9294626e-04  -2.1786793e-03   2.9652851e-03
  -8.0300725e-02  -1.7821658e-01  -1.5173797e-01   1.6397165e-04  -2.1848853e-03   3.2087736e-03
  -7.8204813e-02  -2.2418312e-01  -1.7360922e-01  -6.2671083e-04  -2.2413050e-03   3.1558380e-03
  -8.3560036e-02  -1.6945820e-01  -1.8796770e-01  -2.1598187e-04  -2.0363914e-03   3.2897810e-03
  -8.2042735e-02  -2.2173315e-01  -1.6972923e-01  -3.4757788e-04  -2.0076883e-03   3.2605796e-03
  -8.0871242e-02  -1.9837174e-01  -1.5781011e-01  -4.3268363e-04  -1.9281511e-03   3.2396477e-03
  -7.8414233e-02  -1.6656018e-01  -1.4398133e-01  -2.5752754e-04  -2.0257901e-03   3.1860484e-03
  -7.5878559e-02  -2.5801728e-01  -1.6356855e-01  -2.6923557e-04  -1.8944417e-03   3.2200941e-03
  -7.6155793e-02  -1.4858279e-01  -1.5345208e-01  -4.9232808e-04  -1.9289572e-03   3.1975695e-03
  -7.4998912e-02  -1.9606648e-01  -1.7539834e-01  -2.7517410e-05  -1.8941311e-03   3.2404988e-03
  -7.5792444e-02  -2.0893982e-01  -1.7763849e-01  -4.9720376e-04  -1.8579294e-03   3.2738487e-03
  -7.9878407e-02  -1.4083738e-01  -1.7367601e-01  -5.5090875e-05  -1.8725371e-03   3.2737908e-03
  -7.9093704e-02  -2.1401995e-01  -2.0469881e-01  -2.4227216e-04  -1.8029414e-03   3.2398316e-03
  -7.9531070e-02  -1.6851247e-01  -1.8692706e-01  -2.9185852e-04  -1.8435866e-03   3.2817666e-03
  -7.3633826e-02  -1.4681046e-01  -1.7074357e-01  -1.9154668e-04  -1.8451982e-03   3.2584168e-03
  -6.8103428e-02  -2.4251068e-01  -1.5607581e-01  -1.3899719e-04  -1.6057665e-03   3.1798903e-03
  -7.7406887e-02  -1.5775746e-01  -1.4478234e-01  -2.8696877e-04  -1.8985482e-03   3.4014396e-03
  -7.7153982e-02  -1.7920328e-01  -1.6858377e-01   5.2434385e-05  -1.6913208e-03   3.3494900e-03
  -7.6181375e-02  -2.2552527e-01  -1.5883136e-01  -2.9419089e-04  -1.7880795e-03   3.3401653e-03
  -7.3583060e-02  -1.5825760e-01  -1.6753161e-01  -1.8020163e-05  -1.7587338e-03   3.3264399e-03
  -8.0064052e-02  -2.3276490e-01  -1.8816314e-01  -3.4939061e-04  -1.9527791e-03   3.5592461e-03
  -6.6065324e-02  -1.9324372e-01  -1.6989166e-01   2.9132724e-04  -1.5759372e-03   3.0580665e-03
  -5.7031370e-02  -1.4574609e-01  -1.7064489e-01   9.9398486e-04  -1.3030994e-03   2.9625143e-03
  -6.5019062e-02  -1.8399681e-01  -1.9419806e-01  -2.1240217e-05  -1.3332645e-03   3.7854522e-03
  -6.6331079e-02  -1.7919372e-01  -1.9350965e-01   8.2099340e-05  -1.5236246e-03   3.2205548e-03
  -7.1562964e-02  -2.1410250e-01  -2.1041367e-01   1.3112683e-04  -1.5485435e-03   3.4366512e-03
  -7.1048909e-02  -1.9021982e-01  -1.5207700e-01   1.1681999e-04  -1.6916563e-03   3.2297642e-03
  -7.5516020e-02  -1.7581321e-01  -1.8003692e-01   3.6496137e-04  -1.7715335e-03   3.4839976e-03
  -6.8544106e-02  -2.4808622e-01  -1.8395192e-01  -1.1506796e-06  -1.6179880e-03   3.4336471e-03
  -7.4777308e-02  -1.7670820e-01  -1.8695574e-01   9.3941505e-05  -1.7673384e-03   3.5996333e-03
  -6.9411525e-02  -1.7781924e-01  -1.9471088e-01   1.8336115e-04  -1.6137805e-03   3.5098231e-03
  -7.3101896e-02  -2.4131616e-01  -1.9469607e-01  -8.5025348e-05  -1.6241942e-03   3.6409207e-03
  -7.3532350e-02  -1.2901993e-01  -1.7060854e-01  -1.0399976e-04  -1.7317914e-03   3.6250009e-03
  -7.3589304e-02  -2.0231412e-01  -2.0365312e-01   1.2842604e-04  -1.5713797e-03   3.7241163e-03
  -7.1360604e-02  -2.0080175e-01  -1.6261702e-01  -1.3151481e-04  -1.5897314e-03   3.5458620e-03
  -7.1980390e-02  -1.8058144e-01  -1.8658080e-01   9.7241587e-05  -1.6936876e-03   3.7264848e-03
  -6.4492373e-02  -2.2689693e-01  -1.6719989e-01   8.2163645e-05  -1.5810335e-03   3.5776064e-03
  -7.0708777e-02  -2.1079222e-01  -1.9468220e-01  -4.7138810e-06  -1.5901632e-03   3.6866704e-03
  -7.2621423e-02  -2.3855093e-01  -2.0901272e-01  -7.8515373e-05  -1.5799587e-03   3.6095789e-03
  -7.3913152e-02  -1.1924709e-01  -1.6116658e-01   1.9870943e-04  -1.7398809e-03   3.6690105e-03
  -6.6912225e-02  -2.4014782e-01  -1.7356560e-01   1.2024504e-04  -1.5554439e-03   3.5421490e-03
  -7.4067783e-02  -1.5460437e-01  -1.7801214e-01   1.6144448e-04  -1.7574047e-03   3.7245984e-03
  -7.1541860e-02  -2.1101439e-01  -1.9441274e-01   2.9742162e-04  -1.8084018e-03   3.8131444e-03
  -7.2451927e-02  -1.8039425e-01  -1.8311741e-01   1.4345488e-04  -1.7997411e-03   3.8149156e-03
  -7.2634087e-02  -1.5467139e-01  -2.0198541e-01   3.1129206e-04  -1.8543819e-03   3.8409936e-03
  -7.1173518e-02  -2.1319863e-01  -2.0376967e-01   2.5773694e-04  -1.8136101e-03   3.8276302e-03
  -6.7731350e-02  -1.2902075e-01  -1.8306357e-01   4.0508741e-04  -1.7564722e-03   3.7706749e-03
  -7.3623387e-02  -1.8517133e-01  -1.9597135e-01   4.8578471e-04  -1.8017400e-03   3.8199711e-03
  -7.2030725e-02  -2.0777492e-01  -1.7245244e-01   5.1224808e-04  -1.6995969e-03   3.6915501e-03
  -6.8047725e-02  -1.7265987e-01  -1.5748478e-01   7.8452065e-04  -1.5648661e-03   3.5546549e-03
  -7.0051350e-02  -2.3177755e-01  -1.6076788e-01   5.1517257e-04  -1.5603454e-03   3.5100739e-03
  -6.9685115e-02  -1.4293108e-01  -1.4728593e-01   5.9935528e-04  -1.5580117e-03   3.5583118e-03
  -6.9567225e-02  -2.4509540e-01  -1.6573467e-01   4.9591287e-04  -1.6723884e-03   3.4614323e-03
  -6.4805078e-02  -1.5676834e-01  -1.3163278e-01   2.5214874e-04  -1.5979873e-03   3.3397597e-03
