   0.0000000e+00  -7.1054274e-15   0.0000000e+00   0.0000000e+00   0.0000000e+00   8.6736174e-19
   2.2066674e-02   2.4608658e-02   1.3195212e-02  -5.0782534e-04  -1.8569643e-04  -2.8416601e-04
   2.2859270e-02   2.3958036e-02   4.8627757e-02  -2.7895405e-04  -1.7371854e-04  -5.0374517e-05
   1.9876538e-02   5.5372142e-02   4.1429763e-02  -1.3567148e-04  -2.1687584e-04   7.8911996e-05
   3.1514776e-02   3.9987177e-02   4.2439378e-02  -1.1917877e-05  -3.4654128e-04  -3.6975861e-05
   3.4420968e-02   4.3274256e-02   4.4942432e-02   3.3729094e-04  -4.8321820e-04   1.2078311e-04
   3.1485716e-02   5.6344000e-02  -1.1574839e-02  -4.7908955e-04  -4.1065826e-04   1.9175463e-05
   4.0072238e-02   4.3576828e-02   3.5066354e-02  -2.3960976e-04  -8.2306850e-04  -1.1395260e-04
   6.0179042e-02   8.3491928e-02   1.3005332e-02  -5.4277517e-04  -1.1267328e-03  -3.2984418e-04
   6.2018086e-02   7.1816472e-02   7.5765135e-03  -6.2565690e-04  -1.2484394e-03  -4.1099130e-04
   6.1898655e-02   7.1678878e-02   4.8821316e-02  -4.7397525e-04  -1.1766721e-03  -3.4190534e-04
   7.1455248e-02   5.6205165e-02   6.5499394e-02   1.3103402e-04  -1.3369803e-03  -4.7603428e-04
   6.2369576e-02   6.8629789e-02   2.8571301e-02  -1.7521736e-04  -1.2628224e-03  -4.3838813e-04
   6.5093464e-02   3.9637208e-02   9.5824457e-02   3.8438935e-04  -1.2594044e-03  -3.6855818e-04
   7.8106577e-02   4.5476840e-02   4.8981305e-02   6.0444701e-05  -1.4128174e-03  -4.9040626e-04
   6.6907385e-02   5.8110120e-02   2.7024346e-02  -4.7276861e-04  -1.6943850e-03  -4.0538856e-04
   6.3100002e-02   4.9280772e-02   9.1986224e-02   1.2040371e-04  -1.6754862e-03  -2.3627918e-04
   7.3444070e-02   6.6400326e-02   9.1322567e-02   1.2094522e-04  -1.6720443e-03  -3.2066132e-04
   6.2594176e-02   5.1486725e-02   5.0757241e-02  -1.7547462e-04  -1.7168925e-03  -3.3333309e-04
   5.3158565e-02   5.7937464e-02   2.8651719e-02  -4.5829528e-04  -1.8778275e-03  -2.1620246e-04
   5.8097562e-02   6.1673648e-02  -4.0622276e-03  -4.4474503e-04  -1.8322352e-03  -2.8015086e-04
   6.2064486e-02   5.4649233e-02   3.1886455e-02  -2.7262625e-04  -1.8767228e-03  -3.6241331e-04
   6.0700393e-02   4.2109675e-02   4.8917349e-02   2.1598839e-04  -1.9143095e-03  -3.1843751e-04
   7.6924083e-02   5.9316377e-02   4.1442627e-02   4.7018400e-05  -1.9322793e-03  -5.1295460e-04
   7.6779132e-02   4.7261128e-02   7.9271135e-02   1.4701704e-04  -2.0255724e-03  -3.7782967e-04
   6.4629706e-02   6.8241302e-02   5.9429627e-02   3.3738555e-04  -1.8723011e-03  -2.6803895e-04
   6.3953510e-02   4.4759344e-02   3.6710840e-02  -2.9112309e-04  -1.8662897e-03  -4.3806337e-04
   6.6492140e-02   3.6663875e-02   4.7263424e-02   2.2108362e-05  -1.9282631e-03  -3.3482645e-04
   7.8712817e-02   5.5679856e-02  -6.2061955e-04  -4.0378352e-04  -2.0274337e-03  -4.6653549e-04
   8.6372605e-02   4.2834261e-02   3.1100337e-02  -2.1393393e-04  -2.1247792e-03  -5.6109400e-04
   8.0618889e-02   5.6954874e-02   1.8636695e-02   1.1691979e-04  -2.0298176e-03  -5.0716542e-04
   8.5750906e-02   5.0625948e-02  -1.0997406e-04   6.4844648e-05  -2.0433849e-03  -5.7739129e-04
   9.7916163e-02   3.4341837e-02   5.4539684e-02   3.6039398e-04  -2.1280313e-03  -5.5906426e-04
   1.0567770e-01   4.9602110e-02   2.8114827e-02   3.7452560e-04  -2.2463738e-03  -7.1636668e-04
   9.6350957e-02   4.9852467e-02   2.0466767e-02  -1.5738409e-04  -2.3699264e-03  -6.7735936e-04
   1.0687195e-01   6.3330132e-02   4.9215739e-03  -2.4243397e-04  -2.3748803e-03  -6.1835779e-04
   1.2181224e-01   9.3785006e-02  -3.9562375e-02  -6.4124951e-04  -2.5880801e-03  -7.7069596e-04
   1.3098332e-01   6.8559979e-02  -1.3585961e-02  -6.6462837e-04  -2.7543512e-03  -8.5652324e-04
   1.2834151e-01   8.5015212e-02  -2.0019344e-02  -5.7954746e-04  -2.7928655e-03  -7.4805309e-04
   1.3570570e-01   1.0583320e-01  -5.6046669e-02  -8.5957187e-04  -2.9092685e-03  -9.0095519e-04
   1.3387711e-01   7.6809998e-02  -4.0506473e-02  -8.4683605e-04  -2.9989779e-03  -9.1797372e-04
   1.3186729e-01   1.0501879e-01  -7.9120618e-02  -1.2018092e-03  -2.9045557e-03  -8.6860309e-04
   1.3923137e-01   9.4774785e-02  -1.1730172e-01  -1.3663514e-03  -3.0129642e-03  -1.1004908e-03
   1.3638854e-01   9.7068296e-02  -6.0275422e-02  -1.1804058e-03  -3.1274528e-03  -1.0464368e-03
   1.3617847e-01   1.2038949e-01  -8.9880106e-02  -1.2879843e-03  -2.9985901e-03  -9.7668618e-04
   1.3413646e-01   1.1825474e-01  -1.0254240e-01  -1.4299522e-03  -3.1699105e-03  -1.0117078e-03
   1.3168742e-01   9.5338620e-02  -8.9251256e-02  -1.4768815e-03  -3.0963140e-03  -9.4978196e-04
   1.3376815e-01   9.5197944e-02  -8.4549549e-02  -1.3556841e-03  -3.0620341e-03  -8.6604785e-04
   1.3691209e-01   1.0195861e-01  -1.2723315e-01  -1.8721858e-03  -3.0216408e-03  -1.0098269e-03
   1.3530880e-01   8.2915877e-02  -9.7153728e-02  -1.8993552e-03  -3.0168394e-03  -9.4875193e-04
   1.2921652e-01   8.4054274e-02  -8.6759941e-02  -1.3472026e-03  -3.0970755e-03  -8.0516115e-04
   1.1940458e-01   1.0241055e-01  -1.7130433e-01  -1.9070508e-03  -2.8702200e-03  -9.1306952e-04
   9.5111845e-02   8.9531864e-02  -1.8789517e-01  -2.0271152e-03  -2.6462475e-03  -1.1829003e-03
   8.8158678e-02   9.7204368e-02  -2.0805368e-01  -2.4002740e-03  -2.7941644e-03  -1.1152805e-03
   9.0033290e-02   1.2270787e-01  -2.5392150e-01  -2.6678179e-03  -2.7548956e-03  -1.0746448e-03
   9.1569518e-02   9.6821314e-02  -2.6443577e-01  -2.8317507e-03  -2.6407432e-03  -1.2742391e-03
   8.8291748e-02   9.4966195e-02  -1.9457707e-01  -2.3549482e-03  -2.5763130e-03  -1.2428198e-03
   7.4974640e-02   1.0078822e-01  -2.0147015e-01  -2.0075566e-03  -2.1893496e-03  -9.9395776e-04
   5.1433169e-02   9.9731611e-02  -2.4719964e-01  -2.5875171e-03  -1.3506425e-03  -5.1098537e-04
   4.2785258e-02   8.2835882e-02  -1.9121000e-01  -1.9354525e-03  -1.1631677e-03  -2.3921925e-04
   4.7276153e-02   1.0570886e-01  -2.0394968e-01  -1.7481524e-03  -9.9123187e-04  -1.6733360e-04
   5.3734823e-02   9.3991291e-02  -2.3572726e-01  -2.2044623e-03  -9.7606925e-04  -3.7409806e-04
   5.6905496e-02   8.7326318e-02  -1.9806472e-01  -1.7972964e-03  -7.9446637e-04  -3.0965118e-04
   5.8255709e-02   9.7406557e-02  -2.0950305e-01  -1.6244830e-03  -7.7830228e-04  -2.0397024e-04
   4.8874347e-02   9.6964736e-02  -2.5937090e-01  -2.2392864e-03  -5.8169020e-04  -9.2685060e-05
   5.5500292e-02   1.1577523e-01  -2.5657843e-01  -2.6144629e-03  -6.7171978e-04   1.7359791e-04
   6.6940448e-02   1.3182328e-01  -2.6777000e-01  -2.5108994e-03  -7.3150190e-04   2.5817724e-04
   5.6729871e-02   1.1367249e-01  -2.5853162e-01  -2.2543605e-03  -6.1506876e-04   4.1873636e-04
   4.9139403e-02   8.9391539e-02  -1.9772272e-01  -1.6270405e-03  -7.0013620e-04   5.6290008e-04
   4.7671768e-02   9.7291404e-02  -1.9332919e-01  -1.4076853e-03  -6.5043696e-04   8.2298178e-04
   4.2289654e-02   1.0644807e-01  -2.2258128e-01  -1.5383073e-03  -6.3311453e-04   1.0390657e-03
   4.3359612e-02   9.2250111e-02  -1.9317943e-01  -1.7880479e-03  -6.7067703e-04   1.0629099e-03
   4.8076002e-02   9.9810764e-02  -1.7523454e-01  -1.3501367e-03  -6.6753317e-04   1.0607694e-03
   4.8965989e-02   1.0360939e-01  -2.0924414e-01  -1.5077285e-03  -4.5799532e-04   1.0932050e-03
   5.6229908e-02   8.5550353e-02  -1.7882286e-01  -1.1491829e-03  -7.6375759e-04   1.0022029e-03
   4.0049988e-02   7.1069145e-02  -1.4857314e-01  -7.5423750e-04  -6.1611407e-04   1.3467242e-03
   7.1155665e-02   9.1663058e-02  -1.6104180e-01  -7.9623819e-04  -5.9628562e-04   1.1636670e-03
   4.1568904e-02   7.2249387e-02  -1.1191200e-01  -6.0534742e-04  -6.1096897e-04   1.2374206e-03
   2.5747755e-02   7.8012337e-02  -1.4446008e-01  -9.4295765e-04  -2.7067906e-04   1.4084125e-03
   3.6416564e-02   9.5504760e-02  -1.8926316e-01  -1.2124668e-03  -4.5651651e-04   1.1918054e-03
   2.4474014e-02   6.6449028e-02  -1.4147604e-01  -9.8204262e-04  -3.4066190e-04   1.3575724e-03
   2.6074984e-02   9.8181319e-02  -1.5603442e-01  -7.4573645e-04  -1.3468672e-04   1.4870347e-03
   3.2748034e-02   8.6940461e-02  -1.8639146e-01  -1.2938911e-03  -2.1706268e-04   1.2602623e-03
   3.3214915e-02   1.0128492e-01  -1.6499143e-01  -9.7463111e-04  -1.1573167e-04   1.3549596e-03
   5.4617735e-02   1.2851957e-01  -2.0456812e-01  -1.4477625e-03  -2.3857837e-04   1.1072090e-03
   4.1157737e-02   9.9054393e-02  -1.8691080e-01  -1.7220826e-03   1.3974250e-04   1.1794367e-03
   4.6174072e-02   1.2811342e-01  -2.0789614e-01  -1.7119616e-03   2.1215255e-04   1.1776562e-03
   4.5596963e-02   1.2204511e-01  -2.7756116e-01  -2.3706097e-03   3.4406474e-04   1.0884656e-03
   4.1612884e-02   1.1343569e-01  -2.3797222e-01  -2.0187911e-03   3.7890047e-04   1.2207980e-03
   6.6105707e-02   1.3812056e-01  -2.5093411e-01  -1.9193635e-03   3.7247413e-04   1.0469443e-03
   6.9712688e-02   1.3198826e-01  -2.6170474e-01  -2.4685032e-03   2.9756376e-04   7.9903633e-04
   5.7339863e-02   1.2538727e-01  -2.1972604e-01  -2.0407015e-03   4.4834106e-04   1.0788384e-03
   3.7597886e-02   1.3433509e-01  -2.7539197e-01  -2.4294858e-03   8.0743780e-04   1.1790070e-03
   3.0541049e-02   1.1634775e-01  -3.3736662e-01  -2.9937502e-03   8.1817479e-04   1.0701474e-03
   3.7330210e-02   1.3019854e-01  -2.9528269e-01  -2.7252644e-03   1.0195540e-03   1.0276003e-03
   4.7281900e-02   1.3478561e-01  -2.7904517e-01  -2.1144587e-03   1.1573310e-03   9.8244678e-04
   4.2260231e-02   1.2530928e-01  -2.8858960e-01  -2.5525354e-03   1.2735763e-03   8.2118611e-04
   2.3371260e-02   1.1183483e-01  -2.3524629e-01  -2.1213375e-03   1.5267112e-03   1.0474326e-03
   1.8620593e-02   1.3991817e-01  -2.7961852e-01  -2.2025173e-03   1.8480737e-03   9.7665448e-04
   2.0457806e-02   1.1208754e-01  -2.9231386e-01  -2.3060174e-03   1.8430778e-03   8.5852435e-04
   4.5343007e-02   1.1013846e-01  -2.6500179e-01  -1.7532162e-03   1.8244766e-03   6.0906721e-04
   5.2616666e-02   1.3121079e-01  -2.8636448e-01  -1.8805508e-03   1.8274471e-03   3.6085463e-04
   4.1502540e-02   9.8677414e-02  -2.4564528e-01  -2.0339717e-03   1.8991248e-03   4.1692374e-04
   5.0094499e-02   1.2993883e-01  -2.5832701e-01  -1.9023205e-03   2.0261277e-03   4.3241730e-04
   4.2808362e-02   1.0671901e-01  -2.6068640e-01  -1.8869322e-03   2.1173705e-03   2.5139195e-04
   3.3659287e-02   1.2170162e-01  -2.5615741e-01  -2.0144469e-03   1.8793161e-03   3.9736218e-04
   3.5622358e-02   1.2928886e-01  -2.8426363e-01  -1.8435061e-03   1.9620820e-03   1.9867722e-04
   2.6540719e-02   1.4940142e-01  -3.0845358e-01  -2.5149482e-03   2.1050707e-03   3.4630474e-04
   2.9032055e-02   1.3026859e-01  -2.9066205e-01  -2.2932175e-03   2.0645899e-03   4.4420952e-04
   4.0341426e-02   1.4214459e-01  -2.9263505e-01  -1.9820506e-03   1.9588188e-03   1.8134492e-04
   2.3073537e-02   1.1960322e-01  -3.1073903e-01  -2.2650238e-03   2.0129244e-03   1.6035426e-04
   2.2923901e-02   1.2163551e-01  -2.7303607e-01  -2.0748919e-03   1.7529866e-03   4.9681526e-05
   2.7618372e-02   1.3802140e-01  -2.9642510e-01  -1.8599862e-03   1.7554052e-03  -1.7934677e-04
   2.7722500e-02   1.3985273e-01  -3.1146838e-01  -2.1551420e-03   1.8280514e-03  -5.1282854e-04
   4.0620967e-02   1.2444675e-01  -2.9776180e-01  -1.9180547e-03   1.5770162e-03  -5.4334688e-04
   4.0496600e-02   1.4680387e-01  -3.1810237e-01  -1.9442900e-03   1.4781628e-03  -7.3250889e-04
   4.2081813e-02   1.3503478e-01  -2.9218552e-01  -1.5839262e-03   1.4880548e-03  -8.4273541e-04
   4.0639552e-02   1.3317622e-01  -2.9143978e-01  -1.9997330e-03   1.3653099e-03  -6.7642062e-04
   7.2551597e-02   1.5006206e-01  -3.0614439e-01  -1.4719572e-03   1.1824415e-03  -1.0993312e-03
   1.1152113e-01   1.1796716e-01  -2.8264889e-01  -1.5327229e-03   4.6764153e-04  -1.9240405e-03
   1.2438549e-01   1.2371256e-01  -2.3367597e-01  -4.2216494e-04   1.9010492e-04  -2.1214011e-03
   1.4542282e-01   1.4593460e-01  -2.5744017e-01  -4.4137805e-04   1.7231749e-04  -2.6618109e-03
   1.6745698e-01   9.8896679e-02  -1.5953194e-01   9.9964658e-04  -1.2503673e-04  -3.0383612e-03
   1.7213441e-01   1.1491351e-01  -1.2125949e-01   1.1932126e-03  -4.7955429e-04  -3.0124334e-03
   1.8746235e-01   1.3241460e-01  -2.0852381e-01  -9.5660034e-05  -1.5783108e-04  -3.9508230e-03
   1.8425372e-01   7.2646171e-02  -1.3106276e-01   1.1211605e-03  -1.5598301e-04  -4.1305110e-03
   1.9491783e-01   8.7248990e-02  -1.3993036e-01   1.3438114e-03   6.4848932e-05  -4.3975370e-03
   1.9394293e-01   1.0369610e-01  -1.4782250e-01   1.3364122e-03  -1.2308400e-04  -4.4904495e-03
   2.1001314e-01   7.4307783e-02  -1.0915904e-01   1.4586670e-03  -3.4328390e-04  -4.7093216e-03
