   0.0000000e+00   0.0000000e+00   0.0000000e+00   0.0000000e+00   0.0000000e+00   0.0000000e+00
   4.2676752e-02   2.4246732e-02   2.3932656e-01   9.6588102e-04   2.5993864e-03   9.6646356e-04
   2.0499999e-03   3.2157449e-02   2.4674499e-01   6.1116736e-03   4.5669349e-03   2.4060107e-03
   1.0058096e-02  -1.1369677e-01   4.2562420e-01   4.1057188e-03   6.4277740e-03   3.0437046e-04
   8.7910190e-02  -4.7823588e-02   3.7308109e-01   6.7071634e-05   7.7466766e-03  -7.3409231e-04
   5.5196944e-02  -6.0574031e-02   4.0120363e-01   5.0758522e-03   7.4552048e-03   1.5218853e-03
   1.5241721e-01  -1.0658457e-01   4.9323741e-01   6.0445256e-03   1.0165404e-02  -2.9064480e-03
   1.4979375e-01  -7.5483775e-02   4.8865401e-01   6.6577596e-03   1.1707686e-02  -2.9201098e-03
   2.5211217e-01  -4.6676593e-02   5.0802035e-01   6.6043206e-03   1.2597681e-02  -4.0688291e-03
   3.1063687e-01  -3.2052237e-02   4.8945055e-01   7.1355188e-03   1.2929106e-02  -4.4225201e-03
   3.5683851e-01  -3.4706757e-02   5.0007161e-01   6.8221731e-03   1.3886683e-02  -5.0777684e-03
   3.8500244e-01  -4.8740064e-02   4.5278337e-01   7.5125477e-03   1.4971125e-02  -5.3473182e-03
   4.3837938e-01  -4.3806429e-02   4.9894890e-01   7.3253267e-03   1.5586418e-02  -6.5968986e-03
   4.7377289e-01  -4.3416034e-03   4.9964672e-01   8.1529314e-03   1.5852502e-02  -6.3567576e-03
   4.7375782e-01  -3.4715680e-02   4.8451383e-01   8.8219358e-03   1.7367301e-02  -6.1283561e-03
   5.0039160e-01  -4.0874259e-02   4.5928269e-01   9.0922742e-03   1.7033756e-02  -6.2556003e-03
   5.2320815e-01  -2.8970039e-02   4.9360000e-01   8.6809808e-03   1.7457411e-02  -6.7158290e-03
   5.7261885e-01  -1.2899193e-02   5.0325680e-01   8.7442138e-03   1.7380059e-02  -6.7531548e-03
   5.9602846e-01  -4.2005827e-02   4.9639299e-01   8.5198342e-03   1.8419882e-02  -7.0998910e-03
   6.0120709e-01  -6.4397707e-02   4.8380573e-01   8.6892266e-03   1.8163799e-02  -7.5634037e-03
   6.1336620e-01  -4.2331139e-02   5.4628809e-01   8.3998029e-03   1.8212628e-02  -7.8742305e-03
   6.1379253e-01  -5.9324107e-02   4.8740677e-01   8.7073382e-03   1.8379385e-02  -8.0313011e-03
   6.3433829e-01  -7.3317214e-02   5.2195197e-01   8.3343943e-03   1.8803500e-02  -8.2634844e-03
   6.5235642e-01  -4.0440432e-02   5.1873805e-01   8.4001131e-03   1.8441707e-02  -8.2405975e-03
   6.5462045e-01  -8.6163748e-02   5.5779135e-01   7.7608754e-03   1.9135303e-02  -8.5655641e-03
   6.0624279e-01  -1.0218489e-01   5.0705455e-01   8.4825270e-03   1.8391014e-02  -7.4955463e-03
   6.2353066e-01  -1.2536244e-01   4.8919391e-01   4.0220057e-03   2.0027213e-02  -4.6646568e-03
   1.9521135e-01  -1.0153817e-02   1.0498681e-01  -3.1852403e-03   1.0766918e-02   3.2680534e-03
   1.1237882e-01   1.6787498e-02   1.3765190e-01   4.4450282e-04   9.2884793e-03   4.2489137e-03
   2.3955197e-01  -3.6050201e-02   4.5826144e-01   4.2197806e-03   1.2159647e-02   3.3388913e-03
   3.3851639e-01  -1.1126273e-01   4.8190797e-01   5.3765862e-03   1.3898851e-02   1.4334006e-03
   4.9282879e-01  -1.0523769e-01   5.7049382e-01   4.7091106e-03   1.6377026e-02  -1.6094116e-03
   5.1549159e-01  -9.3402885e-02   5.9117297e-01   4.9666701e-03   1.5515092e-02  -2.7412458e-03
   5.8035923e-01  -9.4576387e-02   5.5528203e-01   4.9774302e-03   1.6729467e-02  -3.5254404e-03
   5.7813332e-01  -1.1090414e-01   5.8911120e-01   4.7981747e-03   1.6256172e-02  -4.1063395e-03
   6.4272666e-01  -1.0772064e-01   5.9427371e-01   4.9965031e-03   1.6954026e-02  -4.8944487e-03
   6.6821926e-01  -9.6925920e-02   5.8892333e-01   5.7320790e-03   1.7534001e-02  -5.4713143e-03
   6.9193329e-01  -1.0983860e-01   5.5383572e-01   5.9332657e-03   1.8256529e-02  -6.0792805e-03
   6.8404231e-01  -1.0718077e-01   5.9546240e-01   5.8329639e-03   1.8493807e-02  -6.5246501e-03
   7.1304637e-01  -1.0754657e-01   5.9474079e-01   6.1493377e-03   1.9220050e-02  -6.7256427e-03
   7.5440903e-01  -1.0218881e-01   6.2693146e-01   6.4652873e-03   1.9446007e-02  -7.0603277e-03
   7.4998739e-01  -1.3762160e-01   6.0626655e-01   6.4144107e-03   2.0359770e-02  -7.7172242e-03
   7.5994418e-01  -1.7303134e-01   6.4726507e-01   6.3053479e-03   2.1021524e-02  -7.9599036e-03
   7.8869079e-01  -1.5485701e-01   6.9457382e-01   6.2384659e-03   2.1666222e-02  -7.9779677e-03
   8.1026565e-01  -1.6225763e-01   6.8024573e-01   6.5961493e-03   2.1666806e-02  -8.1222360e-03
   8.1757034e-01  -1.6825515e-01   6.4048099e-01   7.1547171e-03   2.2498775e-02  -7.7859404e-03
   8.2960623e-01  -1.9299707e-01   6.7549295e-01   6.5065942e-03   2.2586485e-02  -7.8574614e-03
   8.5877875e-01  -1.7530030e-01   6.6977743e-01   6.7730037e-03   2.2901597e-02  -7.4114463e-03
   8.6489515e-01  -1.8206074e-01   7.4158887e-01   6.3710926e-03   2.2606877e-02  -7.4780671e-03
   8.8575918e-01  -1.9924035e-01   6.5272277e-01   6.8981731e-03   2.2998542e-02  -6.9616141e-03
   8.3155547e-01  -2.8277976e-01   1.0216219e+00   4.2200848e-03   2.1251976e-02  -4.4470299e-03
   6.6301087e-01  -2.5195672e-01   1.0746708e+00   7.3436819e-03   2.0187622e-02  -3.0484743e-03
   4.4762556e-01  -4.6516911e-02   6.9395698e-01   1.1089737e-02   1.7229023e-02  -5.2770653e-05
   3.7347985e-01  -1.1425836e-01   7.1107114e-01   1.0616464e-02   1.5400145e-02   2.0856580e-04
   3.5681838e-01   1.1659587e-02   7.3246376e-01   1.0383511e-02   1.5584373e-02   9.4012259e-04
   5.0912319e-01  -9.0120463e-02   7.2206817e-01   9.6037991e-03   1.6209034e-02   6.0648121e-04
   6.4113844e-01  -1.3757970e-01   8.2998621e-01   9.6402561e-03   1.7787374e-02   8.4383778e-04
   7.2326428e-01  -1.7830171e-01   8.9714811e-01   9.4469500e-03   1.8722260e-02   5.4803551e-04
   8.0036882e-01  -1.9051021e-01   9.0195825e-01   9.2745531e-03   2.0517936e-02  -5.8623986e-05
   8.5708355e-01  -2.0672848e-01   9.3191452e-01   9.3693976e-03   2.1687412e-02  -6.3665740e-04
   8.5498361e-01  -2.1019379e-01   9.3591627e-01   9.8228956e-03   2.2228773e-02  -4.6026595e-04
   8.9287268e-01  -2.3808239e-01   9.5036768e-01   9.7308860e-03   2.3398090e-02  -1.3074278e-04
   9.5062010e-01  -2.3584792e-01   9.6310449e-01   9.4870114e-03   2.3599856e-02   1.4279522e-03
   1.0163962e+00  -2.8657422e-01   9.9334241e-01   9.1439580e-03   2.5295143e-02   1.4771462e-03
   1.0372056e+00  -3.0362650e-01   9.6936412e-01   9.0060609e-03   2.5211987e-02   9.1880425e-04
   1.0753863e+00  -3.2432376e-01   1.0040021e+00   9.2829717e-03   2.5734159e-02   1.1266495e-03
   1.0761214e+00  -3.0408936e-01   1.0138589e+00   8.9959996e-03   2.5263985e-02   1.7114495e-03
   1.1177062e+00  -3.0856945e-01   1.0513325e+00   9.5094572e-03   2.5462366e-02   2.0663912e-03
   1.1090326e+00  -3.5432605e-01   1.0163346e+00   8.8766169e-03   2.5548305e-02   2.2550592e-03
   1.1372956e+00  -3.9053682e-01   1.0361357e+00   9.4818597e-03   2.6228533e-02   2.1434007e-03
   1.1287058e+00  -3.5677334e-01   1.0159682e+00   9.3269531e-03   2.5818129e-02   3.1417855e-03
   1.1788214e+00  -3.4777260e-01   1.0555702e+00   9.7325541e-03   2.6384599e-02   3.3682098e-03
   1.1634442e+00  -4.0088689e-01   1.0322912e+00   8.9301564e-03   2.6356286e-02   3.2163390e-03
   1.2033298e+00  -3.8941155e-01   1.0921894e+00   9.9521520e-03   2.7018720e-02   2.9270229e-03
   1.1534542e+00  -3.9605281e-01   9.9412900e-01   8.8170661e-03   2.5106177e-02   4.0915710e-03
   1.2060826e+00  -3.9918346e-01   1.1396596e+00   1.3883953e-02   2.7116371e-02   3.1204513e-03
   5.6729770e-01  -2.3741678e-01   7.1448027e-01   6.6107816e-03   1.4400662e-02   8.0384272e-03
   2.6212671e-01  -9.3519374e-02   1.2669534e-01  -7.6762308e-03   8.6824969e-03   9.1170660e-03
   3.6199213e-01  -1.6209064e-01   5.9336716e-01   1.9869458e-03   1.5542875e-02   7.5700720e-03
   4.7007256e-01  -1.0550003e-01   6.3887693e-01   3.3400910e-03   1.5601908e-02   8.2303529e-03
   6.0064426e-01  -1.6733965e-01   7.8199421e-01   5.2460315e-03   1.7568200e-02   9.1455990e-03
   6.7971546e-01  -2.2396094e-01   8.0849512e-01   4.6420960e-03   1.8026978e-02   9.3245771e-03
   7.4248593e-01  -2.8942916e-01   8.8361188e-01   6.2958695e-03   2.0706730e-02   1.0418764e-02
   8.2181539e-01  -2.8756705e-01   9.1072151e-01   5.4657093e-03   2.1280601e-02   1.0801578e-02
   9.0201834e-01  -3.2478431e-01   9.7817519e-01   7.0942554e-03   2.3021157e-02   1.1686101e-02
   9.2386148e-01  -3.6719206e-01   9.7406277e-01   6.9487587e-03   2.3081465e-02   1.1329944e-02
   9.5471431e-01  -3.8886992e-01   1.0384573e+00   8.0965651e-03   2.4380601e-02   1.1793195e-02
   9.5672431e-01  -3.6993494e-01   1.0031364e+00   7.7623235e-03   2.3988224e-02   1.1829251e-02
   9.6453623e-01  -3.9589577e-01   1.0374723e+00   8.6493536e-03   2.5635966e-02   1.2229222e-02
   9.9780422e-01  -4.2426388e-01   1.0392157e+00   8.5077224e-03   2.5801257e-02   1.2170925e-02
   9.8122577e-01  -4.3821279e-01   1.1169566e+00   1.0283267e-02   2.6958103e-02   1.3376665e-02
   1.0068756e+00  -4.3459230e-01   1.1070923e+00   9.4975509e-03   2.6281183e-02   1.3886469e-02
   1.0015096e+00  -4.6484329e-01   1.1285803e+00   1.0511582e-02   2.7335658e-02   1.4940830e-02
   1.0141024e+00  -4.9705471e-01   1.1379165e+00   9.9042551e-03   2.7079361e-02   1.4937049e-02
   1.0165583e+00  -5.0693070e-01   1.2218018e+00   1.1146855e-02   2.7478505e-02   1.6361299e-02
   1.0312407e+00  -5.2266935e-01   1.1836189e+00   1.0035566e-02   2.6776197e-02   1.6181073e-02
   1.0087720e+00  -5.5043707e-01   1.2517815e+00   1.1339132e-02   2.7839427e-02   1.7522984e-02
   1.0008692e+00  -5.5703788e-01   1.2675673e+00   1.0313429e-02   2.6410583e-02   1.6800197e-02
   9.6333807e-01  -5.3230041e-01   1.2988582e+00   1.2384373e-02   2.7450455e-02   1.9137825e-02
   9.8997588e-01  -1.5134587e-01   1.4929407e+00   7.9828061e-03   2.4455190e-02   1.3391055e-02
   7.7660436e-01  -2.8208104e-01   2.1186418e+00   1.3635935e-02   2.0967705e-02   8.7875101e-03
   8.3303516e-01  -3.5543747e-01   1.2434268e+00   8.6907803e-03   8.5827828e-03  -6.5608071e-03
   7.2253342e-01   2.2084438e-02   6.0081206e-01   6.9653790e-03   6.2137215e-03  -1.0884218e-02
   5.2222105e-01   4.1015490e-02   9.6933522e-01   1.4070942e-02   1.5505829e-02   2.1550387e-03
   6.4173842e-01  -5.0173477e-02   1.0654636e+00   1.2514948e-02   1.5397921e-02  -1.8853999e-03
   6.2531254e-01  -1.1663343e-01   1.2768854e+00   1.4647338e-02   1.8341932e-02   1.8962276e-03
   6.4733743e-01  -1.2812137e-01   1.2068146e+00   1.3843443e-02   1.7609740e-02   2.5212412e-04
   6.4147860e-01  -1.8958973e-01   1.2679266e+00   1.5222663e-02   1.9303384e-02   2.8417145e-03
   6.6207836e-01  -2.0759506e-01   1.2477094e+00   1.5154247e-02   1.9457565e-02   2.5872559e-03
   6.4710695e-01  -2.3242699e-01   1.3042528e+00   1.5705526e-02   1.9995173e-02   4.3465200e-03
   6.5803212e-01  -2.2369786e-01   1.2784918e+00   1.6034143e-02   1.9592351e-02   3.4752278e-03
   6.2434741e-01  -2.5617197e-01   1.3148604e+00   1.6440611e-02   2.0490766e-02   4.5454973e-03
   6.4245001e-01  -2.5238722e-01   1.3315941e+00   1.6735227e-02   2.0079975e-02   3.7753402e-03
   6.3417270e-01  -2.8220568e-01   1.4013421e+00   1.7828455e-02   2.0530855e-02   4.1788840e-03
   6.8777331e-01  -3.1667899e-01   1.4925518e+00   1.8127768e-02   2.0288675e-02   3.9317550e-03
   6.6089128e-01  -3.7942678e-01   1.5547808e+00   1.8975225e-02   2.1073692e-02   3.9982258e-03
   6.7227867e-01  -3.6317989e-01   1.5734576e+00   1.9637390e-02   2.0287287e-02   3.2991874e-03
   6.8087671e-01  -3.7966717e-01   1.6196799e+00   1.9853063e-02   2.0406234e-02   3.9304528e-03
   7.2720807e-01  -3.8418203e-01   1.6274555e+00   2.0158908e-02   2.0664156e-02   3.8977432e-03
   7.0936652e-01  -4.3831359e-01   1.6700018e+00   2.0757069e-02   2.1024263e-02   3.8009181e-03
   7.1100496e-01  -4.0645206e-01   1.7213512e+00   2.1187789e-02   2.0454879e-02   3.7365597e-03
   7.0753271e-01  -4.4290401e-01   1.7192389e+00   2.2184289e-02   2.1573183e-02   3.9871444e-03
   6.6924847e-01  -4.6805320e-01   1.6933526e+00   2.3379518e-02   2.0821046e-02   3.5379962e-03
   7.0692104e-01  -4.4774533e-01   1.8233418e+00   2.2514220e-02   2.0712623e-02   3.8515739e-03
   1.0760657e-01   2.0697730e-01   1.4150616e+00   2.0888898e-02   1.0281401e-02   5.1935358e-03
  -1.4892995e-01   9.2782225e-02   6.8377592e-01   2.5308953e-02   4.3077956e-03   4.1093939e-03
   2.6529536e-01   1.7629371e-01   7.6444734e-01   2.2752082e-02   1.1517013e-02  -8.5833905e-04
   2.9223332e-01   2.5556575e-01   5.8243130e-01   1.7494673e-02   1.2359178e-02   2.1312084e-03
   2.7722136e-01   1.2223446e-01   1.1426699e+00   1.8086455e-02   1.2473491e-02   2.6159583e-03
