   0.0000000e+00  -7.1054274e-15   7.1054274e-15  -2.7755576e-17  -3.4694470e-18   8.6736174e-19
   5.2328996e-02   3.6242022e-02   3.3273277e-01   8.9012728e-03  -3.2080703e-03  -2.4290753e-03
  -1.6707539e-01  -2.1614911e-01   7.6259534e-01   2.2999018e-02   8.6850424e-04  -7.9768158e-04
  -6.6585650e-02  -6.2889314e-02  -4.7929219e-01  -1.2208456e-02   2.5625092e-03  -5.8915243e-04
  -1.5990655e-03   5.3987944e-02   1.2853634e-01   2.6178418e-03  -1.2625433e-03  -2.4798117e-03
   8.1490657e-03   4.2449554e-02  -5.0447439e-02  -1.9697579e-03  -4.6440613e-04  -3.3897701e-03
  -1.5607191e-02   5.5321332e-02   1.8752587e-01   4.2498479e-03  -3.1545696e-03  -8.0293518e-03
  -7.8846746e-02   1.7086839e-02   1.4006349e-02  -4.4209488e-04  -1.1813191e-03  -6.2422833e-03
  -1.4776304e-02   6.1131388e-02   1.8689796e-01   3.8461477e-03  -1.4214890e-03  -8.3390611e-03
   2.0497055e-02   7.6774019e-02   1.9494758e-01   3.2978936e-03  -3.3709836e-04  -8.3015302e-03
   5.8996274e-02   1.0348607e-01   2.1627633e-01   3.4154986e-03  -2.8407583e-04  -7.4395008e-03
   3.8089808e-02   9.4331570e-02   1.5124367e-01   2.2259003e-03   1.8039537e-04  -7.9275431e-03
  -3.6649861e-03   1.2857754e-01   1.9169005e-01   2.7126824e-03  -7.0050638e-04  -9.3317669e-03
   5.8855726e-03   1.0715138e-01   1.9641535e-01   3.1396676e-03  -1.7006924e-03  -9.6858255e-03
   1.9215282e-02   1.0081268e-01   2.2459132e-01   3.8992894e-03  -1.7473698e-03  -1.0041274e-02
   6.1888535e-03   1.1024406e-01   1.5831800e-01   2.1926509e-03  -1.3875529e-03  -1.0292567e-02
   2.5014497e-02   1.4309657e-01   2.1933245e-01   3.3228052e-03  -1.9596845e-03  -1.0535469e-02
   2.6657137e-02   1.0705774e-01   1.7638931e-01   2.6468081e-03  -1.4809903e-03  -1.0458855e-02
   3.3246902e-02   1.2345012e-01   2.2274852e-01   3.3495803e-03  -1.9131625e-03  -1.0797169e-02
   2.1955637e-02   1.1579335e-01   1.6942909e-01   2.6457492e-03  -1.5561467e-03  -1.0765607e-02
   9.7838541e-03   1.5525275e-01   2.2741263e-01   3.3466925e-03  -2.1546414e-03  -1.1189114e-02
   3.2106581e-03   1.2455608e-01   1.3648972e-01   2.7591799e-03  -2.5587754e-03  -1.1622228e-02
   5.5814564e-03   1.3184485e-01   1.9152170e-01   3.2108855e-03  -2.1993767e-03  -1.1476536e-02
   3.0522014e-02   8.3629469e-02   1.1546470e-01   3.0417773e-03  -2.7227180e-03  -1.1246403e-02
   4.3853897e-02   1.5286540e-01   2.4855269e-01   3.5461185e-03  -2.8735233e-03  -1.1757376e-02
   8.2823475e-02  -1.9526312e-02  -5.5115755e-02   3.2933385e-03  -3.1019799e-03  -1.0836225e-02
   2.1382775e-01  -1.1201736e-01  -8.9916485e-04   4.3330434e-03  -6.7127650e-03  -8.6772094e-03
   1.7473396e-01   1.5278682e-01   1.7586581e-01   5.1834317e-03  -4.7802686e-03  -7.6545083e-03
   1.2564990e-01   1.0563277e-01   1.0829831e-02   4.7893750e-03  -3.5670959e-03  -7.1796031e-03
   1.3548277e-01   1.4165621e-01   1.1854426e-01   3.8481583e-03  -3.4197745e-03  -6.8555366e-03
   1.2424632e-01   9.6513243e-02   1.2100480e-01   4.5234986e-03  -3.8156573e-03  -7.4257875e-03
   1.5396288e-01   1.2284550e-01   1.6110468e-01   4.1936725e-03  -3.5872971e-03  -7.4092002e-03
   1.5597520e-01   1.1183642e-01   1.4065135e-01   4.0459530e-03  -2.8267062e-03  -7.2925550e-03
   1.5621709e-01   1.5451927e-01   1.7488965e-01   3.9832890e-03  -3.3236193e-03  -7.8916676e-03
   1.4362336e-01   1.4459716e-01   1.4755539e-01   4.3241110e-03  -3.6382745e-03  -8.4347021e-03
   1.3288032e-01   1.6448104e-01   1.3180066e-01   4.0479588e-03  -3.6563308e-03  -9.3197518e-03
   1.4547153e-01   1.5491088e-01   9.6079215e-02   3.7557566e-03  -2.1556836e-03  -7.2969667e-03
   1.4316534e-01   1.7715901e-01   1.1972549e-01   3.7331741e-03  -3.1378066e-03  -8.3336642e-03
   7.7973704e-02   1.5558139e-01   1.1794759e-01   4.1552171e-03  -3.5780060e-03  -9.8126001e-03
   1.0889177e-01   1.6609280e-01   1.3968873e-01   3.6896672e-03  -2.9008858e-03  -8.6185416e-03
   1.2476870e-01   1.6007686e-01   1.0751760e-01   3.9703811e-03  -2.9079529e-03  -8.9078553e-03
   1.1986007e-01   1.9344132e-01   8.1335337e-02   3.9073390e-03  -2.5991686e-03  -8.9375702e-03
   1.4705830e-01   1.8424766e-01   6.1446091e-02   3.8674668e-03  -2.5337452e-03  -8.4909527e-03
   9.8544953e-02   1.8906722e-01   9.5869724e-02   3.5885363e-03  -2.7602135e-03  -9.0173461e-03
   1.0640981e-01   1.8440159e-01   1.2604232e-01   3.2083809e-03  -2.4720719e-03  -8.9013225e-03
   1.2782934e-01   1.7240950e-01   1.3313139e-01   3.6422937e-03  -1.8389694e-03  -8.2596908e-03
   1.1501954e-01   1.7935106e-01   1.3560597e-01   3.5798204e-03  -2.2781597e-03  -8.7368596e-03
   1.1962111e-01   2.0896494e-01   1.3243374e-01   3.6290679e-03  -2.3076149e-03  -8.9105000e-03
   1.0952915e-01   1.9919836e-01   1.0364619e-01   3.3616639e-03  -2.4878084e-03  -9.1277430e-03
   1.2809864e-01   1.9232930e-01   9.2433949e-02   3.6004640e-03  -2.0432225e-03  -8.5521808e-03
   9.2426482e-02   2.0646819e-01   1.4229189e-01   3.7153789e-03  -1.4680822e-03  -7.8213086e-03
   1.5227330e-01   1.7099990e-01   1.1048051e-01   3.2981363e-03  -1.0900494e-03  -6.8943749e-03
   1.0985272e-01   1.6628653e-01   1.6763639e-01   2.6823514e-03  -1.2179399e-03  -6.7786101e-03
   1.6731557e-01   1.4178677e-01  -5.9796997e-02   4.2145637e-03  -1.2207570e-03  -7.5929359e-03
   2.0929187e-01   2.0937947e-01   5.9110502e-01   3.0230410e-03  -8.8435529e-05  -6.3892827e-03
   1.3465044e-01   2.4901401e-01   6.3173604e-01   1.9658057e-03   8.1107394e-05  -6.7766443e-03
   1.6623199e-01   2.3030348e-01   5.2903699e-01   2.8023479e-03   2.1655598e-05  -6.7575021e-03
   1.5342992e-01   2.5938231e-01   5.7824595e-01   2.7185898e-03   4.3038027e-04  -6.7574281e-03
   1.7533007e-01   2.6222056e-01   5.9075530e-01   2.7075669e-03   5.3300102e-04  -6.4405462e-03
   1.6940096e-01   2.6188216e-01   5.7376870e-01   2.4664820e-03   6.4224212e-04  -6.1138446e-03
   1.8139641e-01   2.7086032e-01   5.1707053e-01   2.2474207e-03   6.7311834e-04  -5.9565660e-03
   1.7041578e-01   2.7222932e-01   5.7455034e-01   2.5850887e-03   1.2352235e-04  -6.4533640e-03
   1.7437785e-01   2.5316867e-01   5.4905885e-01   2.5833051e-03   6.8665784e-05  -6.5736941e-03
   1.8128646e-01   2.6949871e-01   5.5030092e-01   2.7204855e-03   7.1275570e-04  -5.9685231e-03
   1.8740903e-01   2.8751206e-01   4.9224235e-01   2.6502400e-03   3.6491968e-04  -6.3402410e-03
   1.9050828e-01   2.8045776e-01   4.9114684e-01   2.6675326e-03   5.3534635e-04  -6.1413826e-03
   2.0193052e-01   2.7740717e-01   4.8942110e-01   2.5385359e-03   5.4965232e-04  -6.1600989e-03
   1.9685490e-01   2.6892326e-01   5.3311161e-01   3.0489239e-03   4.8172232e-04  -6.0138230e-03
   1.9971936e-01   2.5337271e-01   5.2292805e-01   2.6928245e-03   5.1109636e-04  -6.1137000e-03
   1.8463124e-01   2.6272708e-01   5.4752472e-01   3.0933811e-03   6.1292108e-04  -6.1402240e-03
   1.9597721e-01   2.7860363e-01   5.2305998e-01   2.5065362e-03   7.0062645e-04  -6.2648011e-03
   2.0840250e-01   2.7765288e-01   5.6185317e-01   3.7373460e-03   7.1977963e-04  -6.4521214e-03
   2.0455917e-01   2.7242276e-01   5.1014315e-01   2.7645003e-03   5.1645482e-04  -6.6699782e-03
   1.8994052e-01   2.8270575e-01   5.3953840e-01   4.2269870e-03   7.0492562e-04  -6.4629238e-03
   1.5393822e-01   3.3885072e-01   4.5219633e-01   1.4019071e-03   1.9804796e-04  -7.1062584e-03
   1.1944615e-01   1.8795085e-01   7.7041400e-01   1.3176575e-02  -2.1600855e-03  -7.9406925e-03
   1.2173468e-01   2.2509552e-01   1.0613325e+00   2.2722667e-02  -4.8693885e-03  -8.7017857e-03
   1.3835988e-01   2.3513066e-01   9.4153136e-01   1.7658251e-02  -3.2203021e-03  -8.2978928e-03
   1.3841928e-01   1.9676796e-01   1.0295857e+00   1.8831121e-02  -3.1094475e-03  -7.8244274e-03
   1.2701521e-01   2.0856088e-01   9.7835135e-01   1.7264998e-02  -3.0003066e-03  -8.4898988e-03
   1.5000878e-01   2.2042693e-01   9.6733818e-01   1.9220433e-02  -3.2644183e-03  -9.2152873e-03
   1.3718531e-01   2.2756866e-01   9.2675879e-01   1.7847598e-02  -2.9296875e-03  -9.4369275e-03
   1.4768794e-01   2.1990654e-01   9.4743343e-01   1.8811643e-02  -2.7099766e-03  -9.2449482e-03
   1.5250170e-01   2.3820058e-01   9.2486794e-01   1.7770840e-02  -2.2455070e-03  -9.0389569e-03
   1.2540899e-01   2.4014171e-01   9.5965073e-01   1.8620954e-02  -3.2678501e-03  -1.0690046e-02
   1.4417799e-01   2.6368002e-01   9.4449402e-01   1.7679783e-02  -2.8252061e-03  -1.1200479e-02
   1.5908808e-01   2.4011503e-01   9.1436642e-01   1.8176165e-02  -2.1267660e-03  -1.0312380e-02
   1.5124323e-01   2.6762617e-01   8.6945595e-01   1.7253830e-02  -2.3143874e-03  -1.0709802e-02
   1.6214164e-01   2.5726052e-01   8.3843581e-01   1.7336929e-02  -2.0840091e-03  -1.0250983e-02
   1.5197589e-01   2.6646463e-01   8.6458180e-01   1.6675259e-02  -1.7594652e-03  -1.0423040e-02
   1.6901052e-01   2.6771340e-01   8.7799556e-01   1.7198290e-02  -1.7161421e-03  -1.0335804e-02
   1.7042476e-01   2.6039289e-01   8.9493640e-01   1.7017713e-02  -1.3950141e-03  -1.0147016e-02
   1.9140613e-01   2.6406627e-01   9.1552692e-01   1.7039674e-02  -1.1735982e-03  -9.3757258e-03
   1.8029545e-01   2.6601025e-01   8.9453957e-01   1.6623142e-02  -1.0473865e-03  -9.9620480e-03
   1.9832071e-01   2.6888435e-01   8.7624009e-01   1.7276796e-02  -1.2988425e-03  -9.7970150e-03
   2.0423635e-01   2.7516545e-01   8.7260127e-01   1.6564804e-02  -1.0947283e-03  -1.0215354e-02
   2.1097476e-01   2.6514466e-01   8.7114091e-01   1.6997558e-02  -9.4796381e-04  -1.0069483e-02
   1.9651197e-01   2.9614046e-01   9.2637533e-01   1.6057716e-02  -9.7940272e-04  -1.0075514e-02
   2.4230856e-01   2.8034968e-01   9.0179118e-01   1.7492951e-02  -1.7671411e-03  -1.0582746e-02
   2.7418405e-01   3.2791778e-01   9.7251366e-01   1.7219268e-02  -8.3384614e-04  -1.0626345e-02
   8.2940230e-02   3.1331757e-01   4.9185671e-01   1.3290065e-02   1.7799477e-03  -8.2990089e-03
   1.1489803e-01   3.0424123e-01   5.7331950e-01   1.3439329e-02   1.0186198e-03  -9.3235977e-03
   1.4516319e-01   3.9521261e-01   1.0304645e+00   1.3498882e-02   1.3458046e-03  -8.1502898e-03
   8.7607675e-02   2.6151644e-01   4.0055918e-01   1.5350481e-02   1.4909437e-03  -9.9577061e-03
   1.7691733e-01   2.7109582e-01   6.5381904e-01   1.2569230e-02   2.7005751e-03  -5.6079190e-03
   1.8471061e-01   3.5570205e-01   7.3460509e-01   1.0019479e-02   9.4653256e-04  -3.8941926e-03
   1.1612344e-01   3.3494803e-01   6.9677285e-01   1.3998779e-02   1.2200827e-03  -7.7336618e-03
   1.3578375e-01   3.7961245e-01   8.1042022e-01   1.3255104e-02   1.3463720e-03  -8.0274998e-03
   1.3875089e-01   2.7684657e-01   7.8007764e-01   1.7023779e-02   1.4821874e-03  -6.9008624e-03
   1.2238636e-01   3.1808414e-01   9.3892883e-01   1.7527647e-02   1.6148791e-03  -6.6403661e-03
   1.7149513e-01   3.6908118e-01   9.3863296e-01   1.5557538e-02   1.5164603e-03  -8.3386894e-03
   1.2260486e-01   4.5852563e-01   1.1060134e+00   1.4700700e-02   1.4927277e-03  -6.9575103e-03
   1.1276889e-01   4.0455860e-01   1.3144330e+00   1.5844468e-02   1.7840951e-03  -7.0818811e-03
   1.7200870e-01   2.8613102e-01   9.0374468e-01   1.7262288e-02   2.2010100e-03  -7.4214507e-03
   1.1090887e-01   3.3385160e-01   9.0885198e-01   1.7041869e-02   2.1998313e-03  -8.7850254e-03
   1.3120983e-01   2.9658152e-01   1.0084536e+00   1.7653261e-02   1.9357380e-03  -9.0716011e-03
   1.9646836e-01   3.2529685e-01   9.7438915e-01   1.6901846e-02   3.0634410e-03  -6.8503120e-03
   1.5324247e-01   2.9399772e-01   9.8406342e-01   1.7043264e-02   2.1960002e-03  -8.0718527e-03
   1.2560317e-01   2.9585720e-01   9.8064208e-01   1.7098712e-02   2.1552132e-03  -9.1347148e-03
   1.4831242e-01   2.8979000e-01   9.4169352e-01   1.6832257e-02   2.7895361e-03  -9.0257351e-03
   1.4783034e-01   3.2772955e-01   8.6884649e-01   1.6975909e-02   2.6823838e-03  -9.2326287e-03
   1.4368877e-01   3.1026100e-01   8.0544886e-01   1.6855072e-02   2.7539767e-03  -9.4901485e-03
   1.6010639e-01   3.2389229e-01   8.1346072e-01   1.6424866e-02   2.9908139e-03  -8.9994705e-03
   1.1492669e-01   3.6073092e-01   8.3952152e-01   1.5656894e-02   1.6028353e-03  -9.0738647e-03
   1.1540387e-01   3.6126242e-01   7.8932966e-01   1.5770723e-02   1.5641386e-03  -9.0218861e-03
   1.2410504e-01   3.7507117e-01   7.6670905e-01   1.5177415e-02   2.5964041e-03  -8.2577870e-03
   1.2127442e-01   3.1524604e-01   7.7887202e-01   1.4831246e-02   2.1263894e-03  -8.9193210e-03
   1.3689621e-01   2.7930947e-01   8.1204231e-01   1.4391166e-02   1.8872647e-03  -7.2063036e-03
   1.2684169e-01   3.4747018e-01   7.5396754e-01   1.0581774e-02   3.6604995e-03  -5.2552459e-03
   1.0280377e-01   3.5422931e-01   6.4091074e-01   1.1180197e-02   2.7632675e-03  -5.8758090e-03
