   0.0000000e+00   0.0000000e+00   0.0000000e+00   0.0000000e+00   0.0000000e+00   0.0000000e+00
   1.5681833e-02   4.7974601e-02   1.3817406e-01  -3.3419955e-05  -3.2089495e-05  -1.6215864e-04
  -4.0823869e-03  -9.1032853e-02  -1.0406601e-01  -8.7894421e-04  -5.2219461e-04  -3.3983383e-04
  -7.6070872e-03  -2.2538581e-02   1.5607422e-01   1.6665914e-03  -6.0650639e-04   8.7645622e-04
  -1.9435942e-03  -1.1985920e-01   3.0364003e-01   4.7481158e-03  -1.7766969e-04   5.6896000e-04
  -1.7000289e-02  -1.7009487e-01   3.3542109e-01   7.1154056e-03  -4.5963586e-04   7.9998945e-04
  -2.9048515e-02  -1.6004222e-01   1.4571038e-01   7.4448070e-03   3.2664195e-04   1.3549864e-03
  -2.9640141e-02  -1.1235922e-01   1.0477196e-01   6.3262458e-03   1.4818177e-04   1.8774491e-03
  -1.7916593e-02  -1.3373654e-01   1.7241928e-01   6.8978720e-03   4.4737682e-04   1.9721730e-03
  -4.1852079e-02  -7.6153257e-02   1.7619612e-01   6.8660827e-03   4.0748632e-04   1.8935468e-03
  -4.6396362e-02  -1.6418670e-01   2.2021528e-01   7.4181277e-03   2.3566602e-04   1.9537965e-03
  -4.2096815e-02  -6.0695812e-02   2.1257524e-01   6.5919424e-03   2.8783762e-04   2.2203813e-03
  -6.4640392e-02  -1.3880344e-01   2.4248521e-01   6.7637219e-03   2.2577558e-04   1.9630207e-03
  -7.7753041e-02  -9.2393320e-02   2.0915328e-01   6.7182307e-03  -2.3488454e-05   1.9767357e-03
  -6.2133627e-02  -1.3671901e-01   2.9136551e-01   6.3923171e-03   2.3962815e-04   1.9480727e-03
  -6.3280268e-02  -1.3981536e-01   2.6175073e-01   7.0898018e-03   7.9765894e-05   2.0964383e-03
  -6.1729041e-02  -1.5967797e-01   2.8812780e-01   6.3725344e-03   2.1606063e-04   2.3379585e-03
  -5.6956077e-02  -1.6361555e-01   3.0045625e-01   7.6473063e-03  -3.4439881e-05   2.0210045e-03
  -8.5168907e-02  -7.1717347e-02   3.2841683e-01   6.6018350e-03  -1.1390758e-04   2.1792651e-03
  -8.9727188e-02  -2.2826208e-01   3.3950820e-01   8.1559090e-03  -9.2675607e-05   2.7319940e-03
  -1.1713419e-02  -1.6842630e-01   3.3818922e-01   1.0096788e-02   4.2148677e-04   3.4899589e-03
  -4.8681605e-02  -1.4712851e-01   2.9100460e-01   8.2568945e-03   3.2358324e-04   2.9434291e-03
  -7.2543567e-02  -2.8701610e-01   4.0119322e-01   8.5998474e-03   7.5657041e-04   3.2230326e-03
  -4.7573281e-02  -2.1029051e-01   3.9909815e-01   7.7181345e-03   3.8528590e-04   2.8517717e-03
  -3.8454436e-02  -2.6432295e-01   4.6660768e-01   9.2701961e-03   9.0222762e-04   3.0363977e-03
  -3.3869164e-02  -2.1549145e-01   4.0623306e-01   9.6667312e-03   2.6473288e-04   3.2008920e-03
  -2.5231255e-02  -9.7391347e-02   4.9154726e-01   5.9666671e-03  -4.2673561e-04   3.1991057e-03
  -8.8863386e-02  -3.3716861e-01   2.3818344e-01   9.1579282e-03  -1.5120593e-05   3.1969395e-03
  -4.8843992e-02  -2.4143446e-01   2.3170355e-01   8.0740460e-03   8.8579956e-05   3.2046366e-03
  -9.1270123e-02  -1.8311630e-01   5.0633943e-01   1.0112641e-02  -2.9258659e-04   2.7635686e-03
  -1.2349901e-01  -3.4551040e-01   3.5683670e-01   9.8906407e-03   4.4916873e-04   3.3001848e-03
  -1.2077277e-01  -2.7506565e-01   4.2097130e-01   9.4266908e-03   7.8014884e-04   3.2297741e-03
  -1.4980506e-01  -3.0403074e-01   4.1425390e-01   1.0065291e-02   8.4499067e-04   3.0903478e-03
  -1.5617776e-01  -2.4714457e-01   4.4807079e-01   1.0358727e-02   7.6131356e-04   2.9043707e-03
  -1.4467288e-01  -3.1586212e-01   4.2508969e-01   1.0795822e-02   5.8420433e-04   2.9383406e-03
  -1.4843270e-01  -2.6446183e-01   4.5556505e-01   1.0853079e-02   5.3879416e-04   2.5498052e-03
  -1.3979256e-01  -2.7222136e-01   4.1584303e-01   1.0668529e-02   2.6519352e-04   2.5297386e-03
  -1.2498481e-01  -2.9666203e-01   4.5668861e-01   1.1047730e-02   7.7844637e-04   2.9130921e-03
  -1.3304107e-01  -2.3796823e-01   4.4205743e-01   1.0397073e-02   6.7876477e-04   2.8899959e-03
  -1.3957683e-01  -3.2456613e-01   4.6367289e-01   1.0560068e-02   9.4586694e-04   2.8427482e-03
  -1.3416335e-01  -2.3896036e-01   4.3496386e-01   1.0454851e-02   8.5973930e-04   2.4803657e-03
  -1.5064401e-01  -2.6570809e-01   4.3626855e-01   1.0537427e-02   7.4837355e-04   2.4265502e-03
  -1.4666270e-01  -2.9808114e-01   4.7602733e-01   1.0620315e-02   1.0591585e-03   2.4469387e-03
  -1.0630896e-01  -2.4052578e-01   4.4658070e-01   1.0949096e-02   1.3812201e-03   2.3995302e-03
  -1.1894145e-01  -3.0063157e-01   4.5894731e-01   1.0776243e-02   1.3458834e-03   2.5934770e-03
  -1.2185557e-01  -2.5279043e-01   4.4692397e-01   1.1149637e-02   1.4912513e-03   2.1847848e-03
  -1.1979303e-01  -2.5014014e-01   4.1604997e-01   1.0790331e-02   1.4660767e-03   2.0133653e-03
  -1.3205246e-01  -3.0715024e-01   4.4453652e-01   1.1485821e-02   1.9728509e-03   2.1627767e-03
  -1.2604105e-01  -1.9889407e-01   5.0261011e-01   1.0289532e-02   1.9904883e-03   2.2264733e-03
  -1.2029014e-01  -2.8896994e-01   5.1431934e-01   1.0781833e-02   1.8264612e-03   2.2962614e-03
  -1.1058420e-01  -2.3170065e-01   5.5372727e-01   9.6185209e-03   1.3986354e-03   2.0570502e-03
  -1.1999739e-01  -2.3764597e-01   4.8812108e-01   1.1144182e-02   8.5761187e-04   1.8746552e-03
  -1.5444821e-01  -3.4891976e-01   3.9735689e-01   1.2355481e-02  -4.6368415e-04   9.3733616e-04
  -1.3006251e-01  -6.2254339e-02   3.2177885e-01   1.0305861e-02  -4.6405801e-04   2.7112895e-04
  -8.6364107e-02  -2.6133973e-01   3.0096472e-01   1.1616078e-02   2.0029865e-04   1.3847664e-03
  -1.4407273e-01  -1.4234205e-01   2.7795683e-01   1.0206477e-02   3.1470908e-04   1.8554473e-03
  -1.4639831e-01  -2.0759290e-01   2.8529936e-01   9.9142365e-03   6.5235638e-04   1.3986348e-03
  -1.6871106e-01  -2.3032152e-01   4.4364967e-01   1.0354049e-02   4.0696468e-04   1.0689045e-03
  -1.8253858e-01  -1.6769151e-01   3.8992577e-01   1.0797554e-02   2.4287178e-04   2.5971865e-04
  -1.5301566e-01  -2.4291868e-01   4.6004151e-01   1.1062152e-02   6.2895991e-04   7.6889561e-04
  -1.5679553e-01  -1.8362245e-01   4.2631113e-01   1.1312784e-02   7.9848570e-04   6.0851588e-04
  -1.3683656e-01  -2.2573338e-01   4.5185155e-01   1.1085246e-02   9.1193855e-04   8.0310161e-04
  -1.5257004e-01  -2.2279244e-01   4.8700588e-01   1.1792638e-02   1.0935489e-03   6.7925224e-04
  -1.3693315e-01  -1.9559770e-01   4.7959742e-01   1.1409626e-02   1.1303653e-03   6.4020806e-04
  -1.4404176e-01  -2.7397027e-01   4.8861106e-01   1.2000929e-02   1.1024307e-03   7.9223134e-04
  -1.3629463e-01  -2.1138200e-01   4.9796839e-01   1.1801881e-02   1.1092237e-03   7.2301624e-04
  -1.3762567e-01  -2.2569997e-01   4.4187489e-01   1.2279415e-02   1.1215501e-03   6.0781048e-04
  -1.4340967e-01  -2.5809814e-01   5.2953585e-01   1.2265156e-02   1.2823566e-03   5.3708057e-04
  -1.3393135e-01  -1.6808231e-01   4.5851834e-01   1.2019084e-02   1.1396879e-03   5.3177992e-04
  -1.4710498e-01  -2.7413802e-01   4.7780333e-01   1.2050272e-02   1.4561997e-03   6.8029873e-04
  -1.4668095e-01  -2.0703275e-01   5.0362414e-01   1.2620592e-02   1.4141938e-03   7.8209192e-04
  -1.5516252e-01  -2.4765462e-01   4.8012851e-01   1.1753724e-02   1.6348777e-03   8.9394266e-04
  -1.6835019e-01  -2.6003595e-01   5.4871645e-01   1.2951240e-02   1.6312995e-03   9.4943968e-04
  -1.4908493e-01  -2.9084661e-01   5.2436753e-01   1.4726991e-02   1.7330670e-03   1.2093026e-03
  -1.5133221e-01  -2.1332412e-01   5.2773032e-01   1.2963282e-02   1.1132822e-03   9.1933272e-04
  -1.3137556e-01  -1.4145272e-01   4.2994168e-01   1.3056553e-02   6.2518341e-04   1.1090418e-03
  -9.1915564e-02  -1.3096527e-01   3.5208924e-01   1.0350185e-02   7.4793477e-04   3.6518744e-04
   1.0553508e-01  -7.0319371e-01   1.6479726e+00   1.1087594e-02   9.2978855e-04   1.5200128e-04
  -5.0605681e-02  -1.0211679e+00   1.3744135e+00   1.7085749e-02   4.9749510e-04  -8.1675872e-04
  -1.1380403e-01  -6.1419126e-01   7.9759173e-01   1.8358679e-02   1.7432655e-04  -1.0199497e-03
  -1.4663750e-01  -5.4038633e-01   7.0693581e-01   1.7715857e-02   5.4350613e-04   6.8451732e-04
  -1.7901733e-01  -3.9045893e-01   7.5591231e-01   1.7502933e-02   4.3002273e-04   6.6093105e-04
  -1.9434416e-01  -3.9030675e-01   7.4025171e-01   1.7161734e-02   4.4977390e-04   9.8162834e-04
  -1.9048398e-01  -4.2345348e-01   7.0189563e-01   1.7116045e-02  -2.4097617e-04   9.3534592e-04
  -1.9557561e-01  -4.1850477e-01   7.5421193e-01   1.7136471e-02  -7.1136138e-04   9.0209341e-04
  -1.9152974e-01  -3.7228602e-01   7.1293871e-01   1.6957593e-02  -6.7667510e-04   7.3765969e-04
  -2.0829468e-01  -4.4272459e-01   7.5772508e-01   1.8063262e-02  -8.9037210e-04   9.9731864e-04
  -2.4362984e-01  -3.7513073e-01   7.6096141e-01   1.7757246e-02  -9.8817087e-04   4.9464557e-04
  -2.7107182e-01  -4.4632218e-01   7.9779695e-01   1.8600815e-02  -1.3283744e-03   3.9230312e-04
  -2.7179712e-01  -3.3351022e-01   8.2674366e-01   1.8274193e-02  -1.9784728e-03   3.3610123e-05
  -2.8168058e-01  -4.3335229e-01   8.3277846e-01   1.7840633e-02  -1.8120769e-03  -2.9194542e-04
  -2.8062766e-01  -3.9021133e-01   8.5303616e-01   1.9214983e-02  -1.6023546e-03  -7.7246304e-05
  -2.9018219e-01  -3.9033367e-01   8.1149298e-01   1.8535135e-02  -1.7680074e-03  -1.4912929e-04
  -2.8772496e-01  -4.1407233e-01   8.4954552e-01   1.9055953e-02  -1.5709983e-03   7.4782660e-05
  -2.9550204e-01  -3.6567377e-01   8.2461701e-01   1.9077246e-02  -2.0353233e-03   2.2241496e-04
  -3.0033406e-01  -3.6825983e-01   8.6302001e-01   1.9248932e-02  -2.0416957e-03  -3.0247483e-05
  -2.9889705e-01  -3.3505657e-01   8.3950852e-01   1.8993567e-02  -2.0640250e-03  -3.5807067e-04
  -3.0042060e-01  -4.1476294e-01   8.0289311e-01   1.9386812e-02  -2.1135212e-03  -3.7321244e-04
  -3.0189667e-01  -3.5638775e-01   8.2697044e-01   1.8883040e-02  -2.3715813e-03  -3.2765364e-04
  -2.6674770e-01  -3.3870446e-01   7.4062137e-01   2.1096494e-02  -3.4259564e-03  -3.2925648e-04
  -2.5442339e-01  -3.7304276e-01   7.2887292e-01   2.1055054e-02  -2.8478437e-03  -9.2897520e-04
  -3.2088083e-01  -3.0568678e-01   7.4308766e-01   1.7603048e-02  -3.2450417e-03  -1.0220793e-03
  -3.2282246e-01  -4.5073449e-01   7.7875602e-01   1.9204965e-02  -3.1390734e-03  -5.9332452e-04
  -3.0345824e-01  -2.7087023e-01   7.2139021e-01   1.8407595e-02  -3.0223041e-03  -6.2664698e-04
  -3.1092286e-01  -3.9406536e-01   7.4825806e-01   1.8219524e-02  -2.9997498e-03   8.2421357e-05
  -3.5179461e-01  -4.1591772e-01   7.9594373e-01   1.9061605e-02  -3.2197740e-03  -6.0121557e-04
  -3.5398937e-01  -3.8915014e-01   7.4278622e-01   1.8823266e-02  -3.1529540e-03  -5.6163596e-04
  -3.3779932e-01  -4.1736329e-01   8.5544043e-01   2.0433228e-02  -3.3520045e-03  -8.7247569e-04
  -3.5651898e-01  -3.6388092e-01   8.3356154e-01   2.0760132e-02  -3.3677096e-03  -9.0350054e-04
  -3.5643349e-01  -4.1673181e-01   8.1273799e-01   1.9412079e-02  -3.0697425e-03  -9.5363533e-04
  -3.7476511e-01  -3.7437793e-01   8.1650672e-01   2.0458349e-02  -3.0759538e-03  -9.2842094e-04
  -3.4293528e-01  -4.2228957e-01   8.3373494e-01   1.9594764e-02  -3.0555946e-03  -7.4867061e-04
  -3.4403631e-01  -4.0828904e-01   8.7356937e-01   2.0959361e-02  -3.0373243e-03  -7.8941947e-04
  -3.2364385e-01  -3.7296372e-01   8.5902362e-01   1.9660976e-02  -3.3620836e-03  -1.2744032e-03
  -3.7774863e-01  -4.4481675e-01   9.2998163e-01   1.8460359e-02  -4.3314768e-03  -2.3588029e-03
  -3.8680502e-01  -4.3179439e-01   9.2922794e-01   1.8713580e-02  -4.4695491e-03  -2.6736761e-03
  -3.7055440e-01  -4.9276479e-01   9.1186381e-01   1.8120301e-02  -4.2696163e-03  -2.9956551e-03
  -3.7828336e-01  -5.2898308e-01   9.7271569e-01   1.8400178e-02  -4.3351746e-03  -3.2106514e-03
  -3.8926012e-01  -4.9619440e-01   9.9467681e-01   1.8447652e-02  -4.5902281e-03  -3.4369540e-03
  -4.1320685e-01  -5.2855830e-01   9.6140835e-01   1.8071286e-02  -4.8103144e-03  -3.4941710e-03
  -4.2422837e-01  -5.1794156e-01   9.4096988e-01   1.8702959e-02  -4.6635881e-03  -3.9023111e-03
  -4.4102956e-01  -4.6806755e-01   9.4879221e-01   1.8183040e-02  -4.9334423e-03  -4.1040964e-03
  -4.3453843e-01  -5.5526457e-01   9.2334867e-01   1.9199115e-02  -4.7209939e-03  -3.7122221e-03
  -4.0753573e-01  -4.4125501e-01   1.0657020e+00   1.8969452e-02  -4.6768672e-03  -3.4648183e-03
  -3.5105548e-01  -4.3815887e-01   1.0029947e+00   1.8349105e-02  -4.5746608e-03  -3.7071897e-03
  -3.0982640e-01  -4.7549919e-01   7.7269629e-01   1.9478179e-02  -3.5027405e-03  -2.9813432e-03
  -3.1795784e-01  -3.4479197e-01   7.7982687e-01   1.7646449e-02  -4.3304822e-03  -3.5494168e-03
  -3.6409884e-01  -4.4197377e-01   9.0501010e-01   1.8160027e-02  -4.6816229e-03  -4.4891226e-03
