   0.0000000e+00   0.0000000e+00   0.0000000e+00   0.0000000e+00   0.0000000e+00   0.0000000e+00
   3.0145931e-02  -5.1178401e-02   2.5879322e-01  -1.4077673e-03  -1.9671716e-05  -4.7659394e-04
   7.4600096e-02  -6.8385184e-02   4.2837582e-01  -4.9155015e-03   2.0592454e-03  -8.1455526e-04
   1.6193710e-01  -2.5720825e-01   5.3708019e-01  -9.5161047e-03   5.2543850e-03   2.1785614e-05
   2.4138958e-01  -3.2239550e-01   7.4109216e-01  -7.9830408e-03   6.0353544e-03  -1.3366272e-03
   2.5849504e-01  -4.1115130e-01   7.2567145e-01  -1.0515792e-02   7.0144169e-03  -7.7405243e-04
   3.1979860e-01  -4.0727886e-01   7.8219784e-01  -8.9599926e-03   7.7039928e-03  -1.1054589e-03
   3.3797044e-01  -3.9185500e-01   7.2494556e-01  -9.6771453e-03   8.3748607e-03  -1.5297939e-03
   3.8560534e-01  -3.6077250e-01   7.4255300e-01  -9.0793653e-03   8.2389407e-03  -1.6906891e-03
   3.9434087e-01  -4.0172912e-01   7.0874493e-01  -9.3969862e-03   9.5164584e-03  -1.7942110e-03
   4.3109718e-01  -3.8723801e-01   7.8517047e-01  -8.3091355e-03   1.0290684e-02  -2.2809662e-03
   4.4450450e-01  -3.7006152e-01   8.0008759e-01  -8.0338009e-03   1.1049200e-02  -2.5815865e-03
   4.6618345e-01  -3.6892916e-01   8.4666913e-01  -6.7632343e-03   1.1218092e-02  -3.1908297e-03
   4.0990162e-01  -4.4616574e-01   7.2435008e-01  -8.1470812e-03   1.2540116e-02  -2.5656658e-03
   5.4611332e-01  -2.6896245e-01   9.6537525e-01  -3.5241939e-03   1.0546034e-02  -3.5114396e-03
   5.8073547e-01  -2.3434511e-01   1.4642648e+00   7.0638269e-03   6.7338598e-03  -7.4635111e-03
   4.7432511e-01  -4.5027030e-01   1.1222047e+00   4.4920394e-03   1.1765258e-02  -5.5484101e-03
   5.4720509e-01  -3.4435384e-01   1.1622689e+00   4.3623778e-03   1.1252674e-02  -5.8138464e-03
   5.5045772e-01  -3.7692531e-01   1.0525185e+00   4.2346219e-03   1.1572564e-02  -5.8110611e-03
   5.7653864e-01  -3.3794710e-01   1.1259004e+00   5.1130198e-03   1.1703768e-02  -5.8474781e-03
   5.6686052e-01  -3.8857067e-01   1.0771743e+00   4.7167586e-03   1.2334468e-02  -5.6137426e-03
   5.7560122e-01  -3.6476627e-01   1.1422736e+00   4.6938452e-03   1.1469172e-02  -6.1347412e-03
   5.9636146e-01  -3.5911875e-01   1.0646389e+00   4.1094768e-03   1.1845317e-02  -5.7860180e-03
   5.9523072e-01  -3.6094050e-01   1.1355150e+00   3.9844469e-03   1.1995109e-02  -6.6087015e-03
   5.8307279e-01  -3.9682914e-01   9.8992526e-01   4.5932935e-03   1.2370082e-02  -6.0738340e-03
   4.0895918e-01  -1.9591981e-01   1.5004661e+00   1.7743956e-03   1.1860293e-02  -4.8337569e-03
   5.3215390e-01  -2.7304800e-01   1.4836527e+00  -5.6744387e-04   1.1457800e-02  -5.1561056e-03
   5.6885082e-01  -4.2880117e-01   1.8871977e+00  -5.3545989e-04   9.6196007e-03  -6.7294276e-03
   5.2083609e-01  -5.7305277e-01   2.7221500e+00  -4.1613872e-03   1.1503329e-02  -8.8876053e-03
   5.4197926e-01  -6.3089929e-01   2.5593077e+00  -3.6774377e-03   1.1408605e-02  -9.3386992e-03
   5.5358190e-01  -7.1557754e-01   2.7337963e+00  -3.4629962e-03   1.1577241e-02  -9.3362480e-03
   5.7344879e-01  -6.9286225e-01   2.6486894e+00  -3.2513351e-03   1.1943989e-02  -9.0119776e-03
   6.0221773e-01  -7.0896880e-01   2.8035515e+00  -2.3488165e-03   1.2227987e-02  -8.8541604e-03
   6.1486286e-01  -6.7086238e-01   2.6428176e+00  -1.6017242e-03   1.2719859e-02  -9.0153471e-03
   5.8711727e-01  -6.9366275e-01   2.6818855e+00  -1.7417480e-03   1.2614152e-02  -9.1992617e-03
   5.8914595e-01  -6.1503022e-01   2.5373607e+00  -1.7115198e-03   1.2592211e-02  -9.3086963e-03
   6.1541380e-01  -6.7124004e-01   2.6763544e+00  -1.4373274e-03   1.2455216e-02  -9.6135537e-03
   6.3273146e-01  -6.3315942e-01   2.5806802e+00  -1.3906692e-03   1.1946975e-02  -1.0125106e-02
   5.7417059e-01  -6.3082045e-01   2.5781077e+00  -1.6641663e-03   1.2267718e-02  -9.9186832e-03
   5.4805400e-01  -6.3610561e-01   2.4266057e+00  -6.3792348e-04   1.2842934e-02  -1.0080491e-02
   5.7255993e-01  -6.2893798e-01   2.6341986e+00  -1.0198806e-03   1.2416878e-02  -9.8068274e-03
   4.6539072e-01  -4.7153196e-01   1.8241302e+00  -7.8331569e-05   1.3153007e-02  -9.9031391e-03
   4.5177109e-01  -6.0402070e-01   1.5094743e+00   1.5685471e-03   1.5764952e-02  -1.0664701e-02
   5.0526524e-01  -4.8764063e-01   1.7193985e+00   2.9333558e-03   1.5815414e-02  -1.1087159e-02
   5.1251412e-01  -5.4427805e-01   1.7024546e+00   2.7120662e-03   1.5914925e-02  -1.0392579e-02
   5.7032471e-01  -4.6969719e-01   1.7414451e+00   2.3438704e-03   1.1891123e-02  -1.1422345e-02
   5.7737689e-01  -6.1027125e-01   1.8225382e+00   4.1575756e-03   1.3564621e-02  -1.1118552e-02
   5.7533289e-01  -5.3509330e-01   1.5712610e+00   8.1626166e-03   1.2734566e-02  -1.1743264e-02
   5.3819082e-01  -6.4956887e-01   1.5638647e+00   8.6737491e-03   1.4025049e-02  -1.2471804e-02
   5.0897248e-01  -3.4627963e-02   9.6739884e-01   9.0137015e-03   1.1299663e-02  -1.3173636e-02
   4.0315440e-01  -5.8388324e-03   2.0986467e+00   1.9942457e-03   8.4333272e-03  -1.2280470e-02
   4.7817251e-01  -2.8796474e-01   2.7244807e+00  -3.6717912e-03   1.1480281e-02  -1.3980998e-02
   3.3427507e-01  -5.9018789e-01   2.9330606e+00  -1.2904013e-02   1.5310086e-02  -1.1366009e-02
   1.9791224e-01  -7.9596102e-01   3.0587178e+00  -2.5307978e-02   1.0032896e-02  -1.4800606e-03
   2.1816253e-01  -8.5352468e-01   2.6138308e+00  -2.1247263e-02   6.3807422e-03  -7.2042138e-03
   4.0084761e-01  -8.0503043e-01   2.5461488e+00  -1.8720523e-02   1.2703490e-02  -7.1522963e-03
   4.2895595e-01  -6.7512532e-01   2.5047555e+00  -1.8641040e-02   1.3049687e-02  -1.0324134e-02
   4.8187769e-01  -7.5552406e-01   2.7758781e+00  -1.8031750e-02   1.4600591e-02  -1.0975559e-02
   4.8445487e-01  -7.8661573e-01   2.7460604e+00  -1.8178302e-02   1.4972501e-02  -1.1631338e-02
   5.1801545e-01  -8.3935701e-01   2.8524274e+00  -1.8126268e-02   1.5844930e-02  -1.2328807e-02
   5.3678701e-01  -8.0259882e-01   2.8193332e+00  -1.8234556e-02   1.5905809e-02  -1.2663519e-02
   5.6512463e-01  -8.6164827e-01   2.9764106e+00  -1.7729141e-02   1.6412073e-02  -1.2741719e-02
   5.5000176e-01  -8.1143730e-01   2.9498725e+00  -1.8097119e-02   1.4424991e-02  -1.2655775e-02
   5.2849138e-01  -8.4229073e-01   2.9166402e+00  -1.9268940e-02   1.4387872e-02  -1.3539564e-02
   5.1975075e-01  -8.0753929e-01   2.9309667e+00  -1.7875257e-02   1.4635915e-02  -1.5181563e-02
   5.2707064e-01  -7.7355598e-01   2.9470127e+00  -1.7482795e-02   1.5026485e-02  -1.4756689e-02
   5.5330122e-01  -7.7868784e-01   2.8785737e+00  -1.7174400e-02   1.5288515e-02  -1.4928577e-02
   5.7583186e-01  -8.2233475e-01   3.0152602e+00  -1.7277565e-02   1.5043262e-02  -1.5310623e-02
   6.0343347e-01  -7.7096502e-01   3.0056509e+00  -1.7587898e-02   1.4635348e-02  -1.6052221e-02
   5.4248435e-01  -8.1392887e-01   2.9705490e+00  -1.9274085e-02   1.4164816e-02  -1.6962301e-02
   4.4114577e-01  -9.0488569e-01   3.3802198e+00  -2.4232764e-02   1.3325431e-02  -1.8901045e-02
   4.4743413e-01  -9.4846015e-01   3.7074227e+00  -2.1554560e-02   1.3518189e-02  -1.9132635e-02
   4.4850606e-01  -1.0762885e+00   4.0756571e+00  -1.6589240e-02   1.3494720e-02  -2.0506072e-02
   4.5412235e-01  -1.2084307e+00   4.0890592e+00  -1.6932051e-02   1.3912901e-02  -2.1467384e-02
   4.4308819e-01  -1.1286429e+00   4.0278308e+00  -1.7312504e-02   1.3829631e-02  -2.2588818e-02
   4.6781763e-01  -1.1790201e+00   3.9505483e+00  -2.1960914e-02   1.1578189e-02  -2.2100297e-02
   4.5071828e-01  -1.1823776e+00   4.0133895e+00  -2.1965570e-02   9.9473715e-03  -2.0471680e-02
   4.0605442e-01  -1.1797783e+00   3.9834063e+00  -1.5750967e-02   1.2912097e-02  -2.0089563e-02
   4.5736531e-01  -1.1193023e+00   3.7227951e+00  -1.8598796e-02   1.1155999e-02  -1.8987311e-02
   6.2639335e-01  -8.7281290e-01   2.2132833e+00  -2.3930311e-02   9.9942971e-03  -1.4877384e-02
   6.3544240e-01  -7.1049969e-01   1.8968778e+00  -2.1262867e-02   1.3560263e-02  -1.5983319e-02
   6.6742510e-01  -6.8295727e-01   2.0886332e+00  -2.0796143e-02   1.3909976e-02  -1.6083228e-02
   6.8086303e-01  -6.6862207e-01   1.9470157e+00  -1.9867155e-02   1.5486339e-02  -1.7147580e-02
   6.9705599e-01  -6.9351842e-01   2.0676385e+00  -1.9758300e-02   1.5976651e-02  -1.7301419e-02
   7.1431329e-01  -6.8737772e-01   1.9911776e+00  -1.9225417e-02   1.6930142e-02  -1.7586934e-02
   7.4739403e-01  -7.0140051e-01   2.0857899e+00  -1.8976458e-02   1.7428235e-02  -1.7861516e-02
   7.6083651e-01  -6.8493317e-01   1.9933699e+00  -1.8806726e-02   1.8087635e-02  -1.7940571e-02
   7.3511497e-01  -7.3443394e-01   2.1540086e+00  -1.9150731e-02   1.7227994e-02  -1.7793138e-02
   7.4680715e-01  -6.8853447e-01   2.1183249e+00  -1.8638209e-02   1.6484763e-02  -1.8376879e-02
   7.1811213e-01  -7.3148446e-01   2.5855522e+00  -1.7388911e-02   1.6676467e-02  -1.9583943e-02
   7.4574286e-01  -7.3391722e-01   2.5483550e+00  -1.6562940e-02   1.7293924e-02  -1.9679892e-02
   8.0471550e-01  -7.6940804e-01   2.6741382e+00  -1.5896388e-02   1.7806499e-02  -1.9258216e-02
   8.0236265e-01  -7.1500237e-01   2.4286825e+00  -1.8458551e-02   1.6474714e-02  -2.0138025e-02
   8.4003840e-01  -1.0487959e+00   4.0003771e+00  -2.1103581e-02   1.4999923e-02  -2.2108740e-02
   7.4197855e-01  -1.2918162e+00   4.9609195e+00  -2.1995093e-02   1.2201092e-02  -2.1898375e-02
   7.7561730e-01  -1.3467718e+00   4.7738011e+00  -2.1653246e-02   1.2199732e-02  -2.1884409e-02
   8.1525455e-01  -1.3999528e+00   4.8996062e+00  -2.1791900e-02   1.2782051e-02  -2.2012764e-02
   8.3100209e-01  -1.4119606e+00   4.8735680e+00  -2.1176400e-02   1.2820323e-02  -2.1992951e-02
   8.5147929e-01  -1.4344506e+00   4.9334879e+00  -2.1726445e-02   1.2257637e-02  -2.2256217e-02
   8.6405000e-01  -1.4156182e+00   4.8584255e+00  -2.1836060e-02   1.1209334e-02  -2.1729833e-02
   8.8254322e-01  -1.4769556e+00   4.7812115e+00  -2.3645593e-02   9.7323287e-03  -2.1342370e-02
   8.5818527e-01  -1.4338623e+00   4.7349728e+00  -2.5213520e-02   8.4234691e-03  -2.1228968e-02
   9.1513590e-01  -1.4310566e+00   4.6938910e+00  -2.1847272e-02   9.5435714e-03  -2.0368812e-02
   8.1101578e-01  -1.3274270e+00   4.5724327e+00  -2.1260624e-02   8.6987700e-03  -1.9024139e-02
   9.0590124e-01  -1.2653141e+00   4.3207876e+00  -1.9030411e-02   1.0689490e-02  -1.7020202e-02
   1.0256432e+00  -1.2422701e+00   4.2476120e+00  -1.8652551e-02   1.4466525e-02  -1.6038585e-02
   1.0705674e+00  -1.2431244e+00   4.2778495e+00  -1.8591073e-02   1.4850256e-02  -1.4632416e-02
   1.1145121e+00  -1.2205141e+00   4.3170294e+00  -1.9009928e-02   1.5951512e-02  -1.4328147e-02
   1.1707741e+00  -1.1937943e+00   4.1958220e+00  -1.5906923e-02   1.4931522e-02  -1.3914745e-02
   1.2304456e+00  -1.2530606e+00   4.5542008e+00  -1.1009480e-02   1.4872569e-02  -1.4631740e-02
   1.1893636e+00  -1.2947725e+00   4.8021415e+00  -1.4374055e-02   1.5701669e-02  -1.5543914e-02
   1.0376707e+00  -1.3754774e+00   4.8551992e+00  -1.4058451e-02   1.1995845e-02  -1.9586194e-02
   8.1288224e-01  -1.6814967e+00   5.4577609e+00  -1.4614292e-02   1.0355804e-02  -2.3612707e-02
   7.9124682e-01  -2.0662609e+00   5.9090639e+00  -1.2251994e-02   1.0926573e-02  -2.5730252e-02
   8.2526375e-01  -2.1671691e+00   5.8142307e+00  -1.3363149e-02   1.2163631e-02  -2.6228279e-02
   8.4871614e-01  -2.1962469e+00   5.8383276e+00  -1.2963823e-02   1.1838402e-02  -2.5707019e-02
   8.4658678e-01  -2.1886255e+00   5.6945716e+00  -1.6181726e-02   1.2398206e-02  -2.6221233e-02
   8.3542666e-01  -2.0881220e+00   5.6047605e+00  -1.5621884e-02   1.1667698e-02  -2.6529318e-02
   8.5398071e-01  -2.1993803e+00   5.6467785e+00  -1.5726820e-02   1.2374721e-02  -2.7563874e-02
   8.4556697e-01  -2.1003392e+00   5.5841542e+00  -1.4494075e-02   1.1697903e-02  -2.7478219e-02
   8.2386777e-01  -2.1711277e+00   5.6047578e+00  -1.6108837e-02   1.0933432e-02  -2.7970532e-02
   7.8915087e-01  -2.0830334e+00   5.6881896e+00  -1.4033385e-02   9.4122148e-03  -2.7517580e-02
   8.6253484e-01  -2.2228131e+00   5.7706591e+00  -1.5327600e-02   1.1604550e-02  -2.8463727e-02
   8.1429650e-01  -1.6531207e+00   5.3900384e+00  -1.1894042e-02   7.3411927e-03  -2.7025348e-02
   6.2514412e-01  -1.8034822e+00   5.6133469e+00  -1.0268458e-02   6.5538361e-03  -2.6518053e-02
   6.9452987e-01  -1.7700344e+00   5.1771759e+00  -6.2663329e-03   7.4947025e-03  -2.3226121e-02
   1.0911487e+00  -1.0091980e+00   3.2213151e+00   2.9111639e-03   1.2700623e-02  -1.5334608e-02
   1.1003504e+00  -8.7404386e-01   2.7681993e+00   3.6620695e-03   1.7408397e-02  -1.3232948e-02
   1.0608064e+00  -7.6820248e-01   3.0348885e+00   5.2601518e-03   1.8519049e-02  -1.3249520e-02
