   0.0000000e+00   0.0000000e+00  -7.1054274e-15   0.0000000e+00   0.0000000e+00   0.0000000e+00
  -9.5073008e-03   1.5746612e-02  -2.3102320e-02   3.3541564e-05  -8.5238794e-05   1.5297556e-04
  -1.4200201e-02  -1.8373455e-03  -4.1469900e-02  -3.6669988e-04   3.2025528e-04   1.5023604e-04
  -1.5998336e-02   2.5728167e-02  -2.2748034e-02  -2.2395815e-04   2.6314266e-04   1.8809856e-04
  -3.5386186e-03   5.1533455e-02  -6.4816801e-02  -7.0301568e-04   4.9508958e-04   2.8127611e-04
   8.3629126e-03   1.0929238e-02  -5.6630614e-02  -6.4551679e-04   4.8828872e-04   3.7679409e-04
  -2.0743882e-02   2.9873122e-02  -4.7131017e-02  -1.3613781e-04   7.2095288e-05   1.6708608e-04
  -2.3701338e-02   2.2552413e-02  -7.1565477e-02  -3.7888579e-04   1.4024077e-04   1.2925620e-04
  -1.3494045e-02   4.3091748e-02  -3.6470097e-02  -3.8558416e-04   9.2413203e-05   1.8505612e-04
  -8.9912884e-03   7.2348291e-02  -3.4579281e-02  -1.0973617e-04   1.3296252e-04   1.7055691e-04
  -5.8629672e-03   3.7138058e-02  -5.1339035e-02  -5.6010346e-04   5.0617566e-04   1.5379182e-04
  -1.5468065e-02   3.3715898e-02  -4.6244514e-02  -3.4745492e-05   3.2688033e-04   2.4343100e-04
  -1.6534600e-02   6.1336980e-02  -5.7222424e-02   2.6601137e-04   3.4698678e-04   1.4123082e-04
  -2.4112408e-02   3.4432035e-02  -3.6877660e-02  -2.3461226e-04   3.1692665e-04   1.1303314e-04
  -2.6496927e-02   5.3120928e-02  -1.2595613e-02   3.5703284e-04   4.1469176e-04   1.7749797e-04
  -2.7323898e-02   7.3435055e-02  -3.3303017e-02   2.6281062e-04   2.5267190e-04   1.1119717e-04
  -3.1082623e-02   3.5954570e-02  -2.0073957e-02   9.3997401e-05   2.5590171e-04   1.8100850e-04
  -4.0137432e-02   8.4146408e-02  -1.3514108e-02   4.6801748e-04   3.8335379e-05   1.4064140e-04
  -4.2874361e-02   5.7530451e-02  -2.6938133e-02  -2.8210817e-04   5.3301085e-05   1.1981831e-04
  -3.6503927e-02   6.0305322e-02  -1.4368344e-03   2.3002421e-04   1.0824647e-04   3.0422655e-05
  -4.2351122e-02   7.3595864e-02  -4.5242278e-02   2.3264861e-05   2.3079703e-05   1.9582868e-05
  -5.6606702e-02   4.7630041e-02  -2.2189193e-02   3.5983945e-05  -8.8314995e-05  -1.3507861e-05
  -7.3535832e-02   8.3834743e-02  -1.8757959e-02  -1.0526676e-04  -2.5129890e-06  -8.0493763e-05
  -7.1948224e-02   7.9497353e-02  -2.6224204e-02  -2.5490206e-04  -5.0988223e-05  -1.1310117e-04
  -5.2757140e-02   4.5335274e-02  -1.3273779e-02  -5.1854263e-04  -3.3997068e-04  -1.3845449e-05
  -3.3571597e-02   9.8626677e-02  -4.4570526e-02  -1.4660101e-04  -2.9566856e-04   2.0179425e-04
  -2.3104195e-02   7.4903239e-02  -7.2026205e-02  -3.7316879e-04  -5.4070082e-05   3.8936666e-04
  -3.5167329e-02   9.0222129e-02  -3.1257432e-02   1.2878700e-04  -4.5326701e-04   3.9873565e-04
  -4.8484603e-02   1.0119193e-01  -3.4618020e-02   5.5227351e-04  -2.4273405e-04   3.4308010e-04
  -3.0763320e-02   4.2409825e-02   3.0468062e-03   2.2789024e-05  -9.9258069e-05   2.3343064e-04
  -3.2560886e-02   7.9264104e-02  -6.9178510e-03  -2.8142361e-05  -1.2832224e-04   7.4741554e-05
  -3.9355382e-02   5.0690505e-02  -1.6284522e-02   3.0375979e-04  -2.5945637e-04  -2.3659350e-05
  -4.7146706e-02   5.6378901e-02   1.6313959e-02   4.3696535e-04  -2.1468831e-04  -8.5436919e-05
  -6.1776895e-02   1.1205164e-01   1.8742984e-02   1.1726412e-03  -2.0258035e-04  -1.3281824e-04
  -5.7690457e-02   7.4334174e-02  -6.9241591e-03   5.1550109e-04  -2.0626724e-04  -1.4749561e-04
  -5.2702227e-02   6.4319073e-02  -2.0914871e-02  -8.7884537e-06  -3.5753021e-04  -2.8198720e-04
  -6.3861579e-02   8.4797943e-02  -3.6685654e-02   3.9018683e-04  -5.7402011e-04  -2.9704709e-04
  -6.6533334e-02   6.4530404e-02  -4.3412063e-02   1.8299644e-05  -6.9536052e-04  -2.7570299e-04
  -6.2591626e-02   5.0228627e-02  -2.7981269e-02   3.9786290e-04  -7.4303886e-04  -4.1641713e-04
  -7.4050138e-02   8.9431184e-02  -1.8536945e-02   5.0605782e-04  -7.5877955e-04  -4.6469885e-04
  -6.7049625e-02   3.9860348e-02  -4.0144448e-02   1.6250061e-04  -6.5693336e-04  -5.1569525e-04
  -6.1310909e-02   5.4904685e-02  -2.9221182e-02   3.0108145e-04  -7.6871689e-04  -4.7074552e-04
  -7.5043762e-02   8.5306783e-02  -5.9742015e-02   2.3594813e-04  -7.1956458e-04  -5.1080512e-04
  -8.4653164e-02   8.0472997e-02  -2.5024087e-02   3.4758421e-04  -7.2956435e-04  -3.6550437e-04
  -8.6206215e-02   9.9497125e-02  -2.3138825e-02   4.9657928e-04  -7.0485870e-04  -2.6390507e-04
  -7.6062836e-02   8.2492943e-02  -3.1689125e-02   5.5855441e-04  -7.6633529e-04  -3.3934933e-04
  -6.4122845e-02   5.0925845e-02  -2.7655242e-02   6.8316412e-04  -8.8891581e-04  -3.4810951e-04
  -7.1625579e-02   8.1151014e-02  -3.9385040e-02   5.9577018e-04  -1.1954938e-03  -4.7273563e-04
  -7.3633292e-02   6.4269988e-02  -7.2738249e-02   5.9292658e-04  -1.1325668e-03  -6.8559584e-04
  -6.5035510e-02   6.4540389e-02   2.2309878e-03   1.0744773e-03  -1.5005601e-03  -5.5731071e-04
  -6.1176355e-02   9.8996915e-02  -3.4949746e-02   1.1708780e-03  -1.3658629e-03  -5.2057664e-04
  -4.9165665e-02   7.1287538e-02  -8.5855775e-02   4.3782048e-05  -1.1244394e-03  -5.5661562e-04
  -5.9205991e-02   8.3415680e-02  -6.2054475e-02   9.0708487e-04  -1.2117751e-03  -3.8107127e-04
  -6.7804425e-02   9.4310441e-02  -4.6058042e-02   1.4299063e-04  -1.0890699e-03  -5.1795825e-04
  -4.7997725e-02   4.5924884e-02  -4.0037898e-02   5.5013817e-04  -8.1829317e-04  -2.9731860e-04
  -5.4356487e-02   4.4506003e-02  -9.1033863e-02  -1.3895615e-03  -9.3634147e-04  -1.5996992e-04
  -7.3186381e-02   6.4741316e-02  -4.3360992e-02  -1.9458546e-03  -8.8332334e-04  -6.5072517e-04
  -9.2454477e-02   8.3626354e-02  -5.1266490e-02  -1.8433133e-03  -1.3936437e-03  -6.3900212e-04
  -8.3160216e-02   7.5769157e-02   3.4442991e-03  -1.0742194e-03  -1.4222430e-03  -9.5410466e-04
  -6.9096117e-02   4.6066274e-02   4.2816783e-02  -1.1709297e-03  -1.4564548e-03  -9.9384282e-04
  -6.9580223e-02   7.1523118e-02   1.3544653e-02  -8.0327091e-04  -1.4104132e-03  -1.0286279e-03
  -7.7347804e-02   4.1146062e-02  -1.8532561e-02  -1.3428252e-03  -1.4675694e-03  -1.1003358e-03
  -8.1116611e-02   6.4674388e-02   1.7138472e-02  -5.4635410e-04  -1.3895982e-03  -1.0500921e-03
  -8.7940908e-02   7.7693137e-02  -2.4699775e-02  -9.4575575e-04  -1.4502082e-03  -1.1900193e-03
  -8.9279003e-02   6.2305489e-02  -1.5052212e-02  -1.2826216e-03  -1.7071812e-03  -1.0327867e-03
  -9.7282272e-02   1.1217395e-01  -5.1355893e-02  -1.2200306e-03  -1.7100190e-03  -1.1179791e-03
  -8.6351376e-02   5.8883572e-02  -7.9645997e-02  -1.4281778e-03  -1.7535714e-03  -1.0833903e-03
  -9.3928893e-02   6.1991823e-02  -7.0999865e-02  -1.4048223e-03  -1.6078780e-03  -9.6328842e-04
  -1.0208786e-01   1.1924594e-01  -6.4948086e-02  -1.4431950e-03  -1.8102880e-03  -9.6113444e-04
  -8.5272021e-02   8.0137633e-02  -7.7472267e-02  -1.8517213e-03  -1.6232179e-03  -1.2019015e-03
  -7.9803802e-02   5.4315580e-02  -3.3182528e-02  -1.7681644e-03  -1.6913809e-03  -1.1800148e-03
  -7.9222379e-02   1.0229796e-01  -3.3880129e-02  -1.0771018e-03  -1.7566044e-03  -1.2223908e-03
  -7.9135980e-02   7.5455519e-02  -5.0292232e-02  -1.6874065e-03  -1.5184145e-03  -1.0973719e-03
  -7.9102654e-02   1.0181964e-01  -6.6631703e-03  -6.8280630e-04  -1.6716373e-03  -1.1975960e-03
  -6.8299763e-02   9.3441248e-02   6.0495551e-03  -4.6738991e-04  -1.6567112e-03  -9.2151585e-04
  -6.7593355e-02   4.6386677e-02  -1.3602913e-02  -1.7112468e-03  -1.5756165e-03  -1.2241407e-03
  -7.2880077e-02   9.8616280e-02  -3.8348229e-02  -8.6851755e-04  -1.5466694e-03  -1.0480951e-03
  -8.0927238e-02   1.1351763e-01  -4.9710724e-02  -2.0283970e-03  -1.7579621e-03  -6.5817007e-04
  -8.8145757e-02   9.2765381e-02  -4.4795732e-02  -1.2318977e-03  -2.0749701e-03  -6.7220755e-04
  -8.0604780e-02   7.9636182e-02  -6.5157347e-02  -1.9221099e-03  -1.9620825e-03  -8.5064295e-04
  -9.3221909e-02   5.0176011e-02  -3.7065643e-02  -1.9921572e-03  -2.5441913e-03  -9.4756257e-04
  -1.8498493e-01   1.0961842e-01   3.6294296e-02  -7.4535531e-03  -4.0759100e-03  -2.2174854e-03
  -1.5505735e-01   7.0173665e-02   2.0247932e-02  -6.0837839e-03  -3.1881362e-03  -2.2829067e-03
  -1.4963888e-01   6.1744841e-02  -2.1935068e-02  -5.1894437e-03  -3.2669807e-03  -2.0840739e-03
  -1.5020649e-01   1.1668592e-01   3.1690580e-02  -4.7481399e-03  -2.9677064e-03  -2.2970746e-03
  -1.4178133e-01   6.1473594e-02  -8.9914313e-03  -5.0230427e-03  -2.9787725e-03  -2.2997021e-03
  -1.3166561e-01   9.4931487e-02   8.2031336e-03  -4.7256256e-03  -2.9449386e-03  -1.9808054e-03
  -1.3757041e-01   1.1834065e-01  -4.4167954e-02  -4.7440722e-03  -2.8062314e-03  -2.0191181e-03
  -1.3095515e-01   8.0299864e-02   1.8077058e-02  -5.0118775e-03  -2.7056881e-03  -1.9894362e-03
  -1.3559646e-01   9.3396435e-02  -2.5141853e-02  -4.9870019e-03  -2.9799108e-03  -2.1866354e-03
  -1.3644667e-01   8.1350266e-02   3.6337444e-02  -4.5421017e-03  -2.6097290e-03  -2.1592392e-03
  -1.4028947e-01   9.5551227e-02   1.7457100e-02  -5.1858602e-03  -2.7050823e-03  -2.0144637e-03
  -1.3416275e-01   1.1360072e-01  -1.1953611e-02  -4.5619460e-03  -2.6079158e-03  -1.9001528e-03
  -1.4460490e-01   6.9617130e-02  -1.9229360e-02  -4.8876600e-03  -2.7677252e-03  -2.2228389e-03
  -1.6388939e-01   1.2267181e-01   4.7133672e-03  -4.2237481e-03  -2.8896383e-03  -2.0756115e-03
  -1.6002154e-01   8.8911057e-02  -4.3945204e-02  -4.7827154e-03  -2.6641715e-03  -2.3828332e-03
  -1.5342981e-01   8.9356570e-02   2.5967818e-02  -5.0121094e-03  -2.8342488e-03  -2.2831912e-03
  -1.5502793e-01   1.2080151e-01  -5.1771815e-02  -5.1087394e-03  -2.8921440e-03  -2.2257543e-03
  -1.5201494e-01   7.3256812e-02  -6.7222511e-02  -5.2616878e-03  -2.9282761e-03  -1.9736613e-03
  -1.2055354e-01   8.0148809e-02  -7.1973739e-02  -4.2100699e-03  -2.2235582e-03  -2.2760768e-03
  -3.8495975e-02   1.2236466e-01  -1.3694555e-01  -2.6587017e-03  -1.1446164e-03  -1.4096375e-03
  -8.9759386e-02   1.8464498e-01  -1.2013898e-02  -4.1050767e-03  -1.2142612e-03  -3.0107641e-04
  -5.8249852e-02   3.5216014e-02  -5.4038209e-02  -3.1620818e-03  -9.0125828e-04  -1.2826181e-03
  -7.4873307e-02   1.1929731e-01  -4.1058486e-02  -2.9092143e-03  -1.6906661e-03  -1.2321443e-03
  -4.6258943e-02   3.9646735e-02   1.6083810e-02  -2.6243261e-03  -8.0012787e-04  -1.5838570e-03
  -5.8374004e-02   8.9473312e-02  -4.1709300e-02  -3.0233594e-03  -1.4575366e-03  -1.3435755e-03
  -5.6538880e-02   5.2227981e-02  -5.8964092e-02  -3.1089595e-03  -1.2127172e-03  -1.3949553e-03
  -8.6536337e-02   8.0749264e-02  -2.4704753e-02  -3.1555836e-03  -1.5918813e-03  -1.3441694e-03
  -6.2156278e-02   8.9171848e-02  -3.9046053e-02  -2.8349310e-03  -9.4782400e-04  -1.2548813e-03
  -8.1567641e-02   5.7635321e-02  -3.1275027e-03  -2.9093844e-03  -1.3956063e-03  -1.3755638e-03
  -5.8693332e-02   1.0374868e-01  -2.1693697e-03  -2.1707406e-03  -6.1410665e-04  -1.3189804e-03
  -6.1294811e-02   9.3783618e-02  -3.3931481e-02  -3.2981588e-03  -9.0983320e-04  -8.8490997e-04
  -6.4984192e-02   8.9915422e-02   5.6522385e-03  -2.2188167e-03  -6.4907287e-04  -1.0692141e-03
  -8.8637468e-02   1.2060584e-01  -3.6388824e-02  -2.7670954e-03  -1.3532005e-03  -1.3663009e-03
  -7.5074969e-02   7.5438285e-02   1.4680438e-02  -2.3063936e-03  -6.4122568e-04  -1.5931492e-03
  -8.2955247e-02   1.0255341e-01  -4.3333511e-03  -2.7026879e-03  -1.2783822e-03  -1.5661230e-03
  -4.6658159e-02   1.1365018e-01  -1.0924482e-03  -1.9477011e-03  -5.3234848e-05  -1.4353823e-03
  -6.9380948e-02   9.3589585e-02  -3.9335046e-02  -3.2175736e-03  -1.0348690e-03  -1.5254773e-03
  -4.3972660e-02   1.3082757e-01  -8.7453235e-03  -1.9378302e-03  -2.4096772e-05  -1.1644603e-03
  -7.7657693e-02   1.2295996e-01  -1.1659218e-01  -3.9554637e-03  -9.3244606e-04  -1.3131740e-03
  -5.3741581e-02   1.1407517e-01  -2.1284365e-02  -2.4133854e-03   2.3922967e-04  -1.2633743e-03
  -1.0688335e-01   1.5601037e-01  -8.3171715e-02  -3.9276536e-03  -1.5074865e-03  -1.2461082e-03
  -2.4161333e-02   1.1899619e-01   5.4661101e-02  -8.2749494e-04   1.5656737e-03  -9.7773329e-04
  -4.4794440e-01   8.6862268e-02  -7.5668368e-01  -1.6777912e-02  -1.2129823e-02  -4.2756584e-03
  -6.2958506e-01   1.8087119e-02  -1.4010824e+00  -3.2816696e-02  -1.6225775e-02  -4.4709193e-03
  -4.1680968e-01   5.0935948e-02  -8.1095829e-01  -2.2190703e-02  -8.8753067e-03  -2.6558166e-03
  -4.4940960e-01   1.1491841e-01  -9.2190954e-01  -2.2695431e-02  -1.0936717e-02  -2.5550876e-03
  -3.7217111e-01   9.6866446e-02  -7.2576656e-01  -2.0520640e-02  -8.2137574e-03  -2.2923371e-03
  -4.2022368e-01   1.3119592e-01  -6.7706218e-01  -2.0225987e-02  -9.8405133e-03  -2.6322372e-03
