   0.0000000e+00   3.5527137e-15   0.0000000e+00   0.0000000e+00   0.0000000e+00   0.0000000e+00
  -4.3766121e-03  -5.9214373e-03  -2.0842034e-03  -3.8707555e-04   1.5622060e-05  -2.7383604e-04
  -2.0783711e-02  -2.5818804e-02   2.8660097e-02  -4.6379909e-04  -4.1066871e-06  -1.8388991e-04
  -2.4214689e-02  -2.6957444e-02   1.2333397e-02  -4.1404650e-04  -2.1690374e-05   1.3084559e-04
  -2.4652287e-02  -2.4474210e-02   2.0078043e-02  -2.2141804e-04  -6.2605601e-05   7.6865333e-05
  -2.2011561e-02  -1.1248344e-02   3.4138371e-02  -2.2547456e-06   3.4705680e-05  -1.9663405e-04
  -2.5374316e-02   2.9888292e-04  -2.4310457e-03  -2.7458488e-04   5.2722399e-05   2.2169473e-05
  -2.0510315e-02   5.0365479e-04   1.2628382e-02  -1.4702990e-04  -2.3392235e-04  -9.7759707e-05
  -1.2645185e-02   7.4864464e-03  -2.6778522e-02  -2.8380036e-04  -1.4486056e-04   2.3124170e-06
  -1.0241656e-02  -1.3187426e-02  -2.0742915e-02  -2.2953784e-04  -4.1767616e-04  -1.1015297e-05
  -2.4280687e-02   3.1235407e-03  -2.6738446e-02  -4.9606078e-04  -3.4561020e-04  -2.9924431e-04
  -2.8056178e-02  -1.5970269e-03  -3.1915985e-02  -1.2261644e-04  -5.5759736e-04  -2.0498497e-04
  -2.4956992e-02  -1.2956997e-02  -4.2834213e-02   6.3677344e-05  -1.0246337e-03  -2.3419111e-04
  -2.4320858e-02   1.4722417e-02  -3.2601603e-02  -5.7081387e-05  -7.0796414e-04  -5.4980022e-04
  -2.1767015e-02   3.7632260e-02  -3.8397629e-02  -1.5092084e-04  -1.1207492e-03  -5.5512566e-04
  -3.3991608e-02   1.8385791e-02  -2.3549616e-02   2.5946109e-05  -1.0655621e-03  -7.0080043e-04
  -4.2526335e-02   2.0365806e-02  -1.2729173e-02  -8.8206367e-05  -1.0624908e-03  -8.3433405e-04
  -4.5977608e-02   3.0422583e-02  -4.5934018e-02   1.1119964e-04  -1.5441105e-03  -8.5579624e-04
  -5.6710523e-02   4.6690963e-02  -1.9535970e-02   4.0891917e-05  -1.4095120e-03  -1.6305819e-03
  -6.1544183e-02   4.1967144e-02   2.1859681e-04   1.9963168e-04  -1.8799869e-03  -1.8861528e-03
  -5.2086163e-02   8.9058165e-03   1.1292355e-02   4.6285816e-04  -2.3125794e-03  -2.3147346e-03
  -8.6216591e-02  -9.2115097e-03   1.5585576e-01   2.8402723e-03  -1.3357747e-03  -2.0000013e-03
  -9.5457051e-02   4.8012531e-02   9.2706213e-02   2.0769378e-03  -9.4152482e-04  -1.9262458e-03
  -7.7691998e-02   3.0223941e-03   6.5213924e-02   1.7484333e-03  -6.5663562e-04  -2.4129564e-03
  -7.9391318e-02   4.0002097e-02   6.6931169e-02   1.5090538e-03  -1.2224634e-03  -2.4064137e-03
  -7.2745223e-02   6.7683266e-03   5.8007115e-02   1.4166803e-03  -1.0448294e-03  -2.9236229e-03
  -9.8567594e-02   3.4937355e-03   6.8780275e-02   1.5719036e-03  -1.1222736e-03  -2.8312282e-03
  -9.0474717e-02   1.1135806e-02   2.4350851e-02   1.8631824e-03  -1.5589772e-03  -3.0292888e-03
  -1.0139835e-01   3.0435489e-02   4.1951794e-02   2.0797468e-03  -1.5431940e-03  -3.1434386e-03
  -1.0448358e-01   5.4634809e-02   1.0211670e-02   1.9162504e-03  -1.7389903e-03  -3.1016990e-03
  -1.0483105e-01   2.9720658e-02   1.5839601e-02   1.7919380e-03  -2.0418044e-03  -3.3047960e-03
  -1.0931864e-01   4.0565052e-02   1.4572592e-02   2.0001388e-03  -2.1777241e-03  -3.7471059e-03
  -1.1699950e-01   4.1022226e-02  -1.0441860e-02   1.8391608e-03  -2.0796844e-03  -3.7157438e-03
  -1.1525481e-01   2.8243813e-02  -1.5354907e-02   1.6242246e-03  -2.1244551e-03  -3.9905814e-03
  -1.0591066e-01   2.7468007e-02  -2.8756364e-02   1.3797479e-03  -2.3261259e-03  -4.2820688e-03
  -1.1787239e-01   5.3938233e-02  -3.4872489e-02   8.3681615e-04  -2.4548801e-03  -4.4606367e-03
  -1.1244749e-01   7.9650137e-04  -3.0690769e-02   1.3325124e-03  -2.4730139e-03  -4.5908965e-03
  -1.1875237e-01   5.1922699e-02  -5.1349259e-02   9.8793048e-04  -2.3926377e-03  -4.9932431e-03
  -1.2576519e-01   4.4841536e-02  -6.0623550e-02   9.7094861e-04  -2.8903815e-03  -5.0143189e-03
  -1.2246688e-01   3.4760877e-02  -8.0829404e-02   1.0646210e-03  -2.8096037e-03  -5.5318732e-03
  -1.2567038e-01   5.8955389e-02  -7.5788832e-02   9.1210654e-04  -2.7049560e-03  -5.5821561e-03
  -1.3089972e-01   5.4134076e-02  -8.9786446e-02   9.3055770e-04  -2.6604516e-03  -5.7631605e-03
  -1.1640075e-01   4.5437848e-02  -1.1346256e-01   1.0322966e-03  -3.2691266e-03  -5.6829918e-03
  -1.1452185e-01   8.9768241e-02  -1.7666444e-01   7.9631221e-04  -3.1425807e-03  -6.3646686e-03
  -1.0137945e-01   7.2723280e-02  -1.5964704e-01   9.7473448e-04  -3.3202811e-03  -5.8982929e-03
  -9.6303926e-02   5.1441592e-02  -1.0826655e-01   1.0764894e-03  -3.7584124e-03  -5.3516085e-03
  -8.9809290e-02   5.2384257e-02  -9.6461058e-02   1.1156548e-03  -3.4445470e-03  -5.6829579e-03
  -8.9829562e-02   6.6356531e-02  -1.4962462e-01   8.9300527e-04  -4.0255850e-03  -5.9572978e-03
  -8.6351430e-02   7.7480799e-02  -1.2476298e-01   7.6266547e-04  -3.7296928e-03  -5.9817066e-03
  -8.7765678e-02   7.3439019e-02  -1.2321268e-01   7.8813734e-04  -3.6455912e-03  -5.4934884e-03
  -9.0174240e-02   6.3927242e-02  -1.5700733e-01   6.2276527e-04  -3.5597619e-03  -5.2998334e-03
  -9.5747786e-02   7.0067502e-02  -1.5488670e-01   8.4606332e-04  -3.3718011e-03  -5.8583490e-03
  -9.8713955e-02   8.9368261e-02  -2.1615288e-01   9.9689579e-04  -3.6650059e-03  -5.9539355e-03
  -9.4561588e-02   9.1901508e-02  -1.9031940e-01   1.2333032e-03  -3.7128449e-03  -5.7697325e-03
  -9.6347418e-02   1.0870656e-01  -1.9285044e-01   9.2379305e-04  -3.4355433e-03  -5.9692800e-03
  -9.8950473e-02   8.1512757e-02  -2.1629879e-01   7.1099081e-04  -3.4571936e-03  -6.0097478e-03
  -8.4995129e-02   8.6450135e-02  -2.3543429e-01   8.9192724e-04  -3.5995777e-03  -5.5032403e-03
  -9.3145908e-02   1.0747459e-01  -2.3210470e-01   1.2440783e-03  -3.5261600e-03  -5.6605020e-03
  -9.5758309e-02   1.2110401e-01  -2.4662567e-01   1.4731919e-03  -3.5768668e-03  -5.2713209e-03
  -1.0776163e-01   1.2657388e-01  -2.0529065e-01   1.4449978e-03  -3.5660759e-03  -5.5727824e-03
  -1.0211313e-01   1.1181351e-01  -2.0022482e-01   1.4652105e-03  -3.7797961e-03  -5.9683581e-03
  -1.0249813e-01   1.2137218e-01  -2.0070138e-01   1.5761494e-03  -3.6421103e-03  -6.1773068e-03
  -1.0411919e-01   1.1656448e-01  -2.5006720e-01   1.7342889e-03  -3.7942574e-03  -6.2152150e-03
  -9.5108838e-02   1.2976205e-01  -2.1745137e-01   1.9526054e-03  -3.9931423e-03  -6.2479980e-03
  -1.0116920e-01   1.3185523e-01  -2.1754959e-01   1.8782677e-03  -3.9370523e-03  -6.5571230e-03
  -1.0047859e-01   1.4695103e-01  -2.3717112e-01   1.8706724e-03  -3.8305230e-03  -6.6688872e-03
  -1.1211138e-01   1.3421581e-01  -2.4794595e-01   1.9913020e-03  -3.9412000e-03  -6.4631433e-03
  -1.1055384e-01   1.2729060e-01  -2.2145270e-01   2.3924775e-03  -3.7415230e-03  -6.5051688e-03
  -1.1561627e-01   1.2721007e-01  -2.1629439e-01   2.1131248e-03  -3.9432054e-03  -6.7208729e-03
  -1.1552124e-01   1.1542308e-01  -1.8934220e-01   2.1658708e-03  -3.9650671e-03  -6.6449472e-03
  -1.2047294e-01   1.2216179e-01  -1.1628313e-01   2.6816631e-03  -2.9206724e-03  -7.1429198e-03
  -1.3887535e-01   1.1684942e-01  -1.3920972e-01   2.4097696e-03  -2.9926438e-03  -7.3359194e-03
  -1.2904803e-01   9.1488750e-02  -1.4588406e-01   2.4812517e-03  -3.0609061e-03  -7.5234396e-03
  -1.3230609e-01   1.0991401e-01  -1.2870391e-01   2.5672733e-03  -3.0224520e-03  -7.6982977e-03
  -1.3579063e-01   9.1285782e-02  -1.5527823e-01   3.1722704e-03  -3.2543818e-03  -7.5642370e-03
  -1.4115665e-01   1.0782427e-01  -1.8771756e-01   3.0537902e-03  -2.7813747e-03  -7.6322979e-03
  -1.3260903e-01   1.2806032e-01  -2.0428487e-01   3.2277534e-03  -2.8662666e-03  -7.4618442e-03
  -1.2861210e-01   1.3940113e-01  -2.0029703e-01   3.2012120e-03  -2.9133915e-03  -7.7562824e-03
  -1.2319718e-01   1.4453347e-01  -2.0273238e-01   2.9291329e-03  -2.5240407e-03  -7.5801766e-03
  -1.2923049e-01   1.4419356e-01  -2.2349626e-01   3.0394335e-03  -2.4966951e-03  -7.6043196e-03
  -1.2618228e-01   1.3367690e-01  -2.0126123e-01   3.5416920e-03  -2.6393078e-03  -7.8280040e-03
  -1.1832253e-01   1.8120189e-01  -2.0017978e-01   3.0766356e-03  -2.4880959e-03  -7.7185614e-03
  -1.2318200e-01   1.5814832e-01  -2.0526592e-01   3.1625536e-03  -2.5051208e-03  -7.8988136e-03
  -1.2177184e-01   1.3889270e-01  -2.2475322e-01   3.3222600e-03  -2.4676658e-03  -7.9709039e-03
  -1.2725290e-01   1.6047209e-01  -2.1633076e-01   3.2690563e-03  -2.3991574e-03  -7.9015361e-03
  -1.1470241e-01   1.3752971e-01  -2.4452313e-01   3.3970101e-03  -2.1540147e-03  -7.6376643e-03
  -1.0544571e-01   1.3681096e-01  -2.4888713e-01   3.9865501e-03  -2.2718654e-03  -7.2093046e-03
  -1.1365374e-01   1.4892157e-01  -2.4799413e-01   4.0027217e-03  -2.1599089e-03  -6.9796518e-03
  -1.2043202e-01   1.6614715e-01  -2.4081151e-01   4.1747442e-03  -1.9545829e-03  -6.8684150e-03
  -1.1681390e-01   1.6875887e-01  -2.7020867e-01   4.4067148e-03  -2.0928187e-03  -6.6591332e-03
  -1.2047427e-01   1.5316320e-01  -2.5899245e-01   4.5654237e-03  -2.2660079e-03  -6.7945118e-03
  -1.1538683e-01   1.5742124e-01  -2.5069442e-01   4.5208518e-03  -2.2396183e-03  -6.7940429e-03
  -1.1423520e-01   1.4970719e-01  -2.6754952e-01   4.9087545e-03  -2.1815385e-03  -6.8376866e-03
  -1.1358736e-01   1.6375913e-01  -2.6064084e-01   4.4219698e-03  -2.5321006e-03  -7.0348949e-03
  -1.1832996e-01   1.6376673e-01  -2.0007268e-01   4.6863879e-03  -1.6446200e-03  -6.0461659e-03
  -1.1989961e-01   1.7815567e-01  -2.5475756e-01   3.7767648e-03  -1.5558775e-03  -6.0066528e-03
  -1.2189940e-01   1.2463011e-01  -2.7868697e-01   3.7835259e-03  -1.8981702e-03  -6.7794130e-03
  -1.1325170e-01   1.5580345e-01  -2.7853287e-01   3.4482444e-03  -1.6069406e-03  -6.7740315e-03
  -1.2124636e-01   1.1596421e-01  -2.9584660e-01   3.5348103e-03  -2.0742517e-03  -6.5608103e-03
  -1.3097730e-01   1.3027763e-01  -2.6006763e-01   3.6277666e-03  -1.5726202e-03  -6.3658043e-03
  -1.5133918e-01   1.3913426e-01  -3.1984564e-01   3.4662503e-03  -1.6928519e-03  -6.3002015e-03
  -1.3894578e-01   1.3816174e-01  -2.9079951e-01   3.4738221e-03  -1.6507922e-03  -6.7269860e-03
  -1.3706485e-01   1.5304663e-01  -2.8155741e-01   3.5753067e-03  -1.6694777e-03  -6.9730287e-03
  -1.4402330e-01   1.3056108e-01  -3.0359954e-01   3.5313103e-03  -2.1689305e-03  -7.6463114e-03
  -1.5025212e-01   1.3816761e-01  -2.8854126e-01   3.3872520e-03  -1.9207726e-03  -7.9175637e-03
  -1.5382431e-01   1.6090968e-01  -2.9747269e-01   3.5471259e-03  -2.0247979e-03  -7.6771837e-03
  -1.4547088e-01   1.4575337e-01  -2.9430076e-01   3.3486807e-03  -2.1330173e-03  -7.6105645e-03
  -1.5402921e-01   1.6889411e-01  -3.0870185e-01   3.0728520e-03  -1.9570123e-03  -7.7502044e-03
  -1.5144396e-01   1.6168898e-01  -3.0566220e-01   3.0888065e-03  -1.8593873e-03  -7.7441287e-03
  -1.6081098e-01   1.5285865e-01  -2.9687379e-01   3.3614843e-03  -2.1177049e-03  -7.8397244e-03
  -1.6667635e-01   1.7573250e-01  -2.9437814e-01   3.2113003e-03  -2.0290035e-03  -7.8722341e-03
  -1.6422267e-01   1.5313797e-01  -3.1827418e-01   3.0691970e-03  -2.2242651e-03  -8.2174678e-03
  -1.5091654e-01   1.4881663e-01  -3.5333394e-01   3.1879400e-03  -2.3972812e-03  -8.1451784e-03
  -1.6213048e-01   1.7741601e-01  -3.5553228e-01   3.1482438e-03  -2.3196782e-03  -8.1363496e-03
  -1.6145564e-01   1.6039456e-01  -3.8697116e-01   3.2542073e-03  -2.0285373e-03  -7.9721888e-03
  -1.5273700e-01   1.3190258e-01  -3.7967611e-01   3.7073362e-03  -1.9422674e-03  -8.0220253e-03
  -1.5200870e-01   1.5122510e-01  -3.8147156e-01   3.9212638e-03  -2.0048983e-03  -7.9903209e-03
  -1.4585865e-01   1.6642649e-01  -3.9360462e-01   4.0406424e-03  -1.7282047e-03  -8.0099261e-03
  -1.3028220e-01   1.4594612e-01  -3.7617558e-01   4.3745263e-03  -2.3326388e-03  -7.9451056e-03
  -1.3585225e-01   1.5464947e-01  -3.4898459e-01   4.8020000e-03  -2.0439752e-03  -7.9019422e-03
  -1.5430799e-01   1.3249850e-01  -3.9370046e-01   4.8475241e-03  -2.4480064e-03  -7.8735446e-03
  -1.4622143e-01   1.5504076e-01  -3.6940197e-01   4.9661093e-03  -2.5460544e-03  -8.0557538e-03
  -1.3707762e-01   1.6188019e-01  -3.5631638e-01   5.2702655e-03  -2.0809696e-03  -7.7361071e-03
  -1.4245480e-01   1.6436231e-01  -3.7678353e-01   5.0620389e-03  -2.4313444e-03  -7.8364496e-03
  -1.4168171e-01   1.3352399e-01  -3.3435671e-01   5.1228524e-03  -1.4896740e-03  -7.5594358e-03
  -1.4276710e-01   1.8053140e-01  -3.0491218e-01   6.0301106e-03  -1.5583827e-04  -7.0986616e-03
  -1.2977594e-01   1.4519576e-01  -3.3183588e-01   5.6170766e-03  -2.3797310e-04  -6.8215228e-03
  -1.4683603e-01   1.3572437e-01  -2.9551333e-01   5.1259441e-03  -2.6912961e-05  -6.8451062e-03
  -1.3449891e-01   1.2015773e-01  -2.6172039e-01   4.4425710e-03   8.7890188e-04  -5.8636340e-03
  -1.4155454e-01   1.4715642e-01  -2.5316470e-01   4.4616148e-03   1.7659802e-03  -5.4825246e-03
  -1.2244329e-01   1.0218523e-01  -2.5405931e-01   5.2532986e-03   1.7748877e-03  -4.4399184e-03
  -1.5424712e-01   1.9755202e-01  -1.4106579e-01   5.0364101e-03   4.2948949e-03  -4.4933855e-03
  -1.5554779e-01   8.9154392e-02  -1.4920003e-01   5.4130382e-03   4.9304756e-03  -4.8901314e-03
  -1.3111548e-01   1.5633094e-02  -1.5324421e-01   5.0031526e-03   4.3924586e-03  -3.6405408e-03
  -1.4643583e-01   1.5214236e-01  -1.4834247e-01   4.2549387e-03   4.9271938e-03  -3.4210923e-03
  -1.1915256e-01   4.4055799e-02  -1.4539888e-01   4.9105698e-03   4.2353224e-03  -2.5620359e-03
  -1.2459509e-01   1.2990179e-01  -1.9693987e-01   4.2514988e-03   3.8548530e-03  -2.4514472e-03
  -1.2397378e-01   1.0500812e-01  -1.8783302e-01   3.9974994e-03   4.0768133e-03  -2.1427412e-03
  -1.2300842e-01   9.3099679e-02  -1.7146295e-01   3.7977945e-03   4.2378358e-03  -2.2396191e-03
  -1.1700947e-01   8.0672662e-02  -1.7055727e-01   3.7222690e-03   4.3056790e-03  -2.0794715e-03
  -1.2929060e-01   1.2706414e-01  -1.4401796e-01   3.6172875e-03   4.4159790e-03  -2.2282459e-03
