   0.0000000e+00   0.0000000e+00   0.0000000e+00   0.0000000e+00   0.0000000e+00   0.0000000e+00
  -1.1847915e-01  -3.0764560e-01   9.2276610e-01   3.0776201e-02   3.0649076e-03  -1.3996026e-03
   6.8894524e-02  -4.6041337e-02   1.1836109e+00   4.0382761e-02   8.4151183e-03   7.8415263e-03
  -6.5243823e-03   6.0036712e-02   2.9886257e-01   1.3759009e-02   7.0072351e-03   4.7846404e-03
  -1.8399220e-02  -3.8157572e-02   5.0636318e-01   2.0308699e-02   5.8137309e-03   2.0275596e-03
  -1.0411287e-02  -3.9094944e-03   3.2989000e-01   1.4447654e-02   5.2227525e-03   2.0212941e-03
  -4.8440834e-02  -2.7778561e-02   4.3931516e-01   1.7860524e-02   5.3287499e-03   8.4999406e-04
  -2.6468961e-04   2.2479450e-02   3.3424505e-01   1.4364552e-02   5.4240381e-03   2.2603539e-03
  -8.9930878e-03   2.3913069e-02   3.6872539e-01   1.6764759e-02   4.7088064e-03   2.0861594e-04
   5.8316631e-03   3.6700438e-02   2.9259534e-01   1.3928721e-02   5.0362209e-03   1.1040257e-03
  -2.6060220e-02   9.7417019e-03   3.6680577e-01   1.6044481e-02   3.6752664e-03  -1.0340010e-03
  -1.7002430e-02   4.9688303e-02   3.6309892e-01   1.4674316e-02   3.6283902e-03  -3.2923532e-03
  -1.6249137e-02   2.4853990e-02   3.8183119e-01   1.6074117e-02   5.2565961e-03  -2.1931763e-03
  -1.0525527e-02   6.9240561e-02   3.1079369e-01   1.4412381e-02   5.3037463e-03  -1.5919865e-03
   3.1337590e-03   2.9294048e-02   3.0197722e-01   1.5261982e-02   5.2499628e-03  -1.9455679e-03
   4.7545571e-02   5.1056257e-02   2.6774662e-01   1.3760153e-02   5.7296269e-03  -3.8571204e-04
   1.3576241e-02   4.8216539e-02   3.1561363e-01   1.4530262e-02   5.5481437e-03  -8.4848349e-04
   4.3900083e-02   7.0051022e-02   3.0385939e-01   1.3819933e-02   5.8856482e-03  -6.8028215e-04
   5.3589226e-02   5.9879406e-02   2.9413926e-01   1.5051593e-02   6.4244489e-03  -4.8583583e-04
   3.8275171e-02   7.1521553e-02   2.4291292e-01   1.3888038e-02   6.7359456e-03  -4.3789560e-04
   6.6138180e-02   5.9891317e-02   2.9690189e-01   1.4104036e-02   6.6183129e-03   2.6051022e-05
   8.0581847e-02   7.6592312e-02   2.8669217e-01   1.1945446e-02   6.5967793e-03   1.9330499e-03
   7.6181580e-02   4.4216394e-02   3.0379647e-01   1.3880581e-02   7.7537196e-03   2.3615523e-03
   8.1180485e-02   7.5163999e-02   2.3952790e-01   1.2873865e-02   7.7206789e-03   1.4330375e-03
   8.1602906e-02   6.4132603e-02   2.4291928e-01   1.3827933e-02   8.4929876e-03   2.1043523e-03
   1.0800497e-01   4.4428471e-02   1.3429372e-01   1.2621150e-02   7.7416089e-03   2.4354891e-03
   1.3452838e-01   4.2552773e-02   1.8524542e-01   1.3690507e-02   6.4712231e-03   2.8278669e-03
   8.4602010e-02   9.4059012e-02   3.0225289e-01   1.3043151e-02   7.5254476e-03   3.0794952e-03
   8.7366411e-02   5.5350138e-02   2.3318224e-01   1.3780058e-02   7.6058970e-03   2.9023119e-03
   9.8029997e-02   7.2222743e-02   2.9706840e-01   1.2883063e-02   7.8898730e-03   3.4133717e-03
   2.0267819e-02  -3.1760364e-03   2.1711132e-01   1.4137789e-02   7.3006503e-03   1.1051391e-03
   8.6905561e-02   5.4361771e-02   3.0255788e-01   1.3786322e-02   6.0357246e-03  -1.5216073e-04
   6.3109478e-02   5.1292438e-02   2.2354865e-01   1.4887401e-02   4.4306491e-03  -3.3958339e-03
  -2.8146879e-03   1.0863406e-01   2.7389473e-01   1.3978035e-02   5.8826995e-03  -2.6709273e-03
   2.3769319e-03   6.9514897e-02   1.8983519e-01   1.4377836e-02   7.0774126e-03  -1.6078830e-03
  -2.4169595e-03   1.3750069e-01   2.0460320e-01   1.3396745e-02   7.0443626e-03  -1.6258924e-03
   3.5427399e-02   8.3208765e-02   1.0863088e-01   1.3801964e-02   7.3764731e-03  -1.3534828e-03
   4.4073420e-02   1.4829248e-01   2.1532282e-01   1.3924293e-02   7.2860588e-03  -1.3242824e-03
  -9.2056741e-03  -6.6093066e-03   4.1651458e-01   2.4749086e-02   8.1618209e-03  -1.9932608e-03
   3.7951490e-02   6.8433138e-02   3.4136930e-01   1.8885376e-02   8.7717373e-03  -5.7904538e-04
   3.8190006e-02   8.5739612e-02   2.0908416e-01   1.7252840e-02   7.7855128e-03  -1.6225408e-03
   4.0494799e-02   9.8691236e-02   2.9322513e-01   1.7441737e-02   7.5555068e-03  -2.7176003e-03
   1.1385540e-02   6.9311606e-02   1.8208048e-01   1.7704455e-02   7.5170991e-03  -2.6121170e-03
   4.3766115e-02   9.6905816e-02   2.5345877e-01   1.7095911e-02   8.0843283e-03  -1.6923125e-03
   2.5872961e-02   7.8139215e-02   9.6781794e-02   1.7240721e-02   7.4562192e-03  -2.2267735e-03
   2.4319142e-02   1.2994881e-01   2.7304462e-01   1.6872270e-02   6.8048501e-03  -3.4755270e-03
   3.2937334e-02   2.6399293e-02   6.8851922e-02   1.7201828e-02   8.1247671e-03  -2.0768666e-03
   4.9099018e-02   1.2127990e-01   3.3110064e-01   1.6350234e-02   7.6041717e-03  -2.3958566e-03
  -2.7069841e-02  -1.5941533e-02  -5.9545741e-02   1.7049617e-02   7.4646951e-03  -3.4647422e-03
   1.1966807e-01   2.3230442e-01   8.8119687e-01   1.3802708e-02   7.2184676e-03  -4.3082777e-04
   1.5936456e-01  -3.2074694e-02  -1.3283971e-01   1.9028725e-02   7.9842602e-03  -8.6874480e-04
   9.4373557e-02  -1.7359364e-01  -4.6844371e-01   1.6618252e-02   7.5538872e-03   1.2439583e-03
   1.5728876e-01   2.1131411e-01   5.1535184e-01   1.3350506e-02   7.9900039e-03   1.8492925e-03
   1.1393135e-01   5.2067605e-02   1.4159979e-01   1.6242881e-02   8.1787587e-03   2.2385194e-03
   1.3819555e-01   8.3906293e-02   4.4762171e-01   1.6252909e-02   7.7511030e-03   1.7951158e-03
   1.1408342e-01   5.5589957e-02   2.0900380e-01   1.5737309e-02   7.4691808e-03   2.1055197e-03
   1.3144574e-01   1.3481016e-01   3.7532737e-01   1.5594541e-02   7.5041451e-03   1.2790610e-03
   9.6153265e-02   1.3219893e-01   2.8379966e-01   1.5639141e-02   7.3830800e-03  -3.5998813e-04
   9.3584814e-02   1.4202878e-01   3.9157363e-01   1.5417544e-02   8.1408812e-03   4.7153815e-04
   8.2777022e-02   1.3248479e-01   2.6780447e-01   1.5082507e-02   7.7691697e-03  -1.1033650e-04
   7.5361580e-02   1.4105056e-01   3.1169987e-01   1.5154599e-02   8.3639677e-03  -1.1178564e-04
   9.3127765e-02   1.5984042e-01   3.9337879e-01   1.4557536e-02   8.0888838e-03   4.3016012e-04
   7.2796198e-02   1.7434907e-01   5.1197931e-01   1.5647852e-02   7.9247287e-03  -6.2066610e-04
   1.0180204e-01   8.8099666e-02   3.0017198e-01   1.5501384e-02   8.5289674e-03   1.0324540e-03
   1.1165857e-01   1.3178006e-01   3.4674891e-01   1.5765860e-02   8.3746598e-03   2.8975892e-04
   8.5203147e-02   1.2663385e-01   2.3724439e-01   1.5307790e-02   8.6870963e-03   2.3890062e-04
   9.4268806e-02   1.6304103e-01   2.8736013e-01   1.5197445e-02   8.4937091e-03  -5.7742478e-04
   9.5099025e-02   1.5023202e-01   2.4759653e-01   1.3965763e-02   8.9818748e-03   4.7248798e-04
   9.0928848e-02   1.7898012e-01   3.2655220e-01   1.4407596e-02   8.3225512e-03  -3.3933620e-04
   8.3130753e-02   1.5082742e-01   1.9014231e-01   1.4672603e-02   9.0532754e-03  -4.8971040e-05
   9.4972433e-02   1.6798868e-01   2.7890986e-01   1.4905719e-02   9.2435371e-03  -5.0954188e-05
   8.5085342e-02   1.6079946e-01   1.8371623e-01   1.4923049e-02   9.6069016e-03   1.2842561e-04
   1.3232489e-01   1.6085346e-01   2.3421389e-01   1.4471060e-02   9.7246837e-03   1.1359848e-03
   1.1523775e-01   1.5997753e-01   1.5005458e-01   1.4537942e-02   9.6238981e-03   1.0626816e-03
   1.3300687e-01   1.8002706e-01   2.9023392e-01   1.5671605e-02   9.4650433e-03   9.5947301e-04
   2.1916628e-01   1.4602670e-01   4.1991400e-01   1.4170946e-02   9.2966320e-03   2.6308305e-03
   2.8046457e-01   1.2697333e-01   5.2324533e-01   1.0602178e-02   7.5897799e-03   3.5165588e-03
   2.2609805e-01   1.3197564e-01   2.5392591e-01   1.1708574e-02   7.5142641e-03   2.3901587e-03
   2.0728711e-01   2.0327965e-01   3.4445650e-01   1.2881512e-02   8.2472126e-03   2.3795979e-03
   2.0085899e-01   1.3871043e-01   2.5579849e-01   1.3081304e-02   9.0536928e-03   1.6866112e-03
   2.0881509e-01   7.8212838e-02   3.2061977e-01   1.4427571e-02   1.0635440e-02   2.1211740e-03
   1.9328042e-01   1.8640932e-01   2.7869640e-01   1.2284020e-02   1.1471183e-02   3.6979648e-03
   1.9405727e-01   1.8366180e-01   4.1148349e-01   1.4210240e-02   1.0148688e-02   1.8011357e-03
   1.8308652e-01   2.0465929e-01   3.1427438e-01   1.3189870e-02   1.0614785e-02   2.3156477e-03
   2.1083153e-01   1.9284788e-01   3.5881734e-01   1.3560722e-02   7.7818173e-03   1.2266045e-03
   1.8927051e-01   1.5805752e-01   4.0247844e-01   1.6408155e-02   6.1808911e-03  -2.1708958e-03
   2.1974856e-01   1.7094217e-01   3.9069318e-01   1.4378271e-02   9.1148795e-03   6.3325450e-04
   2.2954259e-01   1.7554427e-01   3.0642784e-01   1.4186988e-02   8.9238791e-03   9.5758537e-04
   2.2522144e-01   1.8061692e-01   3.4343849e-01   1.3213274e-02   9.5067368e-03   1.4287518e-03
   2.2522238e-01   1.6198970e-01   2.3289762e-01   1.3088822e-02   9.6356957e-03   8.3190110e-04
   2.2571522e-01   1.8174951e-01   3.2306996e-01   1.2722733e-02   1.0106835e-02   1.1095113e-03
   2.2163096e-01   1.9419676e-01   2.2825045e-01   1.3020542e-02   9.4509333e-03   5.4305526e-04
   1.8247393e-01   2.3940193e-01   3.2305665e-01   1.3102238e-02   8.1287391e-03  -1.8757092e-03
   1.9213682e-01   2.1008623e-01   1.7683698e-01   1.3232976e-02   1.0111106e-02   1.0081546e-04
   2.0134443e-01   2.1792417e-01   2.6647645e-01   1.2417491e-02   9.6039510e-03  -1.3845263e-04
   2.0038884e-01   2.0699513e-01   1.4024300e-01   1.2511365e-02   9.7610090e-03   2.9640694e-04
   2.0635873e-01   2.2709341e-01   2.5951125e-01   1.1947671e-02   9.2372118e-03  -1.0915829e-03
   1.1059599e-01   2.6173009e-01   1.2159161e-01   1.2054779e-02   9.0089268e-03  -2.0685412e-03
   1.9639841e-01   1.5412830e-01   3.2279076e-01   1.1794532e-02   9.5922313e-03  -1.3099412e-03
   3.1567098e-01  -1.4752700e-01  -2.6586023e-01  -1.2618363e-03   1.0971555e-02   1.0358613e-03
   2.6835035e-01   3.9431919e-01   3.4963939e-01   1.3614472e-03   8.4258137e-03   2.9598263e-03
   2.0949151e-01   6.3135262e-02   4.2338638e-03   9.8753381e-03   7.8035985e-03   2.3207346e-03
   2.0399203e-01   3.5962685e-02  -3.9074859e-02   1.2908395e-02   9.1942517e-03   4.0113599e-03
   2.4868688e-01   1.1971578e-01  -9.0300548e-02   1.2419529e-02   8.3810536e-03   1.4788491e-03
   1.8432095e-01   6.6589560e-02  -4.2351601e-01   1.1828110e-02   8.5671375e-03   2.6128498e-03
   1.9137208e-01   8.8593351e-02  -3.4964934e-01   1.3285042e-02   6.1947350e-03   1.5948845e-03
   1.7396930e-01   4.8423329e-02  -5.4964171e-01   1.3715123e-02   8.2711569e-03   2.0944023e-03
   1.9051664e-01   9.9592477e-02  -4.1339636e-01   1.2982298e-02   7.4811875e-03   2.1382977e-03
   1.5597726e-01   6.2053265e-02  -5.1583912e-01   1.3398359e-02   7.9444175e-03   1.5673960e-03
   1.6215428e-01   8.7741956e-02  -4.5320058e-01   1.3315363e-02   7.5687046e-03   1.3903706e-03
   1.6021289e-01   5.9114814e-02  -6.0590070e-01   1.3125139e-02   8.2571149e-03   2.1897543e-03
   1.5706183e-01   5.6501939e-02  -5.5903221e-01   1.3723162e-02   6.8024797e-03   7.6579016e-04
   1.5852289e-01   6.2408636e-02  -5.4855938e-01   1.3748054e-02   7.8845621e-03   1.2311792e-03
   1.6491960e-01   1.2504345e-01  -3.2769841e-01   1.2532881e-02   7.4446412e-03   1.4245749e-03
   1.7116866e-01   7.5029184e-02  -4.1451402e-01   1.3320744e-02   7.7545697e-03   1.5893473e-03
   1.6886411e-01   1.3179725e-01  -4.5280170e-01   1.3180712e-02   8.0526118e-03   1.9212840e-03
   1.5800856e-01   9.8245281e-02  -4.9065183e-01   1.3571213e-02   7.7531163e-03   8.4313606e-04
   1.4936809e-01   1.1737727e-01  -4.2801042e-01   1.3602367e-02   7.4185520e-03   1.7741320e-04
   1.5666818e-01   8.0770211e-02  -4.4750961e-01   1.3746382e-02   7.2554599e-03   1.8433446e-04
   1.8709457e-01   1.0449120e-01  -3.8331875e-01   1.3658142e-02   7.4617776e-03   9.1792732e-04
   2.0244624e-01   8.1322453e-02  -4.6399393e-01   1.3347666e-02   7.8760784e-03   6.9143278e-04
   2.2115526e-01   1.3209173e-01  -5.1757611e-01   1.3278166e-02   8.1262049e-03   2.6831705e-04
   1.9536321e-01   7.1197647e-02  -5.5097878e-01   1.3902666e-02   8.0610938e-03   6.1084326e-04
   2.0014347e-01   1.3079360e-01  -3.1749754e-01   1.5059003e-02   8.3664654e-03   7.9474584e-04
   2.1990480e-01   7.5940755e-02  -3.3437144e-01   1.4503485e-02   7.0711613e-03   1.1658526e-03
   2.9575445e-01   1.3954204e-01  -1.1835792e-01   1.2450523e-02   6.0059280e-03   1.5324044e-03
   1.1266579e-02   6.6101273e-02   5.4980565e-01   1.3525783e-02   7.5012703e-03   5.2750906e-03
   4.7643177e-02  -1.9058723e-01  -3.0062617e-01   1.9200564e-02   8.9608033e-03   5.0105387e-03
  -1.4545702e-01  -6.8369827e-01  -6.9319400e-01   5.1972303e-02   8.7219044e-03  -1.6761373e-03
