   0.0000000e+00   0.0000000e+00   0.0000000e+00   0.0000000e+00   0.0000000e+00   0.0000000e+00
  -3.4357870e-03   2.9164058e-02  -2.1691864e-02  -1.1442097e-03   3.0461234e-04   5.7424578e-05
   1.6859530e-02   3.9200198e-02   4.7030955e-03  -1.3228494e-03  -1.1452166e-05  -1.7742263e-04
   2.2259516e-02   5.7634121e-02   3.2636643e-02  -1.2770562e-03  -3.4547278e-04  -9.0846950e-06
   3.6564187e-02   6.4253411e-02   2.4957176e-02  -1.1619178e-03  -2.9033856e-04   1.2406734e-04
   3.7317648e-02   5.2675747e-02   7.9564732e-03  -1.8673887e-03  -5.7764679e-04   1.8093054e-04
   2.7381938e-02   6.8635550e-02   5.8066613e-02  -1.8612615e-03  -1.8118882e-04   1.6765282e-04
   3.6139262e-02   9.9346866e-02   8.6414841e-04  -2.4213992e-03  -5.0808799e-04   1.9627787e-04
   2.5214096e-02   1.2256599e-01  -2.4368436e-02  -2.8744792e-03  -4.4767619e-04   4.7253513e-04
   1.0228738e-02   1.1738815e-01   1.7961575e-02  -3.0189310e-03  -4.0486334e-04   5.8743709e-04
   1.3080952e-02   1.2990079e-01   1.2407306e-02  -2.9478215e-03  -4.1101923e-04   7.5745773e-04
   1.9038386e-02   1.4670248e-01  -4.5439479e-02  -4.0462076e-03  -4.3613710e-04   8.0524842e-04
   1.1526078e-02   1.6163928e-01  -1.6284342e-03  -4.1193487e-03  -3.4544380e-04   9.1625207e-04
   1.0464300e-02   1.6023522e-01  -1.3866590e-02  -3.9003415e-03  -3.1219965e-04   1.0975525e-03
   1.5470370e-02   1.6894960e-01  -4.2903551e-02  -4.0018870e-03  -3.4099685e-04   1.0178600e-03
   3.3115479e-02   1.6310790e-01  -7.8296440e-03  -3.9654860e-03  -6.1330760e-04   8.2788493e-04
   2.9304733e-02   1.6520950e-01   2.6813801e-03  -3.9635068e-03  -4.7799811e-04   9.4065904e-04
   1.2744768e-02   1.7068826e-01  -4.8370520e-02  -4.3259000e-03  -3.4831432e-04   1.1477582e-03
   2.1311660e-02   1.6761083e-01  -6.4585015e-02  -4.7238633e-03  -5.5664466e-04   1.0822312e-03
   2.9230209e-02   1.9213035e-01  -6.5685934e-02  -5.1344165e-03  -7.2535423e-04   9.5195284e-04
   2.9963824e-02   1.9531985e-01  -9.6695401e-02  -4.9383302e-03  -5.7701450e-04   1.0757347e-03
   3.7406307e-02   1.8788032e-01  -1.3797982e-01  -5.4973949e-03  -6.1548062e-04   9.1935922e-04
   4.2658860e-02   1.8944606e-01  -6.0707827e-02  -5.0561185e-03  -5.5417688e-04   1.1079723e-03
   7.4853056e-02   2.0201472e-01  -7.4393677e-02  -4.8092161e-03  -6.4093164e-04   8.6366257e-04
   6.9158030e-02   1.7604060e-01  -7.6112302e-02  -5.2262141e-03  -6.3698496e-04   8.6623192e-04
   5.6175788e-02   1.7928052e-01  -1.2997171e-01  -5.4547521e-03  -8.5040844e-04   9.7683617e-04
   5.0918074e-02   1.7296752e-01  -1.6493892e-01  -5.1360490e-03  -7.8737478e-04   9.7346674e-04
   6.4365244e-02   1.7464875e-01  -1.4721745e-01  -5.3069782e-03  -7.7641699e-04   7.7798431e-04
   8.0221064e-02   1.9327677e-01  -1.0322783e-01  -5.6351485e-03  -9.5497248e-04   5.0996251e-04
   8.6463476e-02   1.9059030e-01  -8.2928903e-02  -5.2244538e-03  -9.4100499e-04   4.8895365e-04
   7.4810729e-02   2.0604724e-01  -1.1068944e-01  -5.3505816e-03  -8.4609353e-04   5.1517635e-04
   5.6363223e-02   1.7687656e-01  -1.1651195e-01  -5.3102468e-03  -5.6232489e-04   5.1949609e-04
   4.8059398e-02   1.9342274e-01  -5.3944234e-02  -4.8379925e-03  -3.8494360e-04   4.8259922e-04
   3.4157974e-02   1.9643834e-01  -2.8887086e-02  -4.4117514e-03   2.0271836e-04   4.5962958e-04
   2.6198877e-02   2.0467447e-01  -2.3669702e-02  -4.8845612e-03   5.0864327e-04   3.1711055e-04
   2.6809052e-02   1.9876763e-01   1.5249481e-02  -4.5267745e-03   6.4148053e-04   2.1273329e-04
   4.4966302e-03   2.2474504e-01  -3.0848358e-02  -4.9495865e-03   1.3037738e-03   2.6296893e-04
  -2.0123921e-02   2.2873541e-01  -1.9345010e-02  -5.4018067e-03   2.2176015e-03   6.5639570e-05
  -1.6997715e-02   2.3059181e-01   1.0492396e-02  -5.0994060e-03   2.2883559e-03   1.5556100e-04
  -2.7261612e-02   2.3891430e-01  -4.0838888e-02  -5.4581109e-03   2.4273620e-03   2.6848336e-04
  -2.5234260e-02   2.4252937e-01  -3.1040303e-02  -5.8823124e-03   2.3413788e-03   1.3895114e-04
  -2.4269843e-02   2.2980658e-01  -2.7478092e-02  -5.5689556e-03   2.3653088e-03   7.8639818e-05
  -3.8599892e-02   2.4423573e-01  -6.7067090e-02  -5.7305650e-03   2.7309800e-03   1.3695327e-04
  -4.1992092e-02   2.5702966e-01  -3.5649275e-02  -5.7635069e-03   3.2446347e-03  -9.3199374e-05
  -4.3484966e-02   2.6451308e-01  -2.5600055e-02  -5.9337522e-03   3.4183443e-03  -1.3037762e-04
  -4.5538488e-02   2.7690853e-01  -7.9902017e-02  -6.3336679e-03   3.8594926e-03  -1.1298419e-04
  -4.1200658e-02   2.5253443e-01  -3.9182547e-02  -6.2657299e-03   3.6828432e-03  -2.1488775e-04
  -3.2455065e-02   2.6357158e-01  -4.3410049e-02  -6.0017492e-03   3.7141053e-03  -2.0226730e-04
  -2.2347829e-02   2.7756418e-01  -8.3518417e-02  -6.5677943e-03   3.6235358e-03  -4.0242741e-04
  -1.1489461e-02   2.4469382e-01  -1.8530671e-02  -6.0178014e-03   3.4092401e-03  -4.2936298e-04
  -1.2593233e-02   2.5808229e-01  -5.0201409e-02  -5.8164939e-03   3.5823318e-03  -3.9614095e-04
  -1.4663667e-02   2.5908721e-01  -3.8777222e-02  -6.2715606e-03   3.7177384e-03  -5.6007586e-04
  -3.2388206e-02   2.3882654e-01  -5.9985233e-02  -6.0676620e-03   4.0804832e-03  -4.4188760e-04
  -3.7700626e-02   2.5404818e-01  -9.5374670e-02  -6.3862976e-03   4.4054202e-03  -5.4269492e-04
  -3.3680338e-02   2.3203721e-01  -4.4090669e-02  -6.1581072e-03   4.2298798e-03  -6.3211083e-04
  -4.9700558e-02   2.4714019e-01  -4.3418459e-02  -5.9189072e-03   4.5429010e-03  -4.6654804e-04
  -3.1887154e-02   2.5026741e-01  -6.1508161e-02  -6.4577483e-03   4.3512636e-03  -8.3596500e-04
  -3.1694987e-02   2.3404508e-01  -2.7439160e-02  -6.0133614e-03   4.2647490e-03  -9.4346075e-04
  -1.4219875e-02   2.6454139e-01  -5.9331309e-02  -6.2322817e-03   4.0629203e-03  -1.2978713e-03
   5.2787656e-03   2.7083551e-01  -2.0641360e-03  -6.2933314e-03   3.9948621e-03  -1.8532993e-03
   4.6504820e-03   2.9888111e-01  -3.4540071e-02  -6.6251026e-03   4.0755401e-03  -1.9950054e-03
   9.4269792e-03   3.0868260e-01  -6.2779953e-02  -7.1869470e-03   3.8828073e-03  -2.1151540e-03
   3.1210901e-02   2.9040729e-01  -3.2007623e-02  -6.8955101e-03   4.0565216e-03  -2.4747684e-03
   2.6203238e-02   2.9945870e-01  -3.7943426e-02  -6.8659156e-03   4.1139122e-03  -2.3901331e-03
   2.6561644e-02   2.9589894e-01  -9.7847795e-02  -7.6210486e-03   4.0686167e-03  -2.5809093e-03
   1.8945702e-02   3.0880727e-01  -6.5915338e-02  -7.4303358e-03   3.9695109e-03  -2.4552480e-03
   2.0589271e-02   3.2157719e-01  -8.5890718e-02  -7.4152746e-03   3.8815493e-03  -2.4325001e-03
   2.1572917e-02   2.8796273e-01  -1.2878214e-01  -7.5398267e-03   3.9748276e-03  -2.6324489e-03
   2.5105583e-02   3.0496956e-01  -9.3533587e-02  -7.6796177e-03   3.6725354e-03  -2.7556910e-03
   3.5623107e-02   2.8328732e-01  -7.5923931e-02  -6.8929281e-03   3.7165630e-03  -2.8467519e-03
   4.6602078e-02   2.9843436e-01  -1.0955758e-01  -7.1912312e-03   3.7581746e-03  -2.9521361e-03
   4.8345975e-02   2.9681383e-01  -8.6716528e-02  -7.2744349e-03   3.6846698e-03  -3.1166354e-03
   5.5867109e-02   2.9953283e-01  -5.1798240e-02  -7.1302867e-03   3.6998289e-03  -3.2234235e-03
   4.6529227e-02   3.0895741e-01  -8.1352517e-02  -6.9955480e-03   3.7235130e-03  -3.0444408e-03
   5.2869947e-02   2.8471030e-01  -3.1191174e-02  -6.5131132e-03   3.6914827e-03  -3.1522781e-03
   6.8645765e-02   3.2977865e-01  -6.8870155e-02  -7.2595467e-03   3.7057581e-03  -3.3303466e-03
   7.2716822e-02   3.2002641e-01  -6.9869678e-02  -7.2456482e-03   3.7309488e-03  -3.5430702e-03
   7.2237266e-02   3.0543537e-01  -2.3094201e-02  -7.2864145e-03   3.6412253e-03  -3.4224430e-03
   8.5532816e-02   3.0094645e-01  -8.0980714e-03  -6.5102114e-03   3.6062390e-03  -3.4767226e-03
   8.2243308e-02   2.9206829e-01   1.5097113e-02  -6.7595527e-03   3.4143056e-03  -3.5602820e-03
   6.5620782e-02   3.1215955e-01  -2.0599030e-02  -7.0524455e-03   3.5530519e-03  -3.3806069e-03
   5.8103530e-02   3.2128172e-01  -3.3695962e-02  -7.1031039e-03   3.4696364e-03  -3.3716680e-03
   4.8412439e-02   3.2029634e-01  -3.7977986e-02  -7.3373452e-03   3.6296507e-03  -3.3761833e-03
   5.7170406e-02   3.2907121e-01  -1.5417374e-02  -7.0273874e-03   3.5189995e-03  -3.4996158e-03
   4.7090023e-02   3.5802502e-01  -4.1271929e-02  -7.3114312e-03   3.7366077e-03  -3.2609837e-03
   4.9534354e-02   3.3778382e-01  -4.0971039e-02  -7.4615258e-03   3.8817639e-03  -3.4603184e-03
   5.2622842e-02   3.4543962e-01  -2.7243507e-02  -7.7699276e-03   3.7945252e-03  -3.4044097e-03
   4.4782669e-02   3.5332394e-01  -3.5970986e-02  -7.6060841e-03   4.0449065e-03  -3.4889843e-03
   4.6649862e-02   3.4260678e-01  -7.5899145e-02  -8.1746594e-03   4.0152568e-03  -3.5724664e-03
   4.6720278e-02   3.4800816e-01  -3.0900759e-02  -8.1518594e-03   4.0262106e-03  -3.5257162e-03
   4.6380733e-02   3.4168486e-01  -6.6328832e-04  -7.6640796e-03   4.2480702e-03  -3.5015775e-03
   3.7313490e-02   3.2942707e-01  -3.3302907e-02  -7.8732966e-03   4.8103274e-03  -3.5245405e-03
   2.3821199e-02   3.5433274e-01   7.6450906e-03  -8.1272598e-03   4.8998898e-03  -3.5389437e-03
   3.6203214e-02   3.2700623e-01   2.6686281e-02  -7.8655658e-03   4.9722740e-03  -3.6526744e-03
   2.8089312e-02   3.5395121e-01  -7.3703710e-03  -8.3381430e-03   4.9314162e-03  -3.5641069e-03
   1.7278742e-02   3.7219286e-01  -3.6738987e-02  -8.9010543e-03   4.9608928e-03  -3.5657883e-03
   1.8265846e-02   3.8297127e-01  -1.3648229e-03  -8.8676123e-03   5.1511662e-03  -3.6570739e-03
   2.1502369e-02   3.7474427e-01  -2.4910135e-02  -8.7269973e-03   5.2471346e-03  -3.7375167e-03
   3.7324732e-02   3.6814479e-01  -3.7408022e-02  -9.1110781e-03   5.3155806e-03  -4.0793973e-03
   4.9700543e-02   3.8400902e-01   4.1326945e-02  -8.5219609e-03   5.0483187e-03  -4.0421111e-03
   4.1671430e-02   3.8332022e-01   3.8306193e-02  -8.2982817e-03   4.9983171e-03  -3.7845852e-03
   4.0282815e-02   3.9701744e-01  -3.4201400e-02  -9.4947093e-03   5.0835348e-03  -3.7978492e-03
   5.2419956e-02   4.1386089e-01  -1.7266154e-02  -9.6134338e-03   5.1341987e-03  -4.1382609e-03
   5.2690607e-02   4.0502908e-01  -6.1616929e-03  -9.6901897e-03   5.2981385e-03  -4.0157584e-03
   4.7805094e-02   3.9353511e-01  -2.4783311e-02  -9.5893187e-03   5.6717229e-03  -3.9329358e-03
   4.8663711e-02   3.9546887e-01  -5.7465443e-02  -9.9590906e-03   5.4567404e-03  -4.0242486e-03
   4.4885271e-02   4.0606635e-01  -3.7702987e-02  -9.9613359e-03   5.5558557e-03  -4.0039957e-03
   3.1969870e-02   4.1078445e-01  -5.9903230e-02  -1.0393544e-02   5.5074974e-03  -3.6561003e-03
   8.7302092e-03   4.0615594e-01  -9.9127519e-02  -1.0796729e-02   5.7908891e-03  -3.2175692e-03
  -1.4447249e-02   4.0767633e-01  -9.5455964e-02  -1.1117836e-02   6.2852500e-03  -2.8021821e-03
  -1.0397121e-02   3.9695628e-01  -6.4748742e-02  -1.0926416e-02   6.2620526e-03  -2.7453255e-03
  -2.6353207e-02   4.1418811e-01  -1.1079232e-01  -1.1269539e-02   6.5746743e-03  -2.6615194e-03
  -3.7100423e-02   4.0673684e-01  -1.5987332e-01  -1.1723844e-02   6.7883622e-03  -2.6425168e-03
  -4.1878249e-02   4.2060170e-01  -1.3343567e-01  -1.1950277e-02   6.7284207e-03  -2.3182879e-03
  -6.5554893e-02   4.3352431e-01  -1.3251290e-01  -1.1657294e-02   7.0642840e-03  -1.9873272e-03
  -6.9822154e-02   4.3536723e-01  -1.6928327e-01  -1.2105361e-02   7.0309673e-03  -1.9631239e-03
  -8.5076083e-02   4.2886466e-01  -1.2632227e-01  -1.1947725e-02   7.4179340e-03  -1.6363345e-03
  -9.7579671e-02   4.3597281e-01  -1.5150613e-01  -1.2046661e-02   7.5423109e-03  -1.2849575e-03
  -1.0218086e-01   4.2279620e-01  -2.0544395e-01  -1.2300019e-02   7.6618087e-03  -1.2449697e-03
  -9.9448095e-02   4.2813288e-01  -1.5730934e-01  -1.2271602e-02   7.9987712e-03  -1.2955139e-03
  -9.6843036e-02   4.2732757e-01  -1.3678801e-01  -1.2052020e-02   8.0921638e-03  -1.2904634e-03
  -8.8032232e-02   4.3202925e-01  -1.8537574e-01  -1.2517531e-02   8.1817331e-03  -1.4034995e-03
  -9.1903027e-02   4.1756583e-01  -1.4484886e-01  -1.2376667e-02   7.9348725e-03  -1.3752513e-03
  -9.1165797e-02   4.2505548e-01  -1.0822118e-01  -1.1811852e-02   7.8937898e-03  -1.1185277e-03
  -8.1636602e-02   4.1750739e-01  -1.4173006e-01  -1.1865553e-02   7.8784766e-03  -1.1743252e-03
  -9.8907091e-02   4.2563044e-01  -2.0900288e-01  -1.2689196e-02   8.0968424e-03  -1.1696520e-03
  -8.8349416e-02   4.1937430e-01  -1.7361780e-01  -1.2833632e-02   8.0772579e-03  -1.3350235e-03
  -9.1486151e-02   4.5117086e-01  -1.8072239e-01  -1.2963449e-02   8.0918104e-03  -1.2491261e-03
  -8.5568343e-02   4.4394395e-01  -2.1515312e-01  -1.3412989e-02   7.9596556e-03  -1.3417835e-03
