   0.0000000e+00   0.0000000e+00  -7.1054274e-15  -2.7755576e-17   0.0000000e+00   0.0000000e+00
  -1.0768555e-02  -3.1467675e-02   3.5417171e-02   3.5948001e-04   2.5132181e-04   2.8233460e-04
  -1.7074986e-02   1.8207397e-02   1.6084719e-01   1.3237652e-03   5.8005053e-04   4.0070600e-05
  -2.5415390e-02  -2.4246794e-02   1.1968433e-01   9.4622247e-04   4.0698966e-04   6.0817931e-04
  -1.3085243e-02   3.0404383e-02   1.0821615e-01   1.9269525e-04   5.1126782e-04   2.8893325e-04
  -1.6964852e-02  -2.8700670e-02   9.7010820e-02   3.8664435e-04   3.6941152e-04   6.1740690e-04
  -1.2776736e-04   3.1050146e-02   7.9266310e-02  -2.6627159e-04   6.7247976e-04   5.9911930e-04
   1.1328055e-02   1.2347683e-02   9.2233651e-02   7.5047775e-04   2.9635285e-04   6.0285380e-04
   3.5756175e-02   2.0365388e-02   6.5298733e-02   1.2846469e-03  -1.6526019e-05   4.0762701e-04
   2.5924685e-02   1.6052077e-02   4.4594958e-02   6.0753450e-04  -1.8807242e-04   6.8709771e-04
   3.1892862e-02   2.1746240e-02   3.9437588e-02   5.3876392e-04  -1.0387904e-04   4.8605653e-04
   2.7519234e-02   2.8536661e-02   8.3569253e-02   5.1090783e-04   6.8514510e-05   5.9538560e-04
   1.9902375e-02   3.6625100e-02   1.0539123e-01   4.3481138e-04   4.3937533e-04   5.3389671e-04
   2.1298569e-02   3.9262596e-02   9.6093652e-02   3.1831892e-04   2.4093234e-04   6.2465916e-04
   1.9033098e-02   3.2751249e-02   8.7542618e-02   6.2232653e-04   4.6637146e-04   7.8094598e-04
   2.3614753e-02   5.7936508e-02   8.4593575e-02   5.7049804e-04   3.6690090e-04   7.8906905e-04
   2.6321156e-02   5.9282965e-02   8.9683408e-02   7.0205412e-04   3.6944774e-04   5.3485188e-04
   2.3037608e-02   4.2656493e-02   7.6970766e-02   5.0527304e-04   5.1306796e-04   6.9918621e-04
   2.8561632e-02   4.5985812e-02   9.2380855e-02   1.6528141e-04   7.2503866e-04   8.0778343e-04
   1.9869771e-02   6.2439373e-02   1.4616013e-01   2.5621944e-04   8.9514524e-04   7.5388580e-04
   2.4140160e-02   5.0626316e-02   1.5992448e-01   6.7736452e-05   8.8334032e-04   6.0429486e-04
  -7.5398898e-03   7.0685152e-02   1.5820026e-01   4.1989235e-04   1.3072381e-03   6.4663312e-04
   7.4328583e-03   8.1557561e-02   1.5979606e-01   5.2792678e-04   1.2490300e-03   7.4218829e-04
   1.8990011e-02   8.7568733e-02   1.8210059e-01   4.6319635e-04   8.0326475e-04   9.5488779e-04
   3.3667781e-02   9.4022573e-02   2.0595393e-01   2.1162872e-04   1.0787881e-03   1.2521273e-03
   3.3190083e-02   1.0775154e-01   1.9703275e-01  -8.6797497e-05   6.5869870e-04   6.2744064e-04
   2.2754559e-02   5.5335991e-02   2.8825346e-01   1.1059512e-03   9.2307737e-04   8.7460199e-04
  -1.0732069e-04   1.1568466e-02   1.9945765e-01   1.7369639e-04   4.9640035e-04   4.9068651e-04
  -4.4242729e-03   1.7582984e-01   1.5194455e-01  -1.1828660e-03   8.5936913e-05   7.8992910e-04
  -1.7534560e-02   1.4528956e-01   1.7045821e-01  -1.1120698e-03   5.1988019e-05   5.7572321e-04
  -3.2637403e-02   1.4471108e-01   1.7047510e-01  -1.3306684e-03   3.2233454e-04   3.9869823e-04
  -2.5031972e-02   1.3904145e-01   2.0263436e-01  -1.8091462e-03   8.4874120e-04   2.9225604e-04
  -1.6698335e-02   1.2817320e-01   2.0278574e-01  -1.7314665e-03   1.0201226e-03   1.6143710e-04
  -2.4714336e-02   1.3323962e-01   2.2019512e-01  -1.9055267e-03   1.4230596e-03   4.3475058e-04
  -1.9610034e-02   1.2798873e-01   2.2755230e-01  -1.9905314e-03   1.4009073e-03   5.9103774e-04
  -1.0259262e-02   1.2309461e-01   2.6131123e-01  -2.0223768e-03   1.4935076e-03   5.5924015e-04
  -2.0491966e-02   1.3163678e-01   2.6310990e-01  -2.3627294e-03   1.9356023e-03   6.6942805e-04
  -8.1200516e-04   1.2058165e-01   2.5350764e-01  -2.3799077e-03   2.0770235e-03   5.6797994e-04
  -9.5956549e-03   1.1454624e-01   2.5778424e-01  -1.7550799e-03   1.9968683e-03   7.0173829e-04
  -6.1685790e-03   1.5285070e-01   2.4469514e-01  -3.0239780e-03   1.8690299e-03   6.5732119e-04
  -1.0111115e-02   1.4239644e-01   2.8672273e-01  -1.8750168e-03   1.8015306e-03   7.2579904e-04
  -1.7042276e-02   1.1403201e-01   3.0331461e-01  -1.7141151e-03   1.7433215e-03   8.3922467e-04
  -3.3704386e-03   1.2972207e-01   2.6839157e-01  -2.5999452e-03   1.6764411e-03   7.5031275e-04
  -1.5888284e-03   1.5416385e-01   2.8292516e-01  -2.5308066e-03   1.7304111e-03   7.7974031e-04
  -1.0266357e-02   1.4514120e-01   2.8472739e-01  -2.5542517e-03   1.7807252e-03   8.1758427e-04
   1.3448534e-03   1.5084940e-01   2.8926363e-01  -2.6253907e-03   1.5126601e-03   6.0412038e-04
  -4.2627029e-02   1.4857964e-01   2.5213264e-01  -2.1365723e-03   2.0208771e-03   8.9272646e-04
  -3.2807324e-02   1.3125463e-01   2.3932952e-01  -2.0592219e-03   2.1304381e-03   9.3929243e-04
  -3.5089906e-02   1.2140785e-01   2.9032498e-01  -1.6977825e-03   1.8229592e-03   9.6841300e-04
  -3.2763494e-02   1.2147063e-01   3.0432057e-01  -2.0651167e-03   1.9928657e-03   9.0279918e-04
  -4.0163848e-02   1.4435518e-01   2.9322181e-01  -2.4697834e-03   1.7078486e-03   4.2111855e-04
  -5.7120425e-02   1.8356719e-01   2.9239953e-01  -2.8635633e-03   2.0007462e-03   4.3778716e-04
  -5.7143843e-02   1.5660634e-01   2.8476754e-01  -2.5579399e-03   1.8229680e-03   5.3457866e-04
  -5.5187223e-02   1.5376997e-01   2.4331528e-01  -3.0367128e-03   1.7564762e-03   5.7927949e-04
  -6.3975355e-02   1.8068858e-01   2.5951466e-01  -3.4734183e-03   2.1073653e-03   4.1083470e-04
  -6.7875485e-02   1.8393296e-01   3.2128250e-01  -2.9442499e-03   2.0712959e-03   3.4225712e-04
  -7.0528156e-02   1.6349727e-01   3.6153040e-01  -2.3555878e-03   2.0086333e-03  -1.0844928e-05
  -7.1078937e-02   1.2351745e-01   3.0840801e-01  -2.4645301e-03   1.9828438e-03   4.8283670e-05
  -6.0026421e-02   1.6513930e-01   2.6508520e-01  -2.2587582e-03   1.9169180e-03   1.5402547e-04
  -5.8462313e-02   1.6688587e-01   2.6995075e-01  -2.1424483e-03   1.8127952e-03   4.4750395e-04
  -7.9455495e-02   1.7794399e-01   3.0336397e-01  -2.0777321e-03   2.1762977e-03   4.6204225e-04
  -8.0159822e-02   1.6181252e-01   2.9419232e-01  -2.0333732e-03   2.2349138e-03   4.0936963e-04
  -7.7075375e-02   1.5502527e-01   3.1804147e-01  -1.4626175e-03   2.6685657e-03   5.4605403e-04
  -6.9161953e-02   1.3689543e-01   2.8311539e-01  -1.4019590e-03   2.6253367e-03   6.1111403e-04
  -6.6023807e-02   1.7481418e-01   2.6878562e-01  -2.0142681e-03   2.4709461e-03   5.0692666e-04
  -5.6204316e-02   1.6207661e-01   2.9057716e-01  -1.5747332e-03   2.5065231e-03   5.6468486e-04
  -5.3750618e-02   1.6258986e-01   3.0281532e-01  -1.7165190e-03   2.6881630e-03   6.4404711e-04
  -5.8889906e-02   1.6240042e-01   2.9413336e-01  -1.4007715e-03   2.5836807e-03   4.6998165e-04
  -6.0211383e-02   1.7582573e-01   3.1485450e-01  -9.6041390e-04   2.5121055e-03   2.5999162e-04
  -5.5127504e-02   1.5783937e-01   2.9727408e-01  -8.8624727e-04   2.5403630e-03   1.1633302e-04
  -5.2538132e-02   1.3906802e-01   3.0877472e-01  -1.1381159e-03   2.4459134e-03   1.5063674e-04
  -6.1954426e-02   1.2858940e-01   2.5530528e-01  -8.6750292e-04   2.6368877e-03  -3.9374938e-05
  -4.3595525e-02   1.6832847e-01   2.6121458e-01  -3.5408391e-04   2.7331545e-03  -1.1681495e-04
  -3.3037434e-02   1.7448473e-01   2.6859530e-01  -1.0994214e-04   2.7200255e-03  -3.8439429e-04
  -4.5015377e-02   1.6422756e-01   2.8996221e-01  -2.1842149e-04   2.0709239e-03  -2.1088418e-04
  -6.8685424e-02   1.7281590e-01   2.9061868e-01  -9.2908786e-04   1.9021395e-03   1.1285248e-04
  -6.8508654e-02   1.7125742e-01   2.6937510e-01  -9.7009379e-04   2.1183319e-03  -4.4197370e-04
  -5.2133784e-02   1.9238972e-01   2.9380519e-01  -7.6346700e-04   1.9087742e-03  -5.5052733e-04
  -5.9579615e-02   1.7828128e-01   3.3438337e-01   2.9305792e-04   1.8011650e-03  -6.6124889e-04
  -6.7411846e-02   1.6999041e-01   3.4545741e-01   7.7699887e-04   1.8539065e-03  -3.0841504e-04
  -8.2060957e-02   1.8453123e-01   3.1482435e-01   2.5554251e-04   1.5973245e-03  -5.8159235e-05
  -5.5415197e-02   1.6778907e-01   3.3695382e-01   4.3554250e-04   1.5423267e-03  -4.5639782e-04
  -6.0659210e-02   1.5029053e-01   3.4229461e-01   6.1013220e-04   1.5296575e-03  -4.4290259e-04
  -5.9479733e-02   1.4813926e-01   3.2231964e-01   3.1161064e-04   1.6030033e-03  -6.0303764e-04
  -4.9649768e-02   1.3725724e-01   3.5520305e-01   1.6443502e-03   1.2234357e-03  -6.9839511e-04
  -4.5015770e-02   1.3027520e-01   3.3853568e-01   1.8159698e-03   9.4576300e-04  -7.9254695e-04
  -4.5113690e-02   1.3889721e-01   3.5072453e-01   1.0250645e-03   7.2683003e-04  -8.3605452e-04
  -3.8883028e-02   1.5512157e-01   3.5734959e-01   1.4731490e-03   5.1226039e-04  -1.2767334e-03
  -2.5249751e-02   1.3342691e-01   3.2611415e-01   1.4719570e-03   3.1460353e-04  -1.7410075e-03
  -1.2786227e-02   1.1709475e-01   3.2038767e-01   2.0229335e-03  -4.0207354e-04  -2.0197259e-03
  -1.4219456e-02   1.3708780e-01   2.8878326e-01   1.2248769e-03  -3.5133605e-04  -2.1652127e-03
  -1.6027594e-03   1.4006479e-01   3.2127302e-01   1.6530956e-03  -6.0711996e-04  -2.5515362e-03
  -1.2766300e-02   1.3352296e-01   3.0165369e-01   1.3138621e-03  -9.5845228e-04  -2.5465782e-03
  -1.0360161e-02   1.4015160e-01   2.7927306e-01   1.8762595e-03  -1.0431082e-03  -2.4675490e-03
  -3.5881156e-03   9.9114429e-02   2.4094236e-01   1.1738985e-03  -8.5737808e-04  -1.9364213e-03
   1.0345718e-03   1.7334597e-01   2.6896464e-01   2.3412160e-03  -9.3179802e-04  -2.1377094e-03
   6.0189391e-03   1.0100402e-01   2.5852730e-01   2.8048854e-03  -1.4917710e-03  -2.0679963e-03
   2.0774882e-03   8.0908036e-02   3.0694284e-01   3.0939878e-03  -1.1979781e-03  -1.7183810e-03
   3.9867336e-03   1.0249531e-01   2.9703007e-01   3.1148836e-03  -1.6554228e-03  -1.9782815e-03
   7.8190182e-03   8.8743890e-02   2.3805016e-01   3.2520835e-03  -1.8505586e-03  -2.3674292e-03
   7.6627597e-03   1.0793037e-01   1.9655847e-01   2.9580095e-03  -1.8142371e-03  -2.3853612e-03
   1.7098827e-02   1.3016638e-01   2.1515408e-01   3.1831627e-03  -1.7992031e-03  -2.2605544e-03
   1.4843641e-02   1.2891676e-01   2.2523951e-01   3.3161177e-03  -1.7876093e-03  -2.4776908e-03
   3.0940910e-03   1.1658811e-01   2.6367129e-01   2.7359306e-03  -1.3757404e-03  -2.2763617e-03
  -2.5756869e-03   9.1672187e-02   2.7973392e-01   3.3309772e-03  -1.1525171e-03  -2.1589943e-03
  -3.7289106e-03   8.8977228e-02   2.9321903e-01   4.7309447e-03  -1.0857272e-03  -2.0764789e-03
   4.5133611e-03   7.9179409e-02   2.4704588e-01   5.2777517e-03  -9.7666957e-04  -1.7936593e-03
   1.4412675e-02   6.2697466e-02   2.7430612e-01   5.2921073e-03  -9.0369072e-04  -1.7862806e-03
   1.2468123e-02   6.7145581e-02   2.4559312e-01   5.0187058e-03  -9.6775288e-04  -1.7589636e-03
   2.3031508e-02   7.1683083e-02   2.4765837e-01   5.1376279e-03  -7.8446670e-04  -2.1420428e-03
   1.2876603e-02   9.7472525e-02   3.2547641e-01   6.2145981e-03  -1.0416251e-03  -1.9803667e-03
   2.6853796e-02   1.2218462e-01   3.5624228e-01   5.5284196e-03  -1.5259934e-03  -1.9776198e-03
   2.1698074e-02   9.7636309e-02   3.9227079e-01   5.9894763e-03  -1.2329410e-03  -2.2806423e-03
   2.1212514e-02   8.3848604e-02   3.8340569e-01   5.5806388e-03  -1.4492672e-03  -2.1365479e-03
   2.6090515e-02   7.0625480e-02   3.8072652e-01   6.3133720e-03  -1.1123411e-03  -2.0782710e-03
   4.3337620e-02   1.0541342e-01   3.6490437e-01   6.3542697e-03  -1.3126513e-03  -2.0567229e-03
   5.8780589e-02   9.8001417e-02   3.7407900e-01   7.0698341e-03  -1.5436450e-03  -2.2873711e-03
   6.6072690e-02   7.5518983e-02   3.8176034e-01   6.2180526e-03  -1.9463582e-03  -2.3230737e-03
   6.5211313e-02   7.1858974e-02   4.4123422e-01   7.7115334e-03  -1.6415885e-03  -2.7022864e-03
   6.6300716e-02   8.1745091e-02   4.2260124e-01   7.7171136e-03  -1.6930858e-03  -2.9453047e-03
   7.1349590e-02   1.8930380e-02   4.0815700e-01   7.9843328e-03  -1.7362719e-03  -3.0357870e-03
   7.9552961e-02   7.1906987e-02   3.6201615e-01   8.5505655e-03  -1.5836682e-03  -3.0564022e-03
   8.4475507e-02   8.8234031e-02   3.8927243e-01   8.9955907e-03  -1.8494314e-03  -3.4876710e-03
   8.4068454e-02   1.3954604e-01   3.9176616e-01   8.6624411e-03  -2.5618471e-03  -3.9030760e-03
   7.9446995e-02   4.8088202e-02   3.8203716e-01   7.5747279e-03  -2.6214499e-03  -4.1673617e-03
   7.4239026e-02   8.5071276e-02   4.1353146e-01   9.2123339e-03  -2.5051800e-03  -4.0267545e-03
   8.3115903e-02   8.8705340e-02   3.2076566e-01   7.8895091e-03  -2.9516983e-03  -3.8588882e-03
   6.0551227e-02   9.0228423e-02   3.5414441e-01   7.7338510e-03  -2.5992979e-03  -3.9511167e-03
   6.4707911e-02   9.7924813e-02   3.4693194e-01   7.0643086e-03  -2.6608555e-03  -4.2414009e-03
