   0.0000000e+00   0.0000000e+00   0.0000000e+00   0.0000000e+00   0.0000000e+00   0.0000000e+00
   1.0348300e-02  -2.1849131e-02   4.7714689e-02   3.9616096e-04  -1.8580773e-05   1.8237004e-04
   2.0109959e-02  -2.0967296e-02   5.4751488e-02  -1.4525083e-03  -1.2824436e-04  -6.0867016e-04
   1.9520914e-02  -1.5388618e-02  -3.6535553e-03  -1.7051968e-03  -4.6316003e-04  -1.0880509e-03
   9.2876764e-03   3.7893391e-02   7.1454742e-02   6.3304617e-04   1.7185995e-04  -8.8230947e-05
   1.9943040e-02   3.6492127e-02   8.5225570e-02   9.6154840e-04   8.6085660e-05  -1.6397008e-04
   5.6342810e-02   2.5182154e-02   8.5711098e-02   1.7655283e-03   7.5528259e-04  -8.5160992e-04
   7.6469584e-02   3.9666026e-02   1.1597925e-01   2.0893811e-03   1.3572160e-04  -1.7989045e-03
   6.9033707e-02   4.2220299e-02   1.3441674e-01   1.9149341e-03  -3.6223538e-04  -2.2966788e-03
   9.5809224e-02   2.8497800e-02   1.5126456e-01   2.3563069e-03  -9.5918792e-04  -3.5333990e-03
   8.3030795e-02   3.2021568e-02   1.3771586e-01   1.8786526e-03  -7.5954270e-04  -3.2312584e-03
   6.5127929e-02   3.2485109e-02   1.8340622e-01   3.0855251e-03  -2.0776520e-03  -4.4404123e-03
   7.3834033e-02   3.0291187e-02   1.9492090e-01   4.3067817e-03  -4.2393990e-03  -6.9654546e-03
   5.5400566e-02   1.1023373e-03   1.4888426e-01   3.1738165e-03  -4.4357945e-03  -6.6752035e-03
   5.2800112e-02   1.4119601e-02   1.2637717e-01   3.4131595e-03  -4.5173392e-03  -6.9101868e-03
   4.2641879e-02   2.2520594e-02   1.7027879e-01   3.4805325e-03  -4.7639868e-03  -7.1223014e-03
   4.8494908e-02   3.1884304e-02   2.0929732e-01   4.1738990e-03  -5.1832717e-03  -7.8247879e-03
   3.5623174e-02   2.3400324e-02   1.8992538e-01   3.4961798e-03  -5.3693124e-03  -7.6380176e-03
   5.0519648e-02   7.8008124e-03   2.0855739e-01   3.8001666e-03  -5.4813141e-03  -8.1677165e-03
   4.3843979e-02   2.3509433e-02   1.7390064e-01   3.6081953e-03  -5.8438624e-03  -8.0791932e-03
   4.3107403e-02   2.4915752e-02   1.7994621e-01   3.5842810e-03  -5.7697387e-03  -8.0994219e-03
   4.5822018e-02   1.9712415e-02   1.8308802e-01   3.6671184e-03  -5.6851438e-03  -8.0641774e-03
   4.1230509e-02   1.2007776e-02   1.6150380e-01   3.5829826e-03  -5.7498027e-03  -8.4177515e-03
   2.9907242e-02   3.4463932e-02   2.2117910e-01   3.8085072e-03  -5.8694196e-03  -8.3095396e-03
   3.9398387e-02   6.3940709e-03   2.3098748e-01   4.1746190e-03  -5.9151366e-03  -8.5877709e-03
   9.3079858e-03   4.4439303e-02   2.7467693e-01   3.7896079e-03  -5.9927313e-03  -7.9193181e-03
   8.4781125e-03   1.6523162e-02   2.5487682e-01   3.5279386e-03  -6.1746213e-03  -7.7247003e-03
  -2.6888483e-02   3.4376713e-02   1.5548524e-01   3.3273228e-03  -6.3783275e-03  -7.2647435e-03
  -4.5850195e-04   4.6917859e-02   2.2669095e-01   4.4815855e-03  -6.3345492e-03  -7.6212607e-03
   1.0655068e-02   7.2415319e-03   2.7653303e-01   3.9811737e-03  -5.7896172e-03  -7.2875454e-03
   2.4401668e-02  -1.4367605e-02   2.0761096e-01   2.7963260e-03  -5.8440546e-03  -7.2750029e-03
   7.0600836e-02  -4.0388586e-02   1.7948238e-01   2.5278093e-03  -5.5432439e-03  -8.3794307e-03
   4.3819163e-02  -3.7496656e-02   1.7492270e-01   2.5865988e-03  -5.9921944e-03  -8.1628327e-03
   2.7319285e-02  -1.4562019e-02   1.5534236e-01   2.6557494e-03  -6.3667021e-03  -8.2429799e-03
   2.0588594e-02  -7.2405049e-03   1.6835407e-01   3.1054928e-03  -6.7634112e-03  -8.3936438e-03
   2.2295013e-02   4.6663033e-03   1.3477502e-01   3.2076634e-03  -6.9695087e-03  -8.7202265e-03
   1.4946658e-02   4.1381657e-02   2.0910440e-01   3.4874635e-03  -7.0177651e-03  -8.8334664e-03
   3.3231483e-02   1.1688442e-02   2.3413943e-01   3.7889632e-03  -7.5528634e-03  -9.6156777e-03
   3.9165474e-02   8.1096832e-03   2.3211335e-01   3.6568584e-03  -7.6862298e-03  -9.7312872e-03
   2.5570153e-02   6.3806824e-03   2.6336866e-01   3.8220697e-03  -7.8671389e-03  -9.8221737e-03
   1.9479310e-02  -3.6043487e-03   2.3906522e-01   3.8849109e-03  -8.3745739e-03  -1.0425200e-02
   2.1504658e-02   8.6097088e-04   2.3681421e-01   3.8001509e-03  -8.4249293e-03  -1.0672561e-02
   1.9604458e-02   1.3396149e-02   2.4636012e-01   4.2829606e-03  -8.7472241e-03  -1.0753467e-02
   6.9116265e-03   1.9185659e-02   2.1773661e-01   3.4603479e-03  -8.7644067e-03  -1.0794421e-02
  -2.9624525e-04   2.4329803e-02   2.1549278e-01   3.9009614e-03  -9.1239991e-03  -1.1044612e-02
  -8.7381238e-03   3.0811683e-02   2.2114905e-01   3.6849074e-03  -9.4287247e-03  -1.1236958e-02
  -4.2953213e-03   1.0870968e-02   2.0684854e-01   3.9932522e-03  -9.7926542e-03  -1.1595468e-02
  -7.1695976e-03   3.7881982e-02   2.4930864e-01   3.9282703e-03  -9.7837833e-03  -1.1471582e-02
   4.3661934e-03   3.4025207e-02   2.8449773e-01   4.7607132e-03  -9.8545607e-03  -1.1899089e-02
  -8.3835801e-03   1.1091606e-02   2.9245803e-01   3.7489142e-03  -1.0007960e-02  -1.1357919e-02
  -1.0786363e-02   2.3727733e-02   2.6877738e-01   3.9984462e-03  -1.0022893e-02  -1.0637151e-02
  -1.4766341e-02   2.3066954e-02   1.9857597e-01   3.3225809e-03  -1.0307542e-02  -1.0831421e-02
  -1.6181371e-02   3.2171356e-02   2.3886516e-01   3.9783003e-03  -1.0217288e-02  -1.0715176e-02
  -2.2481244e-02  -1.9256212e-03   2.7482247e-01   4.3471521e-03  -1.0357395e-02  -1.0220934e-02
  -1.0786961e-02   2.6503363e-03   1.9914964e-01   3.1919846e-03  -1.0297955e-02  -1.0007382e-02
   3.6377865e-02  -7.5482095e-03   2.1919685e-01   4.2218606e-03  -1.0171629e-02  -1.1559468e-02
   7.7768545e-04  -2.4882034e-02   2.5124730e-01   4.0572976e-03  -1.0156698e-02  -1.1901179e-02
  -9.4490840e-04  -9.6578893e-03   2.9788513e-01   4.6508223e-03  -1.0740187e-02  -1.2472097e-02
   2.1775914e-02   5.1829152e-03   3.0539222e-01   4.9994803e-03  -1.0959203e-02  -1.3272031e-02
   5.5739608e-02   1.9305714e-02   3.4205263e-01   5.4594158e-03  -1.1197883e-02  -1.4098564e-02
   3.2056979e-02  -4.0585895e-03   3.2946514e-01   5.2516453e-03  -1.1560922e-02  -1.3892525e-02
   4.7811256e-02   3.1532280e-02   3.3943311e-01   6.1201050e-03  -1.2034567e-02  -1.4966927e-02
   4.0946201e-02   2.5243956e-02   3.3098358e-01   5.1786490e-03  -1.4286582e-02  -1.6388296e-02
   3.3234185e-02   4.0675203e-02   3.7474922e-01   5.8708825e-03  -1.3981479e-02  -1.5985780e-02
   5.3210338e-02   4.0033782e-02   3.6625896e-01   5.6084057e-03  -1.4114898e-02  -1.6623108e-02
   4.5307398e-02   4.5186816e-02   3.9040543e-01   5.9032625e-03  -1.4280774e-02  -1.6852556e-02
   3.2888292e-02   4.9598290e-02   3.7818079e-01   5.7731597e-03  -1.4437479e-02  -1.6955434e-02
   3.3704150e-02   5.5993707e-02   3.7864372e-01   6.0486937e-03  -1.4455081e-02  -1.7428809e-02
   2.5546572e-02   6.7682652e-02   4.4515617e-01   6.8862039e-03  -1.4613891e-02  -1.7314010e-02
   3.4126118e-02   5.2199762e-02   4.1126105e-01   5.8421699e-03  -1.4651095e-02  -1.7404166e-02
   3.8968443e-02   2.6884960e-02   4.5100297e-01   6.2080635e-03  -1.4547990e-02  -1.7123032e-02
   6.5702866e-02   2.8224410e-02   4.1803677e-01   6.2062573e-03  -1.4535873e-02  -1.7316795e-02
   3.9820918e-02   3.6840895e-02   3.9984825e-01   5.8817541e-03  -1.4834865e-02  -1.7331752e-02
   4.0033292e-02   4.3506821e-02   3.9304460e-01   6.1715128e-03  -1.5182230e-02  -1.7938350e-02
  -5.8497549e-03   7.0327039e-02   4.3203298e-01   6.1972612e-03  -1.4994303e-02  -1.6315357e-02
  -4.4777037e-03   6.9378155e-02   4.5999790e-01   6.4486389e-03  -1.4560716e-02  -1.6237521e-02
   2.1199924e-03   8.1874746e-02   3.7825440e-01   5.2066320e-03  -1.4710951e-02  -1.6485356e-02
  -3.2750072e-03   3.4864159e-02   3.8275268e-01   5.5175936e-03  -1.5292023e-02  -1.6448545e-02
  -7.1656260e-03   2.6091035e-02   4.6519840e-01   6.3097262e-03  -1.4906980e-02  -1.6189231e-02
  -1.2138414e-02   6.8804696e-03   4.1604244e-01   5.5405867e-03  -1.4919027e-02  -1.6018566e-02
   4.3602634e-02  -1.7600706e-02   3.3131126e-01   4.9213956e-03  -1.4516644e-02  -1.7010007e-02
   4.8972080e-02   1.1109406e-02   3.5015554e-01   4.7425909e-03  -1.4763068e-02  -1.7149649e-02
   3.5506022e-02   3.9990339e-02   3.9334682e-01   5.9023859e-03  -1.4409683e-02  -1.6886212e-02
   1.4036174e-02   5.6042486e-02   4.0314538e-01   5.5443885e-03  -1.4024782e-02  -1.5707928e-02
   5.5040561e-02   3.9471677e-02   4.0895142e-01   6.0803741e-03  -1.4456066e-02  -1.6957166e-02
   3.0801654e-02   4.2841970e-02   4.1056037e-01   5.5924270e-03  -1.4535857e-02  -1.6847530e-02
   3.7633631e-02   5.2262206e-02   4.0350201e-01   5.9539784e-03  -1.4965346e-02  -1.7228842e-02
   4.3704097e-02   6.8701746e-02   4.2446630e-01   6.2261844e-03  -1.5218652e-02  -1.7456869e-02
   5.3395199e-02   5.8974933e-02   4.1057253e-01   5.9664425e-03  -1.5689870e-02  -1.8007876e-02
   3.0490401e-02   6.3214734e-02   4.6293271e-01   6.8008554e-03  -1.6079170e-02  -1.8298608e-02
   4.3439349e-02   5.0071528e-02   4.5569117e-01   6.3718100e-03  -1.6375055e-02  -1.8890177e-02
   3.8477038e-02   5.5035020e-02   4.0148826e-01   5.9456070e-03  -1.6392548e-02  -1.8918506e-02
   2.5393327e-02   6.6964770e-02   4.0591237e-01   5.8600953e-03  -1.7605447e-02  -1.9368070e-02
   3.1297311e-02   6.9845474e-02   4.5407899e-01   6.6982382e-03  -1.7241953e-02  -1.8914106e-02
   2.8679151e-02   6.6398333e-02   4.6559963e-01   7.0057975e-03  -1.7083595e-02  -1.8736479e-02
   1.7007057e-02   5.1722884e-02   4.4432506e-01   6.1978247e-03  -1.7159861e-02  -1.8833049e-02
   2.7058594e-02   5.8270926e-02   4.0498120e-01   5.7445948e-03  -1.6823339e-02  -1.8620674e-02
   3.8226266e-02   6.0915629e-02   4.3513388e-01   6.1768796e-03  -1.6620338e-02  -1.8206922e-02
   7.7286889e-03   2.4214572e-02   4.5864362e-01   6.4683158e-03  -1.6804691e-02  -1.8314276e-02
  -4.2122662e-02   4.6889290e-02   4.4084723e-01   5.6745019e-03  -1.5371031e-02  -1.5067347e-02
  -2.6126132e-02   5.8430944e-02   3.6116533e-01   5.6337947e-03  -1.5690222e-02  -1.5646337e-02
  -4.4530648e-02   6.1569288e-02   3.8496957e-01   5.8594827e-03  -1.5251375e-02  -1.4951936e-02
  -5.4709824e-03   3.8546375e-02   4.6551148e-01   6.2325266e-03  -1.5228573e-02  -1.5744911e-02
  -2.3236619e-02   4.4129725e-02   3.1676039e-01   4.8392683e-03  -1.5355809e-02  -1.5000190e-02
   2.5060177e-03   1.2904917e-02   3.4619160e-01   5.2947642e-03  -1.5869742e-02  -1.6064537e-02
   1.7464497e-03   1.6533338e-02   4.1642172e-01   5.6367170e-03  -1.5935741e-02  -1.6908859e-02
   6.7214840e-03   3.3724709e-02   4.1437716e-01   5.8712262e-03  -1.6455406e-02  -1.7697526e-02
   1.4820840e-02   4.4746132e-02   4.6561444e-01   6.5267244e-03  -1.6516713e-02  -1.7705023e-02
   2.0475827e-02   2.2507713e-02   4.0917064e-01   5.4486371e-03  -1.6673669e-02  -1.7921512e-02
   1.1198492e-03   3.9968133e-02   4.2678289e-01   5.5749273e-03  -1.6663846e-02  -1.7630200e-02
   4.2148988e-04   3.6460536e-02   3.9559353e-01   5.5179551e-03  -1.7269048e-02  -1.8201872e-02
  -3.6395809e-03   5.1814013e-02   4.3104241e-01   5.7439815e-03  -1.6918763e-02  -1.8146615e-02
  -9.8124773e-04   4.7084066e-02   4.2741837e-01   5.7600346e-03  -1.6958672e-02  -1.8698659e-02
   5.0515405e-03   4.6347384e-02   4.0990975e-01   5.5826651e-03  -1.6769994e-02  -1.8325178e-02
   6.2766903e-03   6.2046944e-02   4.0050545e-01   5.7646226e-03  -1.7392879e-02  -1.8746304e-02
   1.2428523e-02   6.0489196e-02   4.5959774e-01   6.7143609e-03  -1.6962860e-02  -1.8462688e-02
  -5.1659282e-03   6.1138774e-02   3.9678512e-01   5.6109060e-03  -1.7634710e-02  -1.8569233e-02
   1.0311959e-02   4.7793155e-02   4.6653291e-01   6.1476695e-03  -1.5709299e-02  -1.7018674e-02
   1.3649861e-02   6.0235512e-02   4.8670968e-01   6.5914600e-03  -1.6313321e-02  -1.7985238e-02
   1.2626969e-01  -1.6914072e-02   5.0556184e-01   7.6247187e-03  -1.2176767e-02  -1.4477838e-02
   6.9880121e-02  -2.5288770e-02   5.3495201e-01   7.8430920e-03  -1.2705305e-02  -1.3679514e-02
   9.7242277e-02  -1.3504067e-02   5.1906712e-01   7.8936267e-03  -1.3709744e-02  -1.5775777e-02
   8.0364775e-02  -4.8360451e-03   5.9338525e-01   9.2080650e-03  -1.4157673e-02  -1.5971950e-02
   6.0635287e-02  -7.8483458e-03   5.2302076e-01   7.9056736e-03  -1.3729845e-02  -1.4987133e-02
   7.3386782e-02  -2.9338926e-02   3.9022008e-01   7.2801048e-03  -1.2314868e-02  -1.1960466e-02
   1.0308467e-01   2.8878000e-02   4.3766736e-01   7.4545407e-03  -1.1855096e-02  -1.1637362e-02
   9.3596065e-02  -1.6285974e-02   5.0736191e-01   7.7809221e-03  -1.0297378e-02  -8.4336643e-03
   5.4279980e-02   3.3474410e-02   5.7038240e-01   8.7177909e-03  -1.1359682e-02  -9.2319248e-03
   1.0317007e-01  -1.5809914e-02   4.9444253e-01   7.2908012e-03  -9.7105378e-03  -8.4688605e-03
