   0.0000000e+00   0.0000000e+00   0.0000000e+00   0.0000000e+00   0.0000000e+00   0.0000000e+00
   7.5783602e-03  -4.8282536e-03   3.4632282e-03   1.1783653e-04  -8.3725568e-05   8.0829954e-06
   4.4221508e-03   1.3522979e-02   5.3908580e-03   4.1561646e-04  -1.1549123e-04   2.1600104e-04
   4.7820427e-03   7.4325361e-03  -1.7630494e-02   2.8364049e-04  -2.4342167e-05   2.4116109e-04
   5.2447490e-03   1.4065060e-02  -1.4795646e-03   1.5108464e-04  -1.7519839e-04   2.4730307e-04
   4.2603536e-03   1.3389004e-02   1.5645299e-02   1.6557446e-04  -1.6537960e-04   3.4195085e-04
   4.2771267e-03   1.3313894e-03   3.7901056e-02  -1.0873158e-05  -1.9071888e-04   3.9338193e-04
   9.3468458e-03   1.4427311e-02   4.3676673e-02   1.3821767e-04  -4.7772179e-05   4.2636032e-04
   8.8563079e-03   2.4942082e-02   1.8359838e-02   8.5239397e-05  -2.7469418e-04   4.4985088e-04
   8.4736165e-03   1.4706295e-02   2.9937950e-02   1.3544234e-04  -2.4522122e-04   5.3618498e-04
   6.0012922e-03   2.8405699e-02   1.5062401e-02  -1.1153400e-04  -4.0420962e-04   3.9588426e-04
   7.4824924e-03   2.6308202e-02   1.1166834e-02   1.1947697e-04  -5.0379201e-04   4.5902914e-04
   6.9580773e-03   3.2876722e-02  -2.1205363e-03  -2.1250078e-05  -2.4746150e-04   4.6606738e-04
   8.2366663e-03   4.1398959e-02   2.6609817e-02   6.7632488e-05  -2.7957125e-05   3.9443216e-04
   6.5732338e-03   2.3366704e-02   3.1409133e-02  -1.2683842e-04  -3.0636316e-04   3.6355435e-04
   5.0190145e-03   2.2585840e-02   3.6259471e-02  -2.9107125e-05  -1.9849910e-04   3.4816933e-04
   7.9073468e-03   4.7923883e-02   4.9410839e-02  -4.9129088e-04  -1.4418325e-04   4.2782868e-04
   4.7657775e-03   3.5226848e-02   6.5298863e-02   1.6978567e-04  -4.1185128e-04   6.8399827e-04
   4.7835882e-04   3.5322683e-02   7.5934594e-02  -2.2598179e-04  -1.5480595e-04   5.6188935e-04
  -1.7260655e-03   5.0744355e-02   7.6174963e-02  -2.3103316e-04  -3.1797834e-04   6.0762036e-04
  -2.9030305e-03   3.2391221e-02   7.7654344e-02  -3.0777706e-04  -4.5954269e-04   6.3445650e-04
   4.8695608e-03   5.0140225e-02   8.1432825e-02  -8.5591458e-05  -1.5332575e-04   5.4958381e-04
   5.3953355e-04   4.4912672e-02   7.7036717e-02  -5.6150306e-04  -2.5525824e-04   5.3051320e-04
   3.7748693e-03   5.5174258e-02   7.7544310e-02   2.5273002e-04  -4.3341037e-04   6.6648378e-04
   6.2161025e-03   3.6816328e-02   9.5161800e-02  -8.7698940e-04  -1.2104347e-04   6.4267257e-04
   1.3270329e-02   7.2166434e-02   1.0797850e-01   1.4873947e-03   3.5344996e-05   7.5460495e-04
   1.4235874e-02   6.6343763e-02   1.0001311e-01   1.5768842e-03   1.7155344e-04   6.2680938e-04
   2.9154512e-03   2.4230006e-02   3.8144951e-02  -1.8522452e-03  -2.5652514e-05   4.9768792e-04
   1.1806248e-02  -5.5390333e-03   2.5552956e-02  -1.2233300e-03  -1.4173125e-04   6.0018353e-04
   1.0994476e-02   2.7936909e-02   4.5660994e-02  -2.2393420e-03  -6.4901563e-05   6.7844149e-04
   9.6152407e-03   3.1636476e-02   5.5774926e-02  -1.3073046e-03  -2.6667071e-04   8.4111052e-04
   1.0580002e-02   3.1685026e-02   5.0147695e-02  -2.0467228e-03   1.5323818e-05   8.0917563e-04
   6.8773486e-03   7.1551162e-02   8.2246341e-02  -1.0650374e-03  -3.8056485e-04   9.1122136e-04
   1.0045289e-02   4.5808600e-02   7.2626003e-02  -1.3614756e-03  -3.0560750e-04   1.0480541e-03
   8.5457376e-03   3.9226972e-02   8.8954265e-02  -1.1620223e-03  -4.2795378e-04   1.0351581e-03
   7.4351347e-03   5.9726648e-02   8.4409759e-02  -1.4252025e-03  -5.7211686e-04   1.0606225e-03
   1.0592713e-02   3.6207823e-02   9.1650748e-02  -9.7042109e-04  -7.3799613e-04   1.2592839e-03
   9.0975639e-03   2.6923348e-02   8.4610302e-02  -1.4359659e-03  -6.3552284e-04   1.2019494e-03
   4.4832437e-03   4.6768856e-02   8.0464604e-02  -1.2786660e-03  -6.9419537e-04   1.2463831e-03
   1.5073417e-03   4.1089339e-02   6.4497305e-02  -1.4854891e-03  -1.1881658e-03   1.4287530e-03
   1.9622329e-03   3.4326881e-02   7.5121292e-02  -1.2516726e-03  -1.3823177e-03   1.3901995e-03
   3.3103168e-05   5.0760571e-02   8.0549352e-02  -1.4641096e-03  -1.3140104e-03   1.4984377e-03
  -5.7145617e-03   6.3552071e-02   9.0589118e-02  -7.1729612e-04  -1.6029614e-03   1.5929388e-03
  -3.5151888e-03   4.4045343e-02   8.0948775e-02  -1.0839114e-03  -1.3450946e-03   1.5490294e-03
  -4.8214568e-04   4.1815376e-02   8.7507146e-02  -7.4954079e-04  -1.2440434e-03   1.5002625e-03
  -4.1519096e-03   7.2246659e-02   7.9996372e-02  -7.8442650e-04  -1.2770167e-03   1.7050025e-03
   6.7094764e-04   6.1032136e-02   1.0177022e-01  -7.1944964e-04  -9.7621313e-04   1.7505301e-03
   8.4363565e-03   7.0604621e-02   1.1349240e-01  -8.0987542e-04  -6.4203269e-04   1.8362348e-03
   1.5218327e-02   5.6403112e-02   9.4640963e-02  -1.5424104e-03  -7.9262100e-04   2.0435126e-03
   1.7757767e-02   7.2062429e-02   9.6318279e-02  -9.0993318e-05  -4.7089512e-04   2.1274532e-03
   2.9843538e-02   1.1212747e-01   1.3164971e-01   1.9118402e-03  -1.6059611e-05   2.3527901e-03
   4.5825182e-02   7.4062241e-02   1.2370300e-01   3.1349495e-04   1.9980825e-04   2.5268815e-03
   5.0858654e-02   4.4363945e-02   8.5269640e-02  -1.6939665e-03   7.8624419e-04   2.5734228e-03
   4.9628992e-02   3.7297566e-02   6.9465297e-02  -2.8368234e-03   4.7252874e-04   2.5714111e-03
   5.0580654e-02   2.0589511e-02   6.8725078e-02  -3.0405667e-03   3.4897145e-04   2.9588845e-03
   5.0042948e-02   3.1999191e-02   7.1206207e-02  -3.6697156e-03   6.2923307e-04   2.8658680e-03
   5.2396405e-02   4.1798972e-02   1.0196528e-01  -3.1156675e-03   4.4446297e-04   2.9328894e-03
   4.8549205e-02   4.6039867e-02   1.0284471e-01  -3.1042464e-03   1.6891091e-04   3.0454681e-03
   4.7932955e-02   4.0743853e-02   1.3185585e-01  -2.5410709e-03   2.9453311e-04   3.2171943e-03
   5.0642702e-02   5.7987992e-02   1.3859496e-01  -2.7194630e-03   6.3105147e-04   3.2275062e-03
   5.5358420e-02   3.6292008e-02   1.4604566e-01  -2.9645935e-03   3.3245773e-04   3.2029291e-03
   5.6667503e-02   2.9132242e-02   1.3564590e-01  -2.9431842e-03   4.2604268e-04   3.3538647e-03
   5.6948091e-02   4.5777979e-02   1.3515319e-01  -3.0546740e-03   1.6761977e-04   3.2564271e-03
   5.6961359e-02   3.3243359e-02   1.3684148e-01  -3.0462734e-03   1.1479644e-04   3.6238093e-03
   5.3356834e-02   3.4882819e-02   1.4658138e-01  -3.1271349e-03   1.3048115e-07   3.5974358e-03
   5.0427416e-02   4.5025591e-02   1.4217493e-01  -3.0541032e-03  -8.8033114e-05   3.8272053e-03
   5.2360997e-02   3.6010622e-02   1.4473871e-01  -2.3369929e-03   2.2409052e-05   3.7693522e-03
   5.0136786e-02   5.1152596e-02   1.6000594e-01  -2.0194153e-03   7.4722543e-06   3.8453866e-03
   5.6630871e-02   4.1052175e-02   1.4699737e-01  -2.5958769e-03   4.7494823e-05   4.0450507e-03
   6.2778954e-02   4.1369935e-02   1.5366698e-01  -3.1704715e-03  -8.3035857e-05   4.1218825e-03
   6.2046642e-02   8.0321169e-02   1.7127845e-01  -2.8308086e-03  -1.2265598e-04   4.3147979e-03
   6.1853423e-02   6.1708706e-02   1.7985375e-01  -2.5857662e-03   4.6629360e-05   4.3497019e-03
   6.2311502e-02   4.9199587e-02   1.9983622e-01  -2.9075566e-03   2.0669022e-04   4.4989872e-03
   6.0085825e-02   6.0584599e-02   1.8705798e-01  -2.2659038e-03   1.4922128e-04   4.4338161e-03
   5.9004206e-02   6.2870411e-02   1.9216766e-01  -2.0297796e-03  -9.9989137e-05   4.2228802e-03
   6.8693746e-02   6.4799628e-02   1.8524007e-01  -1.9875198e-03   3.8992720e-04   4.2484880e-03
   6.0442286e-02   9.0577858e-02   1.7019945e-01  -1.7634607e-03  -5.1628144e-06   4.2819582e-03
   6.7758311e-02   3.9090096e-02   1.7196082e-01  -2.5070197e-03  -2.2223961e-04   4.4615442e-03
   6.0251589e-02   6.8096644e-02   2.0374325e-01  -2.9934330e-03  -3.6208131e-04   4.4542865e-03
   5.6890730e-02   7.7983831e-02   2.0576329e-01  -1.6608452e-03  -9.5883566e-05   4.3423961e-03
   5.7391898e-02   2.2296349e-02   1.9032336e-01  -1.8851032e-03  -4.2581015e-04   4.7029578e-03
   6.0752278e-02   8.2399861e-02   2.0799937e-01  -1.8802323e-03  -5.9594745e-04   4.6492226e-03
   5.3212344e-02   4.6242621e-02   2.2693407e-01  -1.9657539e-03  -7.3106787e-04   4.4819881e-03
   5.9800912e-02   7.6366723e-02   2.5579306e-01  -1.9958966e-03  -7.3164493e-04   4.6381315e-03
   4.7273745e-02   6.3194767e-02   2.2699858e-01  -1.9301933e-03  -1.3009427e-03   4.4434987e-03
   5.0428379e-02   5.8283169e-02   2.3675638e-01  -1.8130624e-03  -9.0400060e-04   4.3624631e-03
   5.0696727e-02   8.0936956e-02   2.5825312e-01  -2.0903449e-03  -8.2747548e-04   4.5541640e-03
   5.0217971e-02   6.8391890e-02   2.3340712e-01  -1.6593988e-03  -9.9138013e-04   4.7434906e-03
   5.3925151e-02   7.4871264e-02   2.3072104e-01  -1.9371135e-03  -9.5409206e-04   4.9077053e-03
   5.0898184e-02   1.1579050e-01   2.6029798e-01  -1.7604758e-03  -9.1928812e-04   4.9176558e-03
   5.3068477e-02   8.7234822e-02   2.5523358e-01  -1.4868860e-03  -9.6934196e-04   5.1481874e-03
   5.7894493e-02   8.1010511e-02   2.5653238e-01  -1.7812694e-03  -9.0620357e-04   4.9544074e-03
   5.0025300e-02   9.4576072e-02   2.5579124e-01  -1.8774165e-03  -1.2492235e-03   5.0580984e-03
   4.3747446e-02   7.4304662e-02   2.5094378e-01  -1.4748008e-03  -1.0920753e-03   4.9902462e-03
   4.5886557e-02   7.6159143e-02   2.7120357e-01  -1.8031598e-03  -1.0380413e-03   4.9972839e-03
   4.4641901e-02   9.2344063e-02   2.6784748e-01  -1.8380918e-03  -1.1130435e-03   5.0858345e-03
   4.6731229e-02   7.3887017e-02   2.7148578e-01  -1.5515532e-03  -1.2213070e-03   5.1479713e-03
   4.8894588e-02   7.3960889e-02   2.6891713e-01  -2.0301111e-03  -1.0315487e-03   5.0299909e-03
   4.7023686e-02   8.5298147e-02   2.7700383e-01  -1.8893921e-03  -1.0086473e-03   4.9018033e-03
   5.0223951e-02   6.6982536e-02   2.6045296e-01  -1.6867508e-03  -1.0195359e-03   4.6836752e-03
   5.2943705e-02   6.3116913e-02   2.6545603e-01  -1.9225056e-03  -1.0407947e-03   4.7297919e-03
   5.1419650e-02   7.7116669e-02   2.3392982e-01  -2.2665903e-03  -9.8873055e-04   4.8907445e-03
   5.4186452e-02   5.3287177e-02   2.4889188e-01  -2.3527861e-03  -8.3966532e-04   4.9878428e-03
   5.7152328e-02   9.3822804e-02   2.4689959e-01  -2.9315136e-03  -5.7421057e-04   5.0365130e-03
   5.9230860e-02   4.8103699e-02   2.6100132e-01  -2.3852414e-03  -6.9830787e-04   5.2451476e-03
   6.3700794e-02   7.0966746e-02   2.7877463e-01  -2.2354723e-03  -8.2693685e-04   5.3289597e-03
   6.4988411e-02   7.0033170e-02   2.7311994e-01  -1.8485134e-03  -8.2071047e-04   5.3410953e-03
   6.2659408e-02   7.7627873e-02   2.9150562e-01  -2.1446758e-03  -9.1506423e-04   5.3011174e-03
   5.8367573e-02   9.2405534e-02   2.7764624e-01  -2.0574859e-03  -1.0483913e-03   5.1592890e-03
   5.9292625e-02   7.1901573e-02   2.6428958e-01  -2.0484414e-03  -1.0932794e-03   5.0839754e-03
   5.7832088e-02   7.2463164e-02   2.4984581e-01  -2.2808289e-03  -1.0988629e-03   5.0223758e-03
   5.8369870e-02   8.2658419e-02   2.6040146e-01  -2.1397649e-03  -1.0985702e-03   5.0967188e-03
   5.7303715e-02   8.3551827e-02   2.5086253e-01  -2.1283833e-03  -1.1279594e-03   5.1338847e-03
   5.7335777e-02   6.9161382e-02   2.5980158e-01  -2.3793133e-03  -1.1122759e-03   4.8698925e-03
   5.5264823e-02   7.4870667e-02   2.6184144e-01  -2.4997296e-03  -1.0385980e-03   4.8779793e-03
   5.6973538e-02   9.4040793e-02   2.4735720e-01  -2.3786541e-03  -1.1382084e-03   5.0422546e-03
   5.5628649e-02   8.5061170e-02   2.4004804e-01  -2.4329949e-03  -9.9739987e-04   5.0050434e-03
   5.5197581e-02   8.7211643e-02   2.5107066e-01  -2.5766577e-03  -1.1202026e-03   5.0096376e-03
   5.6024483e-02   8.8318310e-02   2.6143717e-01  -2.4182466e-03  -1.1305914e-03   5.1525427e-03
   5.5641142e-02   7.4967434e-02   2.5750770e-01  -2.5802083e-03  -1.0593100e-03   5.2282267e-03
   5.8231667e-02   9.3251129e-02   2.5784866e-01  -2.5385580e-03  -1.0889581e-03   5.2769569e-03
   5.2730383e-02   1.0552470e-01   2.6228243e-01  -2.4055364e-03  -1.2379835e-03   5.3195174e-03
   5.7099151e-02   7.9349952e-02   2.6224054e-01  -2.1176685e-03  -1.0830886e-03   5.2662815e-03
   5.7818065e-02   7.4445740e-02   2.7809628e-01  -2.5384074e-03  -9.4362864e-04   5.1169043e-03
   6.2646230e-02   9.0358135e-02   2.5979535e-01  -2.4792798e-03  -9.8155670e-04   5.1739220e-03
   6.1185596e-02   6.2206189e-02   2.6130542e-01  -2.8552898e-03  -9.3478175e-04   5.1697382e-03
   5.6406730e-02   1.1014907e-01   2.3973399e-01  -2.8457361e-03  -1.2192646e-03   5.3714155e-03
   7.3213751e-02   6.4531044e-02   2.7641344e-01  -4.4107591e-03  -6.4147969e-04   5.4249396e-03
   6.8655529e-02   1.2343472e-01   2.9900149e-01  -2.8038162e-03  -6.5067721e-04   5.8056623e-03
   6.7991707e-02   1.3148541e-01   2.8839793e-01   8.9925065e-04  -7.0058088e-04   5.4860341e-03
   7.8422762e-02   8.3320060e-02   2.5554456e-01   4.8196838e-04   6.3715123e-04   4.8591011e-03
   7.5220182e-02   1.0781525e-01   1.9819435e-01  -1.1490539e-03   8.9561539e-04   5.2129918e-03
   7.3538452e-02   5.1014036e-02   2.3115660e-01  -1.3907321e-03   3.7190771e-05   5.2774787e-03
   7.9737128e-02   4.4583919e-02   1.9757104e-01  -1.8461744e-03   3.9160623e-04   5.1593907e-03
   8.0336131e-02   4.1792797e-02   1.9071357e-01  -2.7861026e-03   3.1663945e-04   4.9406628e-03
   7.9080989e-02   2.3890095e-02   2.1072375e-01  -1.3672479e-03   9.5599338e-05   5.1837548e-03
   8.0084249e-02   4.5529278e-02   2.2318711e-01  -2.6800159e-03   2.3304943e-04   5.3786550e-03
   8.9089928e-02   4.1126611e-02   2.1259427e-01  -1.2157849e-03   6.1058303e-04   5.3471819e-03
   8.9945469e-02   5.2811664e-02   2.2129092e-01  -3.5523551e-04   1.3836136e-03   5.1451850e-03
   8.4161518e-02   3.3482651e-02   2.1637672e-01  -1.5055171e-03   1.1452470e-03   5.1596714e-03
   8.1097694e-02   2.7514813e-02   2.3796711e-01  -1.1913779e-03   1.2874215e-03   5.2711322e-03
