1. right HP: 
12 -36 -2; 22 -14 -28; 16 -36 -4; 26 -6 -20; 34 2 -20; 16 -38 -4; 

   left HP:
-22 0 -18; -30 -2 -26; -30 -4 -18; -24 6 -22; -34 -2 -18; -24 6 -22; -28 0 -16; -26 0 -20; -30 -2 -26; -26 6 -22; -34 -12 -22; -22 -8 -16; -24 -4 -22; -24 -2 -16; -32 0 -22; -14 -36 -2

2. left IPL:
-58 -28 30; -44 -30 40; -58 -28 30; -50 -30 52; -54 -30 30; -58 -26 28; -30 -4 -18; -52 -42 48; -42 -38 58; -58 -28 28; -52 -26 30; -50 -28 30; -54 -26 30; -60 -26 28

   right IPL:
56 -38 38; 50 -42 48; 50 -34 30; 56 -36 38; 50 -32 30; 44 -32 60; 58 -36 40; 58 -34 40; 38 -46 38; 38 -44 38; 58 -32 40; 40 -36 60

3. PCC:
8 -32 26; -6 -24 30; -8 -56 14; 0 -24 24; -8 -48 14; 10 -30 28; -8 -24 28; -8 -58 14; 0 -34 22; 6 -32 26; -6 -24 30; -10 -56 14;
-8 -26 30; -4 -56 12; -8 -48 14; 8 -32 26; -6 -24 30; -10 -54 14; -6 -48 20; 8 -38 24; -6 -26 30; -8 -24 30; -6 -56 14; 0 -26 24;
-12 -58 14; -8 -48 10; 0 -38 16; 10 -30 28; -8 -24 28; -4 -52 8; -6 -56 16; 20 -60 16; 8 -30 30; -8 -60 14; -10 -24 28; -6 -54 10; 10 -30 28; -4 -58 10; 8 -30 30; -6 -58 14


4. PCU:
16 -72 30; 12 -58 66; 4 -62 50; 10 -30 28; -8 -24 28; 8 -58 42; 12 -78 46; 18 -70 32; 12 -52 48; 6 -58 50; 4 -60 50

5. ACC:
4 50 -16; -8 32 -4; -6 40 -6; 2 52 -14; -6 32 -12; -10 32 -4; 2 48 -16; -12 48 -2; 2 50 -12; -10 40 -2; -6 40 -2; 6 24 22; 8 38 -14; -6 30 -6
