   0.0000000e+00   0.0000000e+00   3.5527137e-15   0.0000000e+00   0.0000000e+00   0.0000000e+00
   6.6042394e-03   6.0154892e-02   1.2557066e-01  -4.0137555e-04  -3.7096003e-04   7.2538105e-05
   1.7748370e-02   7.4350635e-02   2.0057016e-01   5.5822191e-05  -5.3163219e-04   1.7767083e-04
   1.9360532e-02   7.1816877e-02   1.8640718e-01  -4.4179558e-04  -4.0192869e-04   2.8991477e-04
   1.3843662e-02   9.5308204e-02   1.8906655e-01  -8.7005998e-04  -4.3812109e-04   2.9200940e-04
   8.3280470e-03   9.0006672e-02   1.5963645e-01  -1.0516421e-03  -3.1670067e-04   5.1670187e-04
   1.4093458e-02   1.0645940e-01   1.2578623e-01  -1.3143805e-03  -3.2692636e-04   3.5449226e-04
   1.1736572e-02   1.3928609e-01   1.4202451e-01  -1.7958561e-03  -6.2147693e-04   3.2925044e-04
   2.5825277e-02   1.1930249e-01   1.6670636e-01  -1.2897509e-03  -1.1759028e-03   5.4597751e-05
   2.6465260e-02   1.8116303e-01   2.0025167e-01  -1.4345483e-03  -1.3075308e-03   3.5767632e-04
   2.1472598e-02   1.3212755e-01   2.0691432e-01  -9.4643645e-04  -9.6232517e-04   3.0649786e-04
   3.0113986e-02   1.5776645e-01   1.9531402e-01  -6.8258006e-04  -9.7097048e-04   2.9552203e-04
   1.7994580e-02   1.3483934e-01   2.2769982e-01  -1.4493392e-03  -1.1850977e-03   3.9244887e-04
   2.8490941e-02   1.8012475e-01   2.1698497e-01  -1.6659854e-03  -1.3349563e-03   5.0984531e-04
   4.8503646e-02   1.5683095e-01   2.2736217e-01  -1.7354408e-03  -1.5359523e-03   4.4148726e-04
   4.8178517e-02   1.4117358e-01   1.5856371e-01  -1.6027061e-03  -1.4293636e-03   2.0275974e-04
   5.4419830e-02   2.1193624e-01   2.6703092e-01  -2.1885677e-03  -1.5289905e-03   4.7241742e-04
   4.2845600e-02   1.3566193e-01   1.4266488e-01  -2.0761951e-03  -1.5486240e-03   1.4570749e-04
   6.0362579e-02   2.3512003e-01   2.7379299e-01  -2.5036036e-03  -1.7458582e-03   5.0403895e-04
   5.4690152e-02   1.3121808e-01   1.5375976e-01  -2.0877880e-03  -1.6659080e-03   8.9475774e-05
   6.9554274e-02   2.2751062e-01   2.4449849e-01  -2.6440593e-03  -1.9439430e-03   2.3680601e-04
   7.3213025e-02   1.6766894e-01   2.0926570e-01  -2.4302537e-03  -1.8071539e-03   1.2215779e-04
   7.8563625e-02   2.3473548e-01   2.6162259e-01  -2.7327387e-03  -2.0313079e-03   3.6053538e-04
   9.1419693e-02   1.9113143e-01   2.1783989e-01  -2.5895494e-03  -2.2113568e-03  -8.9315685e-05
   1.0321636e-01   2.2092284e-01   2.4560126e-01  -3.0421447e-03  -2.5805375e-03  -2.3746714e-04
   8.3313218e-02   1.7377656e-01   1.4397924e-01  -2.7533931e-03  -2.3569665e-03  -3.1948700e-05
   8.0434195e-02   2.0693586e-01   1.3457451e-01  -3.3280184e-03  -2.5270576e-03  -4.2723773e-07
   8.4630648e-02   1.6565921e-01   1.1012587e-01  -2.8980773e-03  -2.3906422e-03  -1.6169306e-04
   7.2445255e-02   2.3337654e-01   1.5691796e-01  -3.5037541e-03  -2.4504999e-03   2.3949969e-04
   1.0744066e-01   1.5335349e-01   7.5310383e-02  -3.6257837e-03  -2.6056560e-03  -8.7105686e-05
   1.0039441e-01   2.2267669e-01   1.3273877e-01  -3.5925190e-03  -2.7373114e-03   3.0337173e-04
   1.2077419e-01   1.9105788e-01   1.4706133e-01  -3.8013204e-03  -3.0310647e-03   1.2283788e-04
   1.2714241e-01   2.1319112e-01   1.3992670e-01  -3.4683645e-03  -3.2521198e-03   6.2168661e-06
   1.1858138e-01   2.4297448e-01   2.3449921e-01  -3.3170803e-03  -3.1830553e-03   5.0541455e-05
   1.2224337e-01   1.9839722e-01   1.9364546e-01  -3.1795555e-03  -3.0819882e-03  -1.3157525e-04
   1.1181434e-01   2.5476560e-01   2.8651385e-01  -3.0187855e-03  -3.2573911e-03  -3.6447915e-05
   1.1568475e-01   2.0479509e-01   2.5414809e-01  -2.4700542e-03  -3.5686331e-03   1.5070602e-04
   1.2000241e-01   2.8107035e-01   3.0165801e-01  -2.9515205e-03  -3.5806428e-03   3.7468618e-04
   1.3908721e-01   2.2881879e-01   2.9668644e-01  -2.4487318e-03  -3.7923614e-03   1.3646714e-04
   1.4356887e-01   2.7222726e-01   2.9298530e-01  -2.8003100e-03  -4.0140147e-03   1.9164459e-04
   1.2564444e-01   2.2696621e-01   3.0983416e-01  -2.2706262e-03  -3.7153222e-03   3.4160533e-05
   1.4125558e-01   2.6600072e-01   2.9781038e-01  -2.4629227e-03  -4.1822194e-03   1.0220809e-04
   1.5513253e-01   2.3926950e-01   3.4336656e-01  -2.2024197e-03  -4.4785586e-03  -6.5843404e-05
   1.5453228e-01   2.6947879e-01   3.0142432e-01  -2.5248026e-03  -4.3949208e-03  -1.1863297e-04
   1.5305643e-01   2.3038117e-01   3.3965250e-01  -2.4043543e-03  -4.4396704e-03  -4.2377358e-04
   1.4968700e-01   2.5678252e-01   2.8539606e-01  -2.3827777e-03  -4.6720022e-03  -6.9700786e-06
   1.6895447e-01   2.6300466e-01   2.9652386e-01  -2.6990907e-03  -5.0057692e-03  -3.1400065e-04
   1.6500338e-01   2.6958713e-01   3.1701898e-01  -2.6815708e-03  -5.0091825e-03  -3.6380499e-04
   1.7846834e-01   2.5856167e-01   2.8751800e-01  -2.8540567e-03  -5.0276081e-03  -4.5612851e-04
   1.6138545e-01   2.9708898e-01   3.0541004e-01  -2.9925470e-03  -4.8707346e-03   2.7401131e-05
   1.5596302e-01   2.4397360e-01   2.3604425e-01  -2.7163763e-03  -4.7918342e-03  -2.6436331e-04
   1.4746234e-01   2.3935110e-01   3.2068664e-01  -1.8510929e-03  -4.8849408e-03  -2.5575624e-04
   1.4556878e-01   2.6178257e-01   2.8149484e-01  -3.1707009e-03  -4.9935331e-03  -2.1116883e-04
   1.5841114e-01   2.4250347e-01   3.2318207e-01  -2.7903046e-03  -5.0094409e-03  -8.0284684e-05
   1.7934039e-01   2.6908758e-01   3.1892857e-01  -3.0696775e-03  -5.3656004e-03  -4.7956503e-04
   1.7442705e-01   2.6467233e-01   3.2379957e-01  -3.0665555e-03  -5.3264196e-03  -5.0060109e-04
   1.7461028e-01   2.8478060e-01   3.2702613e-01  -2.9816818e-03  -5.5205734e-03  -3.8947712e-04
   1.8451260e-01   2.7660864e-01   3.4498867e-01  -2.4002707e-03  -5.6791315e-03  -6.4248461e-04
   1.8920796e-01   3.1087308e-01   3.3869236e-01  -2.7820436e-03  -5.7381779e-03  -7.2182147e-04
   1.8627912e-01   2.8759028e-01   3.4417814e-01  -2.5605422e-03  -5.8754361e-03  -9.5300455e-04
   1.7572630e-01   2.9950801e-01   3.4555032e-01  -2.7473113e-03  -5.9693802e-03  -9.9751385e-04
   1.7646541e-01   2.5829592e-01   3.0348104e-01  -2.6703483e-03  -5.9924430e-03  -1.4038625e-03
   1.7381501e-01   3.0674095e-01   3.1946318e-01  -3.3807427e-03  -6.1202907e-03  -1.1611786e-03
   1.8109640e-01   2.6029116e-01   3.0971356e-01  -2.9130676e-03  -6.2422177e-03  -1.4421318e-03
   1.9168548e-01   3.0317646e-01   3.2504833e-01  -2.9588355e-03  -6.4899541e-03  -1.6695586e-03
   2.0106322e-01   2.6809148e-01   3.1580652e-01  -2.5629724e-03  -6.4703937e-03  -1.7761406e-03
   1.9701093e-01   3.2667341e-01   3.3511740e-01  -3.3966132e-03  -6.4588419e-03  -1.5880709e-03
   1.9255812e-01   2.6365755e-01   2.9619049e-01  -2.8507946e-03  -6.5218158e-03  -1.6512603e-03
   1.9189285e-01   3.2746297e-01   3.2629296e-01  -3.3564124e-03  -6.7121896e-03  -1.5358880e-03
   1.8293355e-01   2.7008104e-01   2.8738743e-01  -2.9894241e-03  -6.5630438e-03  -1.7557813e-03
   1.8635422e-01   3.2235234e-01   3.0399915e-01  -3.4635571e-03  -6.6331626e-03  -1.5184404e-03
   1.9102619e-01   2.7095519e-01   3.0897420e-01  -2.8273477e-03  -6.6481763e-03  -1.5945310e-03
   1.8355686e-01   3.2920037e-01   3.0867792e-01  -3.3505193e-03  -6.5806686e-03  -1.5144517e-03
   1.9093053e-01   2.8894306e-01   3.2027761e-01  -2.4818306e-03  -6.6716161e-03  -1.7669918e-03
   1.9046277e-01   3.0790598e-01   3.1282271e-01  -2.4816087e-03  -6.6637035e-03  -1.5851501e-03
   1.8053854e-01   2.8434856e-01   2.7771087e-01  -3.1966146e-03  -6.5320246e-03  -1.4155490e-03
   1.6482569e-01   3.1083228e-01   3.2628007e-01  -2.7685790e-03  -6.3909832e-03  -1.4421628e-03
   1.5666863e-01   2.8514817e-01   2.7976677e-01  -3.2273353e-03  -6.5119876e-03  -1.3324798e-03
   1.6656117e-01   2.8312178e-01   2.9272691e-01  -3.0756777e-03  -6.6036363e-03  -1.3912041e-03
   1.8253552e-01   2.7102137e-01   3.1246289e-01  -3.3942996e-03  -6.6656483e-03  -1.5681830e-03
   1.6932286e-01   3.1489921e-01   2.6387817e-01  -3.8220304e-03  -6.4392111e-03  -1.3324696e-03
   1.7664236e-01   3.0379756e-01   2.8885290e-01  -3.6383929e-03  -6.7219360e-03  -1.4893176e-03
   1.6525750e-01   3.1411669e-01   2.3024242e-01  -3.6381523e-03  -6.4578203e-03  -1.3924567e-03
   1.7883074e-01   3.2301503e-01   2.4615824e-01  -3.9881730e-03  -6.6279227e-03  -1.1751719e-03
   1.6890083e-01   3.2421795e-01   3.0221264e-01  -3.5278030e-03  -6.6704168e-03  -1.3066023e-03
   1.9122658e-01   3.1141609e-01   2.8521579e-01  -3.7081309e-03  -6.6036360e-03  -1.5876852e-03
   1.8868114e-01   3.3878718e-01   3.2205901e-01  -3.6543802e-03  -6.7095608e-03  -1.3811295e-03
   1.9139165e-01   3.2113481e-01   2.6625544e-01  -3.7772911e-03  -6.7249584e-03  -1.6470243e-03
   1.9117964e-01   3.3711687e-01   2.9721462e-01  -3.6473097e-03  -6.7187612e-03  -1.5708710e-03
   1.8767486e-01   3.3131784e-01   2.5028349e-01  -3.8095201e-03  -6.6821290e-03  -1.5722601e-03
   1.8008146e-01   3.2297042e-01   3.0654102e-01  -3.6445196e-03  -6.8160305e-03  -1.3881545e-03
   1.7394849e-01   3.2943709e-01   2.6057744e-01  -3.7254856e-03  -6.6685570e-03  -1.4896609e-03
   1.9042879e-01   3.3115265e-01   2.9173693e-01  -3.7697992e-03  -6.7908605e-03  -1.6238599e-03
   1.9858288e-01   3.2573811e-01   2.5966051e-01  -3.7221462e-03  -6.9679955e-03  -1.7573407e-03
   1.9424855e-01   3.3137753e-01   3.1040963e-01  -3.7210705e-03  -6.9658295e-03  -1.5085761e-03
   1.9026515e-01   3.2297869e-01   2.7600935e-01  -3.6098164e-03  -6.9175870e-03  -1.6114786e-03
   1.9527925e-01   3.2582689e-01   3.0835866e-01  -3.4230463e-03  -7.0042402e-03  -1.7649593e-03
   1.9362277e-01   3.6147587e-01   2.6798701e-01  -3.7629811e-03  -6.8145520e-03  -1.7963757e-03
   1.9415588e-01   3.3417083e-01   3.1917292e-01  -3.5587043e-03  -7.0700548e-03  -1.8023005e-03
   1.7406261e-01   3.6386233e-01   2.3818728e-01  -4.0434821e-03  -6.5687339e-03  -1.4590494e-03
   1.8507963e-01   3.1249114e-01   2.6518560e-01  -3.6456320e-03  -6.9806792e-03  -1.3991310e-03
   1.6571119e-01   3.1605203e-01   2.1969517e-01  -4.1415370e-03  -6.5191535e-03  -1.4255115e-03
   1.8198462e-01   3.2395516e-01   2.2765882e-01  -4.6720704e-03  -6.7250643e-03  -1.4811276e-03
   1.9081732e-01   3.2550925e-01   2.4739874e-01  -4.2908461e-03  -6.7660513e-03  -1.7506158e-03
   1.9673593e-01   3.5228991e-01   2.1735113e-01  -4.9059024e-03  -6.8876258e-03  -1.7269845e-03
   1.9712958e-01   3.2846139e-01   2.6006886e-01  -4.1199804e-03  -6.8737709e-03  -1.7924601e-03
   2.0457568e-01   3.7788523e-01   2.5051520e-01  -4.6176367e-03  -7.1559528e-03  -1.7719427e-03
   1.9872562e-01   3.4062175e-01   3.0102975e-01  -4.0511066e-03  -7.0133575e-03  -1.9886084e-03
   1.8625391e-01   3.7365019e-01   2.5043621e-01  -4.4971713e-03  -6.8290996e-03  -1.5297927e-03
   1.6263753e-01   3.2087692e-01   1.7586962e-01  -4.4848505e-03  -6.3281791e-03  -1.2532538e-03
   1.8883520e-01   3.6486752e-01   2.3977560e-01  -4.8492085e-03  -6.9304317e-03  -1.1941701e-03
   1.8590147e-01   3.5739714e-01   2.9618935e-01  -4.1234887e-03  -6.8271611e-03  -1.5334797e-03
   1.9681029e-01   3.7442054e-01   2.4105135e-01  -4.6704608e-03  -7.0150035e-03  -1.5106206e-03
   2.1465449e-01   3.2741683e-01   2.7874256e-01  -4.3916737e-03  -7.1689956e-03  -1.8465834e-03
   2.2303098e-01   3.5856947e-01   2.6997931e-01  -4.6065244e-03  -7.3811825e-03  -2.1159183e-03
   2.2581281e-01   3.5249600e-01   3.1430696e-01  -4.4120839e-03  -7.3127343e-03  -2.2623019e-03
   2.3210584e-01   3.7389701e-01   2.6213767e-01  -4.7220711e-03  -7.5577223e-03  -2.4412680e-03
   2.3983765e-01   3.5780290e-01   3.2476347e-01  -4.4176918e-03  -7.7965792e-03  -2.3090675e-03
   2.3428076e-01   3.9705911e-01   2.7341901e-01  -4.9034274e-03  -7.6022166e-03  -2.4026553e-03
   2.5498146e-01   3.7115936e-01   3.1215209e-01  -4.5140993e-03  -7.9001970e-03  -2.5501322e-03
   2.4975912e-01   4.1194094e-01   2.7744389e-01  -5.0027480e-03  -7.8516650e-03  -2.4999307e-03
   2.5931817e-01   3.9875903e-01   3.0603092e-01  -5.0631040e-03  -8.0807922e-03  -2.5093508e-03
   2.5572003e-01   4.1504263e-01   2.6847607e-01  -5.2672635e-03  -8.1204787e-03  -2.5864964e-03
   2.6598901e-01   3.7185387e-01   3.3521612e-01  -4.0521319e-03  -8.2128759e-03  -2.8853741e-03
   2.4708005e-01   3.5333446e-01   2.8728584e-01  -3.7990441e-03  -7.5143709e-03  -2.6759225e-03
   2.3722876e-01   3.9298580e-01   2.7666345e-01  -5.1859109e-03  -7.8180351e-03  -2.2471129e-03
   2.1930640e-01   5.0232734e-01   3.9526226e-01  -5.3939724e-03  -8.0900002e-03  -1.7687532e-03
   2.2732384e-01   3.8700422e-01   2.7691834e-01  -5.2262772e-03  -8.5657075e-03  -1.6481833e-03
   2.2166352e-01   3.3485483e-01   2.0760009e-01  -5.0106312e-03  -8.5441192e-03  -2.1109119e-03
