   0.0000000e+00   0.0000000e+00   0.0000000e+00   0.0000000e+00   0.0000000e+00   0.0000000e+00
   5.9318455e-03   1.3958261e-02   6.7460344e-02  -1.6961149e-04  -3.6913701e-04  -2.5557332e-04
   8.5338980e-03   6.9231189e-02   1.2138946e-01  -1.2873486e-04  -6.6764602e-04  -3.1834194e-04
  -9.0513790e-03   9.4629272e-03   1.5896816e-01   9.3731054e-04  -4.6179285e-04  -2.1070784e-04
   7.3460504e-03   6.5225916e-02   9.3054711e-02   1.5185653e-04  -6.1110381e-04  -2.4302379e-04
   1.6306059e-02   7.7155171e-02   8.3672363e-02  -4.7724759e-04  -9.7509396e-04  -3.3162170e-04
   1.1779502e-03   4.8914068e-02   9.3081966e-02   1.8846633e-04  -4.1728430e-04  -4.0534010e-04
   7.2698736e-03   7.3368161e-02   7.8208705e-02   2.8470241e-04  -5.3386625e-04  -4.9076313e-04
   2.5727968e-02   3.5055181e-02   1.3309184e-01   8.6027491e-04  -6.9064599e-04  -7.0046169e-04
   2.0651513e-02   4.7312944e-02   6.4839136e-02   2.3699357e-04  -6.9760945e-04  -4.8714392e-04
   1.2116843e-02   4.7384394e-02   7.8500497e-02   5.0111014e-04  -5.0132779e-04  -3.9797236e-04
   1.0840790e-03   6.5224963e-02   8.6078911e-02   1.4999723e-04  -5.3392155e-04  -2.2960522e-04
   5.2416452e-03   5.6781810e-02   1.0453945e-01   3.1090286e-04  -7.1045866e-04  -7.5974293e-05
   8.5194225e-03   5.8726013e-02   7.8014174e-02  -1.5930396e-04  -7.8704974e-04  -2.0486670e-04
   5.1190605e-03   6.1652906e-02   5.6211999e-02  -3.3567965e-04  -6.7142842e-04  -1.4161373e-04
   1.1681228e-02   6.5489004e-02   3.5221409e-02  -7.4430262e-04  -9.5419104e-04  -1.1879964e-04
   1.5627827e-02   7.9675950e-02   4.1834206e-02  -6.1637221e-04  -1.0736729e-03  -1.7532741e-04
   2.2539873e-02   5.5555524e-02   6.6459981e-02  -4.0465962e-04  -1.0463528e-03  -3.2495827e-04
   2.2551146e-02   7.6972119e-02   3.4302948e-02  -5.8570753e-04  -1.1078792e-03  -3.0886823e-04
   1.4688438e-02   6.7363312e-02   3.5126338e-02  -9.0314493e-04  -1.1517082e-03  -2.2183452e-04
   2.2205192e-02   7.9127880e-02   3.2038063e-02  -8.2994601e-04  -1.0351770e-03  -3.8453770e-04
   3.4429337e-02   7.4512488e-02   3.1021253e-02  -8.5111601e-04  -1.4269599e-03  -3.7076072e-04
   3.0733823e-02   6.1098158e-02   3.3901880e-02  -6.5562699e-04  -1.3977005e-03  -3.6172489e-04
   2.1283607e-02   7.7335805e-02   2.1216044e-02  -1.2003887e-03  -1.1121188e-03  -4.0888198e-04
   1.6964051e-02   9.7348667e-02   4.0499509e-02  -8.7012043e-04  -1.2485873e-03  -1.2031423e-04
   2.7057284e-02   4.6351277e-02   1.0432681e-01   2.9083504e-04  -1.3478528e-03   4.8377709e-05
   2.5079876e-02   7.1759906e-02   5.5847048e-02  -8.5203016e-04  -1.5759710e-03   1.0697771e-04
   3.7692142e-02   8.9663174e-02   2.0663294e-02  -1.3511599e-03  -1.8604101e-03   7.7049960e-06
   1.8478647e-02   9.5054347e-02   3.2598231e-02  -1.2400662e-03  -1.5793898e-03   3.7822127e-04
   3.3064602e-02   8.8159989e-02   6.2560197e-02  -1.1601899e-03  -1.5057875e-03   2.0104678e-04
   3.9692642e-02   9.8989224e-02   5.2954807e-02  -1.3550213e-03  -1.5704422e-03   1.5197451e-04
   1.2747324e-02   6.4946859e-02   7.7970647e-02  -9.8822288e-04  -1.0417093e-03   2.3204111e-04
   1.3620983e-02   7.6507415e-02   8.0989213e-02  -7.3874703e-04  -1.2416010e-03   3.3580902e-04
   1.0237407e-02   7.1232480e-02   7.7244007e-02  -8.3650012e-04  -1.0113810e-03   1.7896183e-04
   2.4200323e-02   7.1991970e-02   1.0163518e-01  -4.7030089e-04  -1.4525833e-03   2.9306322e-04
   1.3173069e-02   5.9934812e-02   9.2649714e-02  -6.2527671e-04  -1.2180796e-03   2.9217650e-04
   1.1578667e-02   1.0329953e-01   6.7734422e-02  -1.1321149e-03  -1.2759896e-03   2.6763796e-04
   1.2826604e-02   8.8806232e-02   8.1675258e-02  -1.1244985e-03  -1.5619972e-03   5.1328846e-04
   8.5370641e-03   6.9344379e-02   9.6362336e-02  -7.8325331e-04  -1.3988710e-03   2.9991074e-04
   3.0173965e-03   7.5773563e-02   7.7449872e-02  -1.0232065e-03  -1.3440620e-03   4.0350598e-04
   2.7199529e-03   6.2095238e-02   8.9986969e-02  -7.4666674e-04  -1.4408416e-03   5.9890196e-04
   1.1081244e-02   7.7464705e-02   1.1102848e-01  -7.8151252e-04  -1.4226250e-03   3.1567073e-04
   6.7875367e-03   6.2024037e-02   1.2380254e-01  -1.1346974e-03  -1.4199181e-03   4.0624246e-04
   4.0724691e-03   7.5547893e-02   1.4360669e-01  -7.3579274e-04  -1.3883361e-03   3.9533824e-04
   1.2861940e-02   8.1567655e-02   1.4579062e-01  -7.4555477e-04  -1.5259098e-03   2.8657066e-04
   8.4632483e-03   7.9065927e-02   1.4991890e-01  -6.2251026e-04  -1.3892253e-03   2.5186386e-04
   2.0491633e-02   1.1438419e-01   1.3181752e-01  -7.1405079e-04  -1.6892576e-03   2.3944701e-04
   2.0025452e-02   1.1263914e-01   1.1780869e-01  -7.7903638e-04  -1.6613158e-03   2.9441389e-04
   2.2073318e-02   8.2281109e-02   1.1995646e-01  -7.1436223e-04  -1.6368290e-03   5.9177793e-05
   1.2404748e-02   9.6454251e-02   1.3512634e-01  -9.0026072e-04  -1.6692181e-03   3.4702073e-04
   1.8115136e-02   6.3876798e-02   1.6684002e-01  -8.1492701e-04  -2.1717601e-03   4.5931887e-04
   1.3259134e-02   7.8924302e-02   1.3022711e-01  -1.2840626e-03  -1.9353190e-03   8.6840414e-05
   3.2416742e-02   9.0864937e-02   1.3963084e-01  -1.1892675e-03  -2.3278359e-03   1.1377380e-05
   1.5071115e-02   8.5036259e-02   1.4211132e-01  -1.0504821e-03  -2.3723814e-03   2.7556882e-04
   8.9742488e-03   1.0302412e-01   1.4288409e-01  -1.1336607e-03  -2.5686032e-03   7.7661935e-05
  -1.6070581e-02   1.0048738e-01   1.4985747e-01  -1.1752621e-03  -2.2869109e-03   3.4803655e-04
  -2.1281920e-02   6.4405512e-02   1.7972361e-01  -4.0974072e-04  -2.0219303e-03   3.2366503e-04
  -1.6317777e-02   9.7854703e-02   1.2687329e-01  -1.0913630e-03  -1.6960721e-03   1.0176368e-04
  -7.6138413e-03   4.7521116e-02   2.0636135e-01   2.2301477e-04  -1.9337627e-03   1.6490569e-04
   5.8762725e-03  -4.5879325e-02   2.0320328e-01   2.4053188e-03  -2.0485811e-03   4.0092229e-04
   4.7085527e-03   9.5406114e-02   1.1444823e-01  -2.6016387e-04  -1.8921857e-03   5.0414259e-05
   3.5646378e-03   7.2906493e-02   1.6195395e-01  -5.0669312e-05  -1.9798505e-03  -4.9131308e-05
   7.5226440e-04   7.3187167e-02   1.2997225e-01  -6.5689034e-04  -1.8797332e-03   2.0655213e-04
  -1.0969289e-02   6.1498054e-02   1.7798827e-01  -6.9655557e-04  -1.9841317e-03   4.7940190e-04
  -1.2451399e-02   5.7534700e-02   1.8348079e-01  -7.1754687e-04  -2.0440066e-03   5.8760991e-04
  -1.4770611e-02   5.4023171e-02   2.2421567e-01  -3.6000717e-04  -2.1118078e-03   6.8316640e-04
  -1.8937889e-02   1.0158225e-01   1.9405676e-01  -8.8803893e-04  -1.7452272e-03   6.0080224e-04
  -1.9870150e-02   8.2589477e-02   2.1207111e-01  -5.8529709e-04  -1.9681660e-03   8.1502884e-04
  -2.4063682e-02   1.0123622e-01   1.9492654e-01  -8.3150272e-04  -1.5978698e-03   5.7298610e-04
  -3.2999614e-02   5.7577384e-02   2.3053060e-01  -5.1863097e-04  -1.7259929e-03   8.0611027e-04
  -3.8211547e-02   7.6355121e-02   2.1378799e-01  -8.7403654e-04  -1.7066616e-03   8.1519856e-04
  -2.3317836e-02   9.5993236e-02   2.0539081e-01  -9.2466687e-04  -1.6920262e-03   5.9490675e-04
  -2.3599538e-02   7.7650923e-02   2.1875952e-01  -9.4459758e-04  -1.4305727e-03   5.1390556e-04
  -1.0850354e-02   1.0143582e-01   2.1897687e-01  -5.1446809e-04  -1.6843728e-03   3.7343497e-04
  -4.3869862e-03   6.8836541e-02   2.6390066e-01   7.7306232e-05  -1.8622461e-03   6.5245059e-04
  -1.3599553e-02   1.1641274e-01   2.0550414e-01  -1.5366437e-03  -2.0597763e-03   8.2469524e-04
  -2.2433723e-03   9.0777368e-02   2.3278988e-01  -1.0395389e-03  -2.0782906e-03   5.7293503e-04
  -4.4308753e-03   1.0376349e-01   2.1309823e-01  -1.1335107e-03  -1.9844598e-03   4.3612845e-04
  -1.4528774e-02   1.2804321e-01   2.2700349e-01  -6.6712191e-04  -1.9536773e-03   4.6035937e-04
  -1.3152043e-02   1.3305097e-01   2.1099809e-01  -9.7537351e-04  -2.0046420e-03   4.0717267e-04
  -2.5973481e-02   9.7210004e-02   2.1828356e-01  -6.3044576e-04  -1.8340016e-03   4.6559378e-04
  -4.1283604e-02   8.0725458e-02   2.2812563e-01  -4.1501047e-04  -1.6318812e-03   6.0646132e-04
  -4.5867864e-02   8.9490212e-02   2.0404308e-01  -1.1281916e-03  -1.3958576e-03   5.7930694e-04
  -3.3654818e-02   6.8710257e-02   2.4003467e-01  -6.3741725e-04  -1.5784845e-03   5.5428958e-04
  -2.9842842e-02   6.0563009e-02   2.3411272e-01  -7.7629960e-04  -1.5479498e-03   5.1368635e-04
  -3.4585154e-02   7.1986332e-02   2.4166728e-01  -8.9513378e-04  -1.4829648e-03   4.1548733e-04
  -4.2736993e-02   7.7591606e-02   2.4075034e-01  -9.2142296e-04  -1.4272926e-03   5.1868560e-04
  -4.0407524e-02   8.3717219e-02   2.6397348e-01  -5.3099654e-04  -1.4091597e-03   3.3638314e-04
  -4.6090374e-02   1.1279277e-01   2.4965938e-01  -6.6880790e-04  -1.4503599e-03   5.2068163e-04
  -4.8378339e-02   1.2997924e-01   2.2526585e-01  -1.1669255e-03  -1.4482027e-03   6.3932060e-04
  -4.7955638e-02   7.8765405e-02   2.5813923e-01  -5.5169795e-04  -1.4628214e-03   6.2089651e-04
  -4.3631730e-02   8.2880149e-02   2.5867159e-01  -6.2187866e-04  -1.5403401e-03   5.9162218e-04
  -4.0204041e-02   5.9678930e-02   2.6785002e-01  -1.7197200e-04  -1.6150633e-03   7.4445922e-04
  -4.8587601e-02   1.0440845e-01   2.3773551e-01  -6.1113695e-04  -1.5110499e-03   5.4107050e-04
  -6.4206017e-02   8.6483962e-02   2.2583823e-01  -7.7874564e-04  -1.2573639e-03   8.2793519e-04
  -5.0724895e-02   8.3711326e-02   2.1711847e-01  -8.6991972e-04  -1.3756783e-03   7.8156511e-04
  -5.3745300e-02   6.9928394e-02   2.1264126e-01  -7.9781818e-04  -1.1950815e-03   7.3944463e-04
  -5.4321119e-02   1.2197783e-01   2.0919875e-01  -1.1587406e-03  -1.2268851e-03   7.2731720e-04
  -5.3991489e-02   5.6600395e-02   2.7380813e-01  -4.0202862e-04  -1.3446392e-03   8.1717711e-04
  -3.4543865e-02   2.8132619e-02   2.8054027e-01  -1.7073129e-04  -1.6598526e-03   8.6018681e-04
  -4.4372824e-02   4.8104205e-02   2.7223914e-01  -2.5737917e-04  -1.7637068e-03   1.0024120e-03
  -2.7812559e-02   7.6156368e-02   2.7040933e-01  -6.1741358e-04  -1.9785127e-03   7.8779034e-04
  -1.8216433e-02   7.3605750e-02   2.8806696e-01  -5.3490022e-04  -1.8863143e-03   6.4909134e-04
  -2.4680813e-02   8.7668005e-02   2.9462781e-01  -6.3872479e-04  -1.9692115e-03   6.3792235e-04
  -3.6350062e-02   9.9303052e-02   2.8400497e-01  -4.1889610e-04  -1.8986429e-03   5.4858233e-04
  -3.7400059e-02   6.5056041e-02   2.7470257e-01  -2.1257912e-04  -1.9590854e-03   8.2510258e-04
  -3.4625970e-02   6.1188483e-02   2.7702688e-01   1.7700746e-04  -1.8237143e-03   7.6357705e-04
  -1.3524008e-02   1.1355651e-01   2.5908544e-01   1.0292786e-05  -1.9023888e-03   3.9047301e-04
  -1.1660267e-02   1.2637952e-01   2.4290905e-01  -4.0090259e-04  -1.8247695e-03   4.8238905e-04
  -1.5249174e-02   6.0011777e-02   2.5618868e-01  -3.7577852e-04  -1.6378300e-03   5.5933097e-04
  -8.5777569e-03   8.7133788e-02   2.6350720e-01  -3.1354471e-04  -1.7294232e-03   5.2208728e-04
  -1.4372828e-02   7.1601602e-02   2.8729687e-01   1.8586702e-05  -1.6672222e-03   6.8164258e-04
  -1.8495353e-02   8.3049832e-02   2.5540676e-01  -4.0988170e-04  -1.4342775e-03   6.6946447e-04
  -1.8650134e-02   4.2326226e-02   2.9527665e-01   3.3717383e-05  -1.5989175e-03   6.7178689e-04
  -1.9566055e-02   8.8561517e-02   2.5939973e-01  -5.1594902e-06  -1.5443688e-03   6.3224548e-04
  -3.3326914e-02   8.9356252e-02   2.2982762e-01  -5.5657852e-04  -1.6412071e-03   9.2362268e-04
  -3.3312910e-02   6.8589860e-02   2.6005007e-01  -2.9019877e-05  -1.4973972e-03   6.9891583e-04
  -3.6326474e-02   6.2388959e-02   2.3639696e-01  -3.4141102e-04  -1.5021686e-03   7.5108879e-04
  -4.4256374e-02   5.0285978e-02   2.5503064e-01   3.2071572e-05  -1.4514189e-03   8.0048615e-04
  -5.6345885e-02   4.7368609e-02   2.7261311e-01  -1.5077627e-04  -1.5868693e-03   8.4570347e-04
  -5.3995681e-02   6.1894214e-02   2.7368055e-01   1.5504827e-04  -1.5053796e-03   7.2737798e-04
  -5.3777664e-02   4.3456228e-02   2.7417856e-01   4.9109603e-05  -1.6791762e-03   7.1389050e-04
  -5.7377245e-02   6.1385512e-02   2.8639566e-01   2.2722986e-04  -1.3132049e-03   6.5907997e-04
  -5.3370592e-02   8.4877394e-02   2.9825077e-01   5.5898284e-04  -1.3797734e-03   9.3686955e-04
  -5.0281545e-02   1.0396500e-02   2.9717679e-01   6.6339877e-04  -1.4884098e-03   1.0639539e-03
  -4.2900193e-02   3.0183765e-02   2.7560283e-01   7.2005963e-04  -1.5610361e-03   1.0159765e-03
  -3.0419479e-02   4.4466177e-02   2.6383407e-01   4.5136942e-04  -1.7275633e-03   8.4959516e-04
  -2.6391890e-02   5.1203713e-02   2.7103125e-01   4.8668738e-04  -1.6891534e-03   9.1100617e-04
  -2.0132240e-02   1.5340066e-02   2.6333279e-01   6.4998967e-04  -1.8082968e-03   9.0899945e-04
