   0.0000000e+00  -7.1054274e-15   7.1054274e-15   2.7755576e-17  -3.4694470e-18  -8.6736174e-19
   2.3202037e-03   9.9261315e-03   6.6048273e-02   1.2596806e-04  -3.3704496e-04  -2.4898336e-04
   6.9317255e-03   3.5377723e-02   2.7287699e-02  -1.9248031e-04  -2.2920392e-04  -3.5401145e-04
  -8.2726843e-03   8.6523237e-03   7.3576760e-02   6.5241683e-04  -2.9087321e-04  -3.5570208e-04
   5.2383553e-03   3.3518776e-02   6.7603212e-02   8.0439230e-04  -3.2273634e-04  -3.7097215e-04
  -1.4498682e-02  -2.4359208e-02   3.2624580e-03  -3.5838616e-04  -1.9171769e-04  -7.1403786e-05
  -2.0152109e-05   7.4436169e-03   2.5655044e-03  -9.6702853e-04   2.3211811e-04   2.4575466e-05
  -3.0683931e-03  -8.9743692e-03  -9.5220757e-02  -1.4540069e-03   5.8753167e-04  -4.3454075e-05
   1.7344639e-03  -1.3753990e-02  -9.4311425e-02  -1.2554149e-03   5.4965031e-04   1.0704040e-04
   4.4586750e-03   1.9251311e-02  -1.0877440e-01  -1.6168592e-03   2.6218470e-04  -8.7430978e-06
   2.1160307e-02   2.9279166e-02  -8.2032451e-02  -1.3913045e-03  -1.5986735e-04   2.0531316e-04
   3.1950380e-02   5.7985095e-03  -1.0568726e-01  -1.5361344e-03  -2.1568870e-04  -2.0779541e-04
   5.9746209e-02   1.4821138e-03  -1.1604075e-01  -1.8523546e-03  -7.7472983e-04  -1.2815718e-04
   7.8814823e-02   3.5542151e-02  -9.5320775e-02  -1.8776926e-03  -1.0506309e-03  -1.3703022e-04
   9.8685898e-02   5.1966746e-02  -1.1696482e-01  -2.0067510e-03  -1.3501952e-03  -7.3074302e-04
   1.1898417e-01  -5.4873478e-03  -1.1684199e-01  -1.9637342e-03  -1.6678739e-03  -5.9502621e-04
   1.3842541e-01   2.6543279e-02  -1.3920209e-01  -1.8208180e-03  -1.9424296e-03  -1.0849768e-03
   1.6883198e-01   3.3678708e-02  -1.8327573e-01  -1.9984036e-03  -2.2387037e-03  -1.6922229e-03
   1.7355211e-01   1.6844719e-02  -1.6382106e-01  -1.7277515e-03  -2.4271952e-03  -1.7864983e-03
   1.9401768e-01   1.9841980e-02  -1.7993367e-01  -1.4933158e-03  -2.6692227e-03  -2.7056309e-03
   2.1828554e-01   2.6018578e-02  -2.1336311e-01  -1.5839859e-03  -2.7688209e-03  -3.6763826e-03
   2.3639305e-01  -4.8771285e-04  -1.4508623e-01  -1.0352925e-03  -3.2157970e-03  -4.1278493e-03
   2.6105450e-01   2.5048793e-02  -1.8510482e-01  -1.2977433e-03  -3.1761825e-03  -4.4447011e-03
   2.6097979e-01   4.4561293e-02  -1.7474762e-01  -1.2990049e-03  -3.3143041e-03  -4.7993924e-03
   2.5459277e-01   1.2940722e-03  -1.4654796e-01  -8.4946224e-04  -3.3895629e-03  -5.2972538e-03
   2.3292939e-01   1.7731559e-02  -1.0585644e-01  -8.5290759e-04  -3.9240684e-03  -5.0054037e-03
   2.0107410e-01  -2.6610278e-02  -3.4839464e-01  -3.8373095e-03  -3.6290868e-03  -6.2870481e-03
   2.0937182e-01  -1.4879766e-02  -3.5739262e-01  -4.8110548e-03  -1.5859785e-03  -6.5779303e-03
   2.2947199e-01   2.5411586e-02  -2.5642101e-01  -4.2647683e-03  -1.8441300e-03  -6.5978308e-03
   2.2661978e-01   2.3605794e-02  -3.4728173e-01  -5.4269070e-03  -1.6739102e-03  -6.6162016e-03
   2.4261766e-01  -2.6381126e-02  -3.0108987e-01  -5.7811383e-03  -1.5789440e-03  -6.9236476e-03
   2.4911034e-01   1.5881872e-02  -2.6553248e-01  -6.6692440e-03  -1.4184661e-03  -7.3567495e-03
   2.6545025e-01   2.9353660e-02  -2.1845254e-01  -6.1297078e-03  -1.7603484e-03  -8.0589900e-03
   2.8024230e-01   2.6527747e-02  -2.5152510e-01  -6.5046372e-03  -1.8094574e-03  -8.2137497e-03
   3.0608634e-01  -5.6572412e-03  -2.7052309e-01  -6.4346526e-03  -1.9466633e-03  -8.6236071e-03
   3.2901251e-01   2.9072764e-03  -2.0463414e-01  -6.1727931e-03  -2.4105504e-03  -9.1585885e-03
   3.4240166e-01   4.3705704e-02  -2.0512989e-01  -6.3868577e-03  -2.2717736e-03  -9.0134756e-03
   3.4684012e-01   1.7560779e-02  -2.6321198e-01  -7.0801910e-03  -2.2366550e-03  -8.6093906e-03
   3.6328238e-01   1.6927918e-02  -2.5777001e-01  -7.0368136e-03  -2.3588615e-03  -8.9658908e-03
   3.7045480e-01   2.9822097e-02  -2.7324330e-01  -7.1096089e-03  -2.4117646e-03  -9.1972255e-03
   3.8206491e-01   4.9443958e-02  -3.0016409e-01  -6.9418173e-03  -2.4021841e-03  -9.1652677e-03
   3.9897610e-01   3.3404034e-02  -3.3478764e-01  -7.3837877e-03  -2.4358347e-03  -9.2517446e-03
   4.1577305e-01   2.9852351e-02  -3.4037943e-01  -7.2055727e-03  -2.3788258e-03  -9.3875290e-03
   4.5509659e-01   5.5850724e-02  -3.5149235e-01  -7.1388098e-03  -2.4276428e-03  -9.4365117e-03
   4.9133779e-01   5.0748911e-02  -4.2627568e-01  -7.2455502e-03  -1.8714631e-03  -9.3955592e-03
   5.0662187e-01   1.2805866e-02  -4.1298418e-01  -7.4162398e-03  -1.7351290e-03  -9.7428134e-03
   5.2461723e-01   7.5964039e-02  -4.0852190e-01  -6.8891644e-03  -1.7243808e-03  -9.6510040e-03
   5.4346953e-01   1.0712321e-01  -3.9379991e-01  -6.7384194e-03  -1.4909162e-03  -1.0105309e-02
   5.7528173e-01   5.2090797e-02  -4.2399803e-01  -6.4661969e-03  -1.5664052e-03  -1.0693562e-02
   5.5616225e-01   6.7870229e-02  -3.1687748e-01  -6.0238373e-03  -1.4538304e-03  -1.0540668e-02
   4.6385231e-01   1.2300724e-01  -3.1581505e-01  -5.0185297e-03  -1.3136832e-03  -8.8355826e-03
   4.0690469e-01  -3.4709273e-03  -3.1858720e-01  -5.5610907e-03  -1.8853841e-03  -6.9576946e-03
   4.3016182e-01   8.1563844e-02  -2.5955243e-01  -6.3674717e-03  -1.6268902e-03  -7.3036849e-03
   4.4278919e-01   5.3314289e-02  -3.2771921e-01  -7.1977058e-03  -8.9494749e-04  -6.8668525e-03
   4.4993387e-01   6.5864441e-02  -3.0761501e-01  -8.2223545e-03  -7.0730581e-04  -6.9133014e-03
   5.0852195e-01   2.5970562e-02  -3.2038004e-01  -8.2320803e-03  -3.4427936e-04  -7.5911969e-03
   5.5967809e-01   4.6403285e-02  -2.8163586e-01  -8.0799624e-03  -3.0847719e-04  -8.2935201e-03
   5.7838408e-01   4.1853748e-02  -3.0426587e-01  -7.8953343e-03   6.4561088e-05  -8.3743907e-03
   5.9879615e-01   2.8657806e-02  -3.2772555e-01  -7.8263193e-03   2.9951005e-04  -8.5071042e-03
   6.0875841e-01   1.6588587e-02  -2.9684730e-01  -7.2128222e-03   1.9808554e-03  -8.9873101e-03
   6.2329453e-01   1.0454429e-02  -2.5692142e-01  -6.5055058e-03   3.9626009e-03  -9.5214792e-03
   6.1524966e-01   9.0418406e-03  -2.7330725e-01  -6.2467430e-03   4.7686042e-03  -9.3610623e-03
   6.1298065e-01  -1.8123470e-02  -2.4855968e-01  -6.2956062e-03   4.8811361e-03  -9.3362572e-03
   6.1342096e-01   1.1193346e-04  -2.7421321e-01  -6.0374610e-03   4.9622296e-03  -9.4353272e-03
   6.0962088e-01   2.8449065e-02  -2.6904016e-01  -6.0784029e-03   5.1697034e-03  -9.5181274e-03
   6.0197171e-01  -6.7303982e-03  -2.9710722e-01  -6.0763831e-03   5.7648377e-03  -9.4227964e-03
   5.8980161e-01  -2.5000651e-02  -3.2144769e-01  -6.5592412e-03   6.2920867e-03  -9.1196993e-03
   5.6918914e-01  -1.8154744e-02  -3.3599928e-01  -6.3143071e-03   7.0253479e-03  -8.4467694e-03
   5.7444059e-01  -8.2302454e-05  -3.3750125e-01  -6.2351461e-03   7.6947398e-03  -8.1017351e-03
   5.5155544e-01  -2.6926640e-02  -3.7702131e-01  -6.3687731e-03   8.2842847e-03  -7.3679448e-03
   5.7490422e-01  -4.6071306e-02  -3.2192992e-01  -6.3798434e-03   8.2661561e-03  -7.8733314e-03
   5.6946147e-01  -3.4407480e-03  -3.4080839e-01  -5.8208038e-03   8.6831383e-03  -7.7593185e-03
   5.6782835e-01   1.0386639e-02  -3.9491184e-01  -6.2401210e-03   9.3663827e-03  -7.2586847e-03
   5.5424968e-01  -2.5513791e-02  -4.5778119e-01  -5.3315947e-03   9.5780444e-03  -6.7302894e-03
   4.4261014e-01   1.7075299e-02  -2.7259400e-01  -5.8949804e-03   9.3514986e-03  -5.6404576e-03
   4.1575888e-01   2.3417830e-02  -4.8129799e-01  -5.9743211e-03   1.0065529e-02  -4.6553957e-03
   3.4543200e-01   5.0455586e-03  -3.0436696e-01  -2.7381887e-03   9.8839208e-03  -3.1030233e-03
   3.8041943e-01   6.4339659e-02  -2.3903309e-01  -3.7839894e-03   1.0259629e-02  -3.5258071e-03
   4.0069124e-01   1.7321397e-02  -2.6546450e-01  -3.6575148e-03   1.0501883e-02  -4.0431295e-03
   3.8799912e-01  -2.6842544e-02  -2.5549433e-01  -5.0160268e-03   1.1407832e-02  -3.3773095e-03
   3.8988280e-01  -3.1849260e-02  -2.7692547e-01  -5.8972169e-03   1.2823931e-02  -2.3109864e-03
   3.9145772e-01  -2.8081942e-04  -2.4212510e-01  -7.0977180e-03   1.3407313e-02  -2.3583716e-03
   3.7798611e-01  -2.1748209e-02  -2.6228574e-01  -7.0473314e-03   1.3541359e-02  -3.3003971e-03
   3.8383405e-01  -4.0125669e-02  -3.1699632e-01  -7.9215615e-03   1.4786417e-02  -4.0845363e-03
   4.0238730e-01  -1.8642034e-02  -2.9717154e-01  -7.9684276e-03   1.5398968e-02  -4.7930526e-03
   4.3029193e-01  -4.1837856e-03  -2.8948715e-01  -8.5833074e-03   1.6076994e-02  -4.5215934e-03
   4.0213250e-01  -3.1090480e-02  -3.4860826e-01  -1.0164234e-02   1.6841851e-02  -3.4725837e-03
   3.8879339e-01  -4.5030932e-02  -3.3631378e-01  -1.0922081e-02   1.7340127e-02  -3.5345216e-03
   3.8825933e-01  -2.7528862e-02  -3.3281967e-01  -1.0881190e-02   1.7404126e-02  -3.9105401e-03
   3.8286559e-01  -4.2369247e-02  -2.9416034e-01  -1.0635312e-02   1.7621110e-02  -4.4446491e-03
   3.9057198e-01  -2.2808950e-02  -2.8486492e-01  -1.0555712e-02   1.7853225e-02  -4.3722711e-03
   3.9024712e-01  -4.1650917e-02  -3.2467801e-01  -1.1195636e-02   1.7950470e-02  -4.2964279e-03
   4.0035160e-01  -4.8007221e-02  -3.4909392e-01  -1.1254273e-02   1.8195838e-02  -4.5762530e-03
   3.9145763e-01  -5.7252598e-02  -3.5391111e-01  -1.1724085e-02   1.8253071e-02  -3.9654756e-03
   3.8740172e-01  -1.8293952e-02  -3.2385858e-01  -1.1472191e-02   1.8125011e-02  -4.1606635e-03
   3.8682634e-01  -1.6812999e-02  -3.5481636e-01  -1.1310720e-02   1.8203386e-02  -4.5050560e-03
   3.8171668e-01  -4.4255571e-02  -3.5019070e-01  -1.0993104e-02   1.8275386e-02  -4.8961022e-03
   3.9296875e-01  -2.7720526e-03  -3.5120690e-01  -1.1245758e-02   1.8676498e-02  -5.0454045e-03
   3.3062725e-01   1.4610483e-02  -2.8455591e-01  -1.1047282e-02   1.8193694e-02  -4.3669213e-03
   2.5788100e-01   6.4486899e-02  -1.9505779e-01  -1.1782905e-02   1.6990421e-02  -4.1228992e-03
   2.5404113e-01  -1.3204941e-02  -1.1205925e-01  -1.0134771e-02   1.7740003e-02  -4.1708921e-03
   2.5613169e-01   2.2046035e-02  -6.4166721e-02  -1.0260140e-02   1.7538275e-02  -4.6149892e-03
   2.6898792e-01   3.4395458e-02  -6.2183392e-02  -1.0261908e-02   1.7174660e-02  -4.6577415e-03
   2.4901893e-01   7.1480708e-03  -1.0220402e-01  -1.0263214e-02   1.6911994e-02  -4.5664112e-03
   2.6935262e-01  -2.1819180e-03  -2.2890313e-01  -1.2612615e-02   1.6868505e-02  -4.7956003e-03
   3.1973824e-01   1.0340378e-03  -1.7940087e-01  -1.2461351e-02   1.8029596e-02  -4.9762648e-03
   3.5571895e-01   1.7197383e-02  -2.1550141e-01  -1.2544104e-02   1.8758953e-02  -5.6741607e-03
   3.6320500e-01   2.4908818e-02  -1.7605579e-01  -1.2533374e-02   1.8684598e-02  -6.3469810e-03
   3.6673149e-01  -3.8317093e-03  -1.9353362e-01  -1.2655444e-02   1.9125265e-02  -6.1230928e-03
   3.9408170e-01   1.0258296e-04  -1.2755821e-01  -1.2089512e-02   1.9227225e-02  -6.5525033e-03
   4.0906566e-01   4.4004981e-03  -1.4553843e-01  -1.1719155e-02   1.9763378e-02  -6.7924863e-03
   4.2861807e-01  -2.1064706e-02  -1.9056827e-01  -1.1666307e-02   2.0383271e-02  -6.5333017e-03
   4.5418134e-01  -1.8975685e-02  -2.0267488e-01  -1.1757625e-02   2.0602312e-02  -6.7880277e-03
   4.6376362e-01  -3.0127230e-02  -1.8225325e-01  -1.1362011e-02   2.1319938e-02  -7.0652248e-03
   4.7653844e-01   2.5063028e-02  -1.7239688e-01  -1.1389761e-02   2.1011505e-02  -7.0599004e-03
   4.7210211e-01   4.1046331e-03  -2.5637324e-01  -1.1349931e-02   2.1563463e-02  -6.9465766e-03
   4.8142387e-01  -3.6120090e-02  -2.4484862e-01  -1.1316157e-02   2.2085175e-02  -7.0719597e-03
   5.0037319e-01   1.7604111e-02  -2.1172662e-01  -1.0930126e-02   2.1989286e-02  -7.4693481e-03
   4.9433059e-01   1.0791321e-02  -2.6552051e-01  -1.0688077e-02   2.2345335e-02  -7.1824692e-03
   5.0532602e-01  -6.8758278e-03  -3.2314047e-01  -1.0958515e-02   2.2522460e-02  -6.9346934e-03
   5.0328044e-01  -2.3913902e-02  -3.0526354e-01  -1.0717293e-02   2.2616767e-02  -6.7740807e-03
   5.2681053e-01   4.1360802e-02  -2.3520527e-01  -1.0649268e-02   2.2492732e-02  -7.0481885e-03
   5.2863497e-01   9.9688035e-03  -2.4808380e-01  -9.7316260e-03   2.2415990e-02  -7.0383761e-03
   4.4772866e-01   4.1920333e-02  -1.2828509e-01  -9.7442791e-03   2.0863403e-02  -5.9619049e-03
   4.1600040e-01  -2.4591918e-02  -1.5559397e-01  -8.8525136e-03   1.8773418e-02  -4.8812958e-03
   3.5246783e-01   1.7434507e-02  -7.9526411e-02  -8.9895938e-03   1.9175288e-02  -4.3170938e-03
   3.7215242e-01   3.4609342e-02   2.8031704e-04  -1.0090680e-02   1.9292855e-02  -4.8992046e-03
   3.7040258e-01   3.7801399e-02   1.6034944e-02  -1.0142524e-02   1.9332046e-02  -4.8544722e-03
   3.6071150e-01  -2.5436053e-02   4.4033897e-02  -1.0585267e-02   1.9496245e-02  -4.2830420e-03
