   1.4210855e-14   0.0000000e+00   3.5527137e-15  -2.7755576e-17  -3.4694470e-18  -1.9259299e-34
   4.2599996e-03   1.6203084e-02  -5.9961119e-02  -2.3834693e-03   8.7137022e-04   4.8025609e-04
   1.7444401e-02   7.4286678e-02  -1.0922514e-01  -5.3474564e-03   2.0565506e-03   7.2601495e-04
  -3.4413463e-02   3.3911272e-02  -8.0624418e-02  -5.3592874e-03   2.3824836e-03   3.9089128e-04
  -1.9748081e-02   2.5524181e-02  -5.7480984e-03  -6.1876846e-03   2.6588027e-03   1.2621081e-03
   2.2712811e-03   2.2998847e-02  -5.5331037e-02  -6.6691759e-03   2.7019863e-03   1.5993717e-03
   7.9983960e-03   7.5468797e-02  -5.6723457e-02  -6.8743823e-03   3.0104844e-03   1.6971012e-03
  -3.6775250e-03   7.9667076e-02  -1.0649119e-01  -6.9707890e-03   3.0719063e-03   1.6255305e-03
  -7.1563841e-03   8.9889634e-02  -1.2380879e-01  -7.4517434e-03   3.1369927e-03   1.5158690e-03
  -2.0501966e-03   8.1390457e-02  -2.6918560e-02  -8.3131872e-03   3.0423161e-03   1.6849801e-03
   7.7878805e-03   1.1577208e-01   5.5428402e-02  -8.6977944e-03   3.3474507e-03   1.7937364e-03
  -5.5461995e-03   1.0818351e-02  -1.3900373e-01  -8.2552747e-03   4.1613899e-03   1.3341887e-03
   1.4460860e-01  -2.2057534e-02   1.0582890e-01  -1.4904138e-02   4.2750783e-03   2.4685859e-03
   1.1855927e-01   1.3153640e-01  -1.2119508e-01  -1.2708808e-02   4.1017150e-03   1.6976710e-03
   1.0538393e-01   1.2386897e-01  -2.2580880e-01  -1.3302198e-02   5.8600344e-03   2.5299812e-03
   1.2877279e-01   1.0478386e-01  -1.9008661e-01  -1.3062879e-02   5.8807831e-03   2.7052331e-03
   1.2846645e-01   9.0305439e-02  -1.5804065e-01  -1.3478769e-02   6.5144457e-03   2.9441839e-03
   1.4080855e-01   9.5643762e-02  -1.7238806e-01  -1.2980414e-02   5.8340232e-03   2.4827929e-03
   1.3083654e-01   1.2947377e-01  -1.8684478e-01  -1.3689191e-02   5.9573877e-03   2.5047829e-03
   1.1678459e-01   1.1874748e-01  -2.2951915e-01  -1.3833293e-02   5.8423270e-03   2.4335586e-03
   1.1166017e-01   1.3850959e-01  -1.7259745e-01  -1.4211945e-02   6.1590434e-03   2.5820666e-03
   1.1504659e-01   1.0941924e-01  -2.2686938e-01  -1.3935485e-02   6.2655927e-03   2.4792217e-03
   1.1629722e-01   1.2057411e-01  -9.3066512e-02  -1.3672320e-02   6.1794034e-03   2.4003571e-03
   1.4261703e-01   9.4154182e-02  -2.1624086e-01  -1.3910268e-02   6.4679470e-03   2.4839018e-03
   1.4199927e-01   1.1651571e-01  -6.5613614e-02  -1.4154501e-02   6.5658657e-03   3.0203035e-03
   4.4234492e-02  -1.8707312e-01  -9.5221510e-01  -1.1571458e-02   5.8147165e-03   2.4356023e-03
   8.8170068e-02   3.2742400e-02  -5.4714820e-01  -1.2915042e-02   5.2093292e-03   2.7187884e-03
   1.1124478e-01   1.6459062e-01  -1.1398717e-01  -1.3063133e-02   5.9072776e-03   2.4741236e-03
   1.0399167e-01   1.2785045e-01  -3.7926603e-01  -1.3457045e-02   5.5542135e-03   2.4858593e-03
   1.0633438e-01   1.4579181e-01  -2.7362173e-01  -1.4603871e-02   5.9089948e-03   2.5913146e-03
   1.1246592e-01   1.5404999e-01  -1.7768099e-01  -1.1605279e-02   4.6053391e-03   2.5767235e-03
   4.8950490e-02   4.3479108e-02   7.3236450e-01   1.7841947e-02   3.4640050e-03   9.7594719e-04
   7.6198739e-02   3.2539153e-02   7.8128878e-01   2.1671388e-02   4.5582268e-03   1.6328234e-04
   1.2062674e-01   5.7427613e-02   5.3003279e-01   1.3919668e-02   4.5206496e-03   1.1305881e-03
   1.0932678e-01   7.2917074e-02   2.4949448e-01   6.5027340e-03   3.7903171e-03   4.3228003e-04
   1.3107189e-01   1.4814578e-01   1.6256687e-01   1.2916524e-03   3.9519433e-03   4.8899868e-04
   1.1971484e-01   1.3548025e-01   5.1214730e-02   1.5715444e-03   4.0901701e-03   2.0503230e-04
   1.2746112e-01   1.6710460e-01   5.3537105e-02  -8.6311794e-04   4.6451451e-03   5.3850670e-04
   1.3907107e-01   1.5363712e-01   7.4144441e-02  -1.3360043e-03   4.2763193e-03   1.7048496e-04
   1.2128039e-01   1.4396804e-01   1.7035850e-03  -3.3807916e-03   4.2720901e-03   5.6635484e-04
   1.3303796e-01   1.8503329e-01  -2.5606099e-02  -3.3810886e-03   4.3067373e-03   7.0801040e-04
   1.2032334e-01   1.8295744e-01   1.5323470e-03  -3.5163043e-03   4.7049786e-03   6.2482589e-04
   1.2405505e-01   1.6474430e-01  -1.6252187e-02  -4.1715045e-03   4.5647263e-03   4.8945360e-04
   1.2807071e-01   1.6548965e-01   3.9260803e-03  -4.6342062e-03   4.9519200e-03   5.0763520e-04
   1.2670313e-01   1.7582089e-01   2.3844115e-02  -4.7734165e-03   5.0116181e-03   5.6748709e-04
   1.2460109e-01   1.7119127e-01  -3.0599033e-02  -4.7855656e-03   5.1040820e-03   5.1470320e-04
   1.1840062e-01   1.7322979e-01  -6.4668903e-02  -5.3241163e-03   4.7092416e-03   5.6970269e-04
   1.1710889e-01   1.5706699e-01  -3.4658420e-02  -5.1448950e-03   5.0985302e-03   4.8973193e-04
   1.3059036e-01   1.4930459e-01   2.8278824e-02  -5.1774999e-03   4.7895667e-03   5.0944706e-04
   1.2851631e-01   1.5084997e-01  -7.7952476e-02  -5.2188489e-03   5.0586065e-03   3.3673479e-04
   1.3697135e-01   2.6857343e-01   2.9782506e-01  -7.0103437e-03   3.5520161e-03   4.7898103e-04
   1.6748999e-01   2.7024895e-01   2.8888809e-01  -6.3136675e-03   2.3978390e-03   2.8564072e-04
   1.7055102e-01   3.1920158e-01   3.0434288e-01  -9.0702130e-03   9.1200924e-04  -9.0739577e-04
   2.0342837e-01   3.2071507e-01   3.6319387e-01  -9.8023847e-03   1.2417197e-03  -3.9769225e-05
   1.6676331e-01   3.3153876e-01   3.6080000e-01  -1.0228380e-02   2.4065757e-03   1.8264633e-04
   1.7251888e-01   2.7450253e-01   3.5839552e-01  -1.1016968e-02   2.7724735e-03   9.9356072e-05
   1.5099894e-01   2.5595091e-01   7.8100029e-02  -1.0453967e-02   2.9872176e-03   1.3959684e-04
   1.6905185e-01   2.9800600e-01   1.5229802e-01  -9.2717867e-03   3.1744599e-03  -2.4754263e-04
   1.6970213e-01   2.6890079e-01   1.6177795e-01  -9.8335050e-03   2.9934699e-03  -1.2777887e-04
   1.7752789e-01   2.7136781e-01   2.2211938e-01  -9.4160267e-03   3.6157191e-03  -5.9936573e-05
   1.7503449e-01   2.7408283e-01   1.8901197e-01  -9.2665872e-03   3.1678713e-03  -4.6419340e-05
   1.6894809e-01   2.8726284e-01   1.6726547e-01  -1.0179260e-02   3.7272268e-03   1.5305681e-04
   1.7297455e-01   2.7581299e-01   1.3036151e-01  -9.8530229e-03   3.2072076e-03  -5.8730727e-05
   1.7607592e-01   2.9552305e-01   1.8727189e-01  -9.9391437e-03   3.8822280e-03   2.1415520e-04
   1.8307795e-01   2.9327967e-01   1.6480196e-01  -9.8813501e-03   3.1917234e-03   2.6136924e-05
   1.8433513e-01   2.9771576e-01   9.1592162e-02  -9.3081397e-03   4.4550257e-03   4.3735383e-04
   1.7596847e-01   2.2020068e-01  -1.8221202e-01  -8.7872984e-03   2.6557479e-03  -3.0644848e-04
   1.5109141e-01   2.6655496e-01   4.9543063e-02  -8.8670552e-03   4.7753019e-03   7.1639404e-04
   1.9845744e-01   2.7249515e-01   2.4254083e-02  -1.0053441e-02   9.1278987e-04  -1.3720850e-03
   2.0093987e-01   3.0601203e-01   1.5205214e-02  -1.0458802e-02  -6.3094136e-03  -8.9752429e-03
   1.4626333e-01   2.7359735e-01   3.0516009e-03  -1.0102769e-02   2.3487607e-03  -9.7942981e-04
   2.0192532e-01   2.9535808e-01   8.8863266e-02  -9.4885569e-03   7.3524987e-04  -3.0699987e-03
   1.5904101e-01   2.7340632e-01   1.3919256e-02  -1.0151195e-02   2.4159191e-03  -1.2560797e-03
   1.9669541e-01   3.0216190e-01   1.1083334e-01  -8.6914933e-03   1.5521666e-03  -2.7934094e-03
   1.4584358e-01   1.4339711e-01  -1.1852158e-01  -1.2476364e-02   3.0355838e-03   3.7048986e-04
   3.1685593e-01  -2.9270591e-01  -2.4842409e-01  -2.9381916e-02   4.8861099e-03   7.3523069e-03
   2.8045233e-01   3.0227543e-01  -2.0104222e-01  -1.8992574e-02   5.7608886e-03   2.4340487e-03
   2.2841862e-01   1.6682149e-01  -2.6404316e-01  -2.1015109e-02   4.7737614e-03   2.5050643e-03
   2.4500215e-01   5.2755143e-01  -4.3469475e-01  -2.4157647e-02   5.8995741e-03   2.7684356e-03
   2.2620032e-01   7.8997516e-01  -6.5115375e-01  -1.8132290e-02   2.0897313e-03   1.1503055e-03
   1.6277034e-01   4.5726067e-01  -3.0644299e-01  -1.3549681e-02   1.9772403e-03   2.5969124e-03
   2.7429496e-01   3.5362966e-01  -5.1463165e-01  -2.0832235e-02   5.8307460e-03   3.0514662e-03
   5.4748441e-01   2.2473753e-01  -3.9162645e-01  -3.2213961e-02   9.4326283e-03   5.9456504e-03
   2.9552987e-01   4.5686957e-01  -4.4030371e-01  -1.9977632e-02   3.0501341e-03   3.5449302e-03
   2.6388586e-01   3.4417491e-01  -5.5023728e-01  -2.1465670e-02   7.3847626e-03   4.8052404e-03
   2.5568011e-01   4.1647099e-01  -5.4562291e-01  -2.0203617e-02   2.7335776e-03   3.0915486e-03
   2.8613194e-01   3.3499164e-01  -4.8998658e-01  -2.1388201e-02   1.4612655e-02   1.4190972e-02
   1.9199458e-01   3.5130897e-01  -3.6869279e-01  -1.9214235e-02   1.4410521e-02   1.3719335e-02
   2.3912976e-01   3.4764724e-01  -3.8218039e-01  -1.7927373e-02   9.4492863e-03   7.4938611e-03
   2.0830550e-01   3.5292810e-01  -3.9967676e-01  -1.6054020e-02   1.0493224e-02   8.5397533e-03
   2.1750400e-01   3.4303728e-01  -4.1959099e-01  -1.7323228e-02   9.7224885e-03   7.1819544e-03
   2.0606067e-01   3.2633996e-01  -4.1559242e-01  -1.7098922e-02   1.0160555e-02   8.4229176e-03
   2.2593507e-01   3.3378248e-01  -4.0478810e-01  -1.8200142e-02   9.1545942e-03   7.7489879e-03
   2.2593485e-01   3.2532248e-01  -4.6360121e-01  -1.7622532e-02   8.2340125e-03   7.9133868e-03
   2.4299224e-01   2.4517171e-01  -4.1398577e-01  -1.5195043e-02   7.4391981e-03   6.6284087e-03
   2.0018517e-01   3.5102481e-01  -4.0766696e-01  -1.6589506e-02   8.4973672e-03   7.1128460e-03
   2.1056969e-01   3.2854742e-01  -4.0605349e-01  -1.7023035e-02   8.8824972e-03   7.2406705e-03
   1.8447156e-01   3.3148050e-01  -3.8678684e-01  -1.6560355e-02   8.9810676e-03   6.8429949e-03
   2.1849602e-01   3.0888249e-01  -3.4941923e-01  -1.6998799e-02   9.4982087e-03   7.0016814e-03
   2.1870642e-01   3.3293580e-01  -5.1661625e-01  -1.5077254e-02   8.8771163e-03   6.5783808e-03
   1.7736313e-01   4.1389899e-01  -2.8507585e-01  -1.9166280e-02   8.0460665e-03   6.5760432e-03
   3.9295663e-03   3.9817300e-01   3.5480575e-01  -1.1238874e-02   3.6573193e-03   8.8372197e-03
   7.6979564e-02   2.5747138e-01  -7.9836959e-02  -8.5319916e-03   2.1197812e-03   6.2093883e-03
   1.5287593e-01   2.7320629e-01  -3.7599309e-01  -1.3991010e-02   5.7091590e-03   5.0939857e-03
   1.7316026e-01   2.3365735e-01  -2.5723395e-01  -1.2706788e-02   7.4746912e-03   5.9422998e-03
   1.6789672e-01   2.8241401e-01  -2.6456560e-01  -1.3846742e-02   6.1162303e-03   5.2468585e-03
   1.7967138e-01   2.4708480e-01  -1.8917030e-01  -1.3624159e-02   1.1028521e-02   8.4471415e-03
   7.9559650e-02   3.0545529e-01  -3.6885463e-02  -1.5487673e-02   1.4844318e-02   1.2202963e-02
   1.1898665e-01   2.5288423e-01  -9.5853148e-02  -1.3183393e-02   9.1340112e-03   8.6261596e-03
   1.6018537e-01   2.5847271e-01  -1.9454069e-01  -1.4281985e-02   9.0995847e-03   8.7046519e-03
   1.8155198e-01   2.8078416e-01  -1.4809163e-01  -1.4108625e-02   1.0222923e-02   9.1851810e-03
   1.8687667e-01   2.7240941e-01  -3.1091280e-01  -1.4866908e-02   9.5312650e-03   8.9274245e-03
   2.1177134e-01   3.0380837e-01  -1.0776541e-01  -1.4885151e-02   9.8214723e-03   9.4397287e-03
   1.6089666e-01   2.8147431e-01  -3.5799165e-01  -1.4561675e-02   9.0985981e-03   8.4662957e-03
   1.6193622e-01   3.3044632e-01  -1.4720911e-01  -1.3126090e-02   6.6108073e-03   6.8516951e-03
  -2.4713252e-02  -2.7415832e-01  -2.3222252e+00  -1.7948755e-03   4.4506302e-03   2.2806585e-03
   9.4089083e-02  -5.4932932e-01  -3.1348695e+00  -1.9163951e-03   4.6150699e-03   4.4147986e-03
  -3.2402656e-01  -3.5223331e-01  -2.4765380e+00  -3.1334495e-03   4.0577308e-03  -9.8699129e-04
  -3.7339303e-01  -3.4581151e-01  -2.6787985e+00  -2.8626262e-03   2.5251570e-03  -5.8521457e-03
  -5.1423095e-02  -4.1883818e-02  -1.8244907e+00  -5.2551796e-03   3.5330821e-03  -2.6336079e-04
  -3.7454620e-02   9.6550479e-02  -1.5416173e+00  -8.0111941e-03   3.9749424e-03   2.5830153e-04
   2.6670326e-02   1.6230264e-01  -1.2110416e+00  -9.0424885e-03   3.7987818e-03   1.7449903e-03
   7.2226863e-02   1.8605769e-01  -9.6980509e-01  -6.7232301e-03   3.5916366e-03   1.6442783e-03
   8.7967379e-02   2.8398825e-01  -9.9747071e-01  -8.8380589e-03   4.5628147e-03   2.5634599e-03
   7.8876875e-02   2.4439057e-01  -1.0037314e+00  -8.9347860e-03   3.8367468e-03   2.3048401e-03
   9.5172247e-02   2.6755630e-01  -9.5416688e-01  -9.0277394e-03   4.1105451e-03   2.5950886e-03
   7.6429402e-02   2.2044646e-01  -9.7686211e-01  -9.9132094e-03   3.8662059e-03   2.4273875e-03
   7.5579969e-02   2.4334098e-01  -1.0035197e+00  -1.0646907e-02   4.1908936e-03   2.8834385e-03
   9.4403501e-02   2.3446006e-01  -9.7980638e-01  -1.0001628e-02   3.6377057e-03   2.2890939e-03
