   0.0000000e+00  -7.1054274e-15   7.1054274e-15  -1.3877788e-17  -1.7347235e-18  -4.3368087e-19
  -5.0596438e-03   4.5893286e-02   3.8865322e-02   1.5606681e-04  -2.9514323e-04  -1.1546162e-04
  -2.4873271e-02  -8.7088985e-03   1.5280012e-02  -2.1289135e-04   3.6526492e-04  -2.4286112e-04
  -1.7106557e-02  -7.3512134e-03   2.0947885e-02  -3.2669130e-04   5.1290278e-05  -2.2370104e-04
  -2.0566177e-02  -1.9836473e-03   5.2197730e-02  -2.3628581e-04   1.2768936e-04  -1.6168925e-04
  -2.1110361e-02   1.0471093e-02   6.0695101e-02  -1.0285045e-04   1.5838966e-04  -1.2817559e-04
  -3.3913842e-02  -2.1163376e-02   5.6505082e-02   3.7236505e-04   2.8851629e-04  -1.5202659e-04
  -3.3646358e-02  -1.8112615e-02   9.4281553e-02   4.1180935e-04   1.3584943e-04  -8.2091659e-05
  -3.4440017e-02  -3.7500308e-03   1.2676906e-01   6.0671868e-04   1.5788738e-04  -1.2881698e-04
  -3.5736240e-02   5.8991822e-03   1.5076661e-01   9.2268613e-04   5.7512275e-04  -1.9450538e-04
  -3.0923957e-02  -1.6480459e-02   1.3020054e-01   6.2063184e-04   7.0357983e-04   6.9030565e-05
  -3.6657724e-02  -2.7551925e-02   1.5056588e-01   6.2852059e-04   8.7722083e-04   2.7304437e-04
  -2.7161305e-02  -1.6362671e-02   1.9466123e-01   8.5006704e-04   7.1656601e-04   3.9634910e-04
  -1.2098566e-02  -1.4320545e-02   1.9016588e-01   5.8507726e-04   7.8821812e-04   8.6671827e-04
  -1.0547550e-02  -2.7309337e-02   1.8880564e-01   5.3615179e-04   1.0338557e-03   9.2590375e-04
  -1.2624130e-02  -3.6048836e-02   1.8471075e-01   4.9869787e-04   1.0549923e-03   9.6600658e-04
  -1.6537324e-02  -2.4838189e-02   2.1313199e-01   6.5480552e-04   1.0946906e-03   9.6497332e-04
  -2.9232766e-03  -7.2494179e-03   2.1753167e-01   8.4328019e-04   1.2808981e-03   1.0380031e-03
   3.0136846e-04  -1.4264370e-02   1.8817310e-01   7.5999540e-04   1.6049639e-03   1.1606006e-03
  -9.0182860e-03  -1.9907854e-02   2.0923722e-01   9.8453992e-04   1.5804468e-03   1.3390188e-03
  -5.4347228e-03   2.7290661e-03   2.1528525e-01   9.8065340e-04   1.3210504e-03   1.2380204e-03
  -4.4514385e-03  -3.3773023e-04   2.3216753e-01   1.1863755e-03   1.2820895e-03   1.6089209e-03
   4.9906181e-03  -8.8418078e-02   1.7154159e-01   2.4387084e-03   1.0655785e-03   2.0110388e-03
   2.4618639e-02  -2.4550531e-02   2.1682065e-01   3.8090487e-03   1.2705061e-03   1.2272980e-03
   1.2103196e-02  -2.7725951e-02   2.5693925e-01   3.3255071e-03   9.6480716e-04   1.1351795e-03
   7.7305471e-03   1.0566668e-02   3.2228052e-01   3.0757039e-03   1.1069120e-03   1.0474734e-03
  -5.0668342e-03   5.5392193e-02   4.2738941e-01   2.4335070e-03   2.1885956e-03   1.2651849e-03
  -1.3239995e-02   2.0854819e-03   4.0611434e-01   2.1469965e-03   2.6212353e-03   1.3690790e-03
  -1.6123525e-02   1.3905948e-03   4.2472247e-01   1.5543165e-03   3.0316405e-03   1.4628604e-03
  -2.0312497e-02   4.3798175e-03   4.4869209e-01   1.9916000e-03   2.9703822e-03   1.5475005e-03
  -2.4717031e-02  -4.5031859e-03   4.5437457e-01   1.7584742e-03   3.1049123e-03   1.8540022e-03
  -2.6787442e-02  -8.5501704e-03   4.1255342e-01   1.6401613e-03   3.2212809e-03   1.8470566e-03
  -2.2830023e-02  -1.1963438e-02   4.3859315e-01   1.7116006e-03   3.2410706e-03   1.6675552e-03
  -1.5644306e-02   6.6367293e-03   4.8433995e-01   1.9819012e-03   2.9778055e-03   1.7865125e-03
  -5.9481110e-03   1.4767024e-02   4.3531328e-01   1.7348781e-03   3.0830775e-03   1.7955365e-03
  -7.0742872e-03  -3.3293942e-02   4.3289030e-01   1.4808856e-03   3.0737327e-03   1.7376282e-03
  -1.4704600e-02  -2.0776080e-02   4.6122285e-01   1.4949114e-03   2.9441887e-03   1.8395135e-03
  -1.4848066e-02  -1.0562878e-02   4.7138539e-01   1.8610569e-03   2.9987555e-03   1.8329575e-03
  -2.5824054e-02   1.4313298e-02   4.3170098e-01   1.5703342e-03   3.6931942e-03   2.0576298e-03
  -3.2669855e-02  -1.4809342e-02   4.6076926e-01   1.7210601e-03   3.9074109e-03   2.2294890e-03
  -1.9640408e-02   7.5329020e-03   4.8110662e-01   1.7221126e-03   3.3634066e-03   2.1343133e-03
  -1.9246466e-02   1.7080321e-02   4.7035169e-01   1.5550811e-03   3.2479707e-03   2.2809702e-03
  -2.9289402e-02   1.8849532e-02   4.3538050e-01   1.2732553e-03   3.7886226e-03   2.1669151e-03
  -3.4066258e-02   1.9286422e-03   4.6683904e-01   1.5201448e-03   3.6929197e-03   2.2534111e-03
  -3.7600321e-02   2.6244425e-02   4.8196640e-01   1.5242944e-03   3.6276204e-03   2.2593129e-03
  -3.9842769e-02   2.9867747e-02   4.7677944e-01   1.8244135e-03   3.5736715e-03   2.3234359e-03
  -3.9364190e-02   1.1499811e-02   4.4800964e-01   1.7090396e-03   3.6776612e-03   2.3648075e-03
  -3.9476827e-02   1.6683694e-02   4.6472901e-01   1.9907587e-03   3.4828848e-03   2.2733282e-03
  -4.1663598e-02   3.0622904e-02   4.8210626e-01   2.1329218e-03   3.5828132e-03   2.1101486e-03
  -4.1442849e-02   5.7088944e-02   5.0132690e-01   2.3629134e-03   3.3646438e-03   1.8958992e-03
  -4.8597181e-02   7.9423659e-02   4.7896636e-01   2.3315183e-03   3.2191533e-03   1.8317574e-03
  -5.3880975e-02   4.7154712e-02   4.2524308e-01   1.9394143e-03   4.0752510e-03   1.8811383e-03
  -5.2576060e-02   2.1610513e-02   4.2486260e-01   1.8159737e-03   3.8459361e-03   1.9649741e-03
  -5.3890043e-02   2.6118653e-02   4.6464090e-01   2.0318416e-03   4.1161573e-03   1.8525674e-03
  -5.1317754e-02   2.8526379e-02   4.4062183e-01   2.9247885e-03   3.9199880e-03   2.1831575e-03
  -3.8010737e-02  -2.0274369e-02   4.2391138e-01   4.1886791e-03   4.1030525e-03   1.7334369e-03
  -5.5051366e-02   6.5113807e-02   4.3360133e-01   2.9061462e-03   4.8677801e-03   2.0348041e-03
  -5.0838006e-02   2.5111513e-02   4.4317554e-01   3.1484689e-03   4.7187750e-03   2.1566030e-03
  -5.9651119e-02   2.1449256e-02   4.5941835e-01   2.8571595e-03   4.7920786e-03   2.0464213e-03
  -4.7949781e-02   4.4004828e-02   4.3969150e-01   2.8354599e-03   4.8375281e-03   1.8142825e-03
  -4.9922824e-02   4.6268920e-02   3.6379369e-01   2.2578363e-03   5.0940444e-03   1.8118308e-03
  -5.7697228e-02   3.4502776e-02   3.8735640e-01   2.4855652e-03   5.2079830e-03   1.9978340e-03
  -6.4541699e-02   2.5394906e-02   4.4750263e-01   2.7680589e-03   5.3074540e-03   2.1246296e-03
  -6.1566384e-02   3.9577034e-02   4.5576158e-01   3.0639566e-03   5.5067284e-03   1.9618259e-03
  -6.2714143e-02   5.6070099e-02   4.4172227e-01   2.9215933e-03   5.7511474e-03   2.0525186e-03
  -6.2035893e-02   2.2258259e-02   4.6769118e-01   3.0928114e-03   5.8151929e-03   2.0887961e-03
  -5.7345629e-02   3.0111074e-02   4.8907501e-01   3.0766485e-03   5.7360987e-03   2.0601612e-03
  -5.8838979e-02   4.6378755e-02   4.8011660e-01   3.4231420e-03   5.7449077e-03   2.1353577e-03
  -6.1407287e-02   2.9012354e-02   4.7602006e-01   2.9804592e-03   5.9160552e-03   2.1191717e-03
  -6.0596561e-02   1.7034882e-02   4.8942408e-01   3.2189885e-03   5.9624688e-03   2.0629616e-03
  -6.0451668e-02   3.8427573e-02   4.7981350e-01   3.0574979e-03   5.9965817e-03   2.0581155e-03
  -5.6278516e-02   4.5676356e-02   4.5785140e-01   3.1425623e-03   5.8380521e-03   2.1592501e-03
  -5.4940900e-02   4.6011621e-02   4.4642741e-01   2.5427558e-03   5.8802513e-03   2.0422685e-03
  -5.6245570e-02   2.3655174e-02   4.5581218e-01   3.0621609e-03   6.0012173e-03   2.0565064e-03
  -6.5897830e-02   5.0256359e-02   4.7351238e-01   2.9318313e-03   6.1306665e-03   1.8230391e-03
  -5.9973848e-02   6.4385941e-02   4.4625691e-01   3.8457409e-03   6.1644699e-03   1.6135488e-03
  -8.3166110e-02   1.4995921e-02   3.8171840e-01   2.5848252e-03   6.2282389e-03   1.8694356e-03
  -6.1615248e-02  -3.7100321e-03   2.3439180e-01   1.0744273e-03   6.2558788e-03   2.3401250e-03
  -5.2998891e-02   6.4734176e-02   3.1358100e-01   2.2536438e-03   6.7294333e-03   1.6875575e-03
  -6.7390296e-02   5.0595227e-02   4.0048634e-01   3.4603632e-03   5.8356649e-03   2.3162733e-03
  -5.1820971e-02   5.8654515e-02   5.2347741e-01   7.2635963e-03   5.3851490e-03   3.2437662e-03
  -5.5756992e-02   9.2036690e-02   4.8061938e-01   5.3789360e-03   6.9739371e-03   1.4836624e-03
  -6.2590764e-02  -2.1698851e-03   4.9450973e-01   6.6060406e-03   6.5170949e-03   2.4480913e-03
  -4.5717802e-02   5.6883297e-02   5.0696626e-01   8.5250939e-03   5.9824227e-03   1.9418717e-03
  -5.1678487e-02   1.1818005e-01   5.0864222e-01   7.2697767e-03   6.3075795e-03   2.0210705e-03
  -6.8542316e-02   8.3290989e-02   4.6842521e-01   6.0820863e-03   6.6599554e-03   1.9498150e-03
  -6.1208793e-02   9.0935537e-02   5.0677720e-01   6.1731236e-03   6.6806865e-03   1.9981263e-03
  -4.7115477e-02   1.0365444e-01   5.0200982e-01   6.2053179e-03   6.7685880e-03   1.8163124e-03
  -4.5892249e-02   1.0344458e-01   4.8546507e-01   6.0321897e-03   6.9141368e-03   1.9543360e-03
  -4.4125619e-02   7.4915753e-02   4.9030981e-01   5.8599849e-03   7.0393067e-03   1.9177046e-03
  -4.7390397e-02   7.7091969e-02   5.3096411e-01   6.0134743e-03   6.8393198e-03   1.8428345e-03
  -4.6406020e-02   8.7676910e-02   5.3028890e-01   5.9504152e-03   7.0766334e-03   1.7960791e-03
  -4.8697145e-02   7.7764941e-02   5.1450245e-01   5.8838488e-03   7.2332257e-03   1.9281513e-03
  -4.3322247e-02   6.9407752e-02   5.2598309e-01   5.9946848e-03   7.1980000e-03   1.9007855e-03
  -4.4992534e-02   1.0631243e-01   5.7355123e-01   6.2090827e-03   7.2207675e-03   1.9186598e-03
  -4.7898091e-02   1.3033624e-01   5.5453957e-01   6.4861311e-03   7.2182889e-03   1.9190118e-03
  -4.9887514e-02   1.2149504e-01   5.3014340e-01   6.1817847e-03   7.3445325e-03   1.9348441e-03
  -4.7844314e-02   1.2330626e-01   5.2290472e-01   6.0923532e-03   7.2351418e-03   1.9373273e-03
  -4.6499756e-02   1.4151726e-01   5.4796722e-01   6.3701344e-03   7.2020058e-03   1.9026757e-03
  -5.2976952e-02   1.5634587e-01   5.3770556e-01   6.6383339e-03   7.2241504e-03   1.6197352e-03
  -7.1767631e-02   1.2222199e-01   5.1908257e-01   6.6565668e-03   7.5279769e-03   1.8972023e-03
  -7.3976202e-02   1.0421621e-01   4.5377935e-01   4.8171577e-03   7.9222979e-03   1.8173587e-03
  -6.1258738e-02   1.1368399e-01   4.8138992e-01   5.1413846e-03   7.7644362e-03   1.4995745e-03
  -6.4765773e-02   1.2843100e-01   5.0065504e-01   5.7740736e-03   7.5983146e-03   1.5604105e-03
  -7.4717452e-02   1.0928360e-01   4.8554153e-01   5.4518727e-03   7.6040622e-03   1.7548433e-03
  -6.5930452e-02   4.7527908e-02   4.2838949e-01   5.8051353e-03   7.4347452e-03   1.5278199e-03
  -5.1647349e-02   1.0730634e-01   4.5436370e-01   6.2659336e-03   7.0782583e-03   1.4272166e-03
  -6.2021519e-02   1.1754441e-01   4.9201658e-01   6.2649027e-03   7.0698352e-03   1.7448438e-03
  -5.9990599e-02   1.3236805e-01   5.0833922e-01   6.1689130e-03   7.0457556e-03   1.8052060e-03
  -6.3424666e-02   7.9085277e-02   4.9032658e-01   5.9929939e-03   7.2479149e-03   1.7506751e-03
  -6.4070854e-02   9.5874204e-02   4.9459051e-01   5.7548410e-03   7.1907917e-03   1.6879825e-03
  -6.6127866e-02   1.2815749e-01   4.9494118e-01   5.4582734e-03   7.1165254e-03   1.7652048e-03
  -6.4614674e-02   1.1755020e-01   4.7603067e-01   5.5308070e-03   7.0450574e-03   1.9712908e-03
  -6.5351020e-02   9.7077574e-02   5.2086826e-01   5.6029002e-03   7.3931169e-03   2.1258200e-03
  -6.8949581e-02   9.0045614e-02   5.5911051e-01   6.0764323e-03   7.1798535e-03   2.0664073e-03
  -5.5940508e-02   1.0226985e-01   5.2498329e-01   5.8393470e-03   7.2084910e-03   1.8439045e-03
  -6.0340337e-02   8.3410376e-02   5.0794415e-01   5.7464154e-03   7.1794919e-03   1.9127955e-03
  -5.5490547e-02   1.0172703e-01   5.2498050e-01   5.8512377e-03   7.1993670e-03   1.7980349e-03
  -5.3380944e-02   1.2141488e-01   5.3732175e-01   5.8783567e-03   6.8725064e-03   1.8838448e-03
  -5.5142115e-02   1.2779359e-01   5.1253933e-01   5.7849136e-03   7.1312940e-03   1.8181321e-03
  -5.5016599e-02   1.0120989e-01   4.7576844e-01   5.4186037e-03   7.2293674e-03   1.6959544e-03
  -5.9743971e-02   1.0483773e-01   5.0982548e-01   5.6161477e-03   7.3499633e-03   1.5294011e-03
  -6.0740074e-02   1.1367597e-01   5.1392524e-01   5.5560006e-03   7.2898349e-03   1.6883388e-03
  -5.6568134e-02   1.4570375e-01   4.9511997e-01   5.5400455e-03   7.3322108e-03   1.4938577e-03
  -5.8701270e-02   1.2464014e-01   4.7153729e-01   6.2627578e-03   7.5410396e-03   1.2635349e-03
  -7.9979153e-02   1.0601729e-01   4.5009678e-01   5.5512687e-03   7.3228210e-03   1.5441010e-03
  -7.5870225e-02   1.1808028e-01   4.3810677e-01   4.8992736e-03   7.4277707e-03   1.4103142e-03
  -6.8286035e-02   1.5135642e-01   4.3907957e-01   5.1526916e-03   7.1901323e-03   1.6799237e-03
  -7.0824103e-02   1.0641399e-01   4.4747455e-01   5.5670708e-03   7.4334964e-03   1.6310269e-03
