   0.0000000e+00   0.0000000e+00  -1.4210855e-14  -2.7755576e-17   8.6736174e-19   2.4074124e-35
  -6.9425981e-04  -2.6975911e-02  -1.1610390e-03  -3.0098185e-04  -1.2734327e-04  -5.7247228e-05
   1.0206135e-02   1.0518865e-01   2.6443636e-02  -4.2012551e-04   2.5551000e-04  -8.1381008e-05
   1.3412714e-02  -5.3203851e-02  -2.1383905e-02  -4.6604256e-04   3.8966604e-04  -1.8832868e-04
   1.8313518e-02   1.0152983e-01   1.5096669e-02  -6.0576783e-04   4.4949927e-04  -2.9573790e-04
   2.2507895e-02  -2.4559788e-02   2.7457003e-03  -6.8988434e-04   8.1806353e-04  -4.1963593e-04
   1.7696568e-02   5.2588084e-02   1.2631874e-02  -5.6693721e-04   4.9745877e-04  -3.2034946e-04
   2.0533067e-02  -9.5114181e-03   9.5793972e-03  -6.6262195e-04   5.4926090e-04  -2.7042170e-04
   1.6264371e-02   5.3626589e-02  -1.8545141e-02  -6.2432320e-04   4.4167970e-04  -2.0541669e-04
   2.2525396e-02   1.7545164e-02  -1.5517450e-02  -5.8544582e-04   6.3654294e-04  -1.6256504e-04
   1.8335707e-02   5.2185738e-02  -1.7827332e-03  -6.0009718e-04   4.9257524e-04  -2.7801408e-04
   2.0629186e-02   1.1399325e-02   3.6906761e-03  -1.9488672e-04   5.1211735e-04  -2.0773409e-04
   1.5759149e-02   4.1116995e-02  -1.0878332e-02  -6.2923431e-04   3.6617490e-04  -1.9443203e-04
   1.6271780e-02   6.4634381e-02  -1.0925947e-02  -2.7216131e-04   5.1934165e-04  -1.0457106e-04
   1.9231113e-02   3.2549366e-02  -5.2027004e-03  -4.0740206e-04   5.1712293e-04  -1.0505246e-04
   1.6060538e-02   9.4974699e-02  -2.5813070e-02  -5.8906192e-04   4.1287234e-04  -7.6136488e-05
   1.4414392e-02   2.5364193e-02  -4.0402776e-02  -1.4037583e-04   5.7306281e-04   6.8722976e-06
   1.0856983e-02   5.6420541e-02  -4.0269385e-02  -5.7560435e-04   2.8137276e-04  -4.0549796e-06
   1.1081234e-02   9.3777812e-02  -6.4226073e-02  -3.0017944e-04   3.1431375e-04   2.1833350e-05
   1.7810992e-02   4.3328897e-02  -2.8842839e-02  -1.6316771e-04   5.7866303e-04   3.0063504e-05
   1.0797595e-02   4.5412049e-02  -7.6326859e-02  -1.0107462e-04   3.0594561e-04   7.1556860e-05
   8.6826855e-03   5.0959380e-02  -5.7645375e-02  -3.3224441e-05   2.9095522e-04   1.0994241e-04
   1.4230721e-02   8.2193231e-02  -3.9194108e-02  -1.1787855e-04   3.5515582e-04   1.2484618e-04
   7.6700675e-03   1.1676984e-02  -9.2632738e-02   2.0343381e-04   3.1222399e-04   2.7922619e-04
   9.3444789e-03   9.1199485e-02  -5.9762699e-02  -8.1697636e-05   2.3158227e-04   1.7760400e-04
   5.7398577e-03  -6.9043651e-03  -1.0090744e-01   3.7160306e-06   3.0117851e-04   1.8993276e-04
   1.0073510e-02   1.0841590e-01  -7.7701004e-02  -3.9558120e-04   3.6518682e-04   1.2950665e-04
   1.8452968e-02   2.1922222e-02  -9.1098029e-02   3.7694260e-04   6.9826456e-04  -9.0494428e-05
   1.8528617e-02   9.5505788e-02  -6.7931732e-02  -1.3570878e-03   4.7680062e-04  -1.0436326e-05
   2.6829637e-02   6.1443166e-02  -7.8898936e-02   1.0033564e-04   8.2825819e-04  -1.0925982e-05
   2.6543410e-02   5.5158130e-02  -6.5678862e-02   5.5034760e-04   8.5686278e-04  -1.9075052e-04
   1.7191446e-02   6.0474249e-02  -6.8863908e-02  -4.5295246e-04   7.3785379e-04   1.1922055e-04
   2.0950019e-02  -4.1244020e-02  -4.7163944e-02   8.6395716e-05   1.2021472e-03   7.3469697e-05
   2.1989184e-02   6.4553923e-02  -2.6239402e-02  -1.5788524e-04   1.2137771e-03   3.2760050e-05
   2.3140634e-02   2.8632417e-02  -2.9849667e-02  -1.3229458e-05   1.0297549e-03   1.4827171e-04
   2.6432326e-02   2.0317030e-02  -4.0401118e-02   1.2419185e-04   1.2499320e-03   5.7241301e-05
   2.4535862e-02   6.0834419e-02  -4.4172345e-03  -1.0566689e-04   1.3142625e-03  -1.1781127e-05
   1.8860967e-02   3.4616538e-02  -5.0949723e-02   4.2894851e-05   1.2455386e-03   1.4800621e-04
   2.0070594e-02   2.9843611e-02  -4.3354209e-02  -1.0792577e-04   1.3114636e-03   1.3720217e-04
   1.7160233e-02   7.2382583e-02  -7.0345159e-02  -3.3446829e-04   1.0349345e-03   1.5823569e-04
   2.4246754e-02   1.3441259e-03  -3.1015754e-02   1.9012087e-04   1.2406611e-03   1.3383421e-04
   2.1895075e-02   3.7647850e-02  -2.4190178e-02  -1.9398733e-04   1.1047317e-03   3.1309695e-05
   2.5238291e-02   1.3343378e-01  -5.2298550e-03   9.6945887e-05   1.0523424e-03   2.0860241e-04
   2.9212916e-02  -1.6801014e-02  -8.2050390e-02   1.7617896e-04   1.3029025e-03   2.0715218e-04
   4.2702063e-02   1.1595192e-01  -3.6126988e-02  -4.8968670e-04   1.5694023e-03   1.1597085e-04
   3.3646871e-02  -5.3646385e-03  -6.6669478e-02   2.1439331e-04   1.5121153e-03   1.2918024e-04
   3.3484387e-02   9.6113793e-02  -2.4691475e-02  -9.7227316e-05   1.6135858e-03  -1.5998557e-05
   3.0834494e-02   3.6161585e-02  -5.2763706e-02  -4.8145630e-06   1.5270026e-03   7.9937043e-05
   3.7544468e-02   8.2603509e-02  -1.4966888e-02  -1.9938656e-04   1.5926957e-03   6.0758379e-05
   4.1964049e-02   5.5328822e-03  -3.2911627e-02   3.4089193e-04   1.6002609e-03   3.6398218e-05
   3.4134760e-02   3.5449696e-02  -5.7353519e-02   2.4284827e-04   1.4223206e-03   2.0603271e-04
   3.4656552e-02   9.5709077e-02  -3.4697186e-02  -3.8481495e-05   1.4353446e-03   2.0559343e-04
   3.8206477e-02   2.0163144e-02  -4.7587826e-02   1.0529660e-05   1.5284241e-03   2.5179604e-04
   2.9462533e-02   9.6023613e-02  -6.3513513e-02  -1.4226943e-04   1.3127360e-03   1.6538072e-04
   3.4492186e-02   4.7708453e-02  -4.1066669e-02  -2.3724600e-04   1.5591578e-03   1.6764531e-04
   3.7340415e-02   8.6107490e-02  -1.5030823e-02  -7.3403860e-04   1.6746959e-03  -6.3501105e-05
   4.0914095e-02   7.0510430e-02  -1.4517357e-02  -5.4011935e-05   1.7466402e-03  -7.3667474e-05
   3.7651212e-02   8.8173517e-03  -1.2985409e-02  -4.2590888e-04   1.9509383e-03  -2.1502630e-04
   3.4130998e-02   1.0179411e-01  -1.8335176e-03   2.3682745e-04   1.7099256e-03  -1.7081247e-04
   4.1752865e-02   3.4914036e-02   2.4899863e-02   7.8037046e-04   1.8247098e-03  -6.0883182e-05
   4.5063107e-02   1.1975778e-01   1.8302936e-02   1.5568118e-04   1.9211590e-03  -1.1580676e-04
   5.5035615e-02   4.2853727e-02   1.8990286e-02   4.3636912e-04   2.1244505e-03  -1.4816912e-04
   5.4303715e-02   7.1884836e-02   4.6002030e-03   6.6955243e-05   2.2689461e-03  -2.2723616e-04
   4.6156159e-02   1.0655551e-01   2.7335188e-03   2.8906126e-04   2.1810798e-03  -2.3725165e-04
   4.7051638e-02   3.7991898e-02   5.8905034e-03   1.4013798e-05   2.0790804e-03  -3.3705230e-04
   4.7696558e-02   1.2521553e-01   1.2540607e-02   2.6157385e-04   2.1145284e-03  -1.7583003e-04
   4.6753158e-02   2.4316269e-02   1.0653235e-02   5.1165107e-04   2.1412475e-03  -1.6558834e-04
   4.0507061e-02   1.1192879e-01   9.7044849e-03   2.4662185e-04   2.0685914e-03  -1.8645867e-04
   4.0305620e-02   4.8717573e-02   1.9622651e-02   1.0802875e-03   1.9835095e-03  -2.8655702e-04
   4.1358457e-02   7.0653132e-02   1.0567278e-02   5.1588383e-04   1.7011862e-03  -2.9242342e-04
   3.9887208e-02   6.8572575e-02  -8.9428165e-03   2.7457712e-04   1.7277816e-03  -3.1585393e-04
   4.1899767e-02   3.8539906e-02  -4.8219773e-02   1.0303923e-04   1.6990097e-03  -4.2985488e-04
   4.4337320e-02   8.0296109e-02  -4.6122751e-02   3.0939050e-04   1.5881466e-03  -2.9495084e-04
   4.1599132e-02   5.0832320e-02   7.0147362e-04  -3.3039221e-04   1.5908700e-03  -3.3780783e-04
   4.9520765e-02   1.0572365e-01  -2.8001431e-04  -2.4312954e-04   1.6997738e-03  -3.5086419e-04
   5.0448439e-02  -1.3663303e-02  -2.5449990e-02  -6.7439790e-05   1.7753483e-03  -3.2061812e-04
   5.1961046e-02   8.4859630e-02  -6.9080503e-03  -2.7158303e-04   1.7396670e-03  -3.4956172e-04
   5.2923269e-02   1.2649366e-03  -1.8090860e-02   8.1780261e-05   1.9627426e-03  -2.9783682e-04
   5.2360860e-02   1.5001695e-02  -9.2261861e-03  -4.3817035e-05   1.9898807e-03  -3.3713096e-04
   5.1674272e-02   6.1440265e-02  -1.7499564e-02   1.4122738e-04   1.9932198e-03  -2.1955410e-04
   5.7763680e-02   8.4228485e-03  -3.4253891e-03   5.5870041e-06   2.2003656e-03  -2.8523122e-04
   5.2041194e-02   6.9028120e-02  -4.5963751e-02   3.5047878e-05   2.0672794e-03  -2.1204361e-04
   5.9709612e-02   4.8805990e-02  -1.2443611e-03   9.4876530e-04   2.1879694e-03  -3.6543238e-04
   5.2746418e-02   9.3934480e-02   3.7961393e-03   3.6386859e-04   1.9156746e-03  -7.0287485e-04
   6.0476857e-02   2.5068629e-02  -3.8996206e-02   4.4036336e-04   2.3552670e-03  -5.2173657e-04
   6.1386120e-02   6.2025353e-02  -3.1429019e-02   4.4575249e-04   2.5272327e-03  -5.0216663e-04
   6.1027994e-02   8.8361855e-02   2.1337844e-02   7.8937987e-04   2.7426694e-03  -8.4072325e-04
   6.5292341e-02   3.9125848e-02   3.7467467e-02   7.5449303e-04   2.7655651e-03  -8.3357676e-04
   6.5984869e-02   7.3148086e-02  -3.2200235e-02  -1.0647350e-04   2.9635454e-03  -7.3516798e-04
   7.0683857e-02  -2.9205240e-02  -2.7448889e-03   8.6168919e-06   3.1516585e-03  -9.3963319e-04
   6.5286168e-02   1.1041776e-01  -4.4735556e-03  -2.0489944e-04   3.0655429e-03  -7.7576506e-04
   6.3534949e-02  -6.0884712e-03   1.4137797e-02  -1.3484893e-04   2.9116487e-03  -7.4830495e-04
   5.8768302e-02   9.5467455e-02   1.0196211e-02  -4.1860169e-04   2.9059693e-03  -6.6698054e-04
   6.4351127e-02  -2.9842421e-02  -6.1594207e-03  -1.3479326e-05   3.1372487e-03  -6.3756073e-04
   6.9874125e-02   8.4371976e-02   2.8225127e-02  -3.9810150e-04   2.9736903e-03  -5.4769065e-04
   7.1433424e-02   4.8509749e-02   3.2987020e-02  -4.1458104e-04   3.2293100e-03  -6.2998757e-04
   6.4974669e-02   7.5771964e-02  -1.4355042e-02  -5.1846088e-04   3.1859913e-03  -4.9020963e-04
   6.8043885e-02  -2.0158756e-04   2.2479645e-03  -4.0220889e-04   3.4027100e-03  -5.6757279e-04
   6.5163698e-02   9.1848456e-02   9.0706297e-04  -3.5077832e-04   3.1943127e-03  -5.3738870e-04
   7.2642238e-02   2.0129316e-02   3.6223930e-03   8.7167347e-06   3.3867582e-03  -4.8915040e-04
   6.9739742e-02   6.5735417e-02  -1.7758889e-02  -4.7065656e-04   3.1748515e-03  -4.2698762e-04
   7.9553851e-02   5.9263793e-02   6.8312721e-03   1.4194800e-04   3.4439389e-03  -2.6990356e-04
   8.7183313e-02   2.3799401e-02  -1.4844276e-02  -1.6278713e-04   3.5127487e-03  -3.9250564e-04
   8.4622499e-02   9.5858023e-02   1.5046945e-02  -5.3210215e-05   3.7274192e-03  -2.5155300e-04
   7.8016963e-02   3.5917272e-03   1.7794169e-02  -4.7675059e-04   3.7218927e-03  -4.7088718e-04
   9.1698945e-02   5.4015808e-02   1.3871528e-03  -4.2390047e-04   3.7996680e-03  -6.3450402e-04
   9.6616951e-02   1.4288423e-02   8.8408565e-03  -6.0151831e-04   3.9097979e-03  -6.2461577e-04
   9.8926776e-02   5.8749689e-02   1.7689460e-02  -2.1561330e-04   3.9414718e-03  -5.2691520e-04
   9.7361501e-02   1.7712870e-02   3.2175292e-02  -2.4996775e-04   3.8775302e-03  -4.4682444e-04
   9.8438546e-02   6.4482708e-02   1.0171298e-02  -2.4840693e-04   3.9786650e-03  -5.3075362e-04
   1.0092100e-01  -5.3090276e-03  -4.0591669e-02  -1.7595053e-04   4.1024085e-03  -3.6578695e-04
   1.0048055e-01   6.0911265e-02  -3.5802558e-02  -7.3300652e-04   4.1097307e-03  -4.6292682e-04
   9.1795945e-02   1.6436625e-02  -4.4280988e-02  -1.7008509e-04   4.1838806e-03  -3.4222278e-04
   9.9796355e-02   1.6877037e-02   2.8016309e-03  -5.0105265e-04   4.3014017e-03  -3.8265992e-04
   9.7495512e-02   4.8307832e-02  -2.2389789e-02  -2.5518346e-04   4.1741167e-03  -2.2977759e-04
   1.0472284e-01   2.3437064e-02   7.7000714e-03  -1.5344490e-04   4.2929259e-03  -2.1718587e-04
   1.0159987e-01   4.1921493e-02  -1.9081270e-02  -1.0984052e-04   4.1462535e-03  -1.9954772e-04
   1.0299451e-01   3.6519815e-02  -2.0402850e-03  -6.3713434e-05   4.1992534e-03  -1.3260239e-04
   1.0161915e-01   3.5211719e-02  -2.2882233e-02  -2.4166036e-07   3.9413340e-03  -1.5310355e-04
   1.0163164e-01   3.4206834e-02  -3.5121960e-02   3.2389268e-04   3.9059169e-03  -8.4647239e-05
   9.7732718e-02   5.4530251e-02   1.0767728e-03  -1.4382491e-04   3.9749885e-03  -1.8408658e-04
   9.7716497e-02   4.3863394e-02  -3.3425043e-02  -2.4653715e-05   4.0697991e-03  -1.8245996e-04
   9.8432068e-02   7.8190591e-02  -5.4713180e-03  -2.3352323e-04   4.1556575e-03  -2.7740454e-04
   9.6658119e-02   4.6231699e-02  -2.3204953e-02  -1.8261196e-04   4.2550113e-03  -3.1692016e-04
   9.4500818e-02   3.4007993e-02  -8.3894692e-03  -3.4371580e-04   4.1238473e-03  -5.4952101e-04
   9.3089144e-02   5.9941892e-02  -2.0531292e-02  -1.5610778e-04   4.1446059e-03  -4.5038665e-04
   9.1377279e-02  -6.3380909e-03  -1.7880696e-02  -2.8148443e-04   4.1129817e-03  -6.2936558e-04
   9.5416089e-02   7.3246917e-02  -5.9803296e-03  -2.9803324e-04   4.0460901e-03  -7.0864638e-04
   9.9236650e-02   2.3966870e-02  -2.1855668e-02   7.1935216e-05   4.2096907e-03  -6.8607890e-04
   9.9168534e-02   5.2564633e-02  -8.8718362e-03  -4.1024356e-04   4.0942487e-03  -7.8967158e-04
   9.0822960e-02   6.1211311e-02  -3.3427265e-02   7.7063426e-05   4.0915459e-03  -6.4607121e-04
   9.4444815e-02   1.6974117e-02  -1.7268235e-02   1.4752812e-04   4.3120803e-03  -8.0049498e-04
   8.3982461e-02   9.1784672e-02   7.5092846e-03  -1.2968516e-05   3.9063426e-03  -9.0800779e-04
   8.7531785e-02   1.0590336e-02  -5.2587582e-03   7.3623798e-04   3.8706275e-03  -8.6480691e-04
   8.9059947e-02   4.9434284e-02  -1.1154383e-02  -2.7179586e-04   3.8932206e-03  -9.9136346e-04
   8.7361281e-02   3.5840231e-02  -7.5213643e-03   4.6213473e-04   3.9728334e-03  -9.4648285e-04
   9.3572362e-02   7.7236274e-02   8.4370365e-03   6.5604668e-04   3.8604255e-03  -1.1300477e-03
   9.9472813e-02   7.0032574e-02   5.3274612e-03   5.6038240e-04   4.0120664e-03  -1.1026664e-03
   9.3655632e-02   9.6003433e-03  -3.6563652e-02  -4.1843285e-05   4.0086877e-03  -1.0999677e-03
   8.8822804e-02   9.9661648e-02  -3.1034099e-02  -4.3674178e-05   3.8323240e-03  -9.4112465e-04
   9.0063335e-02  -1.5243271e-02  -6.4776087e-03   6.6199074e-04   4.0017534e-03  -8.2864015e-04
