   1.4210855e-14   0.0000000e+00   0.0000000e+00  -3.2626522e-55   4.9090935e-91  -1.5046328e-36
   2.1922751e-03   9.3341277e-02  -6.3605827e-03  -8.4108658e-04  -1.0738041e-04  -5.8099029e-04
  -8.7949303e-03   2.4503279e-02   4.1672445e-02  -7.6307143e-04  -1.1933764e-04  -4.1403758e-04
  -1.3921830e-02   4.0351727e-02   4.6447302e-02  -1.5611306e-04   3.3427504e-04  -5.0900903e-04
  -1.0184367e-02   5.8923984e-02   2.2363164e-02  -4.8295093e-04   2.6107095e-04  -5.9498653e-04
   6.9114609e-03   1.0008219e-03   4.6033339e-02  -4.8917935e-04  -3.5439693e-04  -6.1435583e-04
  -2.4093073e-03   9.5689480e-02   6.0727751e-02  -6.6020544e-04   1.7856721e-04  -8.3736495e-04
  -1.8706435e-02   1.3821238e-02   1.5658785e-02  -9.5613570e-04   3.4732546e-04  -5.1622843e-04
  -2.4606333e-02   6.3196641e-02   4.3238182e-02  -7.2917815e-04   7.5955941e-04  -4.3375086e-04
  -2.5244609e-02   1.0738607e-01   3.0675952e-02  -8.1463649e-04   7.6775190e-04  -4.3211969e-04
  -3.0222543e-02   3.0555044e-02   5.4823773e-02  -7.2666959e-04   1.0479562e-03  -2.9719808e-04
  -3.3809551e-02   1.3290271e-01   5.8435409e-02  -1.1060090e-03   1.1577999e-03  -2.9324443e-04
  -4.2794104e-02   5.5098025e-02   4.4648705e-02  -1.4610431e-03   1.3728411e-03  -1.6577057e-04
  -5.5621907e-02   8.0084096e-02   5.5465920e-02  -1.3130302e-03   1.6142526e-03  -2.0784728e-04
  -5.5974723e-02   1.1703299e-01   4.5789552e-02  -1.8365904e-03   1.9788264e-03  -6.2316146e-05
  -6.0270430e-02   4.0716572e-02   7.8383403e-02  -1.9401050e-03   2.5176540e-03   1.1263346e-04
  -5.9676719e-02   1.2444697e-01   9.2389451e-02  -1.8427827e-03   2.8487712e-03   1.2295950e-04
  -5.2996441e-02   6.4438165e-02   7.9655643e-02  -2.5343403e-03   2.7971461e-03   4.0522922e-04
  -4.9541373e-02   9.7993900e-02   9.8521316e-02  -2.5948913e-03   3.1247412e-03   3.5281324e-04
  -6.8081329e-02   1.2675915e-01   4.4220215e-02  -3.2935315e-03   3.1173242e-03   7.2457254e-04
  -6.9445068e-02   8.6042600e-02   1.1098410e-01  -3.0279819e-03   3.5774884e-03   8.3034116e-04
  -8.1247183e-02   1.4999247e-01   6.6359003e-02  -3.7060640e-03   4.0755267e-03   1.2407477e-03
  -7.6859523e-02   9.2249246e-02   1.1894057e-01  -3.8048707e-03   4.3224897e-03   1.4551965e-03
  -7.5785099e-02   1.2148002e-01   6.1440520e-02  -4.1585344e-03   4.1957307e-03   1.5055669e-03
  -8.3422258e-02   1.3988527e-01   1.1533052e-01  -4.0976930e-03   4.6719493e-03   1.9070011e-03
  -9.1762361e-02   6.2864182e-02   8.9730039e-02  -1.9816345e-03   3.7803811e-03   2.4456063e-03
  -9.1771185e-02   5.8942933e-02   4.9973144e-02  -4.0979110e-03   3.8668266e-03   2.5294532e-03
  -9.9030878e-02   1.8727747e-01   1.1393568e-01  -4.6945760e-03   4.8577954e-03   2.6176382e-03
  -8.4636931e-02   6.9486544e-02   6.8049317e-02  -5.1607730e-03   4.6694102e-03   2.7964166e-03
  -7.3365724e-02   1.4622616e-01   1.0456266e-01  -4.7164219e-03   4.8971806e-03   2.4459431e-03
  -5.6112838e-02   1.2494909e-01   4.4832043e-02  -4.6853277e-03   4.3534023e-03   2.2242252e-03
  -7.4594927e-02   7.8273966e-02   7.7527447e-02  -5.3630291e-03   4.9135082e-03   2.9818356e-03
  -6.9941586e-02   1.4643036e-01   5.0875662e-02  -4.8546251e-03   5.1382990e-03   3.1799352e-03
  -6.5231406e-02   1.1984197e-01   1.6168507e-02  -5.2313534e-03   4.9700976e-03   3.3554602e-03
  -7.3561284e-02   1.0485796e-01   1.2002260e-02  -4.0155347e-03   5.5071609e-03   3.7643496e-03
  -7.3210380e-02   1.9084394e-01  -1.2749499e-02  -4.7206332e-03   5.7850020e-03   4.4102861e-03
  -8.4502842e-02   9.5724332e-02   2.2874752e-02  -4.7256931e-03   6.1707503e-03   4.9810015e-03
  -9.2874758e-02   1.7416810e-01  -8.1928701e-03  -4.7728469e-03   6.6430042e-03   5.6428969e-03
  -9.7630843e-02   1.0613416e-01   8.2972205e-03  -4.9161803e-03   6.6728399e-03   6.2849603e-03
  -9.4031859e-02   1.5254713e-01   1.0818055e-02  -4.9136857e-03   7.2761768e-03   6.5021298e-03
  -1.0529261e-01   1.4621784e-01  -1.3441902e-02  -5.2800143e-03   7.2177342e-03   7.1286335e-03
  -9.8398255e-02   1.1638712e-01   7.6897380e-03  -5.4360978e-03   7.6396398e-03   7.3997018e-03
  -9.4487852e-02   1.5893596e-01  -3.0867640e-03  -5.2275053e-03   7.5720183e-03   7.7874861e-03
  -9.7356412e-02   1.1577870e-01  -2.1367074e-03  -5.4008659e-03   7.7292700e-03   8.1326272e-03
  -1.0275188e-01   1.5564593e-01   1.1307331e-02  -5.7074273e-03   8.1502311e-03   8.3068851e-03
  -1.1288984e-01   1.7457975e-01  -3.8085461e-02  -5.7387707e-03   8.4749025e-03   8.9829859e-03
  -1.0740425e-01   1.4244893e-01   3.0876991e-03  -6.1572978e-03   8.6323274e-03   9.1998100e-03
  -1.2513824e-01   1.5591075e-01  -3.1246363e-02  -5.5434185e-03   8.9631025e-03   9.5372430e-03
  -1.2220960e-01   1.6065804e-01  -1.6921899e-02  -6.5481017e-03   8.9752566e-03   9.7097479e-03
  -1.3724775e-01   1.2417252e-01  -4.3338234e-02  -5.2829615e-03   8.9006888e-03   1.0183934e-02
  -8.4618944e-02   2.0906514e-01   1.7300994e-01  -5.4681710e-03   7.0879684e-03   7.2794104e-03
  -7.8917798e-02   1.4317461e-01   2.5513663e-01  -4.6285876e-03   7.2740417e-03   5.6355603e-03
  -1.0164197e-01   1.5481462e-01   4.5218331e-02  -4.5025663e-03   7.9854688e-03   6.2699667e-03
  -7.0472664e-02   1.7647381e-01   1.0172461e-01  -5.3500115e-03   7.6169628e-03   5.4631397e-03
  -8.9041547e-02   1.6658748e-01   6.6022322e-02  -3.7118456e-03   8.1561889e-03   6.1845052e-03
  -8.1400002e-02   1.6583865e-01   5.3748782e-02  -4.4639213e-03   8.3118386e-03   6.3582438e-03
  -8.4024752e-02   1.7576921e-01  -1.6075093e-03  -4.1697299e-03   8.3453157e-03   6.4435208e-03
  -6.8774358e-02   2.0784783e-01   1.0485137e-02  -4.7594718e-03   8.1756086e-03   6.8925105e-03
  -4.5329076e-02   2.4024677e-01   1.2970253e-01  -6.8579261e-03   7.7476907e-03   7.1333684e-03
  -7.3353718e-02   2.6562131e-01   1.2688279e-01  -6.6612154e-03   8.2110784e-03   7.3512904e-03
  -1.0025706e-01   1.7786911e-01   9.1480815e-02  -6.5549146e-03   8.4909607e-03   7.5849413e-03
  -1.1408262e-01   2.1805887e-01   8.2729487e-02  -6.1644334e-03   8.6233662e-03   7.7271067e-03
  -1.2269687e-01   2.5370276e-01   4.9843827e-02  -6.7798319e-03   8.7616757e-03   8.2592891e-03
  -1.3881967e-01   2.0710624e-01   9.4733180e-02  -7.1054212e-03   9.5037604e-03   8.7035011e-03
  -1.4643564e-01   2.4589894e-01   5.5557947e-02  -7.0844045e-03   1.0086545e-02   9.2377197e-03
  -1.6250420e-01   2.0103766e-01   3.7877016e-02  -7.7749120e-03   1.0596593e-02   9.6426369e-03
  -1.7441599e-01   2.3544887e-01   3.6592014e-02  -7.4828183e-03   1.0892149e-02   9.6258979e-03
  -1.8921303e-01   2.1781214e-01  -1.3583717e-02  -7.8069497e-03   1.0981107e-02   9.9705444e-03
  -1.7964557e-01   2.5304446e-01  -2.2022677e-02  -7.8455820e-03   1.1393966e-02   9.9283059e-03
  -1.8413673e-01   2.1485220e-01  -2.1072337e-02  -7.5342262e-03   1.1338251e-02   1.0221295e-02
  -1.7275198e-01   2.2348962e-01   1.7069864e-02  -8.1849708e-03   1.1663616e-02   1.0174294e-02
  -1.6503879e-01   2.1817661e-01   2.8355166e-02  -7.4626320e-03   1.1335886e-02   1.0346893e-02
  -1.8034813e-01   1.7158679e-01   6.0762978e-02  -7.7452907e-03   1.1633474e-02   1.0478737e-02
  -1.8240466e-01   2.5306579e-01   4.1778363e-02  -7.6693304e-03   1.1755195e-02   1.0540405e-02
  -1.8050880e-01   1.4688539e-01   9.3001376e-02  -6.7736714e-03   1.1246714e-02   9.7480467e-03
  -1.4628226e-01   1.6641331e-01   1.1096333e-01  -3.3612457e-03   9.0670981e-03   7.2614612e-03
  -1.3949025e-01   6.3591922e-02   2.0494953e-01  -4.4050630e-04   8.4135250e-03   6.2876714e-03
  -1.4298469e-01   2.5906095e-01   2.4013346e-01  -1.4124204e-03   9.3156976e-03   5.4128448e-03
  -1.6596058e-01   1.7476179e-01   1.2172999e-01  -2.1789332e-03   9.3209117e-03   5.9673013e-03
  -1.4846686e-01   1.5014977e-01   1.7365470e-01  -1.6025464e-03   9.4732258e-03   5.7642366e-03
  -1.2662336e-01   2.3600793e-01   1.7991206e-01  -3.2269842e-03   9.0673426e-03   5.6645859e-03
  -1.3912239e-01   2.2977148e-01   2.5223753e-01  -4.6894505e-03   9.7094961e-03   5.8128029e-03
  -1.5024302e-01   2.0781054e-01   1.6061001e-01  -3.0368096e-03   9.6072401e-03   6.2311953e-03
  -1.5773061e-01   1.9464428e-01   1.5686828e-01  -3.4902931e-03   9.5321296e-03   6.7556619e-03
  -1.6411382e-01   2.0054528e-01   1.4789964e-01  -2.5476056e-03   1.0026963e-02   7.1596646e-03
  -1.6695782e-01   2.2143369e-01   1.4203489e-01  -3.1912876e-03   1.0362181e-02   7.7495505e-03
  -1.8780718e-01   2.0182209e-01   1.5621824e-01  -3.3988427e-03   1.1279532e-02   8.1627905e-03
  -1.8866519e-01   2.6617479e-01   1.3117679e-01  -4.0163458e-03   1.1144845e-02   8.4767812e-03
  -1.9136697e-01   1.8124259e-01   1.2231712e-01  -4.1046051e-03   1.1299725e-02   8.7380837e-03
  -1.9326589e-01   2.7276153e-01   1.0553043e-01  -4.2914251e-03   1.1643664e-02   8.8132129e-03
  -2.0286362e-01   1.9052701e-01   7.3245858e-02  -4.6547450e-03   1.1526506e-02   9.1237068e-03
  -2.0649974e-01   2.3873017e-01   1.2175801e-01  -4.3175485e-03   1.1962562e-02   9.1005239e-03
  -2.1605890e-01   2.3813344e-01   6.4260340e-02  -4.4360156e-03   1.1779743e-02   9.4694065e-03
  -2.0831200e-01   2.0267801e-01   1.0277889e-01  -3.8140122e-03   1.2022850e-02   9.3494498e-03
  -2.2121553e-01   2.5811405e-01   3.5741373e-02  -4.1443356e-03   1.2452668e-02   9.6296106e-03
  -2.2102479e-01   2.0340438e-01   1.1345741e-01  -4.5680978e-03   1.3159821e-02   9.8864099e-03
  -2.3075544e-01   2.5641813e-01   2.8497230e-02  -4.1531365e-03   1.2942624e-02   1.0106960e-02
  -2.4449428e-01   2.5262541e-01   1.0944592e-01  -5.0938675e-03   1.3260159e-02   1.0246447e-02
  -2.4563136e-01   2.2823764e-01  -3.4803619e-02  -4.1862217e-03   1.2649130e-02   1.0426894e-02
  -1.8059187e-01   2.4484789e-01   4.2074483e-01  -4.7590146e-03   1.2046747e-02   7.2966812e-03
  -1.7446847e-01   3.0559433e-01   7.7853661e-01  -2.9067327e-03   1.3146710e-02   5.6721195e-03
  -2.1429450e-01   2.8606746e-01   4.0120995e-01  -3.7061453e-03   1.4062254e-02   7.3609600e-03
  -2.1141681e-01   2.0477478e-01   4.3149879e-01  -2.5586691e-03   1.4460776e-02   8.1733798e-03
  -2.1639171e-01   2.6934421e-01   2.9661895e-01  -3.2992513e-03   1.4181232e-02   8.6146071e-03
  -2.2765796e-01   1.8386705e-01   3.3725551e-01  -2.5026587e-03   1.4329989e-02   8.3328468e-03
  -2.3859574e-01   2.4184031e-01   2.6062910e-01  -2.7325321e-03   1.4096156e-02   8.4785241e-03
  -2.5175153e-01   1.7467013e-01   3.0613969e-01  -2.4428947e-03   1.4582096e-02   8.6261533e-03
  -2.3681747e-01   2.6242540e-01   2.7506907e-01  -2.7237078e-03   1.4431514e-02   8.8172916e-03
  -2.5301609e-01   2.1649376e-01   2.7007128e-01  -3.2434557e-03   1.4635259e-02   9.3142752e-03
  -2.4328792e-01   2.5581641e-01   2.5399183e-01  -3.2782002e-03   1.3798631e-02   9.4097917e-03
  -2.5804727e-01   2.7057949e-01   2.1585675e-01  -3.8322883e-03   1.3606352e-02   9.7671055e-03
  -2.5005860e-01   2.4301763e-01   2.5057621e-01  -3.8103697e-03   1.3966486e-02   9.9307541e-03
  -2.4728508e-01   3.0752514e-01   2.2042965e-01  -3.7121725e-03   1.3662753e-02   1.0222115e-02
  -2.5616570e-01   2.3077131e-01   2.1238781e-01  -3.8957133e-03   1.3746488e-02   1.0524134e-02
  -2.6550233e-01   2.9880049e-01   2.2688830e-01  -3.5505810e-03   1.4293949e-02   1.0211971e-02
  -2.7616765e-01   2.3904197e-01   2.1062796e-01  -3.9411193e-03   1.4052107e-02   1.0113910e-02
  -2.7751250e-01   2.6060030e-01   2.1483582e-01  -3.4558218e-03   1.4376757e-02   1.0159205e-02
  -2.6567452e-01   2.5654681e-01   1.8837033e-01  -3.7669315e-03   1.4019609e-02   1.0372835e-02
  -2.6235953e-01   2.6536989e-01   2.3849213e-01  -3.7344324e-03   1.4526047e-02   1.0310440e-02
  -2.6435805e-01   2.8968435e-01   1.9734603e-01  -3.6457024e-03   1.4090085e-02   1.0309513e-02
  -2.8633645e-01   2.3146397e-01   2.0635803e-01  -3.9899724e-03   1.4461415e-02   1.0462330e-02
  -2.7477298e-01   2.9416373e-01   1.7715424e-01  -3.8166860e-03   1.3902947e-02   1.0426530e-02
  -2.7585508e-01   2.6038106e-01   2.0300484e-01  -3.4933049e-03   1.4413354e-02   1.0624107e-02
  -2.6610829e-01   2.9623905e-01   2.2190785e-01  -3.1565508e-03   1.4023751e-02   9.9713004e-03
  -2.6238059e-01   2.7789674e-01   1.8908071e-01  -3.3553878e-03   1.3702010e-02   9.6948857e-03
  -2.5839108e-01   2.2143126e-01   2.5259453e-01  -2.7842489e-03   1.3199664e-02   9.8579886e-03
  -2.5159203e-01   2.8871168e-01   2.1375759e-01  -4.5277273e-03   1.3320890e-02   9.6864677e-03
  -2.4936757e-01   3.2619232e-01   1.9535578e-01  -4.3590862e-03   1.3686921e-02   9.5507151e-03
  -2.4908478e-01   2.4415848e-01   2.0008091e-01  -4.4676338e-03   1.3383390e-02   9.6893964e-03
