   0.0000000e+00  -7.1054274e-15   0.0000000e+00   0.0000000e+00   0.0000000e+00   0.0000000e+00
  -1.8040486e-02  -3.8913712e-02  -1.1700181e-01  -5.0840022e-04   6.5204787e-04  -2.2419634e-04
  -3.7389517e-04  -6.4130010e-02  -1.2755904e-01  -2.4833476e-03   4.1376493e-04   6.4885097e-04
  -5.1072699e-02  -1.6560114e-02  -1.8878384e-01  -3.2117621e-03   6.8268744e-04   1.4858015e-04
  -2.5640253e-02  -4.4522154e-02  -1.3064598e-01  -1.9075735e-03   6.3923132e-04   1.2461464e-03
   1.1920638e-02  -6.1652686e-02  -4.0819084e-02  -1.1150011e-03   1.3270992e-03   1.4355596e-03
  -4.2541262e-02  -6.0174831e-02  -8.6744614e-02  -2.3146030e-03   7.1801730e-04   1.3658892e-03
  -3.5391204e-02  -5.9352927e-02  -1.0698285e-01  -2.7933150e-03   9.5315983e-04   8.8440862e-04
  -3.3392377e-02  -5.8573129e-02  -1.0679827e-01  -3.4225498e-03   3.8099819e-04   6.8988824e-04
  -5.0391636e-02  -5.6833886e-02  -9.5322224e-02  -3.2649409e-03   3.3132024e-04   4.0675180e-04
  -7.0688178e-02  -6.8618288e-02  -9.3252771e-02  -3.4125163e-03   3.3304403e-05   5.7925789e-04
  -5.6771650e-02  -6.2925238e-02  -1.3654698e-01  -3.4837405e-03   7.0500926e-04   4.6605561e-04
   3.9808247e-05  -9.4864638e-02  -1.4546323e-01  -2.7569344e-03   1.3566384e-03   9.6182716e-04
  -4.3369392e-02  -6.0318969e-02  -1.4314979e-01  -3.4062712e-03   7.3205155e-04   4.5091415e-04
  -5.7415807e-02  -5.7179780e-02  -1.0417166e-01  -2.1162419e-03   5.4076926e-04  -1.3453741e-04
  -8.5931328e-02  -6.3064872e-02  -7.8298913e-02  -3.2159539e-03   1.2035329e-03  -4.2905866e-04
  -4.6485042e-02  -6.1536607e-02  -1.0624585e-01  -1.8525835e-03   9.2410567e-04   1.8761409e-04
  -2.7265572e-02  -3.2855144e-03  -2.9934462e-02  -3.1521211e-03   1.1904846e-03  -2.7057581e-04
  -3.8315131e-02   4.3559055e-03  -6.2886708e-02  -3.4101878e-03   1.1859058e-03  -4.3968380e-04
  -3.8571910e-02   1.3880618e-02  -2.8814121e-02  -2.7573203e-03   3.0834844e-04  -1.7918503e-04
  -7.3221224e-02   1.5765427e-02  -4.3245708e-02  -2.8797738e-03   5.2029748e-04  -4.8249556e-04
  -7.4409334e-02  -4.4269857e-03  -3.2502504e-02  -2.9932781e-03   2.9392898e-04  -1.0851812e-03
  -7.6364970e-02  -1.6283299e-02  -4.6422514e-02  -3.0773340e-03  -8.5818823e-05  -8.5932660e-04
  -8.0628849e-02   2.5252397e-02   5.7469695e-02  -1.9321241e-03  -7.5440772e-05  -9.1462905e-04
  -4.2752220e-02   9.7898503e-03   3.3221086e-02   1.1058645e-03   5.3276696e-04  -4.7134125e-04
  -1.1859211e-03   1.0075157e-02   2.2843666e-01   4.5267608e-03   2.2289984e-03  -2.2960791e-04
   8.2784945e-02  -1.5449523e-02   3.8786420e-01   1.0558325e-02   2.1165668e-03  -5.0427888e-04
   1.5626678e-01  -2.2852895e-01   5.9034117e-01   2.0152520e-02   1.4405182e-03  -3.4806465e-03
   1.4256252e-01  -5.7635015e-02   1.7970574e-02   6.0140955e-03   2.1728570e-04  -2.4373906e-03
   9.2472673e-02  -6.9741063e-02  -1.3284141e-01   6.8420461e-04  -7.7617347e-04  -1.3251413e-03
   6.5550718e-02  -8.5338886e-02  -1.7982948e-01  -4.1295844e-03  -8.9741218e-04  -2.8278955e-04
   2.6562348e-02  -1.1320101e-01  -1.6662856e-01  -4.3222405e-03  -1.0355454e-03  -6.0471473e-04
   1.6797734e-02  -1.3070654e-01  -2.3086481e-01  -5.8061373e-03  -5.1907508e-04  -3.8753754e-04
  -7.7562098e-05  -1.2916996e-01  -2.1967371e-01  -6.4812609e-03  -8.7160110e-04  -4.7492843e-04
   1.6091076e-02  -1.2851961e-01  -2.6392582e-01  -6.5466266e-03  -1.1600352e-03  -2.3417207e-04
   4.5464531e-02  -1.2948608e-01  -3.3683466e-01  -5.3238351e-03  -1.5676986e-03   9.5405840e-04
   6.8211343e-02  -1.0401800e-01  -4.2238021e-01  -3.8202783e-03  -2.4090140e-04   1.3678283e-03
   6.4567387e-02  -6.8099525e-02  -3.7071592e-01  -3.0576897e-03   5.9567563e-04   1.8029379e-03
   4.4778257e-02  -6.5253935e-02  -2.9294438e-01  -2.5469756e-03   9.3277121e-04   1.8578259e-04
   9.0238407e-03  -7.7378159e-02  -3.6452857e-01  -2.7439230e-03  -2.0119640e-04   6.5302629e-04
   1.4388610e-02  -3.2429105e-02  -2.7562520e-01  -1.5793299e-03  -1.4770158e-04   5.2408258e-04
   5.7554022e-02  -2.2250351e-02  -2.2355309e-01   8.7574899e-04   4.7345896e-04   9.2621417e-04
   5.9588734e-02  -9.5250966e-03  -2.0890845e-01   7.8294938e-04   5.8700053e-04   8.0609427e-04
   3.5384897e-02   2.9590302e-03  -2.2987810e-01  -9.6197295e-06   9.8149587e-04  -1.6571353e-05
   2.2775459e-02  -4.5676020e-03  -2.2666911e-01   8.3812649e-04  -2.5809629e-06   1.7932817e-04
   3.0832886e-02   2.5345315e-02  -2.0444815e-01   1.5993053e-03   3.2451701e-04   1.8550728e-05
   2.2018244e-02   2.5529202e-02  -1.4861889e-01   3.0407622e-03   4.5587543e-05   2.3188642e-05
   3.2283327e-02   2.2354891e-02  -1.6426614e-01   1.3486718e-03   4.0910847e-04   1.0440561e-04
   2.3993291e-02   3.4067092e-02  -1.8372782e-01   1.5492891e-03  -4.6392039e-05   2.2926650e-04
   6.5690898e-02   2.1420847e-02  -2.0150072e-01   2.8011193e-05   4.2592578e-04   6.9013530e-04
   5.3638159e-02  -2.4588927e-02  -2.9660214e-01  -3.3595840e-03   1.1755466e-03   4.2615539e-04
   6.0703850e-02  -4.2104302e-02  -2.4409271e-01  -3.0472314e-03   1.0246282e-03   9.7462616e-04
   1.5216724e-02  -1.2764507e-02  -1.9603644e-01  -2.9130398e-03   9.2720911e-04   6.0279717e-04
   3.2241762e-02  -4.1319933e-02  -2.5163073e-01  -3.6243455e-03   1.6314829e-03  -1.3731690e-04
   1.1716294e-01  -1.1692492e-01  -2.3413215e-01  -6.5559598e-03   2.6429128e-03  -1.1074594e-03
   6.0228992e-02  -6.0163557e-02  -1.9683442e-01  -3.8884181e-03   1.8020326e-03  -2.5819613e-04
   5.2518740e-02  -6.9315998e-02  -2.6311776e-01  -5.0173970e-03   1.5205046e-03  -3.5927716e-04
   2.7813725e-02  -4.5304864e-02  -2.5311888e-01  -4.3163273e-03   5.1608068e-04  -2.4820329e-04
   3.1795609e-02  -5.4169471e-02  -2.8905821e-01  -5.0607326e-03   9.4396634e-04  -2.4117692e-04
   2.6850686e-02  -2.0675237e-02  -2.0878400e-01  -4.6503418e-03   6.6745589e-04   4.2356635e-04
   4.2393275e-02  -4.7650331e-02  -2.1017246e-01  -5.3405212e-03   8.1186469e-04   1.0595797e-03
   9.8031003e-03  -3.5178430e-02  -1.9877108e-01  -3.0608585e-03   5.7483325e-04  -4.2635414e-05
   1.2799316e-01  -5.5864881e-03  -2.2210341e-01  -6.2639480e-04   1.3831605e-03   9.2548921e-04
   7.0031636e-02  -3.1767649e-02  -2.1091441e-01  -2.3843830e-03   1.8507883e-03   2.4409772e-04
   2.1202060e-02  -1.2820263e-02  -1.6071330e-01  -2.1024770e-03   1.3520697e-03  -3.8051381e-05
  -4.2233355e-03  -2.1831317e-02  -1.7336955e-01  -2.2985516e-03   1.0686949e-03  -3.6375115e-04
   7.1789701e-03  -2.8045656e-03  -1.5551658e-01  -2.0164540e-03   4.7716761e-04  -2.4513512e-04
   1.3976773e-03  -2.2914676e-02  -1.4353675e-01  -1.9366265e-03   8.7318653e-04  -6.9998833e-04
  -3.0012860e-02  -5.5086890e-03  -1.1690972e-01  -1.3331768e-03   1.1186987e-03  -1.0230810e-03
  -7.2332326e-02  -1.6698073e-02   1.2226555e-02  -1.0097618e-03   1.4842372e-03  -5.8450481e-04
  -7.0692834e-02  -1.7270940e-02   1.0661628e-01   1.3807515e-03   2.3377252e-04  -1.6355321e-04
  -3.9609482e-02  -1.2653444e-02   2.9478453e-02   1.5798710e-03  -4.3921553e-05  -3.5023742e-04
  -2.7347019e-02   7.1686244e-03   1.2617548e-02   1.6641062e-03   9.2680725e-05   3.5417196e-04
  -3.0340351e-02   4.8657821e-02   1.0703806e-01   2.6455703e-03   6.5644945e-04   4.4839754e-04
  -2.2454588e-02   1.2303724e-02   9.2886378e-02   3.5834736e-04   9.0870574e-04   1.1992139e-03
  -4.9195252e-02   9.1525265e-03   1.6756677e-01   5.3163077e-04   7.4390065e-04   1.3426343e-03
  -5.4016265e-02  -9.7055552e-03   1.4902327e-01   4.8698172e-04   7.9071887e-04   6.0565930e-06
  -1.4195993e-02  -2.0150629e-02   6.2116842e-02  -5.9319251e-04   1.1384704e-03   2.5855214e-04
  -4.0297179e-02  -2.9684357e-02   8.6136051e-02  -2.9750592e-04   6.8267008e-04   4.5290751e-04
  -5.0595847e-02  -1.2994253e-02   1.2322838e-01   2.8630964e-04   8.5618999e-04   5.7613103e-04
  -6.8659583e-02  -5.4168461e-03   8.5934002e-02   1.7411662e-03   1.3222400e-04   4.2106804e-04
  -5.7362429e-02   1.9347511e-02   1.6682327e-01   1.2256090e-03   4.7174448e-04   5.7672903e-04
  -8.0236110e-02   1.4235860e-01   1.9601472e-01   1.5628373e-03   5.1114526e-04  -4.0326144e-04
  -4.4002933e-02   1.4588280e-02   4.6934329e-02   3.4202332e-04   1.1414644e-03  -3.1558682e-04
  -4.0526590e-02   5.4935033e-02   9.2723603e-02   9.8712271e-04   9.6249683e-04  -3.5415622e-04
  -3.8355746e-02   1.3314905e-01   8.0404321e-02  -1.4018194e-03   6.6079287e-04  -4.2404639e-04
  -4.2007859e-02   8.9440652e-02   5.6891338e-02  -1.8443561e-03   5.0076412e-04  -9.1993666e-04
  -3.8405059e-03   6.5273332e-02  -1.3019518e-01   4.3136691e-04  -7.5557727e-05   9.1567722e-04
   2.2323050e-03   9.6537367e-02   1.3747313e-02   1.2366549e-04   5.6345956e-04   5.8352097e-04
  -1.6806390e-02   9.5524559e-02  -3.3061861e-02   2.9699649e-05   1.5707002e-04   6.3577986e-04
  -9.1184278e-03   4.7843452e-02   5.1365132e-02   1.1949676e-03   2.8470723e-05   1.6614335e-04
  -2.3081870e-02   7.2741277e-02   6.5236750e-02   7.8680736e-04   1.9191253e-03   4.7340648e-04
   2.0075951e-02   8.1124854e-02   8.1724542e-02   2.0614594e-03   2.1405421e-03   1.4441146e-03
   1.8351091e-02   9.0543038e-02   1.8253447e-01   2.6331395e-03   4.1660329e-04   1.3395256e-03
  -8.1118448e-04   6.7120024e-02   9.0221775e-02   1.1623958e-03   4.5767234e-04   1.5293886e-03
  -2.2856958e-02   6.7559737e-02   1.0818456e-01   1.0896218e-03  -1.3182100e-04   1.6032979e-03
  -1.9125806e-02   7.0944412e-02   7.8118876e-02   9.9931186e-04   2.9700107e-04   1.7353479e-03
  -4.9364422e-02   7.6189901e-02   7.8510841e-02   9.0230407e-04  -3.9755469e-05   1.4487945e-03
  -3.6985317e-02   7.8890621e-02   1.1011593e-01   1.9603485e-03  -7.2111595e-05   1.6387883e-03
  -4.6606728e-02   6.5941349e-02   1.8307856e-01   2.3542182e-03   4.1344410e-04   9.7065904e-04
  -7.6510579e-02   1.3939407e-02   2.5112621e-02  -3.2834126e-04   2.5951021e-04   8.7559176e-04
  -3.9796758e-02   6.1495908e-02   1.3229683e-01  -1.0169455e-04   2.0641741e-04   2.0639639e-03
  -7.6162813e-03   5.6580295e-02   1.3372147e-01   7.7531043e-04   8.4998839e-05   2.0941209e-03
   3.5233359e-02   4.3191208e-02   8.5024464e-02   9.7344088e-04   2.5845174e-04   1.7733074e-03
  -2.8010942e-03   8.5915976e-02   1.7999294e-01   1.3374437e-03   5.0304898e-04   1.2122995e-03
  -2.4502203e-02   6.7088631e-02   5.0846339e-02   1.5751685e-03   5.0166170e-05   1.3130998e-03
  -3.6796814e-02   6.9366432e-02   9.3875782e-02   1.4077355e-03  -2.3656270e-04   1.4446806e-03
  -2.3098463e-02   8.0512863e-02   4.5228490e-02   1.8206780e-03  -3.2119008e-04   1.0093030e-03
  -2.6919738e-02   5.4305591e-02   8.9348496e-02   1.6763866e-03  -8.2958977e-04   1.5037563e-03
  -5.7320284e-03   5.0425177e-02   1.0291305e-01   8.8574841e-04   4.8938240e-04   1.1155947e-03
   5.6351265e-03   1.0181054e-01   1.2898532e-01   1.2681450e-03   6.7187554e-04   3.3736202e-04
  -6.0104980e-03   6.5654392e-02   1.0958528e-01   3.0383128e-03  -9.5996633e-04   1.1500387e-03
  -4.5451007e-02   5.6355021e-02   1.0758857e-01   2.2796213e-03  -9.3161492e-04   5.7087157e-04
  -6.5899213e-02   6.9262867e-02   1.2735213e-01   2.4875701e-03  -9.5293560e-04   5.3307154e-04
  -2.7389650e-02   6.4573288e-02   1.1776980e-01   3.8863337e-03  -1.4108058e-03   1.0136551e-03
  -2.7018354e-02   1.0181939e-01   1.8819837e-01   4.4929873e-03  -2.1268543e-03   1.1118746e-03
  -1.7582440e-02   9.3281532e-02   1.0060327e-01   2.4534384e-03  -1.1455264e-03   4.8954233e-04
   2.6800271e-03   8.2472258e-02   1.1186267e-01   2.6815816e-03  -1.5605707e-03   5.1654887e-04
  -2.3683175e-02   9.3269450e-02   1.8188038e-01   3.4049195e-03  -1.5177397e-03   1.1553670e-03
  -5.5832258e-02   9.8045480e-02   2.4748339e-01   4.4155287e-03  -1.1709365e-03   1.5581162e-03
  -8.3171795e-02   8.0844769e-02   3.2897637e-01   3.5210930e-03  -4.8774637e-04   1.5882936e-03
  -7.3519042e-02   8.5022449e-02   3.5503922e-01   5.3234312e-03  -4.0231879e-04   1.9986739e-03
  -3.6205095e-02   8.3596412e-02   3.7562925e-01   5.9204654e-03  -1.2191172e-03   1.9220415e-03
  -5.5978939e-02   1.0410043e-01   3.7346321e-01   5.3485549e-03  -1.0140405e-03   1.9140262e-03
  -7.2565831e-02   9.2765095e-02   3.1722267e-01   4.6699932e-03  -1.6464908e-03   2.2758520e-03
  -9.6538551e-02   1.1003880e-01   2.9695242e-01   4.3760076e-03  -1.8134864e-03   2.4943138e-03
  -9.1175761e-02   9.1985520e-02   2.6248985e-01   4.1667194e-03  -2.1447539e-03   2.6806014e-03
  -8.9301574e-02   6.1745254e-02   2.4336479e-01   2.5467293e-03  -1.5586210e-03   2.9066661e-03
  -1.0709388e-01   7.7844382e-02   2.0429789e-01   3.1042650e-03  -1.5074894e-03   2.9454569e-03
