   1.4210855e-14   0.0000000e+00   7.1054274e-15   5.5511151e-17  -2.6020852e-18   3.8518599e-34
  -2.7378603e-02   7.1818751e-02   3.3929090e-02  -5.6151216e-04  -2.3268493e-05   6.5673467e-04
  -1.7468782e-02   5.2137256e-02   7.0659111e-02  -4.6030957e-04   4.7622720e-05   4.8666460e-04
   1.4279952e-04   1.4249840e-04   8.3992374e-02  -4.6809129e-04   9.3506297e-05   4.3193354e-04
  -2.9906024e-02   5.7278460e-02   7.3801935e-02  -1.3577710e-03   5.1862494e-04   1.6100133e-04
  -3.3943472e-02   4.0079284e-02   5.3876337e-02  -8.9619589e-04   7.0444222e-05   2.1970591e-04
  -3.7186371e-02   5.3140334e-02   5.1864871e-02  -5.5728251e-04  -4.2883593e-04  -2.6864315e-05
  -4.7556762e-02   8.0159592e-02   5.4175521e-02  -5.3492067e-04   7.7746985e-05   4.2351750e-04
  -6.4151623e-02   4.1361363e-02   5.3452604e-02  -2.8007252e-04  -2.1896338e-04   9.4497574e-04
  -4.8341179e-02   3.9805990e-02   9.8084340e-03  -4.2408254e-04   9.4811472e-05   1.3163877e-03
  -4.9352906e-02   4.6698037e-02   1.8262292e-02  -5.9843253e-04   1.8694246e-04   1.3501979e-03
  -6.4971658e-02   2.6385554e-02   2.9386395e-02  -2.1184307e-04  -6.2874418e-04   1.0574677e-03
  -9.1804068e-02   5.2875254e-02  -5.3769339e-03  -4.0815880e-04  -7.8035998e-04   8.5819947e-04
  -9.9707634e-02   4.6228409e-02   3.4364850e-03  -1.4004257e-04  -1.4701984e-03   4.8238677e-04
  -9.7291193e-02   2.6965228e-02  -2.6613180e-02  -4.4531101e-04  -1.8862422e-03  -2.9597601e-04
  -1.1872561e-01   5.8897500e-02  -1.1466490e-02  -2.1027406e-04  -2.2475536e-03  -7.1857669e-04
  -1.2239652e-01   4.8099025e-02  -5.5004085e-03   1.3389073e-04  -3.0308290e-03  -8.4089798e-04
  -1.3386745e-01   3.7596023e-02  -8.3211438e-03  -6.7818103e-05  -3.2869927e-03  -1.5309067e-03
  -1.4454992e-01   2.8794509e-02  -3.1219063e-02  -3.5102292e-04  -3.6312760e-03  -1.7152039e-03
  -1.4554265e-01   4.3241706e-02  -2.8923958e-02  -2.0151195e-04  -3.7117848e-03  -1.8467297e-03
  -1.7148447e-01   3.5899823e-02  -5.6629524e-02  -5.4730338e-04  -4.1157035e-03  -2.1862382e-03
  -1.9252648e-01   4.7767764e-03  -2.8191078e-02   1.8720908e-04  -4.6473116e-03  -2.7741479e-03
  -2.2104770e-01   3.4564864e-02  -5.0408077e-02  -4.0999313e-04  -5.3305461e-03  -3.1850600e-03
  -1.6826715e-01  -2.5281570e-02   6.1817838e-02   1.1450474e-03  -4.5884127e-03  -2.9258044e-03
  -2.0842326e-01   5.6045664e-02   9.0161836e-02   2.1008701e-03  -4.4548105e-03  -3.6358290e-03
  -2.0746502e-01  -2.0642868e-02   7.0272478e-03   2.1914141e-03  -5.0369135e-03  -3.9204807e-03
  -2.2588839e-01   2.9716094e-02   1.3715592e-02   1.6887235e-03  -4.8148780e-03  -4.1445150e-03
  -2.0352264e-01  -1.0844067e-02   5.9833279e-02   2.2507731e-03  -5.2635191e-03  -4.0784475e-03
  -2.2295477e-01   8.8450960e-03   3.5908948e-02   1.7033278e-03  -5.0090936e-03  -4.4257218e-03
  -2.5399229e-01  -1.6975414e-02   1.9456944e-02   1.7356791e-03  -5.6582646e-03  -3.7192698e-03
  -2.3652269e-01  -3.8640737e-02   5.1614931e-02   3.3584759e-03  -6.4488716e-03  -3.1897500e-03
  -2.6552588e-01   8.9134502e-03   6.6239180e-02   3.0658041e-03  -6.6879898e-03  -3.4893560e-03
  -2.7290903e-01  -4.9329574e-02   8.0237259e-02   3.5811185e-03  -7.2236078e-03  -3.6134238e-03
  -2.4694033e-01  -4.7264513e-04   1.1094561e-01   3.2008862e-03  -6.4329600e-03  -3.5214236e-03
  -2.5106527e-01   3.1472942e-02   1.9664460e-01   3.3363864e-03  -6.1294637e-03  -3.1289313e-03
  -2.5179324e-01  -3.3375553e-02   1.5443606e-01   3.3192395e-03  -6.9170235e-03  -3.2259851e-03
  -2.5277011e-01  -2.4963888e-02   1.5725192e-01   3.2980802e-03  -6.6067023e-03  -3.3028036e-03
  -2.5620415e-01  -2.7749845e-02   1.5593041e-01   3.2817442e-03  -6.7265166e-03  -3.4180328e-03
  -2.6659630e-01  -2.3520619e-02   1.2359222e-01   3.2784138e-03  -6.9652952e-03  -3.3614625e-03
  -2.6702374e-01  -4.0962713e-02   1.1213173e-01   3.4243017e-03  -7.0492160e-03  -3.3856518e-03
  -2.8257886e-01  -1.8353035e-02   9.8991218e-02   3.1023704e-03  -7.0114899e-03  -4.0365160e-03
  -2.8793651e-01  -4.6322571e-02   8.2919115e-02   2.9689933e-03  -7.6749294e-03  -4.6124095e-03
  -2.7865603e-01  -3.7920874e-02   8.2340838e-02   3.1862111e-03  -7.5390491e-03  -4.5261003e-03
  -2.7861053e-01  -2.8297346e-02   7.5499374e-02   2.8926006e-03  -7.5130703e-03  -4.4134710e-03
  -2.8011183e-01  -6.2752957e-02   8.7185318e-02   3.2039750e-03  -7.3385892e-03  -4.5052793e-03
  -2.7591479e-01  -3.7988465e-02   7.5215892e-02   3.1316587e-03  -7.2972074e-03  -4.1595375e-03
  -2.7493276e-01  -3.7445477e-02   7.4563666e-02   3.5036644e-03  -7.2904421e-03  -3.8288932e-03
  -2.6328815e-01  -3.7718221e-02   6.1295545e-02   3.0700179e-03  -7.6404969e-03  -4.0846338e-03
  -2.5784948e-01  -2.2920487e-02   9.1126062e-02   2.4199891e-03  -5.9408142e-03  -4.4548059e-03
  -2.8080409e-01  -3.7294988e-04   8.2645665e-02   2.4379674e-03  -5.7975754e-03  -3.9330041e-03
  -2.8201109e-01  -3.6957004e-02   6.5862498e-02   3.3063904e-03  -6.2689689e-03  -4.4985349e-03
  -2.6895673e-01  -2.7562406e-02   7.8478244e-02   3.3281704e-03  -6.4864932e-03  -4.3070646e-03
  -2.5664782e-01  -7.6054863e-02   6.0146765e-02   3.5738952e-03  -6.2560776e-03  -4.1987084e-03
  -2.6945958e-01  -5.1479492e-02   6.5840992e-02   3.0873909e-03  -6.1022108e-03  -4.2638582e-03
  -2.6656279e-01  -7.7595653e-02   4.8313046e-02   3.1780613e-03  -6.1510639e-03  -4.4697248e-03
  -2.7192435e-01  -5.1054335e-02   5.5811985e-02   2.9531450e-03  -5.7978991e-03  -4.7078425e-03
  -2.8777362e-01  -4.9698410e-02   4.2805235e-02   2.8289868e-03  -6.1714128e-03  -4.6899641e-03
  -2.7151708e-01  -5.9567082e-02   5.1131245e-02   2.3493919e-03  -5.9944280e-03  -4.9905789e-03
  -2.5890461e-01  -6.6190477e-02   5.6182283e-02   2.5262532e-03  -5.5424483e-03  -5.5024149e-03
  -2.7267346e-01  -5.6051879e-02  -7.7506143e-04   2.0925530e-03  -6.0704972e-03  -5.3914504e-03
  -2.5860901e-01  -8.7540943e-02   1.1340565e-02   2.3412631e-03  -6.2952275e-03  -5.2885691e-03
  -2.5236413e-01  -5.4881836e-02  -1.6129703e-02   2.2372209e-03  -6.5436433e-03  -5.4348230e-03
  -2.7183537e-01  -4.5374865e-02  -3.5276624e-02   2.0267789e-03  -7.1263791e-03  -5.5532484e-03
  -2.7068164e-01  -7.4433192e-02  -7.8515900e-03   2.3509439e-03  -7.2816707e-03  -5.5870461e-03
  -2.8157749e-01  -6.4941687e-02   8.7934153e-03   2.2755484e-03  -7.3638179e-03  -5.7629530e-03
  -3.0055119e-01  -5.0367785e-02  -3.0032474e-02   2.4311340e-03  -7.5087466e-03  -5.6217073e-03
  -2.9499001e-01  -8.7324521e-02  -1.4068813e-02   2.5673783e-03  -7.8277528e-03  -5.8287380e-03
  -3.0405782e-01  -7.8799313e-02   2.5887313e-03   2.2582624e-03  -7.6331009e-03  -5.9728179e-03
  -3.1450887e-01  -6.5626767e-02   7.2209702e-03   2.4216192e-03  -7.6312192e-03  -5.8707549e-03
  -3.0927718e-01  -9.0672763e-02  -5.1321603e-03   2.2264289e-03  -7.9713918e-03  -5.6299391e-03
  -3.0502563e-01  -9.3935242e-02   1.3617062e-03   2.4104117e-03  -7.4415522e-03  -5.8796026e-03
  -3.0574695e-01  -1.1315669e-01   9.4155565e-03   2.0702429e-03  -7.8988951e-03  -5.3273480e-03
  -2.7358392e-01  -1.2344120e-01   4.9504889e-02   2.9381148e-03  -6.5163689e-03  -5.4222028e-03
  -2.8539336e-01  -1.7237897e-02   2.7656125e-02   3.7759021e-03  -5.5733959e-03  -5.0358733e-03
  -2.6312193e-01  -1.7742924e-02   3.5929137e-02   3.1375811e-03  -5.3575696e-03  -5.0930090e-03
  -2.8772086e-01  -1.5766085e-02   5.3024718e-02   2.7893015e-03  -5.2226753e-03  -5.3266890e-03
  -2.6965396e-01  -6.3229950e-02   6.3642095e-02   2.5281061e-03  -5.5671493e-03  -5.4042360e-03
  -2.7154110e-01  -6.2386591e-02   4.6345031e-02   2.2617902e-03  -5.2648014e-03  -5.7750669e-03
  -2.9637119e-01  -6.5517097e-02  -1.6896306e-02   2.1722195e-03  -6.1954559e-03  -5.6971000e-03
  -2.9899108e-01  -5.4049782e-02  -4.2937220e-02   1.9531766e-03  -6.1606193e-03  -5.5001944e-03
  -2.9926092e-01  -5.1628301e-02  -3.6616421e-02   2.1529379e-03  -6.4308926e-03  -5.7051669e-03
  -3.0746095e-01  -3.5375372e-02  -3.8838180e-02   1.8374763e-03  -6.0949911e-03  -5.8711993e-03
  -2.9423882e-01  -6.7842844e-02   1.7749301e-02   2.0216430e-03  -6.3048913e-03  -5.6457831e-03
  -3.3203723e-01  -7.2147932e-02  -1.2059445e-02   2.5396831e-03  -6.3831321e-03  -6.4392564e-03
  -3.4504067e-01  -7.2613423e-02  -1.9979901e-02   2.3978248e-03  -6.7031111e-03  -6.1262275e-03
  -3.4159587e-01  -1.2070994e-01   7.6891721e-03   2.5040125e-03  -6.7401025e-03  -6.3285366e-03
  -3.4102423e-01  -1.1639333e-01   3.3979841e-02   2.9427370e-03  -6.5574392e-03  -6.7941427e-03
  -3.5258019e-01  -1.2372973e-01   2.3383063e-02   2.5715333e-03  -6.8815196e-03  -6.8000514e-03
  -3.5787071e-01  -1.5100225e-01   1.0474442e-02   2.3886052e-03  -7.3366202e-03  -7.3295023e-03
  -3.6164724e-01  -1.3090331e-01   1.2213490e-02   2.2995230e-03  -7.0738630e-03  -8.0710237e-03
  -3.5384942e-01  -1.4066944e-01  -2.1557107e-02   2.6717605e-03  -7.1082685e-03  -8.3329414e-03
  -3.5230880e-01  -1.4517614e-01  -5.4248696e-02   2.7696861e-03  -7.5201724e-03  -8.1133719e-03
  -3.4136442e-01  -1.0812761e-01   5.6669805e-02   2.3060080e-03  -6.8557573e-03  -8.3602190e-03
  -3.6586905e-01  -1.2599570e-01   9.7813066e-02   2.6331218e-03  -7.0640046e-03  -8.5908563e-03
  -3.6304371e-01  -1.7001274e-01   5.0721376e-02   2.6779962e-03  -7.6901618e-03  -8.8326625e-03
  -3.6550979e-01  -1.6144379e-01   5.6699049e-02   2.6517913e-03  -7.0838223e-03  -9.1177316e-03
  -3.6605065e-01  -1.2902357e-01   6.4604862e-02   2.9777001e-03  -7.5333317e-03  -9.0313975e-03
  -3.2256717e-01  -1.0060297e-01   1.4924324e-01   3.8190871e-03  -4.5509226e-03  -9.2108092e-03
  -3.3693816e-01   1.5567841e-02   2.3171967e-01   2.5842144e-03  -3.6971364e-03  -8.1747223e-03
  -2.9606098e-01  -3.5687732e-02   2.3976817e-01   1.2438749e-03  -3.7196206e-03  -7.1202040e-03
  -2.9681572e-01  -2.5434630e-02   2.1992689e-01   1.3137821e-03  -3.5029768e-03  -7.0204479e-03
  -2.7750088e-01  -5.2915778e-02   2.1634278e-01   1.4514192e-03  -4.0950699e-03  -6.7935985e-03
  -2.7430256e-01  -4.5844619e-02   1.6717572e-01   1.3231693e-03  -3.5700405e-03  -6.6248465e-03
  -2.7402955e-01  -5.9215202e-02   1.2960201e-01   1.5035593e-03  -3.5764883e-03  -5.9454677e-03
  -2.7449034e-01  -4.5722394e-02   9.7177636e-02   6.2270359e-04  -4.0300271e-03  -6.1006723e-03
  -2.6376226e-01  -4.8387389e-02   1.5966622e-01   8.4979763e-04  -3.7155706e-03  -6.2226595e-03
  -2.8348332e-01  -6.1517616e-02   1.4547556e-01   6.7164122e-04  -4.1459222e-03  -6.2355788e-03
  -2.7170675e-01  -7.7310308e-02   1.5694881e-01   5.3709191e-04  -4.1146141e-03  -6.2077988e-03
  -2.7884061e-01  -6.3719215e-02   1.9592300e-01   6.0985089e-04  -3.6750506e-03  -6.1138542e-03
  -2.6797259e-01  -7.8985313e-02   1.6708694e-01   9.3109451e-04  -4.2595083e-03  -6.2646955e-03
  -2.8752380e-01  -1.0872357e-01   1.5330619e-01   7.8666698e-04  -4.6588084e-03  -7.0153514e-03
  -3.0879935e-01  -1.1688106e-01   1.6541425e-01   1.2315968e-03  -4.6371690e-03  -7.1722051e-03
  -2.9902784e-01  -9.4706592e-02   1.2778283e-01   9.4636510e-04  -4.9349566e-03  -6.9025533e-03
  -2.9653764e-01  -1.0992444e-01   1.1787714e-01   1.0643621e-03  -4.9103358e-03  -7.3095613e-03
  -2.9436761e-01  -9.6816428e-02   1.2232181e-01   1.3469668e-03  -4.5321575e-03  -7.5116306e-03
  -3.0640738e-01  -1.0128763e-01   1.4443200e-01   1.4638538e-03  -4.6663947e-03  -7.5030616e-03
  -3.0676146e-01  -1.1336613e-01   1.5435359e-01   1.5641647e-03  -4.6934829e-03  -7.8441625e-03
  -3.2532800e-01  -1.0591313e-01   1.5518911e-01   1.3834679e-03  -4.9587928e-03  -7.9856592e-03
  -3.1956128e-01  -1.3056136e-01   1.3472131e-01   1.4816750e-03  -4.8070614e-03  -8.4233990e-03
  -3.0581453e-01  -1.6248701e-01   1.4669854e-01   1.8837497e-03  -4.4024960e-03  -9.1200080e-03
  -3.2712710e-01  -1.5850483e-01   1.4147194e-01   1.8003522e-03  -4.4679919e-03  -9.4352863e-03
  -3.0900247e-01  -1.4426618e-01   1.2998616e-01   1.9703106e-03  -4.8002098e-03  -8.8221672e-03
  -3.0508123e-01  -1.5729018e-01   1.3433277e-01   2.6178645e-03  -4.6019235e-03  -9.5639319e-03
  -3.1067897e-01  -1.0375105e-01   1.2316162e-01   2.6167885e-03  -4.3506223e-03  -9.1666122e-03
  -3.0155502e-01  -1.1419281e-01   1.2422462e-01   2.6851159e-03  -4.6449269e-03  -9.6169841e-03
  -3.0701254e-01  -1.0206489e-01   1.3168255e-01   3.3834762e-03  -4.4539487e-03  -9.7238313e-03
  -2.8893013e-01  -1.4067295e-01   9.8710867e-02   2.7708244e-03  -4.7696509e-03  -9.9337131e-03
  -2.6626316e-01  -2.4673966e-02   8.5687575e-02   3.5757660e-03  -2.9116179e-03  -1.0575204e-02
  -2.5360387e-01   3.4216211e-02   1.4648830e-01   4.7843972e-03  -1.8027248e-03  -8.8764325e-03
