   0.0000000e+00   0.0000000e+00   1.7763568e-15   0.0000000e+00   0.0000000e+00   0.0000000e+00
  -3.0355717e-02   6.2140453e-02   2.6483137e-01  -3.7205108e-04  -8.7150344e-04  -1.1875284e-04
  -3.6532565e-02   5.1518016e-03   3.0919550e-01  -9.6852282e-04  -2.0201645e-03  -1.5432402e-04
   9.3748333e-03  -9.1964003e-03   1.2403511e-01  -1.7177463e-03  -1.7146200e-03  -5.9062990e-04
   9.6262699e-03   9.6991533e-03   1.7879074e-01  -1.2661823e-03  -1.9118192e-03  -4.2409293e-04
   1.2175889e-03  -3.4531263e-02   1.5716426e-01  -9.0885638e-04  -1.7227314e-03  -2.5465521e-04
  -5.7859964e-02   4.2345851e-02   3.1596684e-01   6.2305349e-04  -7.5179550e-04  -5.9766247e-04
  -4.1961778e-02   3.4522952e-02   2.2750062e-01  -5.7527994e-04  -9.7609569e-04  -6.6134732e-04
  -5.4080829e-02   5.8263335e-02   2.1298187e-01  -2.9803641e-04  -6.5563677e-04  -3.4429318e-04
  -4.4104959e-02   2.4616951e-02   1.6694836e-01  -8.1465879e-04  -6.7531627e-04  -2.2414868e-04
  -3.6261067e-02   7.4961256e-02   1.9556752e-01  -7.3230148e-04  -5.6212713e-04  -5.9684985e-04
  -4.2993430e-02   4.6748343e-02   1.9275284e-01  -6.3528674e-04  -4.6051446e-04  -9.3015832e-05
  -4.8967789e-02   2.1708067e-03   2.2081253e-01  -4.7295263e-04  -3.6886128e-04  -2.0857873e-04
  -3.7066443e-02   7.0942195e-02   1.5585183e-01  -1.0764394e-03  -1.4146677e-04  -2.4307099e-04
  -5.0451189e-02   3.8587220e-02   1.6026985e-01  -6.6485731e-04   2.0175896e-04   3.4798942e-04
  -3.4461394e-02   2.3664683e-02   1.2491926e-01  -1.0615167e-03   1.9637744e-04   2.8209012e-04
  -3.9677151e-02   5.0567987e-02   1.2911342e-01  -9.6213305e-04   2.7502171e-04   1.6817616e-04
  -3.5686840e-02   4.8503390e-02   8.9415978e-02  -1.2011828e-03   8.3263714e-05   2.9734673e-04
  -2.0001891e-02   3.4393774e-02   1.0816421e-01  -7.4043068e-04   7.1690046e-05   1.2740370e-04
  -3.1348743e-02   4.7523270e-02   7.9997744e-02  -1.3372776e-03   3.6381127e-04   2.4725978e-04
  -2.9622505e-02   7.3357624e-02   9.6214050e-02  -9.4113413e-04   1.5685204e-04   1.5043381e-04
  -3.5789898e-03   5.0163894e-02   8.1002747e-02  -1.2120865e-03  -2.2736974e-04  -1.1606806e-04
  -2.4003694e-02   2.0953929e-02   1.2208563e-01  -8.1910951e-04   1.7688216e-04  -1.0862371e-04
  -1.8665923e-02   8.8204006e-02   8.4803956e-02  -1.3108461e-03  -1.7856475e-04  -7.1556368e-05
  -1.9977813e-02  -1.2828749e-03   1.3221684e-01  -2.6992530e-04   4.3212090e-05   9.0169886e-05
  -4.2958930e-02   2.6417038e-02   2.7640763e-02  -1.8370387e-03   8.1815227e-04   5.8326565e-04
  -3.8752675e-02   6.9453203e-02   9.6836151e-02  -1.0309222e-03   9.3066143e-04   5.6619924e-04
  -3.3865326e-02  -2.5186513e-02  -3.7773044e-02  -3.3850872e-04   1.1401480e-04   1.5328784e-03
  -3.2622819e-02   1.3963432e-01  -3.1591179e-01  -6.7327059e-03   2.9063914e-05   1.4976361e-03
  -7.7799854e-06   1.0743406e-01  -2.3331520e-01  -5.5305804e-03  -6.0982887e-05   5.5952316e-04
  -2.9374310e-03   1.4528177e-01  -1.3832564e-01  -5.5073498e-03   6.8120877e-05  -6.3493447e-05
  -5.4279822e-03   1.5044931e-01  -6.2106069e-02  -5.2932181e-03   3.9538664e-04  -3.7385474e-04
  -1.5966885e-02   1.1416838e-01  -6.0431061e-02  -5.5144682e-03   5.1921732e-04  -2.5810611e-04
  -1.2251819e-02   1.6822847e-01  -4.3403306e-02  -5.5978456e-03   7.4076687e-04  -5.4805745e-04
  -3.4311633e-02   1.3382359e-01  -1.9153107e-02  -5.4841657e-03   1.0094823e-03  -2.3634210e-04
  -3.2067973e-02   1.5496719e-01  -6.2676007e-02  -5.9744607e-03   1.0916070e-03  -1.7555256e-04
  -1.6226368e-02   1.7478104e-01  -7.3089899e-02  -5.6822623e-03   6.9067962e-04  -1.6852638e-04
  -2.7763024e-02   1.1828895e-01  -3.7500136e-02  -5.3632770e-03   6.7916375e-04   1.1074372e-04
  -3.2834541e-02   1.4785446e-01  -4.4632650e-02  -5.5723840e-03   7.4740967e-04  -1.3153396e-04
  -3.3609095e-02   1.5666630e-01  -4.0892292e-02  -5.3279797e-03   8.0420183e-04  -2.2424111e-04
  -2.4878309e-02   1.5014331e-01  -3.3467292e-02  -5.4243356e-03   9.2101515e-04  -5.0704629e-04
  -3.4694937e-02   1.8240925e-01  -4.4801740e-02  -5.4858874e-03   1.1084864e-03  -3.6954111e-04
  -2.9568053e-02   1.3801645e-01  -4.2444731e-02  -5.2053057e-03   9.2831964e-04  -4.0706203e-04
   1.2778015e-02   1.5696061e-01  -9.8477192e-02  -5.6841399e-03   6.4051058e-04  -7.6053099e-04
   1.0490216e-02   1.6267280e-01  -8.7047809e-02  -5.4125238e-03   5.3002123e-04  -7.2553960e-04
   1.4555020e-02   1.5199073e-01  -9.0167188e-02  -5.8803394e-03   4.6773756e-04  -7.2152222e-04
   2.8616029e-02   1.8861017e-01  -8.1333949e-02  -5.6618952e-03   4.3711947e-04  -1.0834584e-03
   1.4314768e-02   1.5708343e-01  -8.0057495e-02  -5.6286329e-03   3.2194700e-04  -7.0461993e-04
   1.7240189e-02   1.5015340e-01  -8.5637486e-02  -5.6440307e-03   3.2066078e-04  -1.0064202e-03
  -8.2154593e-03   1.8751093e-01  -1.3905566e-01  -6.0634396e-03   7.4191854e-04  -3.6486733e-04
  -3.1088473e-02   1.5123259e-01  -5.7385961e-02  -5.5334716e-03   2.3667827e-03  -4.4204932e-04
  -2.4476742e-04   2.2278039e-01  -9.8256515e-02  -7.3760806e-03   1.7039053e-03  -5.8556767e-04
   7.2234384e-03   3.4686755e-01  -2.7715010e-01  -1.1504130e-02   1.6565927e-03   3.7897881e-04
   3.8095708e-02   2.4732545e-01  -2.7898259e-01  -1.1057727e-02   1.4687001e-03  -2.7535028e-04
   1.7713279e-03   2.6026387e-01  -2.5932039e-01  -1.1180870e-02   1.7745897e-03   2.4847524e-04
   1.8442198e-02   2.4609355e-01  -1.5801461e-01  -8.5305920e-03   1.0151617e-03  -4.2591206e-04
   6.4448593e-03   2.0599283e-01  -1.1849001e-01  -8.9675661e-03   1.3215273e-03  -3.8299267e-04
  -3.6265756e-03   2.4888181e-01  -1.1946721e-01  -9.0990051e-03   1.3721233e-03  -5.0308948e-04
   5.1718905e-04   2.5802022e-01  -1.2015798e-01  -8.9650374e-03   1.3286201e-03  -5.3411167e-04
  -5.4134278e-03   2.0041000e-01  -8.2850801e-02  -8.6354911e-03   1.4160922e-03  -3.0708284e-04
   3.8469288e-03   2.4866421e-01  -9.3963878e-02  -8.8988153e-03   1.3596379e-03  -5.3844224e-04
   5.3640303e-03   2.6894894e-01  -1.0608431e-01  -8.6592955e-03   1.2864680e-03  -5.0688530e-04
  -1.1862927e-02   2.2106217e-01  -9.8522666e-02  -8.6067746e-03   1.5053837e-03  -3.7628511e-04
  -5.1762468e-03   2.3161653e-01  -1.0318599e-01  -8.6517312e-03   1.5251999e-03  -5.2624467e-04
  -5.2502839e-03   2.5521688e-01  -1.1594095e-01  -8.6400279e-03   1.4572154e-03  -4.4495132e-04
  -1.2680723e-02   2.1424183e-01  -1.2331685e-01  -8.4457190e-03   1.4480988e-03  -3.2448692e-04
  -7.8829307e-03   2.1760096e-01  -1.1926818e-01  -8.5660475e-03   1.4786444e-03  -4.2532949e-04
  -2.6348640e-03   2.3618036e-01  -1.1640719e-01  -8.4509944e-03   1.5907338e-03  -4.4713790e-04
  -5.4815024e-03   2.3905004e-01  -1.2102479e-01  -8.4257494e-03   1.5848162e-03  -5.4322920e-04
  -4.2267871e-03   2.1553134e-01  -9.9205531e-02  -8.0147133e-03   1.4353396e-03  -4.2565554e-04
  -9.7602001e-03   2.0692611e-01  -9.5124819e-02  -8.1435733e-03   1.5542936e-03  -5.2441323e-04
  -9.4153747e-03   2.6049334e-01  -1.2106446e-01  -8.2679872e-03   1.3917807e-03  -4.6704379e-04
  -1.2041594e-02   2.2244912e-01  -1.0338130e-01  -8.1392613e-03   1.5340345e-03  -3.8821070e-04
  -2.1190179e-02   2.4533872e-01  -1.0784512e-01  -8.1749849e-03   1.4397307e-03  -1.4995901e-04
  -3.8055904e-02   2.3023065e-01  -1.6812391e-01  -8.0032873e-03   1.3375870e-03   5.8457251e-04
  -2.5219110e-02   1.8492007e-01  -1.3323938e-01  -8.1982315e-03   1.3493923e-03   3.4764013e-04
  -2.5279362e-02   2.2821193e-01  -1.6586696e-01  -8.4227119e-03   1.2150701e-03   3.2784488e-04
  -1.6732781e-02   2.0926177e-01  -2.0962031e-01  -8.5497473e-03   1.2936728e-03   5.9929689e-04
  -2.8342772e-02   2.0096922e-01  -1.7351922e-01  -8.8833421e-03   1.6819994e-03   7.9819367e-04
  -1.7202733e-02   2.5211222e-01  -1.7912550e-01  -8.9083798e-03   1.2691010e-03   3.6920266e-04
  -1.8633725e-02   2.3123385e-01  -1.1528717e-01  -8.8381921e-03   1.5402370e-03   1.5226561e-04
  -2.3281763e-02   2.1636899e-01  -1.2041259e-01  -9.1155890e-03   1.5148892e-03   7.6624794e-05
  -3.3152589e-02   2.4608860e-01  -9.2116805e-02  -8.4177509e-03   1.5502216e-03   1.2086903e-04
  -1.8551866e-02   1.8663947e-01  -8.8317437e-02  -7.9785168e-03   1.2831680e-03  -5.9992339e-05
  -3.8611608e-02   2.2982502e-01  -4.7122148e-02  -7.6248721e-03   1.4927763e-03   1.4178250e-04
  -4.0340988e-02   1.9284924e-01  -6.9929713e-02  -7.3212348e-03   1.3221126e-03   2.8901829e-04
  -3.5217177e-02   2.2006993e-01  -6.8825999e-02  -7.6169425e-03   1.4937293e-03   8.6496969e-05
  -3.3346461e-02   2.3572967e-01  -9.2537298e-02  -7.5683322e-03   1.4496987e-03   1.6539482e-04
  -4.5749784e-02   2.0151201e-01  -7.2957147e-02  -7.2221618e-03   1.7143469e-03   2.8693105e-04
  -3.0829717e-02   1.8548279e-01  -1.0325908e-01  -7.4411734e-03   1.5139315e-03   1.0234553e-04
  -4.3934505e-02   2.2934184e-01  -7.1382938e-02  -7.3338717e-03   1.9058222e-03   9.0597934e-05
  -1.1419296e-02   1.6546435e-01  -8.5779770e-02  -6.5016356e-03   1.3527936e-03  -6.5087296e-05
  -3.0149191e-03   1.7103014e-01  -5.6879781e-02  -6.6517372e-03   1.6213650e-03  -3.5263394e-04
   8.8398052e-03   2.0514214e-01  -9.9786718e-02  -6.6209732e-03   1.2206665e-03  -3.6564905e-04
   7.7619288e-03   1.5563302e-01  -3.7868549e-02  -6.0505380e-03   1.4946977e-03  -2.8743284e-04
   1.7116245e-02   1.8471334e-01  -6.8992402e-02  -6.6150430e-03   1.0734714e-03  -3.3490173e-04
  -8.5875511e-03   1.9784286e-01  -4.0373526e-02  -6.0054211e-03   1.6249851e-03  -4.6035416e-04
   1.6928873e-02   1.6117970e-01  -7.0028634e-02  -6.2684555e-03   9.4044777e-04  -2.9639874e-04
  -2.9783067e-02   1.9647967e-01  -2.3648809e-02  -5.8913373e-03   2.4350812e-03  -5.8080176e-04
  -3.4132986e-02   1.9466896e-01  -9.7410730e-02  -6.6565720e-03  -5.1951114e-04   2.2714033e-03
  -2.0022848e-02   5.2742608e-02   1.2755220e-01  -6.2355427e-03  -7.7123547e-03   1.3634132e-02
  -1.3811630e-01   1.2004542e-01  -3.0370616e-01  -8.2212541e-03  -3.0972059e-03   8.9546682e-03
  -4.9903674e-02   5.5753352e-02  -2.7666989e-01  -7.3718747e-03  -2.7133933e-03   5.7257503e-03
  -1.0085234e-01   3.1722613e-02  -1.6379314e-03   1.4836387e-03  -2.0932013e-03   3.5459949e-03
  -8.7043222e-02   4.2527446e-03   6.0168902e-02   3.1035612e-03  -3.3905464e-03   3.7613711e-03
  -8.1140879e-02   1.0148334e-01   1.0320240e-01  -1.2033290e-04  -1.7467906e-03   3.0741020e-03
  -8.8198644e-02   1.2236435e-01   3.1949260e-02  -6.6144577e-04  -1.9559994e-03   3.1368969e-03
  -1.0091430e-01   6.0610917e-02   1.2085853e-01  -2.5947969e-04  -1.4507537e-03   2.7606077e-03
  -1.0514415e-01   7.4855701e-02   8.3055764e-02  -5.9382851e-04  -1.5429008e-03   2.8643037e-03
  -1.1191156e-01   1.0959510e-01   9.5384479e-02  -8.4939257e-04  -1.2307517e-03   2.6711271e-03
  -1.0874490e-01   6.7966431e-02   7.3929006e-02  -7.0805382e-04  -1.4584870e-03   2.6797824e-03
  -1.2703858e-01   7.6774234e-02   7.3865961e-02  -7.0660024e-04  -1.0941776e-03   2.5362959e-03
  -1.1377157e-01   1.1329045e-01   4.8386802e-02  -3.7374787e-04  -1.4479749e-03   2.4101787e-03
  -1.2204604e-01   7.0335263e-02   1.0300152e-01   2.5965899e-05  -1.3587583e-03   2.4886547e-03
  -1.2999551e-01   7.3268025e-02   9.3341608e-02   1.9757235e-04  -1.4476410e-03   2.6858639e-03
  -1.3512046e-01   7.6133282e-02   1.0519232e-01   3.2310015e-04  -1.2915124e-03   2.6078464e-03
  -1.2160204e-01   6.3893751e-02   1.1052330e-01   3.3175460e-04  -1.2071018e-03   2.4330928e-03
  -1.4352247e-01   7.8460539e-02   1.1708442e-01   3.6540886e-04  -7.9945522e-04   2.6808781e-03
  -1.4760968e-01   4.1344241e-02   1.2645732e-01   9.3239177e-04  -9.7393070e-04   2.9446024e-03
  -1.3923370e-01   7.0276108e-02   9.9126673e-02   5.7556958e-04  -7.8306114e-04   2.6292455e-03
  -1.4068816e-01   7.5472452e-02   1.2414721e-01   1.2198177e-03  -9.0775596e-04   2.7947361e-03
  -1.4767548e-01   5.0761290e-02   1.2811041e-01   7.8045281e-04  -8.8726326e-04   2.7603611e-03
  -1.4568357e-01   5.5025520e-02   1.7230026e-01   1.8511514e-03  -8.0848202e-04   2.7656548e-03
  -1.4821200e-01   1.2238537e-02   1.9831258e-01   3.2200303e-03  -2.4255522e-04   2.8805858e-03
  -1.2643913e-01   2.3340962e-02   1.4864794e-01   1.9017527e-03  -4.1415866e-04   2.7449516e-03
  -1.4562376e-01   6.8949590e-02   1.8015844e-01   2.0194599e-03  -6.8993138e-05   2.7192858e-03
  -1.5156292e-01   7.5236698e-02   1.5637737e-01   1.9197407e-03   7.5705201e-05   2.7010442e-03
  -1.3314438e-01   3.7603827e-02   2.3603674e-01   2.2395365e-03   1.5837168e-04   2.3545446e-03
  -1.1540661e-01   1.4333596e-01   1.2078273e-01   1.5265379e-04  -2.3447065e-04   2.3511338e-03
