   0.0000000e+00   0.0000000e+00   0.0000000e+00   0.0000000e+00   0.0000000e+00   0.0000000e+00
   1.4885272e-03   2.6987899e-02  -7.3747978e-03  -5.6115665e-04  -1.9318507e-04   6.5881013e-05
   1.9643034e-03   5.7291954e-02  -4.6936574e-03  -5.8774046e-04   1.9332196e-04   7.6760756e-05
   8.2858788e-03   1.0097811e-01  -2.1967887e-02  -1.3066693e-04  -1.3840514e-04   5.5733346e-05
   1.5314884e-02   3.8797173e-02  -1.8457222e-03  -7.4939355e-04  -1.8541193e-04   1.9401568e-04
   1.8944608e-02   1.1167682e-01  -4.4743754e-02  -4.2067218e-04  -6.8041957e-04   1.9111840e-04
   2.4956514e-02   1.6673403e-02  -8.6153545e-03  -8.0198238e-05  -3.0796254e-04   3.0135922e-04
   1.9127550e-02   8.9810581e-02  -1.2868892e-02  -1.3686550e-05  -2.8506431e-04   3.3252410e-04
  -3.6141307e-03   2.1421243e-02  -2.5890242e-02   1.8415136e-04  -1.9890501e-05   4.6161438e-04
   6.1693869e-04   3.6234996e-02  -1.3604899e-02   5.4152916e-04  -2.3122953e-04   3.2855915e-04
   1.7328607e-02   8.5690283e-02  -1.2604085e-01   4.7305227e-04  -1.2478501e-03   4.1301098e-04
   1.9285779e-02   4.1253477e-02  -7.3056040e-02   2.0706733e-04  -1.5951859e-03   8.2120652e-04
   1.7131543e-02   8.8109552e-02  -9.4771655e-02  -3.9490306e-05  -1.2360074e-03   7.3384155e-04
   4.0334969e-02   6.3769497e-02  -1.5518086e-01  -7.2515347e-04  -2.5776058e-03   7.8196078e-04
   2.9275006e-02   3.5163698e-02  -1.6537579e-01  -6.8079741e-04  -2.0823426e-03   8.0944414e-04
   3.2868645e-02   1.3201072e-01  -1.1380484e-01   1.2385860e-03  -2.0919173e-03   8.8396535e-04
   4.1847938e-02   3.9046934e-03  -1.1888699e-01   7.9686334e-04  -1.8425533e-03   7.7754573e-04
   3.2814629e-02   7.4515012e-02  -1.0740479e-01   9.0212176e-04  -1.3108593e-03   5.7556591e-04
   2.8083514e-02   5.5558130e-02  -1.4574554e-01   8.0457589e-05  -1.6121826e-03   7.2943198e-04
   3.0044334e-02   2.3274264e-02  -1.4589875e-01   7.4077345e-04  -1.6629747e-03   3.2325895e-04
   2.7252552e-02   8.5996804e-02  -2.2206265e-01  -1.0770501e-04  -2.0906395e-03   4.5634451e-04
   3.8802215e-02   1.1829634e-02  -1.4284860e-01   3.0659084e-04  -2.8012493e-03   9.0877162e-04
   3.6697495e-02   5.4238547e-02  -1.9201680e-01   4.4511883e-04  -2.0782903e-03   8.4122212e-04
   2.4370482e-02   7.2232725e-02  -1.5246142e-01   6.4957017e-04  -2.3936193e-03   7.8630230e-04
   2.7975068e-02   5.3481465e-02  -8.7977849e-02   3.8628398e-04  -2.1030831e-03   7.7058567e-04
   2.7165347e-02   9.1956078e-02  -1.5337088e-01   6.1704347e-04  -1.7730046e-03   6.9518989e-04
   2.7809699e-02   5.4437305e-02  -1.0583739e-01   4.3770479e-04  -1.7587572e-03   8.1019343e-04
   3.5916859e-02   7.0368724e-02  -1.8197537e-01   1.7921994e-04  -2.4800903e-03   7.1925046e-04
   3.5337360e-02   3.7188047e-02  -1.8682756e-01  -8.8178237e-05  -3.0264657e-03   9.3397474e-04
   3.8359520e-02   6.8850604e-02  -1.8761231e-01   2.7930882e-04  -2.7691235e-03   6.7262518e-04
   3.3600726e-02   6.6706472e-02  -2.2479100e-01  -1.5002813e-04  -3.4241823e-03   8.1952353e-04
   4.4294633e-02   9.1102541e-02  -1.6784491e-01  -1.1065259e-03  -2.5408995e-03   7.7270609e-04
   4.1529639e-02   1.2227120e-01  -1.8559657e-01  -8.9350016e-04  -2.7227818e-03   7.3765035e-04
   3.5273529e-02   5.3554588e-04  -1.9973465e-01   5.4635984e-04  -3.0274216e-03   1.0152394e-03
   5.0919885e-02   1.0863288e-01  -6.4577942e-03   7.2678185e-04  -3.5415289e-03   1.7062055e-03
   4.0097212e-02   7.5519548e-02   5.7338083e-02   6.9945190e-04  -2.5220770e-03   1.0759635e-03
   3.4298997e-02   1.2428366e-01  -1.7864431e-02   1.0499145e-03  -2.6709362e-03   1.2022862e-03
   3.2180564e-02   4.6617550e-02   4.6012195e-02   3.5359653e-04  -2.1729682e-03   1.1258402e-03
   4.8657378e-02   6.5617738e-02  -2.0310753e-02   1.3212688e-03  -2.6126337e-03   1.0910990e-03
   3.4504258e-02   3.9395072e-02  -2.1764642e-02   6.4627736e-04  -2.4423818e-03   1.2275521e-03
   3.6804333e-02   6.3302073e-02  -4.3642851e-02   1.0064924e-03  -2.5848469e-03   1.0971411e-03
   3.1721151e-02   8.5962724e-02  -8.5039513e-02   6.8310329e-04  -2.4685204e-03   1.2558531e-03
   5.4400311e-02   4.4012548e-02  -3.2865803e-02   8.7790259e-04  -2.7688453e-03   1.1298620e-03
   4.7234211e-02   1.0709922e-01  -8.0094699e-02   6.5454710e-04  -2.6554773e-03   1.2242566e-03
   6.3322210e-02   1.8011666e-02  -4.6860828e-02   5.5744884e-04  -2.7492813e-03   1.2848788e-03
   5.4344492e-02   8.7832025e-02  -1.0809989e-01   6.5027734e-04  -3.0005948e-03   1.1619183e-03
   5.8498454e-02   3.2868216e-02  -1.0329196e-01   3.0368016e-04  -3.5913306e-03   1.3809902e-03
   7.1900672e-02   7.2954162e-02  -9.3096161e-02   3.5815767e-04  -3.5081749e-03   1.4413438e-03
   7.7590505e-02   7.9765896e-02  -1.4900772e-01   2.3376407e-04  -3.8624670e-03   1.6334291e-03
   8.3884308e-02   4.9077139e-02  -8.6738603e-02   7.0735242e-04  -3.5620703e-03   1.5806042e-03
   6.4949631e-02   1.1138937e-01  -1.0965560e-01   8.6656343e-04  -3.2630192e-03   1.3856471e-03
   4.6541296e-02   6.2025094e-02  -1.3531769e-01  -7.7615753e-05  -2.7529953e-03   1.2258465e-03
   4.6181285e-02   7.6601817e-02  -1.6677955e-01   5.9479620e-04  -2.5207903e-03   1.0206463e-03
   6.0668138e-02  -2.3306746e-03  -4.6935597e-02   2.8679288e-03  -2.3771927e-03   8.0061361e-04
   6.1898320e-02   1.4404285e-01  -6.7929674e-02   1.9244584e-03  -1.9537112e-03   3.1307950e-04
   6.5082536e-02   8.7934748e-02  -1.8463821e-01   9.2267321e-04  -2.8610029e-03   8.7466271e-04
   7.1759974e-02   7.3114630e-02  -6.9494434e-02   1.1856602e-03  -2.5210381e-03   8.9145211e-04
   4.7886948e-02   7.6440809e-02  -4.6917952e-02   2.5611413e-03  -2.4647618e-03   1.1027287e-03
   4.4170338e-02   7.8867420e-03  -5.5596909e-02   2.5648211e-03  -2.5547522e-03   1.1446433e-03
   4.1925984e-02   1.0616413e-01  -4.4406791e-02   1.8950914e-03  -2.5124837e-03   9.5599162e-04
   5.0940110e-02   1.0827850e-01  -1.1014311e-01   9.3776195e-04  -2.6397456e-03   1.1310453e-03
   6.4315858e-02   9.8055841e-02  -6.9310587e-02   9.5338883e-04  -3.1943087e-03   1.1571578e-03
   6.9618237e-02   1.2514518e-01  -1.0206112e-01   8.7908632e-04  -3.5231124e-03   1.1597103e-03
   6.7409298e-02   9.2811360e-02  -1.2391282e-01   5.0642998e-04  -3.5067925e-03   1.4408603e-03
   6.8471479e-02   7.9442315e-02  -1.2358440e-01   6.4728982e-04  -3.4136051e-03   1.3923997e-03
   7.6265313e-02   1.1583065e-01  -1.4439809e-01   2.9057935e-04  -3.5783289e-03   1.3286008e-03
   7.3840976e-02   5.3755920e-02  -8.2410001e-02   3.6811922e-04  -3.0444182e-03   1.3202650e-03
   9.5679209e-02   8.8540505e-02  -1.6341725e-01   4.6031409e-04  -4.2783055e-03   1.5499805e-03
   9.7738913e-02   8.0595670e-02  -1.6282671e-01   2.1491044e-04  -4.7585421e-03   1.7184852e-03
   1.0649495e-01   6.3464613e-02  -1.6164511e-01   9.3288374e-04  -4.9860221e-03   1.6486236e-03
   1.0720818e-01   1.1362753e-01  -1.8272694e-01   3.6025079e-05  -5.3930094e-03   1.7225661e-03
   1.3189040e-01   6.3953566e-02  -2.0285343e-01   8.3668903e-04  -7.2871026e-03   1.8600680e-03
   1.3202421e-01   1.1259212e-01  -2.5334104e-01  -6.2603285e-04  -7.3873022e-03   1.7522568e-03
   1.3251631e-01   1.0926405e-01  -2.2305954e-01  -7.6792598e-04  -6.6167596e-03   1.6355111e-03
   1.2308537e-01   1.5944411e-01  -2.3570553e-01  -9.7035519e-04  -6.1506767e-03   1.7925599e-03
   1.2059911e-01   1.0554591e-01  -1.9280996e-01  -7.2929535e-04  -5.7454913e-03   1.7346208e-03
   1.2011388e-01   1.3936455e-01  -2.3856174e-01  -4.6244490e-04  -5.6918061e-03   1.7177211e-03
   1.2903101e-01   5.3775868e-02  -2.3514393e-01  -6.1816509e-04  -5.5160914e-03   1.7734418e-03
   1.3642579e-01   1.1513376e-01  -2.7155139e-01  -8.9397719e-04  -5.7285602e-03   1.6971724e-03
   1.3674958e-01   4.4233750e-02  -2.6612980e-01  -3.1977407e-04  -6.1897228e-03   1.8389711e-03
   1.3606712e-01   9.0237406e-02  -2.6829134e-01   1.0755269e-05  -5.7283548e-03   1.5804366e-03
   1.2868076e-01   8.2835877e-02  -3.3461020e-01  -3.1201324e-04  -5.6332294e-03   1.7215283e-03
   1.3518422e-01   7.2223746e-02  -2.6865852e-01  -1.9605987e-04  -5.6815565e-03   1.6054223e-03
   1.3489606e-01   1.1481102e-01  -3.3059364e-01  -7.7434392e-05  -6.0437517e-03   1.5907605e-03
   1.2823620e-01   5.7023239e-02  -2.9753166e-01  -2.9084402e-04  -5.9855177e-03   1.7031202e-03
   1.3313178e-01   1.0647331e-01  -3.3256237e-01  -3.4166053e-07  -6.5705471e-03   1.7924394e-03
   1.2181523e-01   1.2945908e-01  -3.4162251e-01  -4.1630191e-04  -6.6025112e-03   1.6876467e-03
   1.2107960e-01   8.0416948e-02  -3.0656198e-01   2.8467430e-05  -6.8997746e-03   1.7952684e-03
   1.2079043e-01   1.4441714e-01  -3.3472025e-01  -3.5280349e-04  -7.0284217e-03   1.7739370e-03
   1.2462808e-01   7.3650878e-02  -3.1153876e-01  -3.7154166e-05  -6.3489867e-03   1.6182953e-03
   1.1648158e-01   1.4198939e-01  -3.0678914e-01  -4.4111676e-04  -6.0277890e-03   1.5929732e-03
   1.2313775e-01  -8.9628864e-04  -3.2988494e-01   1.2857874e-03  -6.4058366e-03   1.6612243e-03
   1.2474705e-01   1.2933102e-01  -2.1650282e-01   7.1274269e-04  -5.9662996e-03   1.9454894e-03
   1.0641501e-01   8.2803550e-02  -1.3992738e-01   8.4061167e-04  -4.9818061e-03   1.3501097e-03
   1.1189290e-01   1.3751647e-01  -2.4315499e-01   9.7186593e-04  -5.5161874e-03   1.5223244e-03
   1.1093260e-01   6.5122029e-02  -2.1150151e-01   6.1039447e-04  -5.2351270e-03   1.4682410e-03
   1.2257499e-01   1.0871372e-01  -2.6187466e-01   1.3151868e-03  -5.8489485e-03   1.5557312e-03
   1.2373475e-01   6.6426768e-02  -2.4808353e-01   4.7765603e-04  -5.9494809e-03   1.6876083e-03
   1.2807986e-01   1.0215284e-01  -2.5357655e-01   1.0724947e-03  -5.7778141e-03   1.3736884e-03
   1.1743602e-01   1.4161794e-01  -2.7729590e-01   4.8326961e-04  -5.6720663e-03   1.4434526e-03
   1.1617433e-01   1.1812562e-01  -2.4998799e-01   1.5397926e-04  -5.3102739e-03   1.0355877e-03
   1.2600509e-01   1.8464963e-01  -3.4817846e-01  -5.6358889e-04  -5.6680435e-03   1.1550017e-03
   1.2730202e-01   7.4426109e-02  -3.2706623e-01  -5.7937316e-05  -5.9353433e-03   1.2463370e-03
   1.3234289e-01   1.7254866e-01  -3.5788812e-01  -5.2745856e-04  -6.4077953e-03   1.3657158e-03
   1.4278621e-01   7.1141249e-02  -3.0741810e-01   9.5865331e-05  -6.7211053e-03   1.3733860e-03
   1.2837379e-01   1.6231896e-01  -3.0995997e-01  -2.7015255e-04  -6.2350918e-03   1.4301197e-03
   1.3155559e-01   5.2440248e-02  -2.9193270e-01   3.7280026e-04  -6.4469121e-03   1.5185809e-03
   1.3486908e-01   1.3839492e-01  -3.0700104e-01   1.0525691e-04  -6.2404985e-03   1.4388998e-03
   1.3639949e-01   5.9065639e-02  -2.8460600e-01   1.9223876e-04  -6.4381044e-03   1.6051018e-03
   1.3956752e-01   1.2695818e-01  -2.5554378e-01   3.7895573e-04  -6.5118713e-03   1.4341516e-03
   1.2759269e-01   1.0350829e-01  -2.7092063e-01   3.9030719e-04  -6.6575077e-03   1.6168786e-03
   1.1530392e-01   9.9296807e-02  -2.6539492e-01   5.5563617e-04  -6.1899092e-03   1.3157271e-03
   1.2106796e-01   1.3866324e-01  -2.8960992e-01   6.2405888e-04  -6.5736871e-03   1.3748672e-03
   1.1975307e-01   8.0124399e-02  -2.7725552e-01   4.9961635e-05  -6.9070845e-03   1.5253838e-03
   1.3678718e-01   1.2502220e-01  -2.7507689e-01   5.6758241e-04  -7.4218914e-03   1.6299090e-03
   1.1743556e-01   6.8516951e-02  -2.6227849e-01   2.4134634e-04  -6.7275457e-03   1.6347845e-03
   1.0887087e-01   1.0128549e-01  -2.7261968e-01   5.3484200e-04  -6.5482417e-03   1.4183435e-03
   1.1249385e-01   1.1120919e-01  -3.2728164e-01   2.4029243e-04  -6.6248315e-03   1.4851656e-03
   1.2372020e-01   8.0286486e-02  -2.9352917e-01   2.1199590e-04  -6.8012379e-03   1.4437756e-03
   1.4008945e-01   1.2629135e-01  -3.3004829e-01   5.0774277e-04  -7.1261953e-03   1.3378063e-03
   1.4732969e-01   7.0828235e-02  -3.1832903e-01   2.4334034e-04  -7.7284447e-03   1.5614295e-03
   1.5599821e-01   8.9944978e-02  -3.2481385e-01   1.8467579e-04  -7.8913841e-03   1.5213027e-03
   1.4734561e-01   1.1457322e-01  -3.9015666e-01  -6.9221259e-05  -8.3869256e-03   1.5257055e-03
   1.4165059e-01   8.6931887e-02  -3.3347410e-01   1.3648103e-04  -8.2299303e-03   1.3790568e-03
   1.4652188e-01   1.4327236e-01  -3.9404436e-01   8.0060838e-05  -8.7703602e-03   1.3199585e-03
   1.4436858e-01   7.3004967e-02  -3.9584694e-01  -4.1539727e-04  -9.3994950e-03   1.3736825e-03
   1.5494286e-01   1.1777754e-01  -4.2865246e-01  -4.5181413e-04  -9.4656054e-03   1.2863097e-03
   1.6511231e-01   9.9375312e-02  -4.5585663e-01  -1.1350886e-03  -9.7915723e-03   1.3494970e-03
   1.6444598e-01   8.2818103e-02  -4.5712905e-01  -4.6740700e-04  -9.8398936e-03   1.2164809e-03
