   0.0000000e+00   0.0000000e+00  -1.4210855e-14  -2.7755576e-17   3.4694470e-18   9.6296497e-35
   1.3089296e-02   2.7052291e-02   3.3952546e-02   5.4625633e-05   2.1520106e-05  -2.3346457e-04
  -3.8812275e-02   1.4804658e-02   1.0936010e-01   1.8485323e-03   8.9613912e-05   4.4079465e-05
  -1.1178297e-02   4.2623061e-02   1.5970634e-01   2.2080278e-03   4.2621930e-04  -4.8169759e-06
  -5.4026381e-02   3.1197612e-02   5.9704840e-02   1.3426854e-03  -7.3258847e-05  -3.7772792e-05
  -3.4132747e-02   5.6221808e-02   4.1800595e-02   1.2968408e-03   1.8522555e-04  -9.4832447e-05
  -1.6231217e-02   7.2962399e-03   1.0752383e-01   6.6217573e-04  -2.2673297e-05   4.0196852e-05
  -1.5635447e-02   1.2193382e-03   2.8990182e-02  -5.2101164e-05  -1.3280142e-04   2.6708395e-04
  -1.7023757e-02   2.9969156e-02   3.1788510e-02   2.8074486e-04  -6.2568482e-05   2.7997300e-04
  -7.0104265e-03   5.0608615e-02   1.3420116e-01   1.5061038e-03   2.6237161e-04  -2.6705528e-05
  -1.8213727e-02   2.0735119e-02   7.1689427e-02   3.9354449e-04  -3.0949134e-04  -2.8604879e-05
   4.7367509e-03   4.6464503e-02   6.1235546e-02   3.4984261e-04   2.2941876e-07  -3.9754819e-04
   1.2330000e-03   5.4728734e-02   6.4930218e-02   6.6297161e-04  -2.8616733e-04  -3.4518507e-04
  -5.9475220e-03   5.9117369e-02   4.8778875e-02   9.8569831e-04  -1.6579580e-04  -3.2556169e-04
  -1.7555893e-02   7.1741615e-02   5.4927797e-02   1.0080735e-03  -6.2662363e-05  -3.9692176e-04
  -9.6473112e-03   6.8652414e-02   9.4277413e-02   1.5870931e-03   2.6541842e-05  -5.5291644e-04
  -3.2161464e-02   6.0927584e-02   8.0878582e-02   1.6814565e-03  -3.1266322e-04  -2.5395580e-04
  -3.1580503e-02   7.0231835e-02   2.5909986e-02   1.2972621e-03  -6.6279353e-05  -2.5070006e-04
  -4.2274897e-02   8.1229232e-02   1.2520903e-01   2.2238564e-03  -1.7783127e-04  -2.7852903e-04
  -4.1574433e-02   5.8248771e-02   1.2838805e-01   1.7335587e-03  -5.4202065e-04  -3.9151279e-04
  -3.6096759e-02   5.7318622e-02   8.8126618e-02   1.2503616e-03  -3.2389613e-04  -3.7879372e-04
  -2.8371081e-02   3.6061724e-02   1.1293648e-01   1.9653570e-03  -1.0036316e-04  -6.1257013e-04
  -1.1831700e-01   6.1686909e-02   7.2207370e-02   1.8617633e-03  -5.4883570e-04  -4.5270215e-04
  -5.0673241e-02   7.0634408e-02   7.3484028e-02   1.1205571e-03  -3.1983457e-04  -5.5767462e-04
  -1.0495898e-02   4.7433719e-02   7.3339225e-02   5.4585649e-04  -3.3108077e-04  -5.2900637e-04
  -2.1191036e-02   4.6997302e-02   1.0812239e-01   9.0234389e-04   1.4596717e-05  -4.4052728e-04
  -1.9726260e-02   4.6950904e-02   5.2404323e-02   4.0932794e-04  -1.6633530e-04  -1.0539074e-04
  -4.7823313e-02   6.1958861e-02   1.6837723e-02   8.6294142e-04  -4.6598729e-04   3.9693460e-04
  -3.6342406e-02   7.5242085e-02   9.6212278e-02   1.7417748e-03  -6.2216580e-05   3.4499108e-04
  -5.8768710e-02   5.6433493e-02   4.9371630e-02   1.5563320e-03  -3.4261911e-04   5.1786846e-04
  -6.4984842e-02   4.1426048e-02  -8.9046782e-03   6.0500893e-04  -1.8989564e-04   8.2150458e-04
  -2.4752343e-02   4.2076420e-02   9.9158904e-02   1.3863631e-03  -1.3080516e-04   2.3476719e-04
  -1.7624110e-02   3.3188627e-02   1.1989571e-01   9.1619215e-04  -2.1455894e-04   1.5265263e-04
  -3.9929059e-02   4.9939744e-02   7.6562086e-02   1.1434023e-03  -7.3183692e-05   1.7769570e-04
  -5.0880113e-02   5.6839938e-02   8.9102634e-02   1.4170527e-03  -2.7200558e-04   6.7215005e-04
  -3.4312881e-02   6.4117781e-02   1.4676417e-01   1.3300402e-03  -2.5101409e-04   4.1699585e-04
  -3.2536476e-02   4.2221363e-02   1.0920982e-01   9.6249340e-04  -3.4105290e-04   2.8587704e-04
  -1.4295519e-02   5.1513560e-02   1.3876128e-01   1.0236795e-03  -3.0189729e-04   8.3447888e-05
  -1.1206433e-02   4.2653195e-02   1.4891535e-01   1.3578510e-03  -3.9789563e-04   8.7401114e-05
  -3.8617149e-02   3.6897040e-02   9.6543266e-02   1.1500858e-03  -4.1047048e-04   2.4331336e-04
  -4.1580177e-02   4.9302249e-02   7.8765675e-02   7.9963656e-04  -4.5508667e-04   4.1914919e-04
  -5.8209964e-02   3.8689512e-02   8.8095178e-02   1.0355399e-03  -3.6988986e-04   3.4550908e-04
  -8.6326219e-02   7.5408934e-02   9.7133873e-02   1.7048962e-03   1.5607282e-04  -2.5278713e-04
  -5.3637944e-02   4.6241454e-02   3.4085728e-02   8.8675352e-05  -8.5709046e-05   1.5999884e-04
  -3.1589839e-02   7.7966966e-02   4.6147563e-02   3.2054090e-05   1.4938499e-05   1.3841304e-04
  -3.9970908e-02   7.1279218e-02   5.8535762e-02   7.1425295e-04  -3.8322793e-04   4.7951296e-04
  -3.6064509e-02   7.4243643e-02   8.9713269e-02   8.8260283e-04  -1.9431910e-04   3.7469268e-04
  -4.6248950e-02   6.7346584e-02   9.3585014e-02   1.1456304e-03  -2.5547700e-04   3.3216262e-04
  -4.6450562e-02   7.6254577e-02   7.3950582e-02   1.0773096e-03  -9.1983696e-05   2.1396832e-04
  -4.0581462e-02   5.8706621e-02   1.6059977e-01   2.0722553e-03   1.3897471e-04   4.9732996e-05
  -3.2513951e-02   7.0497697e-02   1.6917223e-01   1.6538946e-03  -1.6531395e-04   3.1812557e-04
  -1.3890154e-03   6.6515793e-02   7.7186152e-02   8.7856671e-04  -1.1488238e-04  -1.8392591e-04
  -2.1554368e-02   6.9278209e-02   1.0119364e-01   1.3162465e-03   2.4508307e-04  -5.7663303e-04
  -3.7308191e-02   7.5463313e-02   7.0415445e-02   8.0257076e-04  -2.0308573e-04   4.9398282e-04
  -3.6333226e-02   3.5031262e-02   3.5932919e-02   5.9060643e-04  -2.8392113e-04   4.0365529e-04
  -5.6058655e-02   5.4972350e-02   7.6923273e-02   6.3554430e-04  -1.0828921e-04   3.0645705e-04
  -6.6041848e-02   6.6973509e-02   1.0091070e-01   8.2816340e-04   1.8557572e-05   2.7669234e-04
  -4.2936219e-02   4.2116631e-02   1.2415664e-01   8.3340696e-04   1.9937494e-04  -3.8761397e-05
  -3.8600413e-02   4.3121412e-02   1.6359002e-01   1.0449150e-03   5.7805968e-05   1.6486533e-04
  -4.1810703e-02   5.3379057e-02   1.5241631e-01   1.3352008e-03   1.7980502e-04   2.5068609e-04
  -5.6546280e-02   6.6460081e-02   1.6799861e-01   1.0532437e-03  -1.8353550e-05   4.0899230e-04
  -5.1926695e-02   4.9249296e-02   2.0549622e-01   1.8103718e-03   1.9662559e-04  -1.5196549e-04
  -3.8598639e-02   4.1892470e-02   1.4908105e-01   6.7563809e-04  -2.8252510e-05   8.0134950e-05
  -3.4493718e-02   5.9049567e-02   1.5144135e-01   1.1768880e-03   2.5950715e-04   1.2468825e-04
  -3.9681913e-02   5.1120791e-02   1.6719856e-01   1.4449549e-03   2.7662067e-04  -2.0106252e-04
  -4.5674732e-02   5.8329759e-02   1.6507618e-01   8.9723829e-04  -1.1083934e-04   2.3966511e-04
  -5.7227875e-02   6.8884743e-02   1.3241432e-01   1.1859052e-03  -2.8878415e-05   3.0378803e-04
  -5.1357225e-02   5.6349180e-02   1.9497190e-01   1.5410193e-03   9.3347450e-06   2.3598433e-04
  -5.4469893e-02   7.1415211e-02   2.0670414e-01   1.5198172e-03  -3.8408718e-05  -3.9513322e-05
  -4.6399765e-02   5.5114400e-02   1.3809021e-01   3.9788201e-04   1.7895088e-04   2.3204641e-04
  -2.0433284e-02   4.6808774e-02   1.8543197e-01   9.8260553e-04   3.5785235e-05   2.7963566e-04
  -2.8671712e-02   4.0363292e-02   1.2764078e-01   2.0973590e-04   2.3524867e-04   2.7479614e-04
  -5.1639811e-02   7.0605245e-02   7.4971999e-02   6.8394619e-04  -9.0139687e-05   7.3116829e-04
  -6.7070030e-02   8.4374118e-02   1.6124344e-01   1.8672931e-03   2.9826803e-05   7.4288778e-04
  -6.2352776e-02   1.0034224e-01   2.6942757e-01   2.4510905e-03   4.2534890e-04   3.2764622e-04
  -5.9445554e-02   6.2371745e-02   1.0058096e-01   1.2323917e-03   1.4550563e-04   2.9245732e-04
  -4.9867324e-02   7.5854603e-02   9.2030549e-02   1.2112366e-03  -2.4236418e-04   4.1132978e-04
  -4.0537900e-02   5.4384384e-02   1.4166882e-01   9.6724016e-04   9.5293869e-06   5.0224018e-05
  -3.3261840e-02   6.4242916e-02   1.2122004e-01   2.7913534e-04   3.0115373e-04  -2.2604956e-04
  -4.4430520e-02   6.3154790e-02   1.4039020e-01   1.0142387e-03   7.5651912e-06   1.4942516e-04
  -3.4143626e-02   6.0093801e-02   1.9034349e-01   1.6604605e-03   1.3952364e-04   1.9465091e-04
  -7.3022522e-02   8.4645935e-02   1.3429877e-01   1.0185404e-03   1.6493510e-04   2.5729615e-04
  -4.7746499e-02   8.9221812e-02   1.7258119e-01   1.5129590e-03   5.4072440e-04  -1.3372852e-04
  -2.4742613e-02   5.3280873e-02   2.8627185e-01   1.3727211e-03  -1.8795893e-05   8.2654271e-05
  -6.7304817e-02   3.4056103e-02   1.2176575e-01   1.2425492e-03   2.0910485e-04   2.9411726e-04
  -4.6241007e-02   5.4571450e-02   1.6320417e-01   1.3024022e-03   2.7785089e-04   1.3535833e-04
  -2.1838370e-02   4.8339542e-02   2.6317651e-01   1.0575406e-03  -1.2914545e-04  -2.5855145e-07
  -2.1196962e-02   3.4719132e-02   1.8753232e-01   6.9384136e-04  -4.7817360e-05   6.4478789e-05
  -3.6129864e-02   5.2022729e-02   1.1109569e-01   3.7785043e-04  -1.1197760e-04   3.6906469e-04
  -4.3415229e-02   7.1023269e-02   1.8619734e-01   1.7630948e-03   5.8850400e-05   1.9602617e-04
  -1.0029282e-01   6.9472658e-02   1.6896438e-01   1.2538476e-03  -2.1880558e-04   3.0141824e-04
  -5.3027681e-02   6.9728677e-02   2.3555082e-01   1.4362105e-03  -2.0080026e-04  -3.4427914e-04
  -3.4637213e-02   4.0039012e-02   2.3039313e-01   6.7273721e-04  -1.4860642e-04   4.3086001e-06
  -2.3872659e-02   3.2349394e-02   2.6376367e-01   1.7712406e-03  -9.8837140e-05  -1.7621503e-05
  -3.8931220e-02   5.8155348e-02   1.7764873e-01   1.2219932e-03   1.2032035e-05   2.7558743e-04
  -5.4517748e-02   9.5000259e-02   1.4617394e-01   1.2433071e-03   1.7080512e-04   6.0469995e-05
  -8.1440275e-02   6.7206651e-02   2.5430297e-01   1.9528732e-03   5.9258805e-05   1.0913933e-04
  -4.8727896e-02   6.6995258e-02   2.3654013e-01   1.3914900e-03   5.9756688e-05   7.7249548e-05
  -4.9184117e-02   6.8348326e-02   2.3644252e-01   1.6876574e-03  -1.5663176e-04   2.7374234e-04
  -7.0811939e-02   8.0156522e-02   2.4708138e-01   2.3590380e-03   4.3943874e-04   3.8522376e-04
  -6.8429684e-02   7.9065127e-02   1.3437172e-01   8.5528031e-04  -2.8864266e-05   6.5006244e-05
  -7.8529513e-02   9.3317437e-02   8.2945531e-02   7.3180448e-04   5.3667298e-05  -6.7067038e-05
  -2.9756991e-02   8.2395257e-02   2.4556980e-01   1.4226927e-03   4.1619868e-04  -2.0026380e-05
  -5.6447757e-02   7.9635435e-02   1.5090488e-01   1.4208846e-03   7.6512833e-04  -3.6475087e-05
  -1.0090642e-01   7.8588637e-02   1.7286133e-01   2.1036573e-03   1.4301268e-03  -4.2374480e-04
  -6.7224196e-02   4.4508873e-02   1.2362767e-01  -6.8254254e-05   1.3193361e-04   2.7828979e-04
  -7.9262817e-02   3.3523791e-02   5.5868626e-02  -6.6878932e-05   5.5798052e-04   5.3328962e-04
  -9.2848987e-02   8.0359778e-02   1.0873897e-01   3.3236124e-04   3.5788756e-04   7.3480772e-04
  -8.5455519e-02   1.3024872e-01   1.7797466e-01   1.4084716e-03   5.5720864e-04   5.1346651e-04
  -8.2852752e-02   1.2139199e-01   1.8004924e-01   1.4690447e-03   3.0537803e-04   4.4883186e-04
  -9.1051545e-02   8.2182172e-02   1.9671816e-01   1.4730822e-03   1.6474511e-04   5.4754120e-04
  -7.9045560e-02   7.0912297e-02   2.9649142e-01   2.0025864e-03   4.5671500e-04   2.0584552e-04
  -7.9188636e-02   4.8009865e-02   2.4682858e-01   1.2812480e-03   2.3099817e-04   3.9685993e-04
  -7.6130101e-02   5.9484643e-02   2.4986581e-01   1.5002679e-03   4.7662621e-04   2.5785091e-04
  -6.1455814e-02   1.2871107e-02   2.5114453e-01   1.8929517e-03   5.9691714e-04  -1.6705303e-04
  -5.3474242e-02   4.8593421e-02   2.5617475e-01   9.3308680e-04   5.1002276e-04   1.5336798e-04
  -5.6789022e-02   5.7889537e-02   2.0057866e-01   1.6940778e-03   5.8773926e-04   1.3036963e-04
  -8.0688469e-02   7.3116620e-02   1.6232825e-01   1.4377055e-03   4.0286713e-04   2.5844842e-04
  -8.8283585e-02   8.6153308e-02   2.7882298e-01   2.3844722e-03   3.6108658e-04   2.8667248e-04
  -1.0736919e-01   8.8261819e-02   1.4800043e-01   1.3442537e-03   6.7245849e-04   8.0083229e-05
  -9.8242478e-02   8.1851975e-02   1.9992090e-01   1.2325566e-03   5.2348654e-04  -3.6339206e-04
  -8.1672972e-02   6.8483025e-02   2.2212542e-01   8.1836203e-04   4.5302168e-04   1.4266023e-04
  -5.8425306e-02   5.5759806e-02   2.6288995e-01   1.5427692e-03   5.9662077e-04  -6.8799795e-06
  -1.3586006e-01   1.0090636e-01   4.9237154e-02   8.9365795e-04   9.2448730e-04   9.1968033e-05
  -1.4230748e-01   1.3458988e-01  -2.4508425e-02   4.9093919e-04   1.3613530e-03  -9.3565067e-05
  -9.9438397e-02   1.3514071e-01   1.6871566e-01   1.5800748e-03   8.6263917e-04   2.6444540e-04
  -9.8052756e-02   1.1870296e-01   9.7282965e-02   9.7942073e-04   1.4215925e-03  -8.4906264e-04
  -1.2222623e-01   1.1586658e-01   1.8299452e-01   9.5053400e-04   1.8919586e-03  -1.7847592e-04
  -1.2057576e-01   6.8834574e-02   1.9671061e-01   9.3714101e-04   1.2017459e-03   4.7242290e-04
