   0.0000000e+00  -7.1054274e-15   0.0000000e+00  -1.3877788e-17   2.1684043e-19  -5.4210109e-20
  -3.5074620e-02   6.7063845e-02   1.2149336e-01  -1.1492975e-03   2.4193163e-04   3.2260201e-04
   6.7420269e-03  -1.8983026e-02   1.3857263e-01  -1.0309879e-03  -1.0569044e-04   2.7137004e-04
  -3.2630756e-02   4.2511262e-02   4.9979220e-02  -2.9314248e-04   6.8939101e-05   2.5364539e-04
  -1.7100758e-02  -3.3754012e-02   4.3473705e-03  -7.8020123e-05  -7.3018980e-05   5.2410674e-05
  -1.1824474e-02   9.8305414e-02   1.3538000e-01  -9.2870763e-04   2.2251148e-04   5.5753917e-04
  -3.0403880e-02  -6.4284507e-02   1.3808763e-01  -2.0923721e-04   5.8348520e-04   1.4893849e-04
  -4.7627496e-02   1.3919720e-02   1.5810299e-01  -3.5217217e-04   3.0012845e-04   1.7329229e-04
  -5.3145946e-02  -1.7947107e-02   2.2985694e-01   4.1480827e-04   3.1195849e-04   3.0164526e-04
  -4.9307927e-02   7.3210282e-02   2.5931210e-01  -1.3234992e-04  -6.2339368e-05   5.5742769e-04
  -4.7720151e-02  -2.5107505e-02   3.8901428e-01  -5.0732549e-04   4.0266506e-06   5.3977654e-04
  -1.0156354e-01   1.6472763e-01   3.6592497e-01  -2.4539640e-03   8.7196085e-04   1.4280999e-03
  -1.5411134e-01   1.1613516e-03   3.0112518e-01   1.1244442e-03   2.6676294e-04   1.7387658e-03
  -1.4103020e-01  -7.9926927e-02   3.7395927e-01   1.5546245e-03  -6.0484732e-04   1.7456364e-03
  -1.2949401e-01   1.3193399e-02   4.2129565e-01   4.3877939e-04  -8.3141462e-04   1.5684729e-03
  -1.3232955e-01  -2.7058239e-02   4.8810040e-01   4.6242342e-04  -2.7605542e-04   2.6331257e-03
  -1.5986355e-01   7.5123718e-02   4.7870682e-01  -7.5891048e-04   2.6503508e-05   2.9641765e-03
  -1.2204224e-01  -3.3231370e-02   4.7364203e-01  -4.3158947e-04  -5.0848447e-04   1.5572090e-03
  -1.0172965e-01   3.1375394e-03   4.8689645e-01  -6.5310949e-04  -7.0784733e-04   1.5216042e-03
  -9.8967032e-02  -2.6407900e-02   5.5468637e-01  -7.0384829e-04  -8.3287625e-04   1.6849577e-03
  -9.0187075e-02   5.1268042e-03   5.4139402e-01  -1.2845953e-03  -1.1218116e-03   1.7847863e-03
  -1.1573059e-01  -2.5531511e-02   5.9323394e-01  -9.7716897e-04  -7.0253117e-04   1.3506166e-03
  -1.3943373e-01   2.9018611e-02   5.9341308e-01  -1.8978232e-03  -5.6896117e-04   8.8789842e-04
  -1.2788898e-01  -3.8593238e-02   5.8519647e-01  -1.3783896e-03  -3.1018315e-04   1.2743760e-03
  -1.2011465e-01   2.4597812e-02   5.6837159e-01  -1.3051555e-03  -6.6899029e-04   1.1458084e-03
  -1.0212789e-01  -3.7755666e-02   5.6874903e-01  -9.9567341e-04  -7.4862782e-04   1.4506738e-03
  -1.3633862e-01   1.2144857e-01   5.7257900e-01  -2.3476652e-03  -1.5106682e-03   1.3481425e-03
  -1.1766814e-01  -4.4437326e-02   4.4054592e-01  -5.4377297e-04  -9.8533593e-04   1.2797498e-03
  -8.1682457e-02  -8.2751134e-02   1.7650640e-01   2.1384199e-03  -1.4295671e-03   5.3207224e-04
  -7.7703195e-02   3.0512419e-02   2.8074174e-01   1.3944016e-03  -1.5955734e-03   1.0665229e-03
  -7.7628513e-02   3.4411615e-02   2.8604161e-01   1.3419738e-03  -1.8805530e-03   1.1561002e-03
  -1.1115070e-01   1.9256386e-02   3.3225305e-01   3.2035108e-04  -1.4818077e-03   1.3345822e-03
  -1.9570744e-01   1.5863975e-01   5.2751271e-01  -6.6890374e-04  -1.0925109e-03   1.9395295e-03
  -1.4128696e-01  -7.4056625e-02   4.6841312e-01   8.4092870e-04  -2.0037085e-03   1.9654935e-03
  -1.4680728e-01   5.3083304e-02   4.5362829e-01  -1.6915322e-04  -2.3327111e-03   2.1459498e-03
  -1.3549097e-01  -2.5701209e-03   4.7364483e-01   6.6728669e-04  -2.3156127e-03   1.9108609e-03
  -1.4748065e-01   5.0583634e-02   5.2335713e-01   1.2688904e-04  -2.2561300e-03   1.6851151e-03
  -1.5080305e-01  -2.4719704e-02   5.4800334e-01   2.1843596e-04  -2.1328278e-03   1.5539286e-03
  -1.4393864e-01   4.4275441e-02   5.0028926e-01  -4.7855989e-04  -1.9359730e-03   2.0634727e-03
  -1.2107698e-01  -4.9194523e-02   5.5837058e-01  -1.5286727e-04  -2.1491867e-03   1.9209426e-03
  -1.2538186e-01   7.4049763e-02   4.8921866e-01  -9.7688760e-04  -2.1643710e-03   1.5830819e-03
  -1.0751030e-01  -3.3611256e-03   4.6909222e-01  -1.4244861e-03  -1.6445047e-03   1.5191182e-03
  -1.2638846e-01   6.4609644e-02   5.5195912e-01  -1.6825067e-03  -1.8775671e-03   1.6877789e-03
  -1.2221052e-01   2.5773851e-02   5.7641894e-01  -2.0109751e-03  -2.3380900e-03   1.4724627e-03
  -1.2776677e-01   5.0578632e-02   6.3600137e-01  -1.7423678e-03  -2.0344433e-03   1.8038651e-03
  -1.2686008e-01   4.1137991e-02   6.6912449e-01  -2.1372870e-03  -2.6873601e-03   1.7742836e-03
  -1.1743076e-01  -4.1763864e-03   7.0078988e-01  -2.0768931e-03  -2.2984974e-03   1.9227540e-03
  -1.4381343e-01   5.9291715e-02   7.1625243e-01  -2.9278493e-03  -2.2385380e-03   1.6417822e-03
  -1.2748372e-01  -4.0902319e-02   7.0818289e-01  -2.8353873e-03  -1.8448972e-03   1.6161812e-03
  -1.2447850e-01   5.3844543e-02   7.2290721e-01  -3.2470432e-03  -1.7904853e-03   1.0826425e-03
  -1.2867244e-01  -1.9041382e-02   5.7169458e-01  -2.7287116e-03  -1.3406425e-03   1.1985703e-03
  -2.2741709e-01   1.5769208e-01   5.7858273e-01  -1.7222095e-03  -3.5732007e-04   1.6080547e-03
  -2.2088460e-01  -4.8952442e-02   4.8621979e-01   9.3558351e-04  -1.7219952e-03   8.9257423e-04
  -1.7550245e-01  -1.4864307e-01   3.2479925e-01   1.2600000e-03  -1.4661869e-03   1.3857497e-04
  -1.7541722e-01   3.2904142e-02   3.7652845e-01   1.2532332e-03  -1.9695239e-03   1.8194067e-04
  -1.6762758e-01  -3.4886681e-02   3.7152579e-01   2.4599984e-03  -1.5383814e-03   1.7969807e-04
  -1.4625029e-01   1.4421563e-02   4.5482372e-01   2.3054006e-03  -1.9264290e-03   3.5540687e-04
  -1.5193333e-01  -9.0836013e-03   4.8721131e-01   1.8978103e-03  -1.5064233e-03   7.4215763e-04
  -1.5355389e-01   4.7345233e-03   4.9254209e-01   1.8650936e-03  -2.2283196e-03   5.1804622e-04
  -1.3392656e-01  -2.7088894e-02   4.6678825e-01   1.6660719e-03  -2.8588432e-03   1.5110544e-04
  -7.9737940e-02   9.2189414e-02   4.3058791e-01   1.4669444e-03  -2.0370088e-03   1.5029420e-03
  -5.4661456e-02  -9.9088296e-03   3.3092863e-01   1.3978625e-03  -2.2068956e-03   1.9511161e-03
  -6.0396035e-02   8.4528307e-02   3.8836358e-01   8.3625097e-04  -2.2862208e-03   1.7343421e-03
  -5.7197551e-02  -3.9252145e-03   4.5181094e-01   1.2304456e-03  -1.7072923e-03   1.2623147e-03
  -6.8088135e-02   7.9234717e-02   5.0963255e-01   9.4600423e-04  -2.1402294e-03   1.1296863e-03
  -4.8681454e-02  -2.4395768e-02   5.4864400e-01   3.5168921e-04  -2.3858342e-03   1.4334810e-03
  -5.2000703e-02   4.6024564e-02   5.7732808e-01   1.7310840e-04  -2.1834427e-03   1.1072643e-03
  -7.5251998e-02   2.9294784e-02   5.1900288e-01  -2.2719401e-04  -2.3137146e-03   8.1816876e-04
  -5.3638484e-02   1.2624488e-02   5.6098254e-01  -5.1233318e-04  -1.7577914e-03   1.3052433e-03
  -7.4868542e-02   7.4331554e-02   6.6244548e-01  -1.2104399e-03  -1.8516284e-03   1.6020002e-03
  -7.3562908e-02   3.5397728e-02   7.1818576e-01  -1.6159314e-03  -2.0373335e-03   1.8837916e-03
  -1.7436906e-02   2.0535582e-02   7.5065444e-01  -1.9094544e-03  -1.2448750e-03   1.8955771e-03
  -6.3782467e-03   2.9793815e-02   7.4615252e-01  -2.5999150e-03  -1.9466884e-03   1.8787962e-03
  -2.5746488e-03  -1.3092695e-02   7.7658364e-01  -2.6596427e-03  -2.0456442e-03   1.8256859e-03
  -2.6891389e-02   7.7121843e-02   7.5645195e-01  -3.1206621e-03  -2.7123794e-03   1.1695233e-03
  -5.0864726e-02  -3.2500929e-02   7.5484692e-01  -3.1633796e-03  -2.0120669e-03   1.2268594e-03
  -3.4547394e-02   4.8337909e-02   6.3394774e-01  -2.8036129e-03  -2.9028161e-03   1.4763601e-03
  -5.3801382e-03   4.9391470e-02   5.8082730e-01  -2.3873800e-03  -2.9683498e-03   1.7373557e-03
  -3.1324581e-02  -3.5520581e-03   5.4029792e-01  -6.6226324e-04  -2.5963852e-03   1.3175451e-03
  -2.4876512e-02  -1.2296368e-02   5.4877744e-01  -8.1853673e-04  -3.3001723e-03   1.2347808e-03
  -4.8434096e-02  -6.0126040e-05   6.4699324e-01  -4.7511403e-04  -2.5631615e-03   1.3027387e-03
  -5.0347978e-02   6.8344960e-02   5.9847894e-01  -4.0801949e-04  -3.0357543e-03   7.7562617e-04
  -5.7813294e-02  -9.0194023e-03   7.0675532e-01  -2.6629952e-04  -2.7052114e-03   1.0027209e-03
  -5.9045810e-02   5.4249593e-02   7.0869016e-01  -6.6725299e-04  -3.0724327e-03   1.3190730e-03
  -4.3917762e-02  -1.7398836e-02   7.9665525e-01  -1.3444196e-03  -2.8393944e-03   1.2782031e-03
  -5.2241376e-02   3.2840661e-02   7.7353413e-01  -1.5327756e-03  -2.5534007e-03   1.1318441e-03
  -5.4124207e-02  -3.0358301e-02   8.6090523e-01  -1.7956084e-03  -2.2729716e-03   1.0147698e-03
  -5.7291673e-02   4.2488432e-03   8.2171479e-01  -1.5194895e-03  -1.9985402e-03   9.5549375e-04
  -6.4185776e-02  -4.4198814e-03   7.9189797e-01  -2.0503273e-03  -2.3905976e-03   9.8332027e-04
  -5.6594719e-02  -4.3811505e-02   7.7823672e-01  -9.0529899e-04  -2.0892347e-03   9.1002019e-04
  -5.0521530e-02   3.6384867e-02   6.9791014e-01  -7.9394161e-04  -2.1541939e-03   7.0803510e-04
  -2.1695743e-02  -2.2416194e-02   6.5790518e-01  -4.5128978e-04  -2.4916499e-03   1.5334027e-03
  -3.1664744e-02   7.6927272e-02   7.2925042e-01  -7.0555402e-04  -2.2109470e-03   1.3954959e-03
  -3.6502534e-02   4.7121020e-02   6.9048083e-01  -1.0449079e-03  -2.4689279e-03   1.1770307e-03
  -2.7850943e-02   1.9442561e-02   7.7590554e-01  -1.0395848e-03  -2.0535173e-03   1.1285994e-03
  -3.4086026e-02   6.8746172e-02   8.2749747e-01  -2.2106774e-03  -2.1970304e-03   1.0054400e-03
  -6.9686767e-02  -4.7448218e-03   8.2664779e-01  -2.3175241e-03  -2.6465196e-03   7.5194084e-04
  -9.3225805e-02   4.2057721e-02   8.6257418e-01  -2.4569072e-03  -2.1431360e-03   9.7301976e-04
  -7.9643548e-02   5.4052516e-02   8.1610550e-01  -2.1800785e-03  -2.6301549e-03   1.0690802e-03
  -8.4462634e-02   7.0235525e-03   7.4385789e-01  -2.1569855e-03  -2.5789402e-03   1.1677584e-03
  -1.7433108e-01   2.4497108e-01   7.5558922e-01  -1.8513708e-03  -2.2902865e-03   1.0537522e-03
  -1.5244939e-01  -5.8928624e-02   4.5949382e-01   8.6911816e-04  -1.7393344e-03  -8.0473907e-04
  -1.0528898e-01  -3.9484487e-02   4.3116555e-01   3.0459040e-04  -1.1995532e-03   2.6556230e-04
  -6.9281695e-02   1.2494346e-01   5.1352502e-01   5.0722707e-04  -1.7744534e-03   7.5435855e-04
  -7.6572573e-02   1.8007551e-02   5.8023028e-01   7.4635956e-04  -1.5480719e-03   3.5422474e-04
  -7.4063634e-02   6.1761953e-02   5.9728725e-01   7.6986605e-04  -2.0821985e-03   6.7950099e-04
  -8.5069998e-02   4.8643506e-04   6.0514553e-01   7.6240613e-04  -1.9988060e-03   5.8684265e-04
  -7.8692410e-02   4.7558922e-02   6.2555461e-01   9.4217172e-04  -1.9973075e-03   4.0479552e-04
  -7.2534838e-02   1.1108202e-02   6.8189263e-01  -4.3649592e-06  -1.9925871e-03   4.7036235e-04
  -7.5907231e-02   3.2302069e-02   7.3521339e-01  -1.2187509e-04  -1.8277670e-03   6.1047562e-04
  -8.6774014e-02   5.2810688e-02   6.8577363e-01  -5.6718411e-04  -1.6272495e-03   8.2335299e-04
  -7.9530609e-02   7.8173538e-03   8.2191079e-01  -8.8973263e-04  -1.7629531e-03   1.1877872e-03
  -7.3779033e-02   9.7408357e-02   7.6402234e-01  -1.7035499e-03  -1.8074229e-03   1.0838136e-03
  -6.1842361e-02  -1.3156322e-02   7.0054684e-01  -9.3758700e-04  -2.3347471e-03   1.2012584e-03
  -7.2998584e-02   7.9305611e-02   7.6038148e-01  -7.3240934e-04  -1.9583568e-03   8.6604787e-04
  -5.6962751e-02   4.6851234e-02   7.2499723e-01  -1.3301325e-03  -2.2734804e-03   7.2617712e-04
  -6.3350048e-02   5.4460748e-02   7.6386368e-01  -9.1711339e-04  -2.0486449e-03   6.7666937e-04
  -4.1380458e-02   5.9080674e-02   7.0810538e-01  -1.2786075e-03  -2.3934484e-03   8.2541165e-04
  -4.2398663e-02   4.5754011e-02   8.4836075e-01  -2.0035061e-03  -2.2149785e-03   9.6571798e-04
  -7.1525747e-02   9.0156611e-02   7.7314759e-01  -1.5322705e-03  -2.2199333e-03   1.0737815e-03
  -7.8701202e-02   2.2660032e-02   8.3136049e-01  -1.6723216e-03  -2.3787134e-03   1.2979088e-03
  -6.4589470e-02   4.1483475e-02   7.8993841e-01  -1.5857125e-03  -2.3434285e-03   1.5077671e-03
  -7.0942624e-02   6.8130489e-02   8.6825003e-01  -2.2872168e-03  -2.8862790e-03   1.1695908e-03
  -5.2425761e-02   3.0790344e-02   8.3930244e-01  -2.2546843e-03  -2.3957006e-03   1.0282976e-03
  -8.3333309e-02   1.1580830e-01   8.7715561e-01  -3.5689014e-03  -2.8531034e-03   5.8502307e-04
  -4.4554329e-02  -5.1036622e-02   6.6843049e-01  -6.0009741e-04  -4.0900546e-03   1.0630927e-03
  -3.8188331e-02   6.2974488e-02   6.0441144e-01  -6.7009189e-04  -3.5831917e-03   1.5995147e-03
  -6.2747672e-02   7.1968397e-02   7.1312595e-01  -1.8241576e-03  -3.3894814e-03   1.0237020e-03
  -4.0470300e-02   1.2380662e-02   6.8768775e-01  -1.8674833e-03  -3.2364598e-03   1.2561885e-03
