   0.0000000e+00   0.0000000e+00   7.1054274e-15   0.0000000e+00   0.0000000e+00   0.0000000e+00
  -1.8600685e-02   2.0048926e-02  -7.9468901e-02   9.1595403e-04  -1.2300051e-03  -2.4662107e-04
  -5.0427608e-02  -3.0470989e-02  -1.7557575e-01   2.7942515e-03  -2.7361429e-03  -7.2220174e-04
  -4.1294054e-02   3.1010416e-02  -1.0861468e-01   7.7889620e-04  -2.0232252e-03   2.8435197e-04
  -3.6221605e-02   1.2204699e-02  -1.1602745e-01   1.9048961e-03  -1.8635059e-03  -1.3642797e-05
  -3.6867383e-02   1.3113605e-02  -9.1301749e-02   1.0698050e-03  -1.9520472e-03   1.8759079e-04
  -3.7000281e-02   3.8841114e-02  -1.0467613e-01   1.9663643e-03  -1.9476132e-03   5.3688315e-04
  -3.6819137e-02   1.4433909e-02  -1.1290342e-01   2.1455412e-03  -2.1096896e-03   1.0514334e-03
  -4.3279651e-02   3.7643329e-02  -1.1426134e-01   2.7425350e-03  -2.4970048e-03   1.2085056e-03
  -5.0858418e-02   4.1139027e-02  -1.1557092e-01   2.8308550e-03  -2.9623121e-03   1.4482925e-03
  -5.8828277e-02   3.5797117e-02  -9.9622878e-02   2.9646866e-03  -3.4048715e-03   1.5752763e-03
  -6.5154676e-02   5.5673653e-02  -8.8811062e-02   2.8655956e-03  -3.6952355e-03   1.6546883e-03
  -6.5441550e-02   3.5416091e-02  -1.0658697e-01   3.1397113e-03  -4.0336726e-03   1.6438068e-03
  -6.9029735e-02   4.4194886e-02  -1.0895247e-01   2.8706659e-03  -4.0977923e-03   1.7105982e-03
  -7.6247678e-02   6.0527435e-02  -1.1752131e-01   3.1532964e-03  -4.2501648e-03   1.3331706e-03
  -7.2293991e-02   2.7184552e-02  -1.2285373e-01   3.1795051e-03  -4.3153948e-03   1.5224765e-03
  -7.6325173e-02   6.1021819e-02  -1.4198501e-01   3.3166606e-03  -4.7131986e-03   1.7673171e-03
  -8.3054222e-02   7.0366318e-02  -1.5390792e-01   3.1273948e-03  -5.0168568e-03   1.9442293e-03
  -8.5461845e-02   5.5550415e-02  -1.5989103e-01   3.4005576e-03  -5.2339125e-03   1.8478031e-03
  -8.2660150e-02   6.3842864e-02  -1.5300600e-01   3.1538768e-03  -5.3106600e-03   2.3020845e-03
  -8.6093491e-02   8.9723529e-02  -1.5579725e-01   3.3781809e-03  -5.0764284e-03   2.1405271e-03
  -8.2238401e-02   7.9251467e-02  -1.4350574e-01   3.5439109e-03  -5.1366295e-03   2.0621374e-03
  -7.9966389e-02   7.6490424e-02  -1.4983495e-01   3.5623534e-03  -5.2548913e-03   2.4462471e-03
  -8.1745314e-02   8.2480487e-02  -1.4458312e-01   3.1833010e-03  -5.6008996e-03   2.3075801e-03
  -8.2370265e-02   8.3669722e-02  -1.4148883e-01   4.2242143e-03  -5.6301210e-03   2.5395171e-03
  -8.3068818e-02   8.5196195e-02  -5.8252492e-02   4.3552827e-03  -5.4938226e-03   1.8729603e-03
  -9.2128703e-02   1.4589245e-01  -3.3411070e-02   3.4066241e-03  -5.6547136e-03   2.0124131e-03
  -8.5844751e-02   7.4170883e-02  -7.0431721e-02   3.8437279e-03  -5.8009363e-03   2.4013001e-03
  -8.1237853e-02   8.7833363e-02  -6.8948549e-02   3.2206792e-03  -6.0024626e-03   2.5634856e-03
  -7.2499170e-02   1.5962445e-02  -6.7109147e-02   3.0751035e-03  -6.1988463e-03   2.6290419e-03
  -6.7024751e-02   4.9935819e-02  -6.0691576e-02   2.5919894e-03  -5.9286473e-03   2.2485223e-03
  -7.4557593e-02   1.0860605e-01  -6.8400180e-02   3.1139436e-03  -6.1893872e-03   2.7773436e-03
  -8.0037448e-02   6.1683108e-02  -6.3284356e-02   2.8982396e-03  -6.5067070e-03   2.8149396e-03
  -8.3981176e-02   8.7636522e-02  -2.9271096e-02   3.0586026e-03  -6.6170950e-03   2.7151058e-03
  -8.1721872e-02   6.9280541e-02  -3.3280424e-02   3.3832595e-03  -6.7281139e-03   2.9480312e-03
  -8.3086023e-02   7.2409018e-02  -1.2338156e-02   3.2212223e-03  -6.7745361e-03   3.0349496e-03
  -9.1577507e-02   7.9310036e-02  -2.3220875e-02   3.4180243e-03  -7.1849866e-03   3.3078400e-03
  -8.6581907e-02   4.7771843e-02  -3.5586591e-02   2.9631825e-03  -7.0342171e-03   3.2276739e-03
  -8.3338007e-02   6.0592557e-02  -4.3463302e-02   3.0260962e-03  -7.1907349e-03   3.4294638e-03
  -8.7205510e-02   7.5576883e-02  -6.2968921e-02   2.8729981e-03  -7.3251467e-03   3.4771682e-03
  -8.9953904e-02   6.5745121e-02  -4.9101329e-02   2.9815449e-03  -7.5109591e-03   3.4071444e-03
  -8.9657461e-02   8.4902651e-02  -5.2710532e-02   2.8094491e-03  -7.8582745e-03   3.3906624e-03
  -8.9023507e-02   6.2981072e-02  -6.8735196e-02   3.0193914e-03  -7.8947962e-03   3.5009112e-03
  -9.2519531e-02   7.7493047e-02  -6.3858749e-02   2.7217977e-03  -7.8518690e-03   3.3387512e-03
  -9.2967580e-02   9.7669086e-02  -5.7945448e-02   2.8183627e-03  -7.9404644e-03   3.3589833e-03
  -9.0053680e-02   7.3407707e-02  -6.9700338e-02   2.9603756e-03  -8.1493631e-03   3.3951308e-03
  -8.7401456e-02   7.6122258e-02  -4.8105528e-02   3.2402061e-03  -8.1976759e-03   3.1966183e-03
  -8.7695700e-02   9.0204870e-02  -6.1377419e-02   2.5519757e-03  -8.2481727e-03   3.5373188e-03
  -8.4807639e-02   6.3589579e-02  -7.1637484e-02   2.6859541e-03  -8.1385083e-03   3.6528274e-03
  -9.1910115e-02   6.5240609e-02  -6.0781124e-02   2.7151841e-03  -8.2605084e-03   3.5398278e-03
  -8.9186361e-02   9.0475307e-02  -5.1171485e-02   3.4173086e-03  -7.8532781e-03   3.5016237e-03
  -9.4914112e-02   6.0052239e-02  -1.0239766e-01   2.3809375e-03  -8.0994153e-03   3.5892795e-03
  -7.7729493e-02   3.0671733e-02  -1.1832505e-01   1.3101965e-03  -6.8336311e-03   3.3765713e-03
  -7.5690973e-02   7.7085672e-02  -8.8921604e-02   2.2140863e-03  -7.1304928e-03   3.7192165e-03
  -7.7053308e-02   2.1879538e-02  -6.8857794e-02   1.9666228e-03  -6.8647521e-03   3.8646089e-03
  -7.3086831e-02   5.0433593e-02  -8.9679405e-02   1.7880868e-03  -7.0476262e-03   3.8720394e-03
  -7.6792764e-02   7.1183305e-02  -7.9160204e-02   1.7680587e-03  -8.4161492e-03   3.8445423e-03
  -8.3842114e-02   6.3871682e-02  -7.1708308e-02   2.2942868e-03  -7.8118844e-03   4.0702373e-03
  -8.9139909e-02   5.4305777e-02  -6.4016050e-02   2.2712978e-03  -8.0899250e-03   4.1149857e-03
  -8.0794295e-02   6.9410475e-02  -5.0576888e-02   2.2823453e-03  -7.8566435e-03   4.1627888e-03
  -7.6222498e-02   5.5545157e-02  -7.0210197e-02   2.2236371e-03  -8.0445998e-03   4.2241256e-03
  -7.7426366e-02   5.8618690e-02  -7.8901360e-02   2.4956905e-03  -7.8801084e-03   4.2311795e-03
  -7.3538729e-02   7.3921591e-02  -8.0900893e-02   2.4059899e-03  -8.2158030e-03   4.3148840e-03
  -7.2248386e-02   6.1266716e-02  -9.2653808e-02   2.4444456e-03  -8.2269709e-03   4.3053763e-03
  -6.6752267e-02   4.8256149e-02  -1.0625392e-01   2.7926094e-03  -8.2631149e-03   4.2631397e-03
  -6.7294809e-02   5.4236572e-02  -8.6782101e-02   2.8850618e-03  -8.0951393e-03   4.2127839e-03
  -7.1493703e-02   6.6655344e-02  -1.0929958e-01   2.8439612e-03  -8.5485815e-03   4.2945014e-03
  -7.5104977e-02   7.2408969e-02  -1.1134491e-01   3.1395059e-03  -8.5456054e-03   4.1846399e-03
  -7.3226595e-02   6.5480072e-02  -1.0144132e-01   3.1728780e-03  -8.4360553e-03   4.0252265e-03
  -7.3802879e-02   8.7699594e-02  -7.7627177e-02   3.3160893e-03  -8.3906592e-03   3.9160902e-03
  -7.8832032e-02   9.3667001e-02  -8.8992801e-02   3.7912274e-03  -8.4501042e-03   4.1379998e-03
  -7.4770422e-02   6.3982768e-02  -8.4297158e-02   3.5238858e-03  -8.3193330e-03   4.2316413e-03
  -7.6905407e-02   9.1338907e-02  -8.4394604e-02   3.6956052e-03  -8.6040920e-03   4.3776106e-03
  -7.1644342e-02   8.0933304e-02  -8.0495839e-02   3.5177338e-03  -8.5036768e-03   4.4131819e-03
  -7.9092396e-02   9.5476437e-02  -3.0037610e-02   4.4429430e-03  -8.3076393e-03   3.7422173e-03
  -7.8144896e-02   7.7522876e-02  -8.1385000e-03   4.8028301e-03  -8.0809531e-03   3.4384999e-03
  -8.5506984e-02   8.2179993e-02  -2.8918490e-02   3.6902544e-03  -8.2621781e-03   3.2118591e-03
  -8.2873668e-02   9.6582832e-02  -5.0726850e-03   5.1367844e-03  -7.9062586e-03   3.2370416e-03
  -8.7784815e-02   8.8681556e-02  -2.5185806e-02   3.9098034e-03  -8.4280664e-03   3.1406380e-03
  -8.0881502e-02   5.3816926e-02  -2.2568497e-02   3.6269702e-03  -8.0579047e-03   3.3655729e-03
  -8.5735651e-02   1.2415422e-01  -2.5715810e-02   3.6037668e-03  -8.1245347e-03   3.6859474e-03
  -8.5448209e-02   7.8709230e-02  -1.9897254e-02   4.0927359e-03  -8.4189622e-03   3.7364834e-03
  -7.8573810e-02   9.6199749e-02  -1.9092710e-02   4.1496204e-03  -8.3718899e-03   4.0038916e-03
  -7.8168412e-02   9.2467132e-02  -3.5654332e-02   4.1983186e-03  -8.3715004e-03   4.1446519e-03
  -7.6021841e-02   6.1291213e-02  -4.4171588e-02   3.9305962e-03  -8.3131718e-03   4.0416630e-03
  -7.8552140e-02   7.2348701e-02  -3.9939090e-02   3.9291903e-03  -8.4305580e-03   4.0026374e-03
  -8.1975645e-02   8.7105227e-02  -2.9923865e-02   3.8024850e-03  -8.5016201e-03   4.2308316e-03
  -8.6785075e-02   6.9052488e-02  -5.1026023e-02   3.8099533e-03  -8.6306148e-03   4.2361333e-03
  -8.5438763e-02   7.8735197e-02  -6.0625805e-02   3.5505692e-03  -8.9872173e-03   4.1020305e-03
  -8.0904217e-02   9.3798309e-02  -6.8556105e-02   3.8395849e-03  -9.0909770e-03   4.1532388e-03
  -8.1818280e-02   8.2635296e-02  -7.3859168e-02   3.8078343e-03  -8.9954809e-03   4.2294534e-03
  -8.4822246e-02   9.3763944e-02  -7.2909592e-02   3.9763820e-03  -9.3014573e-03   4.2986484e-03
  -8.5048595e-02   1.0742159e-01  -6.1878206e-02   3.8819002e-03  -9.3141774e-03   4.3307264e-03
  -8.3792464e-02   8.7993666e-02  -5.1825559e-02   4.1489394e-03  -9.2868238e-03   4.2823086e-03
  -8.2682018e-02   8.7542274e-02  -5.5555238e-02   3.9858387e-03  -9.1497584e-03   4.2961966e-03
  -8.2026342e-02   1.0122944e-01  -4.7368469e-02   4.1274427e-03  -9.2037442e-03   4.3426826e-03
  -8.3084111e-02   9.3915711e-02  -5.7248382e-02   3.7780162e-03  -9.2508249e-03   4.4146472e-03
  -7.9835379e-02   8.5715212e-02  -6.0061282e-02   3.8180670e-03  -9.3263672e-03   4.3025636e-03
  -8.0510225e-02   9.7470052e-02  -5.5577146e-02   3.6064124e-03  -9.2487598e-03   4.1367780e-03
  -9.0994261e-02   9.9724290e-02  -5.5325184e-02   3.7726965e-03  -8.8729889e-03   3.3743708e-03
  -9.1692514e-02   5.4703590e-02  -7.4648333e-02   4.0660650e-03  -8.9416029e-03   3.2314112e-03
  -9.3971667e-02   8.2274333e-02  -9.8379341e-02   3.2839427e-03  -8.6870656e-03   3.1852889e-03
  -9.6284328e-02   6.4852830e-02  -1.0025862e-01   3.2399756e-03  -9.0986410e-03   3.4500256e-03
  -9.5180805e-02   5.1337530e-02  -9.9397136e-02   3.3895410e-03  -8.9957412e-03   3.4951948e-03
  -9.1516183e-02   4.2708316e-02  -1.0948256e-01   3.0550477e-03  -9.0193600e-03   3.6772291e-03
  -8.4377540e-02   6.5462069e-02  -1.1662294e-01   3.2345794e-03  -9.2064007e-03   3.9116778e-03
  -8.6648635e-02   7.1988245e-02  -9.6507641e-02   3.7539609e-03  -9.1832845e-03   3.8385474e-03
  -8.9588349e-02   7.1040675e-02  -1.0222138e-01   3.7969801e-03  -9.4658898e-03   3.9971241e-03
  -9.5293842e-02   7.2519942e-02  -8.9092888e-02   3.9280671e-03  -9.6801158e-03   3.9237672e-03
  -9.8232974e-02   8.4545412e-02  -9.6032171e-02   4.0152790e-03  -9.9437245e-03   4.1013273e-03
  -9.7087241e-02   5.9509679e-02  -9.0657480e-02   3.9215985e-03  -9.9868140e-03   4.0445445e-03
  -9.6297078e-02   8.0807350e-02  -9.2016126e-02   3.8465617e-03  -1.0028177e-02   4.3883541e-03
  -9.8304907e-02   8.4836323e-02  -9.5181178e-02   3.9462323e-03  -1.0074468e-02   4.5030068e-03
  -1.0208058e-01   6.8425588e-02  -9.2913950e-02   3.9055010e-03  -1.0379384e-02   4.6045856e-03
  -1.0899125e-01   7.5800704e-02  -1.0202164e-01   4.0174184e-03  -1.0598111e-02   4.4276174e-03
  -1.1181943e-01   1.0103926e-01  -1.0698483e-01   4.0228737e-03  -1.0762317e-02   4.5358080e-03
  -1.0763499e-01   8.2443310e-02  -8.8381225e-02   4.2110848e-03  -1.0509822e-02   4.5657586e-03
  -1.1131878e-01   9.1305469e-02  -7.8610682e-02   4.0468047e-03  -1.0575909e-02   4.4622634e-03
  -1.1477748e-01   9.5768539e-02  -8.0564045e-02   3.8355133e-03  -1.0634924e-02   4.4465258e-03
  -1.1739500e-01   8.7339635e-02  -8.9112583e-02   3.8812979e-03  -1.0989547e-02   4.5110377e-03
  -1.1097700e-01   8.2060905e-02  -8.3017851e-02   3.7434299e-03  -1.0770853e-02   4.5967748e-03
  -1.0849954e-01   9.7037339e-02  -7.4078186e-02   3.6849482e-03  -1.0889304e-02   4.8065222e-03
  -1.0940899e-01   8.7710784e-02  -7.2895620e-02   3.7852421e-03  -1.0997199e-02   4.8955012e-03
  -1.1625402e-01   9.0684330e-02  -5.2425739e-02   3.5942947e-03  -1.1122960e-02   4.5477909e-03
  -1.0853142e-01   6.3754560e-02  -3.8763440e-02   3.7515372e-03  -1.0441795e-02   3.7216484e-03
  -1.0966331e-01   6.9058109e-02  -6.6848036e-02   3.0941980e-03  -9.5716286e-03   3.5187557e-03
  -1.1288481e-01   6.5711907e-02  -7.9030150e-02   2.6827434e-03  -9.9353867e-03   3.9694359e-03
  -1.1150815e-01   7.4108049e-02  -6.7997633e-02   3.3768199e-03  -1.0006529e-02   3.9703056e-03
  -1.1800370e-01   7.6715490e-02  -6.5532983e-02   5.1540293e-03  -1.0136071e-02   4.0011714e-03
  -1.2142947e-01   1.1698698e-01  -1.6795269e-02   4.6466217e-03  -9.8981561e-03   3.5208451e-03
  -1.2539542e-01   3.1361087e-02  -1.2366019e-02   3.8627431e-03  -1.0092011e-02   3.5188995e-03
  -1.1754022e-01   5.3433482e-02  -1.6694180e-02   3.0817583e-03  -9.3193760e-03   3.4946399e-03
  -1.1654957e-01   8.5025427e-02  -2.6568458e-02   2.8352955e-03  -9.2476274e-03   3.5459632e-03
  -1.1732706e-01   2.9924328e-02   5.0654121e-03   3.6804455e-03  -9.4117846e-03   3.9104396e-03
  -1.2387118e-01   8.8372861e-02  -2.8274689e-02   2.7667025e-03  -9.2004798e-03   3.6754487e-03
  -1.1404554e-01   1.1385382e-02  -8.7060797e-03   3.6494014e-03  -9.3773611e-03   3.7861423e-03
  -1.1329465e-01   4.0418882e-02  -1.6397443e-02   2.7507337e-03  -9.4335230e-03   3.7688948e-03
  -1.2011174e-01   3.3826077e-02  -1.9052972e-02   3.4706589e-03  -9.6568329e-03   3.7909354e-03
  -1.3190862e-01   4.3826360e-02  -4.7091843e-04   3.5515747e-03  -9.8051321e-03   3.3315469e-03
  -1.3693594e-01   1.5955844e-02   2.7104738e-02   3.4447756e-03  -9.7037175e-03   3.1561933e-03
  -1.2964153e-01   5.5597201e-03   2.7439990e-02   3.6495845e-03  -9.9614303e-03   3.3337342e-03
