   0.0000000e+00   0.0000000e+00  -3.5527137e-15   0.0000000e+00   0.0000000e+00   0.0000000e+00
   8.0846429e-03   1.9220249e-02  -2.4502332e-03  -5.9263387e-04  -5.1974841e-04  -2.1995860e-04
   5.1380032e-03   3.7071464e-02  -1.0043945e-02  -6.3214417e-04  -9.1148943e-04  -1.1041536e-05
   6.9016700e-03  -3.3791003e-02  -3.7330516e-02  -7.8049927e-04  -1.3520335e-03   3.1375708e-04
   1.6621490e-02   3.7160599e-02  -3.2215280e-03  -1.5674405e-04  -1.1362427e-03   2.1444614e-04
   1.6280468e-02   2.9581657e-03  -2.3501795e-02  -3.6408707e-05  -9.0099544e-04   2.8885549e-04
   8.8728311e-03   1.3267550e-02   9.2944102e-04  -6.1790483e-04  -9.5657839e-04   6.3838781e-05
   2.1140703e-03   4.1028169e-02  -2.9314099e-02  -1.5495496e-04  -1.0034730e-03   1.1863989e-04
   4.9854709e-03  -7.0107769e-04   1.2533925e-02  -3.5769904e-04  -1.2617567e-03   2.2057718e-04
  -5.3611021e-03   2.6947424e-02  -2.6462206e-02   3.1179640e-04  -1.4564512e-03  -4.4123734e-05
  -1.5000671e-02   6.8469364e-03  -2.9823981e-02  -4.0224016e-04  -1.1811889e-03   1.0728077e-04
  -8.1531801e-03   1.7027473e-02  -2.4680326e-02   4.7981924e-05  -1.5962784e-03   1.6676061e-04
   3.4384040e-03   3.6270038e-02  -2.5397449e-02   1.1894298e-04  -1.4357720e-03  -3.2119950e-05
   1.0641223e-02   6.3919612e-02  -2.7482264e-02  -5.9259261e-04  -1.8237484e-03   2.1946365e-04
   1.2848064e-02   2.2802927e-02  -2.4447258e-02  -3.2898009e-04  -2.0840891e-03   2.6277401e-04
   1.6944311e-02   8.6359007e-02  -7.5905485e-02  -8.6647813e-04  -2.2124777e-03   2.9928000e-04
   3.0364098e-02  -4.9495398e-03  -6.2753743e-02  -1.0886138e-03  -3.1250134e-03   5.3477017e-04
   4.0399345e-02   2.5551356e-02  -6.7133734e-02  -8.4354820e-04  -3.3970803e-03   3.9383292e-04
   4.4987370e-02   3.2285277e-02  -1.3360715e-01  -1.4698088e-03  -3.9711828e-03   4.5016686e-04
   4.6074017e-02   1.3683873e-02  -6.7069883e-02  -1.1968620e-03  -4.2443824e-03   3.6758107e-04
   4.7236868e-02   3.9611111e-02  -7.7957457e-02  -9.5251251e-04  -4.6187753e-03   5.0438855e-04
   3.1739944e-02  -1.0753598e-01  -6.8048892e-02   1.0299800e-03  -4.4482983e-03   6.3090547e-04
   2.8664472e-02   5.9556968e-02  -8.5068172e-02   1.1906085e-03  -3.7487128e-03   1.1054821e-04
   2.1919109e-02  -1.8422583e-02  -1.1376238e-01   7.0480582e-04  -4.1081379e-03   3.6087390e-04
   3.7195655e-02   4.1258740e-02  -1.0372908e-01   3.6917125e-04  -4.1123453e-03   2.6792233e-04
   4.1882354e-02   2.3630030e-02  -1.0108765e-01  -7.3479028e-04  -4.9803297e-03   2.8514409e-04
   5.0614418e-02   5.2665172e-02  -6.8740015e-02  -1.1789106e-03  -4.7297918e-03  -2.9470043e-05
   6.5091306e-02   8.2776813e-02  -1.3640136e-01  -1.6570648e-03  -4.6436102e-03  -1.7569714e-04
   5.3417335e-02  -8.3109009e-03  -1.7450913e-01  -1.4983758e-03  -4.1815946e-03  -3.2968349e-04
   6.3336426e-02   8.4840124e-02  -2.6685195e-01  -1.6266463e-03  -4.5421271e-03  -7.0453455e-04
   6.6864158e-02  -5.2789315e-03  -2.2656777e-01  -7.7759836e-04  -4.8063736e-03  -6.7185455e-04
   5.0548820e-02   6.8075427e-02  -2.3044194e-01  -6.8985475e-04  -4.0219815e-03  -8.8768685e-04
   4.0300640e-02   3.7332802e-02  -2.4830404e-01  -1.1955080e-03  -4.3058007e-03  -6.2236890e-04
   5.3764909e-02   4.9240802e-02  -2.4515970e-01  -1.0203384e-03  -4.7998996e-03  -6.0743727e-04
   6.1620042e-02   1.0544799e-01  -2.6149588e-01  -1.2276745e-03  -5.1210837e-03  -4.4776595e-04
   6.3455248e-02   2.4101113e-02  -2.1885537e-01  -8.5592063e-04  -5.5443829e-03  -3.2914010e-04
   6.8695588e-02   7.0650329e-02  -2.4720071e-01  -1.0238795e-03  -5.8467672e-03  -1.8627732e-04
   6.4813449e-02   3.2236410e-02  -2.0060300e-01  -1.3475367e-03  -5.4558098e-03  -2.2627834e-04
   7.1096189e-02   9.6328990e-02  -2.4896883e-01  -1.5520792e-03  -5.8489880e-03  -2.3894595e-04
   6.6725852e-02   1.8019200e-02  -2.3047553e-01  -1.5762429e-03  -5.7439667e-03  -5.8724100e-05
   8.0530834e-02   3.7744967e-02  -2.4394912e-01  -5.3470810e-04  -6.6282836e-03  -6.8809407e-05
   8.2827247e-02   5.0540108e-02  -2.4407436e-01  -1.0781950e-03  -6.9147416e-03  -1.3424324e-04
   8.6771956e-02   6.4187887e-02  -2.2232385e-01  -2.0114123e-03  -6.5355304e-03  -2.9668681e-04
   8.4618349e-02   9.8735242e-02  -2.5072316e-01  -1.8842999e-03  -6.6645813e-03  -2.9014388e-04
   7.8935402e-02   1.1704709e-02  -2.4873530e-01  -1.5070630e-03  -6.9336461e-03  -1.9980536e-04
   8.1984928e-02   1.0514426e-01  -2.5092797e-01  -1.7457425e-03  -7.2402560e-03  -1.7732926e-04
   8.2661891e-02   4.8121904e-02  -2.4896044e-01  -1.5705839e-03  -7.2178694e-03  -1.4456626e-04
   8.5887233e-02   1.0965939e-01  -2.5534074e-01  -1.9578881e-03  -6.9455807e-03  -3.4660797e-04
   7.1803873e-02   7.7705326e-02  -3.2405097e-01  -2.0839147e-03  -6.5792907e-03  -3.0143426e-04
   6.3166402e-02   4.9435028e-02  -2.8582461e-01  -9.9109906e-04  -6.3751235e-03  -4.8058183e-04
   7.5642472e-02   1.0016445e-01  -3.1671556e-01  -1.0820874e-03  -6.6213652e-03  -4.7654335e-04
   8.3549293e-02   7.3091337e-03  -2.7845799e-01  -1.1532715e-03  -6.6706984e-03  -4.5886017e-04
   9.2219785e-02   6.5332090e-02  -3.1582539e-01  -9.8946321e-04  -6.5540190e-03  -4.7596180e-04
   8.7600579e-02  -1.6124651e-02  -3.0023714e-01  -1.1860512e-03  -6.8696481e-03  -4.1629024e-04
   8.8437730e-02   5.6406936e-02  -3.2421034e-01  -9.2535584e-04  -6.9318919e-03  -5.9920015e-04
   6.8969667e-02  -3.2336302e-02  -2.9875166e-01  -9.0384802e-04  -6.2489506e-03  -4.9162632e-04
   7.9495075e-02   5.9605227e-02  -3.1606199e-01  -8.0979662e-04  -6.4726719e-03  -6.5471284e-04
   8.1843843e-02   7.3568819e-03  -2.8439831e-01  -9.9834296e-04  -6.9353355e-03  -4.8052798e-04
   9.8185599e-02   4.4117157e-02  -2.8919898e-01  -5.7948464e-04  -7.5572914e-03  -4.2330523e-04
   8.6995210e-02  -1.6969243e-04  -2.5992903e-01  -5.8823058e-04  -7.2050987e-03  -2.8671265e-04
   9.4049907e-02   6.0445992e-02  -2.7738330e-01  -7.0628155e-04  -7.3158495e-03  -5.2474647e-04
   8.3415637e-02   2.7925887e-02  -2.8203988e-01  -6.2738951e-04  -7.5939191e-03  -3.1603672e-04
   7.7381959e-02   6.5936940e-02  -2.9786378e-01  -1.1758086e-03  -7.1139860e-03  -5.4003879e-04
   8.6990702e-02   6.6275579e-02  -3.2520060e-01  -8.4019949e-04  -8.2097000e-03  -2.8680299e-04
   8.5456507e-02   4.7899416e-02  -3.0128988e-01  -7.3051447e-04  -8.3016368e-03  -3.6997731e-04
   9.0262264e-02   8.2216428e-02  -3.6208703e-01  -1.2713303e-03  -8.3573114e-03  -2.7351663e-04
   9.2461901e-02   5.5316006e-02  -3.2926363e-01  -1.6006230e-03  -7.6808251e-03  -5.0310497e-04
   9.4775155e-02   8.3746772e-02  -3.7782985e-01  -1.3873144e-03  -8.0202216e-03  -5.3357211e-04
   8.5096762e-02   5.1087866e-02  -3.2080860e-01  -1.4528614e-03  -7.7276739e-03  -5.5131777e-04
   8.5739358e-02   4.2573484e-02  -3.4796187e-01  -3.9141862e-04  -8.4014960e-03  -5.5806835e-04
   8.8651520e-02   5.4852161e-02  -3.2347154e-01  -1.1058476e-03  -7.8533989e-03  -5.9534804e-04
   8.6088409e-02   3.1372850e-02  -3.1096154e-01  -4.7592059e-05  -7.7441747e-03  -7.7224316e-04
   8.0131909e-02   8.9064465e-02  -3.5055545e-01  -1.3258772e-03  -7.7262589e-03  -7.3772258e-04
   8.2039356e-02   4.4297899e-02  -3.1663972e-01  -7.0880541e-04  -7.9614006e-03  -6.9357034e-04
   8.1799362e-02   1.2378099e-01  -3.3877346e-01  -1.7772079e-03  -7.9148887e-03  -7.6763339e-04
   8.4197697e-02   1.4226480e-02  -3.2569636e-01  -6.3459815e-04  -7.8862409e-03  -6.9556944e-04
   6.9708741e-02   1.4948024e-01  -3.9335470e-01  -2.4990144e-03  -7.5606881e-03  -9.6117399e-04
   8.3813859e-02  -1.5179599e-02  -3.7356909e-01   1.0342500e-04  -7.9884123e-03  -5.2683916e-04
   9.6499690e-02  -2.3960806e-02  -2.6004905e-01   1.3568114e-03  -7.7586706e-03  -1.0576372e-03
   7.5364653e-02   1.1421236e-01  -2.8563037e-01   3.0741663e-04  -6.9859946e-03  -1.3296179e-03
   6.6317685e-02   1.3095477e-03  -2.9861211e-01   3.3079445e-04  -7.1778512e-03  -1.0663839e-03
   7.6721356e-02   7.2362538e-02  -3.0024183e-01   2.4934374e-04  -7.3594785e-03  -1.1394911e-03
   8.0234502e-02   2.3023602e-02  -3.0542833e-01   2.0236829e-04  -8.0901124e-03  -8.3156311e-04
   6.8242202e-02   6.8344487e-02  -2.9278302e-01  -1.3320024e-05  -7.4652959e-03  -1.1194635e-03
   6.7474422e-02   5.8208642e-02  -3.4606599e-01   3.9059470e-04  -7.8550287e-03  -9.6889482e-04
   6.7977952e-02   4.8832468e-02  -3.1223025e-01   3.1321659e-05  -7.5221772e-03  -1.1098569e-03
   7.3358581e-02   4.0682742e-02  -3.6410719e-01   1.5538541e-03  -7.8171222e-03  -9.9998903e-04
   6.3316776e-02   2.4004375e-02  -3.4515249e-01   4.9665762e-04  -7.9777057e-03  -8.3455469e-04
   1.0204897e-01   6.6165354e-02  -3.1784556e-01   5.6436858e-04  -8.8800704e-03  -7.0028698e-04
   9.3675738e-02   5.8556956e-02  -3.0779383e-01   2.2683877e-04  -9.1187583e-03  -4.7766262e-04
   1.1035819e-01   6.3991160e-02  -3.0169459e-01   4.8939857e-04  -9.6612286e-03  -4.6987037e-04
   1.0109322e-01   9.2200100e-02  -3.2112650e-01  -2.3152575e-04  -9.5246237e-03  -5.7029704e-04
   1.0841868e-01   9.0417891e-02  -3.0920979e-01  -4.1496096e-04  -9.8554213e-03  -6.1611751e-04
   1.0607265e-01   7.9327508e-02  -3.4983632e-01  -1.1363354e-03  -9.0991197e-03  -6.4781310e-04
   9.7234799e-02   7.4531157e-02  -3.5714440e-01  -1.2553929e-03  -8.6008200e-03  -8.6886617e-04
   8.6802179e-02   1.0050879e-01  -3.7080045e-01  -7.4797334e-04  -8.6317967e-03  -7.8691072e-04
   8.7508228e-02   5.2268375e-02  -3.1116336e-01  -6.6419026e-04  -8.4243611e-03  -9.3547745e-04
   9.9100919e-02   9.4518470e-02  -3.0553752e-01  -2.7603303e-06  -8.1008276e-03  -1.1175969e-03
   9.5305200e-02   2.3813577e-02  -2.8115802e-01  -2.6931632e-04  -8.0530982e-03  -1.0011854e-03
   9.2783553e-02   7.4047393e-02  -2.9912011e-01  -1.0673566e-04  -8.2465827e-03  -1.0291491e-03
   9.0192001e-02   5.7143887e-02  -3.1156396e-01  -7.1327505e-04  -8.1481923e-03  -8.9289621e-04
   1.0091123e-01   7.3434366e-02  -3.4608707e-01   2.5001959e-04  -8.9004263e-03  -7.9217275e-04
   9.7121990e-02   1.0803437e-01  -3.7330388e-01  -6.2439274e-04  -8.8617854e-03  -8.3408209e-04
   9.3484359e-02   8.4692212e-02  -3.7493012e-01  -8.3020787e-04  -8.4205500e-03  -1.1644657e-03
   1.0227156e-01   1.2162376e-01  -3.8227898e-01  -6.5091139e-04  -8.9279874e-03  -9.0348650e-04
   8.5182852e-02   6.5264553e-02  -3.2508682e-01  -8.8992933e-04  -7.9445040e-03  -1.1786273e-03
   9.6556962e-02   1.3683203e-01  -3.6883541e-01  -1.0101973e-03  -8.8681816e-03  -8.1161974e-04
   9.0460189e-02   4.5549901e-02  -3.1178600e-01  -1.8795772e-04  -8.7551312e-03  -9.0887144e-04
   8.1429234e-02   1.4501066e-01  -3.5543497e-01  -1.0342255e-03  -8.2248883e-03  -9.7218823e-04
   7.4544817e-02   3.1975272e-02  -3.3968058e-01  -5.8469800e-04  -7.7895803e-03  -9.3845198e-04
   7.3021989e-02   1.2881068e-01  -3.7016799e-01  -5.7125712e-04  -7.7194085e-03  -1.0642795e-03
   6.4185918e-02   3.5827789e-02  -3.7733880e-01  -4.3713625e-04  -7.5911218e-03  -9.1462266e-04
   8.0451235e-02   1.2713962e-01  -3.4467305e-01  -5.6804298e-05  -8.0275299e-03  -9.4628231e-04
   7.6607901e-02   8.5767428e-02  -3.4598456e-01  -3.4453809e-04  -8.2995397e-03  -6.5750433e-04
   7.4216850e-02   1.3757356e-01  -3.3134911e-01  -1.4539229e-03  -8.1743808e-03  -8.7357285e-04
   8.9244082e-02   1.4673845e-01  -3.6428906e-01  -1.1150647e-03  -9.0443180e-03  -5.8772486e-04
   1.0231139e-01   1.0741361e-01  -3.2220919e-01  -9.8719172e-04  -9.6066908e-03  -4.6433577e-04
   1.0430332e-01   1.5527657e-01  -3.8135691e-01  -1.3739929e-03  -9.8143401e-03  -4.2625462e-04
   1.0108204e-01   1.0054704e-01  -3.4964280e-01  -1.7266276e-03  -9.5077260e-03  -2.8408463e-04
   9.4591430e-02   1.0844383e-01  -3.8256016e-01  -1.6778532e-03  -9.6764572e-03  -3.3767621e-04
   1.0146618e-01   1.1269996e-01  -3.8000609e-01  -2.5857105e-03  -8.8578022e-03  -3.8390794e-04
   9.8166357e-02   8.7492533e-02  -3.7628282e-01  -1.6434700e-03  -9.0081050e-03  -5.4662224e-04
   9.0944974e-02   1.6621240e-01  -3.5026477e-01  -1.5961353e-03  -8.4796051e-03  -5.6552884e-04
   8.5666931e-02   3.7576686e-03  -3.7418023e-01   1.9724085e-04  -8.6850827e-03  -4.3931715e-04
   9.2580715e-02   5.0555377e-02  -2.9388890e-01  -2.0520436e-04  -7.3117256e-03  -6.0464441e-04
   8.3842578e-02   1.5199415e-01  -2.5489707e-01  -7.0515363e-04  -6.9389303e-03  -8.0892411e-04
   7.5749803e-02   9.0417340e-02  -3.3180065e-01  -1.1354501e-03  -7.5155025e-03  -6.8139447e-04
   7.5208470e-02   1.2675238e-01  -3.2171147e-01  -7.9944458e-04  -7.2052919e-03  -8.8289448e-04
   5.9406118e-02   1.0621597e-01  -3.4337304e-01  -1.3233519e-03  -7.2173667e-03  -8.6252045e-04
