   0.0000000e+00  -7.1054274e-15   7.1054274e-15   2.7755576e-17   8.6736174e-19  -3.4694470e-18
   2.1673461e-03   1.9261970e-03   5.0674195e-02   1.1539298e-03  -1.6067205e-04   3.9259989e-05
   1.0410485e-02   2.8914186e-02   2.2610887e-02   7.5262800e-05  -6.4434982e-04  -1.0329530e-04
   9.1369109e-03  -3.2252151e-02  -1.5280383e-02  -7.3631355e-04  -2.9685008e-04  -2.3789607e-04
  -5.2611370e-03   5.7655473e-02   1.6104790e-02  -1.0587526e-03  -2.9542070e-05  -1.0579076e-04
   6.5322267e-03  -2.7867873e-02   3.9311132e-02  -1.0144449e-03   5.3581638e-05  -1.6702096e-04
   1.2177762e-02   2.0857037e-02   7.0174592e-02  -6.7853551e-04   2.0581382e-04  -3.3030106e-04
   6.7738675e-03  -9.6822784e-03   8.2693166e-02  -1.7718574e-04  -4.2890583e-04  -3.5782368e-04
   3.6818073e-03  -1.3857781e-02   5.4274464e-02  -1.0767187e-03  -7.6432748e-04  -7.9625881e-04
   8.0127266e-03   7.9920596e-03   7.1614191e-02  -7.5692829e-04  -1.5030325e-03  -1.1278315e-03
   5.8837965e-03   2.0047652e-02   4.4843412e-02  -1.1422642e-03  -1.6802611e-03  -1.4448948e-03
   9.3475954e-03  -2.4935695e-02   4.3803102e-02  -4.8601070e-04  -2.6339608e-03  -1.8952139e-03
   3.7377728e-03  -3.7679649e-03   3.5148479e-02  -7.2797214e-04  -2.8505242e-03  -2.0830514e-03
   9.1518084e-03   2.4128052e-02  -1.9268089e-03  -1.8025864e-03  -2.8800453e-03  -2.1866934e-03
   1.4599093e-02   1.0458460e-02   1.2902225e-02  -1.1085996e-03  -3.5440216e-03  -2.4137682e-03
   5.0240829e-03   2.3022773e-02  -1.6308036e-02  -1.9487361e-03  -3.4904803e-03  -2.5767799e-03
   5.7479691e-03   4.5930715e-03  -1.8530168e-03  -1.7479887e-03  -3.7813079e-03  -2.7246115e-03
   4.0173337e-03   3.1317799e-02  -2.6612194e-03  -1.8866693e-03  -5.0434222e-03  -3.5258762e-03
   9.9208644e-03   1.7912059e-03  -2.4036364e-02  -2.5131513e-03  -5.8281926e-03  -4.2488427e-03
   5.7607227e-03   7.7128967e-03  -3.8713887e-02  -3.0164955e-03  -5.8049131e-03  -4.3485114e-03
  -9.0273557e-03   3.9630288e-02   1.1421434e-03  -2.4786065e-03  -6.7385949e-03  -5.1615032e-03
  -7.2447275e-03  -1.3514399e-02  -2.6979972e-02  -2.2945277e-03  -6.9029139e-03  -5.2079897e-03
  -7.0765734e-03  -4.9338647e-03  -8.0228926e-02  -4.0127839e-03  -7.1699285e-03  -5.5314783e-03
  -9.5188661e-03   2.5199301e-02  -5.8959394e-02  -3.5809197e-03  -7.4556849e-03  -5.9916123e-03
  -4.6635591e-03   2.7307885e-02  -6.1100099e-02  -3.0820383e-03  -7.4553457e-03  -5.6947334e-03
   1.9058263e-03  -1.3397105e-02  -6.5802570e-02  -2.0160188e-03  -7.3683591e-03  -5.4173230e-03
   1.2039561e-02   3.4517134e-02  -1.4530004e-01  -4.0540107e-03  -7.0658917e-03  -5.5738634e-03
  -9.2046182e-03   5.6403681e-03  -1.0534770e-01  -3.5886389e-03  -6.8159168e-03  -5.3894419e-03
   3.5994271e-02   8.9301958e-02  -2.7564166e-02  -2.6215678e-03  -7.2272522e-03  -5.9705037e-03
   7.9977694e-02  -5.7266718e-02   4.4317517e-02  -7.9412017e-04  -8.0291922e-03  -7.2740876e-03
   3.0408577e-02  -1.1641756e-01   3.7257729e-02  -1.3981854e-03  -7.3531720e-03  -5.9582574e-03
   3.8508219e-02   7.3134977e-03   4.7479312e-02  -2.3868894e-03  -8.0558043e-03  -6.8940282e-03
   3.0144970e-02   4.1768821e-02   5.5140663e-02  -2.5415484e-03  -9.3065807e-03  -7.0135972e-03
   3.4978205e-02  -1.0362832e-02   9.5134828e-02  -1.9539388e-03  -9.4894641e-03  -7.6992749e-03
   1.6404971e-02  -6.0010040e-03   8.8849273e-02  -2.3959484e-03  -9.5671587e-03  -7.6768405e-03
   8.7610730e-03  -1.7314814e-02   2.9891657e-02  -3.6232373e-03  -1.0319321e-02  -8.0934193e-03
   1.7227891e-02   1.4684018e-02   2.8555396e-02  -3.5937022e-03  -1.0963735e-02  -8.6288540e-03
   1.3911566e-02   7.9437830e-04   7.6451918e-02  -2.7145855e-03  -1.1324606e-02  -8.8341876e-03
   9.1477283e-03  -2.3936010e-02   6.4809699e-02  -2.7365929e-03  -1.1201087e-02  -9.0208867e-03
   8.6489978e-03   1.1817139e-03   2.2955093e-02  -3.9723790e-03  -1.1648943e-02  -9.0599561e-03
   2.5479152e-02  -7.1270860e-03   3.0646078e-03  -3.7028215e-03  -1.1878544e-02  -9.2518039e-03
   2.1619435e-02   5.0602667e-03  -5.4398336e-03  -3.8668973e-03  -1.2097952e-02  -9.2694699e-03
   3.4202533e-02   3.8203058e-02  -3.7862329e-02  -4.2839203e-03  -1.2249233e-02  -9.7154116e-03
   1.5124961e-02   1.8799913e-02   1.2148707e-02  -3.5592537e-03  -1.2725986e-02  -1.0095641e-02
   1.1046003e-02   3.0677058e-02  -1.9802317e-02  -4.3306643e-03  -1.2452184e-02  -1.0319567e-02
   1.5044000e-02   3.4665172e-02  -1.1494002e-02  -3.9325557e-03  -1.2584828e-02  -1.0765694e-02
   2.6019440e-02   7.1233802e-02  -2.2921089e-02  -4.5007730e-03  -1.3041820e-02  -1.1092813e-02
   2.7028582e-02   3.4324904e-02  -4.3625446e-03  -3.8206068e-03  -1.3177373e-02  -1.1273484e-02
   2.2877665e-02   4.6718199e-02   3.0307210e-02  -4.8583469e-03  -1.3436030e-02  -1.2146848e-02
   1.0435167e-02   3.2103916e-02   4.4953702e-02  -2.6717598e-03  -1.3735147e-02  -1.2199040e-02
   1.3550766e-02  -1.0858420e-01  -5.5675082e-02  -2.4554002e-03  -1.3096489e-02  -1.1367421e-02
   5.3117396e-03   9.1436540e-02  -7.5495019e-02  -4.8914305e-03  -1.2930165e-02  -1.1932175e-02
   2.3427308e-03   6.0173900e-02  -8.6510132e-02  -4.4627456e-03  -1.3189298e-02  -1.1766543e-02
   5.0769115e-02   1.4874146e-01   1.3563279e-01  -1.1613970e-03  -1.1191843e-02  -1.1414725e-02
   1.5711213e-02  -5.6888247e-02  -8.8933296e-02   3.7447037e-04  -9.4371157e-03  -9.2004899e-03
  -1.3959830e-02   1.3654492e-03  -2.2633977e-01  -2.7074812e-03  -1.0451241e-02  -9.2196569e-03
  -1.4748926e-02   6.5140135e-02  -1.2352183e-01  -2.7420966e-03  -1.1732529e-02  -1.0671134e-02
  -1.9510428e-02   1.0108497e-01  -1.3263885e-01  -3.1412515e-03  -1.2293744e-02  -1.1273310e-02
  -1.7126595e-02   1.1267435e-02  -1.0987034e-01  -3.3209348e-03  -1.2078008e-02  -1.1285316e-02
  -2.5190143e-02   1.0232777e-01  -1.8670110e-01  -5.2968191e-03  -1.2178861e-02  -1.1776419e-02
  -1.9388359e-02   1.6511629e-02  -1.4015902e-01  -3.5033498e-03  -1.2775920e-02  -1.2037497e-02
  -2.3921896e-02   6.6056959e-02  -9.8486364e-02  -3.9716408e-03  -1.3166213e-02  -1.3351080e-02
  -4.2202513e-02   5.5961171e-02  -4.9624261e-02  -3.0810205e-03  -1.3315766e-02  -1.3472662e-02
  -3.3544740e-02   1.1284691e-02  -9.3538343e-02  -4.1048952e-03  -1.3615403e-02  -1.3877342e-02
  -3.0914745e-02   1.1724486e-02  -1.1394406e-01  -3.4869628e-03  -1.3695071e-02  -1.4020848e-02
  -1.9615502e-02   7.4674205e-02  -1.1657133e-01  -3.7369494e-03  -1.4105646e-02  -1.4563528e-02
  -2.8579369e-02  -4.4056880e-03  -1.3266950e-01  -3.2449342e-03  -1.4665608e-02  -1.5355326e-02
  -3.9964802e-02   2.6525025e-02  -1.3611180e-01  -4.0531476e-03  -1.4562872e-02  -1.5861286e-02
  -3.6885167e-02   7.5369693e-02  -1.0637276e-01  -3.1504089e-03  -1.4828961e-02  -1.6136339e-02
  -3.0896383e-02  -2.0200137e-02  -1.0902164e-01  -2.3497837e-03  -1.4892350e-02  -1.6213123e-02
  -2.7881344e-02   3.0518164e-02  -1.1846129e-01  -2.4518682e-03  -1.4647046e-02  -1.6049145e-02
  -2.0633135e-02   7.6265186e-02  -6.3444387e-02  -2.1340517e-03  -1.4469568e-02  -1.6141326e-02
   3.0892053e-03   3.2535172e-02  -1.0981070e-01  -3.0407236e-03  -1.4782728e-02  -1.6192371e-02
  -7.5689618e-03   1.1012351e-02  -5.2857394e-02  -2.2885633e-03  -1.4609609e-02  -1.6761820e-02
   2.9125930e-03   3.9040422e-02  -9.8036124e-02  -1.8363382e-03  -1.4244997e-02  -1.6417703e-02
   7.5759515e-03   1.2980330e-01  -7.1924396e-02  -2.9845333e-03  -1.4068529e-02  -1.6155620e-02
   1.8156710e-02  -4.1137726e-02  -7.2380160e-02  -2.7055257e-03  -1.4700473e-02  -1.6793171e-02
   2.6472998e-02   5.3905992e-02  -8.4257254e-02  -2.1764414e-03  -1.4616226e-02  -1.6480025e-02
   1.2699572e-03   5.5697730e-02  -5.1258313e-02  -1.3709392e-03  -1.4614214e-02  -1.6076566e-02
   1.1395519e-02  -2.5964703e-02  -4.3893524e-02  -2.2296760e-03  -1.4373190e-02  -1.6600730e-02
   8.4203865e-03   7.3501794e-02  -2.0874951e-02  -2.0602365e-03  -1.4533888e-02  -1.6746940e-02
   9.6345026e-03   2.1716355e-02  -4.2387423e-02  -1.9711771e-03  -1.4843252e-02  -1.7182192e-02
   6.1921415e-03   6.3001423e-02   1.1417391e-02  -1.9387510e-03  -1.4751730e-02  -1.7689894e-02
   1.6125841e-02   2.2603440e-03   1.4805081e-02  -1.6738575e-03  -1.4774573e-02  -1.7524401e-02
   8.6481691e-03   6.2891696e-03  -1.8603406e-02  -2.1320509e-03  -1.4984942e-02  -1.7689799e-02
   2.1383340e-02   5.7163458e-02  -1.2184266e-02  -1.6867489e-03  -1.5285242e-02  -1.7694608e-02
   3.0329252e-02   4.0090605e-02  -4.9166122e-03  -1.5999111e-03  -1.5574769e-02  -1.7857392e-02
   1.5711701e-02   4.7706947e-02  -7.9585294e-03  -1.5270291e-03  -1.5558035e-02  -1.8062095e-02
   9.0530098e-03   3.7633565e-02   1.4336311e-02  -1.4723230e-03  -1.5661022e-02  -1.8066858e-02
   1.2147268e-02   4.0466514e-02  -1.4121340e-03  -1.4835481e-03  -1.5581381e-02  -1.8095300e-02
   1.3841330e-02   3.6035366e-02  -1.8481272e-02  -1.8311970e-03  -1.5706248e-02  -1.8375734e-02
   1.9667254e-02   5.8339316e-02  -1.3638732e-03  -1.4139676e-03  -1.5841755e-02  -1.8610901e-02
   1.9813693e-02   5.5394687e-02  -9.7343045e-03  -1.5044228e-03  -1.5984132e-02  -1.8653812e-02
   1.9493375e-02   5.3743970e-02   9.5218269e-03  -1.3762394e-03  -1.5871441e-02  -1.8726368e-02
   7.3544042e-03   7.1960036e-02   1.6258409e-02  -1.2452944e-03  -1.5788866e-02  -1.8675905e-02
   1.4374200e-02   2.2323683e-02   3.0131582e-02  -8.9961633e-04  -1.5663962e-02  -1.8815951e-02
   2.4927258e-02   5.0277655e-02   2.4201607e-03  -2.9111516e-04  -1.5443267e-02  -1.8644030e-02
   5.1947556e-02   1.3506337e-01   3.1288449e-02  -1.3769871e-03  -1.5464394e-02  -1.8636147e-02
   3.1107630e-02  -2.1081326e-02  -7.7234543e-02  -1.8204814e-03  -1.5795221e-02  -1.7503824e-02
   2.6264512e-02   6.4498806e-02  -1.6081199e-01  -2.1626345e-03  -1.5622787e-02  -1.6715751e-02
   5.7463420e-03   2.6580479e-02  -6.9592689e-02  -1.4801550e-03  -1.5208783e-02  -1.6400577e-02
   1.6605360e-02   3.8289636e-02  -8.6499213e-02  -2.6913697e-03  -1.5265974e-02  -1.7053958e-02
   4.1892199e-03   2.5259861e-02  -7.5793243e-02  -1.6981516e-03  -1.5122408e-02  -1.7018249e-02
   2.1873906e-02  -1.4097829e-02  -5.3971684e-02  -1.4585192e-03  -1.4289965e-02  -1.7059814e-02
   4.8397456e-02  -4.6353686e-03  -2.7712993e-02  -1.4162346e-03  -1.4360837e-02  -1.7218398e-02
   5.2368947e-02   3.2850724e-02  -3.6974733e-03  -1.1372963e-03  -1.5126106e-02  -1.7768541e-02
   4.2970544e-02   1.3298424e-02  -4.5071506e-03  -1.6154103e-03  -1.5637048e-02  -1.8046207e-02
   5.3555381e-02   1.8795801e-02  -1.1590064e-02  -1.3112830e-03  -1.5443647e-02  -1.8263494e-02
   6.6500339e-02   1.5637811e-02   3.6376917e-02  -2.7635459e-04  -1.5182482e-02  -1.8196883e-02
   1.1150220e-01   6.7210000e-02   9.7597814e-02  -1.0508774e-03  -1.5488966e-02  -1.8473482e-02
   1.3453432e-01   1.1801296e-01   1.2167288e-01  -3.7732992e-04  -1.5878956e-02  -1.9189108e-02
   1.3539735e-01  -7.5465105e-02   6.0955787e-02  -1.9530814e-04  -1.6134235e-02  -1.9775448e-02
   9.7977000e-02  -1.0837864e-01   1.1762080e-01   1.9149023e-04  -1.6507614e-02  -1.9441337e-02
   1.0708757e-01   3.3329732e-02   1.7114993e-01   1.1813722e-03  -1.6807613e-02  -1.9938119e-02
   1.1469408e-01   3.4765208e-02   1.6334752e-01   8.5906107e-04  -1.6611142e-02  -1.9957192e-02
   1.3809168e-01   5.5017910e-02   1.3690182e-01  -9.6309961e-04  -1.6871487e-02  -2.0559664e-02
   1.3435800e-01   1.9951731e-02   1.8158241e-01   3.7932229e-04  -1.6798051e-02  -2.0785530e-02
   1.3101431e-01  -5.9059860e-02   1.5034099e-01   1.5383595e-03  -1.6659469e-02  -1.9738564e-02
   1.3590465e-01   5.1805479e-02   1.3838534e-01  -3.0616895e-04  -1.6529127e-02  -2.0250637e-02
   1.3674333e-01   9.9266706e-02   9.9113799e-02  -4.6374211e-04  -1.6731300e-02  -2.0516322e-02
   1.4061211e-01  -1.5727387e-02   1.3955651e-01   9.3139678e-04  -1.6674485e-02  -2.0831798e-02
   1.5167869e-01   9.1024259e-02   1.2679774e-01   2.1512988e-04  -1.6865449e-02  -2.1236837e-02
   1.5225443e-01   5.5327097e-03   1.4384219e-01   9.7228922e-04  -1.6856900e-02  -2.1178822e-02
   1.4694156e-01   3.8516215e-02   3.6622713e-02   3.3875089e-04  -1.6897483e-02  -2.0943379e-02
   1.3754151e-01   1.3115945e-01   5.7257342e-02   2.0581619e-04  -1.6891983e-02  -2.0410481e-02
   1.3749535e-01  -1.3165503e-02   5.7648661e-02   8.2229873e-04  -1.7043391e-02  -2.0434684e-02
   1.5987281e-01   8.9629074e-02   1.3214802e-02   4.9645003e-04  -1.7708892e-02  -2.0513918e-02
   1.6509672e-01   1.2214279e-01   4.4850529e-02  -3.7446017e-05  -1.7776120e-02  -2.0679471e-02
   2.0775833e-01   5.9476860e-02   5.6989320e-02  -9.1871436e-04  -1.5491740e-02  -1.7112085e-02
