   0.0000000e+00   0.0000000e+00  -3.5527137e-15   6.9388939e-18   1.7347235e-18  -1.2037062e-35
   4.5604850e-03   7.3541173e-02   1.4035586e-01   5.8021719e-04  -5.4138253e-06   2.4894876e-04
  -1.6454787e-02   1.2247097e-02   3.2528938e-02  -1.4793119e-04   1.4929279e-04   3.1472362e-04
  -2.3497393e-02   6.7501824e-02   9.8569626e-02  -9.3557674e-05   4.7388257e-04   4.8553461e-04
  -1.8896431e-02   4.1764789e-02   8.6436089e-02  -1.7353642e-04   6.1604210e-04   5.1969716e-04
   5.9583406e-03   7.6993444e-02   1.5007712e-01  -1.2795290e-05   5.7492095e-04   3.2261639e-04
  -1.0928744e-02   4.3960354e-02   1.1363784e-01  -6.3401872e-04   1.0648734e-03   3.6790102e-04
  -7.4374495e-03   1.0237654e-01   1.5519215e-01  -7.0537548e-04   1.3532450e-03   4.6085262e-04
  -6.5167988e-03   1.0721609e-01   1.2704391e-01  -1.0954657e-03   1.1013453e-03   5.3021056e-04
  -5.8170852e-03   1.0546759e-01   1.6204775e-01  -4.3963947e-04   1.3555554e-03   3.9786193e-04
  -7.9835820e-03   1.2467202e-01   1.2692210e-01  -8.7551781e-04   1.4903114e-03   5.8099319e-04
   7.3387564e-03   1.2096285e-01   1.3307135e-01  -8.4073791e-04   1.5546959e-03   5.9813461e-04
  -1.5041226e-02   1.1052229e-01   6.7585028e-02  -7.5128722e-04   2.0477268e-03   7.9301914e-04
  -2.3437282e-03   1.0825200e-01   8.8356322e-02  -5.4033830e-04   1.8916835e-03   7.8469385e-04
   6.6369842e-03   1.5019272e-01   1.5464298e-01  -8.6596724e-04   2.1758826e-03   1.1388488e-03
   6.6310670e-03   1.2269267e-01   1.2887366e-01  -7.5596206e-04   2.2598595e-03   1.1072620e-03
  -4.4826128e-03   1.3126830e-01   1.6296996e-01  -6.2765317e-04   2.4170186e-03   1.2382236e-03
  -6.6512382e-03   1.3079200e-01   1.2546021e-01  -9.3838086e-04   2.5984068e-03   1.3971949e-03
  -7.5207213e-03   1.1969850e-01   1.5513403e-01  -1.0137676e-03   3.1083566e-03   1.6867128e-03
  -5.2373477e-03   1.0656971e-01   1.4939129e-01  -1.1048793e-03   3.3248364e-03   2.0465715e-03
  -1.4070197e-02   1.4261438e-01   1.6942882e-01  -1.2260525e-03   3.7165280e-03   2.0280692e-03
  -1.9779636e-02   1.0945629e-01   1.2354621e-01  -1.1699195e-03   3.8994024e-03   1.9968799e-03
  -3.0523625e-02   1.5350077e-01   1.8334190e-01  -1.2125542e-03   4.1835176e-03   2.4115023e-03
  -1.3943088e-02   1.0295339e-01   1.1667261e-01  -9.8167575e-04   3.8340376e-03   2.4744964e-03
   2.4392629e-02   1.3545021e-01   1.5468368e-01  -7.1325256e-04   3.4296620e-03   2.4245827e-03
   1.1658164e-02   5.8143004e-02   1.1566884e-01   3.1095851e-04   3.6889210e-03   2.2165387e-03
  -2.1699234e-02   2.0397022e-01   2.2884196e-01  -1.0537079e-03   4.0533624e-03   3.2315215e-03
  -3.4799361e-02   6.4387305e-02  -3.3651570e-02  -3.1446728e-04   4.0027077e-03   3.0249058e-03
  -1.6469403e-02   2.0813550e-01   1.3838080e-01  -1.5671874e-03   3.9162761e-03   3.6033985e-03
  -2.0987515e-02   7.3629594e-02  -3.3818247e-03  -7.9513829e-04   4.0574229e-03   3.5274920e-03
  -1.5563342e-02   1.9503635e-01   7.9883244e-02  -1.5225691e-03   3.9910429e-03   3.9802597e-03
   6.7803576e-03   1.0759205e-01   8.2475316e-02  -1.7771874e-03   4.4679652e-03   4.5257122e-03
  -2.0819223e-02   1.7736447e-01   1.2492859e-01  -1.6533085e-03   5.0535969e-03   4.9762800e-03
  -3.1190716e-02   1.4352786e-01   1.3430566e-01  -1.3363427e-03   5.4101377e-03   5.2228774e-03
  -3.5848293e-02   1.5471989e-01   1.2478024e-01  -1.4978820e-03   5.5644444e-03   4.9904962e-03
  -3.5777874e-02   1.9074673e-01   1.4269091e-01  -1.9199291e-03   5.7028963e-03   5.1355016e-03
  -4.5631094e-02   1.3522114e-01   1.0099193e-01  -1.8371624e-03   5.7182515e-03   5.1306268e-03
  -3.6297351e-02   2.0694550e-01   1.4325153e-01  -2.2259502e-03   6.0319675e-03   5.1732314e-03
  -4.9944240e-02   1.4587825e-01   7.5210462e-02  -2.1662502e-03   5.9861476e-03   5.0730533e-03
  -3.9830606e-02   1.8478008e-01   1.2754170e-01  -2.3736040e-03   6.2339241e-03   5.0351122e-03
  -3.7997621e-02   1.8290599e-01   1.6763289e-01  -2.2716413e-03   6.4190949e-03   5.1729503e-03
  -2.5261909e-02   1.8522259e-01   1.3412524e-01  -2.3286987e-03   6.6172632e-03   5.0078753e-03
  -3.9666199e-02   1.8566933e-01   1.6871536e-01  -1.9697017e-03   6.6527728e-03   5.1105249e-03
  -3.2269795e-02   1.9796259e-01   9.8989528e-02  -2.5629213e-03   6.9510450e-03   4.9622614e-03
  -4.1980426e-02   2.1105800e-01   1.9214130e-01  -2.2837403e-03   7.0258281e-03   5.4645692e-03
  -5.0599300e-02   1.9816221e-01   1.4722900e-01  -2.2818434e-03   7.5121461e-03   5.3714916e-03
  -6.4077676e-02   2.0593335e-01   2.1631802e-01  -1.8024100e-03   7.5843726e-03   5.4767944e-03
  -6.7049978e-02   2.1169654e-01   1.1685295e-01  -2.0010390e-03   7.5451837e-03   5.3402341e-03
  -5.6069586e-02   1.9663025e-01   2.2005789e-01  -1.9587265e-03   7.3948823e-03   5.5849174e-03
  -5.6384824e-02   1.9449374e-01   5.8312732e-02  -2.0360203e-03   7.3646271e-03   5.3484643e-03
  -4.8484944e-02   2.1797664e-01   1.6865565e-01  -1.8248507e-03   6.5148872e-03   4.8891269e-03
  -9.9208890e-02   1.2670630e-01   9.6387899e-02  -4.3400308e-04   6.2367583e-03   5.6658575e-03
  -9.0994687e-02   1.8977076e-01   1.2246880e-01  -2.4192978e-03   5.9916361e-03   5.9932172e-03
  -1.1236400e-01   1.7072604e-01   1.0881129e-01  -2.3963683e-03   6.5510521e-03   6.2539358e-03
  -8.6122350e-02   1.9460877e-01   1.1273014e-01  -2.9802075e-03   6.6658180e-03   6.4184833e-03
  -1.0777221e-01   1.8741645e-01   1.9670541e-01  -2.5337187e-03   7.3073076e-03   6.6175254e-03
  -9.8419819e-02   2.2063251e-01   1.7830539e-01  -2.8698069e-03   7.5987131e-03   6.6209116e-03
  -1.0987101e-01   2.0386031e-01   1.7647498e-01  -2.3086145e-03   7.6222061e-03   6.6521134e-03
  -1.1854698e-01   2.4545281e-01   2.1561582e-01  -2.6154608e-03   8.1111864e-03   6.6156104e-03
  -1.2170067e-01   1.9646459e-01   1.8247362e-01  -2.5219016e-03   8.3030062e-03   6.5945919e-03
  -1.1626778e-01   2.5497356e-01   2.1589414e-01  -2.6954764e-03   8.5728182e-03   6.6301251e-03
  -1.1821919e-01   2.1263789e-01   2.1507291e-01  -2.4920512e-03   8.6696990e-03   6.5260640e-03
  -1.0802966e-01   2.3401098e-01   2.1710410e-01  -2.7112142e-03   8.8149512e-03   6.4652283e-03
  -1.1231261e-01   2.3399942e-01   2.3338199e-01  -2.2740096e-03   9.0636408e-03   6.5160582e-03
  -1.0409037e-01   2.3612649e-01   2.0546070e-01  -2.5499213e-03   8.8316508e-03   6.4860284e-03
  -1.2206835e-01   2.4432517e-01   2.2198824e-01  -2.5959643e-03   9.1172049e-03   7.0162236e-03
  -1.1692629e-01   2.3440614e-01   1.9373832e-01  -2.7698499e-03   9.2152399e-03   6.8231790e-03
  -1.2081607e-01   2.5123634e-01   2.2684993e-01  -2.5680515e-03   9.4343008e-03   6.9524398e-03
  -1.1650716e-01   2.5175097e-01   1.9411799e-01  -2.5234760e-03   9.6026694e-03   6.8391361e-03
  -1.1697129e-01   2.6637960e-01   2.6435725e-01  -2.1040649e-03   9.6348197e-03   7.0003254e-03
  -1.1606561e-01   2.6425985e-01   1.9294191e-01  -2.5536429e-03   9.8312639e-03   6.9532210e-03
  -1.1624591e-01   2.5240582e-01   2.7535612e-01  -2.0596100e-03   9.8055732e-03   7.0821532e-03
  -1.3098929e-01   2.3990383e-01   2.1329081e-01  -1.9740120e-03   9.8976074e-03   7.1096488e-03
  -1.2642129e-01   2.5292602e-01   3.2099336e-01  -1.3573417e-03   1.0012984e-02   7.0718683e-03
  -1.2434106e-01   1.5815983e-01   1.3581574e-01   1.8242993e-04   9.7906408e-03   6.2240949e-03
  -1.2647604e-01   2.6418942e-01   2.0269936e-01  -1.4614917e-03   9.1996205e-03   6.2438949e-03
  -1.2526293e-01   3.2045485e-01   3.7464475e-01  -2.8551242e-04   9.0881200e-03   6.5569736e-03
  -1.5036813e-01   1.8796242e-01   1.7785554e-01  -1.0225889e-03   9.4093919e-03   7.0793441e-03
  -1.4630374e-01   2.0357431e-01   1.1883261e-01  -1.6130324e-03   8.9186407e-03   6.7922242e-03
  -1.3370184e-01   2.1752357e-01   1.0449278e-01  -1.8667818e-03   8.3708090e-03   6.8757736e-03
  -1.3963315e-01   2.1293108e-01   2.2057442e-01  -8.7188435e-04   8.7842714e-03   8.0305968e-03
  -1.4311518e-01   1.6666915e-01   1.5303721e-01  -7.5167206e-04   8.9398683e-03   7.8535766e-03
  -1.5859935e-01   2.6126988e-01   2.8857706e-01  -9.7292460e-04   9.2355380e-03   8.1825577e-03
  -1.6289980e-01   2.5695563e-01   3.2167826e-01  -8.7298037e-04   9.2881036e-03   8.4657486e-03
  -1.7993047e-01   2.1503135e-01   2.7590020e-01  -4.1746964e-04   9.5248099e-03   8.5767191e-03
  -1.6090167e-01   2.7469202e-01   2.8602396e-01  -9.5962611e-04   9.5485408e-03   8.4001115e-03
  -1.6668028e-01   1.9580806e-01   2.1936127e-01  -6.2635193e-04   9.3888114e-03   8.1551104e-03
  -1.5744513e-01   2.4125450e-01   2.1225290e-01  -1.1003473e-03   9.2492554e-03   8.4621514e-03
  -1.6516864e-01   2.4712950e-01   2.6024457e-01  -9.8351646e-04   9.5210207e-03   8.7018782e-03
  -1.6909177e-01   2.1699306e-01   2.1585152e-01  -1.0663933e-03   9.4355280e-03   8.4697919e-03
  -1.6968637e-01   2.6625520e-01   2.9190466e-01  -6.8827066e-04   9.3172749e-03   8.7675053e-03
  -1.6461968e-01   1.9389745e-01   1.6969549e-01  -8.9303103e-04   9.3098669e-03   8.4514470e-03
  -1.6957095e-01   2.8740611e-01   2.7612554e-01  -9.2992355e-04   9.5208933e-03   8.6489285e-03
  -1.7469749e-01   1.7585352e-01   1.3147159e-01  -7.5435318e-04   8.7842779e-03   8.2830522e-03
  -1.7369958e-01   2.7379019e-01   2.3165768e-01  -7.4239882e-04   8.3324787e-03   8.3796344e-03
  -1.8691013e-01   2.1871877e-01   2.2747399e-01  -4.4936008e-04   8.7494465e-03   8.8010802e-03
  -1.7611997e-01   2.5842844e-01   3.1197042e-01   4.0799990e-04   8.7503480e-03   8.7668147e-03
  -1.8628403e-01   2.6816401e-01   2.2954145e-01  -1.0543336e-03   8.2579807e-03   8.8953585e-03
  -1.6700315e-01   2.2536881e-01   2.8303072e-01   6.3220108e-04   7.4386442e-03   8.1991115e-03
  -1.5825752e-01   2.2265147e-01   2.4945942e-01   1.0173293e-03   7.2431964e-03   7.9956523e-03
  -1.5812845e-01   2.6797948e-01   2.2407107e-01  -1.1806801e-03   6.8330880e-03   7.7245129e-03
  -1.7365416e-01   2.4294822e-01   1.4705995e-01  -7.5460342e-04   6.5828699e-03   7.9552801e-03
  -1.5755775e-01   2.5536376e-01   1.5244534e-01  -1.1298289e-03   6.1163022e-03   7.6795995e-03
  -1.6492536e-01   2.3076390e-01   2.3434238e-01  -8.9937108e-04   6.3643636e-03   8.0369578e-03
  -1.5990923e-01   2.4169131e-01   2.1152517e-01  -1.0080759e-03   6.5742994e-03   7.6728024e-03
  -1.6548311e-01   3.3104240e-01   3.7142207e-01  -8.4235874e-04   6.4975599e-03   7.9955600e-03
  -1.5794411e-01   2.2391953e-01   1.6070227e-01  -5.7518085e-04   6.4490042e-03   7.5210158e-03
  -1.5079515e-01   2.3582568e-01   1.7446042e-01  -6.2594189e-04   6.4229938e-03   7.4769180e-03
  -1.5040799e-01   2.9574120e-01   2.8196341e-01  -9.7062966e-04   6.8272301e-03   7.7687591e-03
  -1.5235305e-01   2.4632423e-01   2.4623983e-01  -7.5716527e-04   6.7127660e-03   7.3963124e-03
  -1.5297653e-01   2.7038542e-01   2.7653027e-01  -8.0707118e-04   7.0041741e-03   7.5729739e-03
  -1.5174669e-01   3.1969212e-01   3.1977130e-01  -8.6367500e-04   7.1482180e-03   7.8109058e-03
  -1.6010927e-01   2.5640616e-01   2.4478421e-01  -7.5668226e-04   7.0828998e-03   7.7678697e-03
  -1.5567630e-01   2.8644027e-01   2.8381157e-01  -8.1903197e-04   7.2405896e-03   7.7050193e-03
  -1.5882971e-01   2.9131115e-01   2.9793563e-01  -7.7570816e-04   7.4136826e-03   7.8070239e-03
  -1.6825514e-01   2.4568153e-01   2.3014810e-01  -7.1562224e-04   7.9403657e-03   7.8253641e-03
  -1.6607236e-01   3.3173315e-01   3.0433329e-01  -9.5899174e-04   7.9272091e-03   8.0827326e-03
  -1.6873907e-01   2.6706673e-01   2.6237231e-01  -6.2797322e-04   7.9413007e-03   8.2745055e-03
  -1.6682267e-01   3.2368544e-01   2.8956694e-01  -8.3518524e-04   8.1277163e-03   8.3930267e-03
  -1.7434511e-01   3.0992428e-01   2.6768768e-01  -9.9716876e-04   8.2776337e-03   8.7076962e-03
  -1.6830059e-01   3.2237858e-01   2.9265778e-01  -1.0881013e-03   8.4514495e-03   8.7537502e-03
  -1.7554571e-01   3.3202788e-01   2.7359787e-01  -1.0856498e-03   8.7150578e-03   8.7138548e-03
  -1.7067838e-01   3.1843799e-01   3.4278332e-01  -2.7577537e-04   8.9716098e-03   8.6464892e-03
  -1.6100767e-01   3.1586759e-01   2.1006213e-01  -1.0645647e-04   8.9067578e-03   8.0856562e-03
  -1.5978012e-01   3.1799154e-01   2.2523688e-01  -5.5958548e-04   8.3327104e-03   7.7961054e-03
  -1.6778612e-01   2.9459217e-01   2.4796250e-01   3.2391409e-04   8.3038369e-03   8.1702758e-03
  -1.7305544e-01   3.3047131e-01   1.6781655e-01  -1.4731906e-03   8.3984399e-03   8.2967593e-03
  -1.6600907e-01   3.0683286e-01   3.3638596e-01  -2.0233303e-04   8.1777560e-03   8.2758180e-03
  -1.8812564e-01   3.1565404e-01   1.6154125e-01  -6.3719739e-04   7.9980529e-03   8.3505156e-03
