   0.0000000e+00   0.0000000e+00   0.0000000e+00   0.0000000e+00   0.0000000e+00   0.0000000e+00
  -1.1005369e-02  -7.5648442e-03   3.1500565e-02  -1.8475718e-04  -1.6458955e-04   3.3398699e-04
   1.3835185e-02   5.8403997e-03   4.8550673e-02  -3.6266643e-04   3.1161101e-04   9.3592449e-05
   2.2610363e-02   9.3128868e-03   4.2605907e-03  -1.5365709e-03   4.4070426e-04   4.1316314e-05
  -2.0138067e-02   2.4957048e-02   1.1502220e-01  -5.3469385e-04   5.3193179e-04   1.7274866e-03
  -1.6084331e-02   5.4114293e-03   1.1797701e-01  -1.1146225e-04   1.3518270e-03   2.5605325e-03
   3.6405681e-02   1.0348599e-02   9.2622403e-02  -9.7287032e-04   1.0239177e-03   1.1277504e-03
   6.0271258e-02  -1.0696951e-02   5.5719313e-02  -1.0016950e-03   5.0980711e-04   6.1053306e-04
   6.1771121e-02   4.5818062e-03  -3.9121049e-03  -1.3474915e-03   2.8846534e-04   1.5919230e-04
   6.1412112e-02   1.3098157e-02   1.2882718e-02  -1.0458595e-03   2.5313823e-04   6.8040664e-05
   7.8563602e-02   3.0204669e-02   1.1022895e-01   3.4943537e-04   3.6193681e-04  -4.8533115e-04
   7.9684170e-02   2.7646470e-02   9.3484292e-02  -2.2718142e-04   1.9353344e-04  -7.1156867e-04
   8.9400622e-02   2.6227874e-02   4.5664500e-02  -9.4623866e-04  -2.4461920e-04  -8.5801156e-04
   9.3875294e-02   4.9001395e-02   1.5447680e-02  -6.1229219e-04  -5.3083160e-04  -1.4784914e-03
   6.8065969e-02   2.5199848e-02   1.5973693e-02  -1.1469371e-03  -4.8184814e-04  -1.1934110e-03
   8.3718442e-02   2.2412201e-02   5.2278670e-02  -8.6062673e-04  -4.3957577e-04  -1.3311025e-03
   9.1047661e-02   1.7123600e-02   6.1258672e-03  -1.4360997e-03  -4.4028379e-04  -1.3042964e-03
   7.7519286e-02   1.0625272e-02   1.3610490e-02  -1.1594520e-03  -5.8815323e-04  -1.4109682e-03
   1.0086017e-01   1.7389003e-02   8.0066705e-02  -6.2994975e-04  -4.5669421e-04  -1.8705842e-03
   1.0069040e-01   3.6325904e-02   2.8178197e-02  -1.0384293e-03  -4.7695875e-04  -1.8042454e-03
   8.8357705e-02   4.9896143e-02   3.6052725e-02  -7.0576226e-04  -5.8593082e-04  -1.6049381e-03
   7.8265487e-02   2.5190965e-02   6.4159231e-02  -2.5185609e-04  -5.0725673e-04  -1.6213122e-03
   1.0751463e-01   2.3229064e-02   5.5969372e-02  -1.0373550e-03  -5.2586112e-04  -1.8172883e-03
   1.0747070e-01   2.3493112e-02   3.7838805e-02  -8.0062277e-04  -4.5847369e-04  -1.6768292e-03
   7.8181615e-02   3.0203052e-02   3.1369091e-02  -4.6691672e-04  -9.0264125e-04  -1.1783618e-03
   8.0607338e-02   4.3031304e-02   1.0127162e-01   3.8259361e-04  -8.4650965e-04  -1.3415783e-03
   9.7014598e-02   4.7483085e-02   3.6889866e-02  -4.0790266e-04  -8.4206713e-04  -1.5234487e-03
   9.7254205e-02   1.7274913e-02   3.3005090e-02  -4.6988125e-04  -1.0395925e-03  -1.4423545e-03
   1.1583922e-01  -1.5939635e-03   6.0273062e-02  -8.2310797e-04  -1.3885743e-03  -1.3250821e-03
   1.1023209e-01   2.7725062e-03   1.4453295e-02  -1.0223456e-03  -1.5395226e-03  -1.4566761e-03
   8.7392129e-02  -8.3147591e-03  -5.8088760e-02  -1.2369711e-03  -1.2001942e-03  -1.4782725e-03
   1.1952894e-01   2.0209901e-02   4.2536704e-02  -4.5061006e-04  -7.8584583e-04  -1.8601482e-03
   9.4192616e-02   5.4647839e-03  -1.5958417e-02  -1.1461485e-03  -1.1897995e-03  -1.7202311e-03
   1.0555110e-01   4.6452943e-02  -2.3021528e-02  -1.1608451e-03  -9.9041426e-04  -1.6061452e-03
   1.0215498e-01   1.8818059e-02   6.8474595e-02  -5.9649602e-04  -1.2673060e-03  -1.5635214e-03
   8.6699955e-02   1.4933244e-02   8.6395509e-02  -1.7711883e-04  -1.2737887e-03  -1.5664791e-03
   1.0424622e-01   1.1864003e-02  -6.8277552e-03  -1.2549283e-03  -1.1162492e-03  -1.6472796e-03
   1.0579321e-01   3.5869454e-03   5.5362944e-02  -4.4284603e-04  -1.2161405e-03  -1.7212256e-03
   1.1648701e-01   2.7060684e-02   8.9232270e-02  -7.0406448e-04  -1.2187883e-03  -1.9274248e-03
   9.9365104e-02   4.2251660e-02   7.0020666e-02  -3.6225875e-04  -1.2204338e-03  -2.0335926e-03
   8.7248553e-02   2.9840274e-02  -2.9620940e-02  -1.1184999e-03  -1.0443274e-03  -1.8148969e-03
   1.1540229e-01   4.2188957e-02   6.9006484e-02  -5.1704019e-04  -1.4236531e-03  -1.6641837e-03
   8.8880753e-02   3.5492584e-02   3.5451577e-03  -5.4366792e-04  -1.1653691e-03  -1.9174948e-03
   9.8730021e-02   4.7133799e-02  -5.2001508e-02  -1.9454224e-03  -9.9998954e-04  -1.8265967e-03
   1.1703144e-01   4.3037234e-02   4.8941596e-02  -6.3471324e-04  -1.1420903e-03  -1.9178812e-03
   8.4892597e-02   4.9096685e-02   6.7562788e-02  -2.6914215e-04  -9.3589497e-04  -2.2494064e-03
   1.1970698e-01   3.2444218e-02  -9.2448509e-03  -1.2939976e-03  -8.3723158e-04  -2.1286497e-03
   1.1786682e-01   4.7980005e-02   4.8708719e-02  -2.2370608e-04  -9.5754530e-04  -2.0967250e-03
   1.0033166e-01   1.3543555e-02   1.1864827e-02  -8.2338057e-04  -9.8044284e-04  -1.8623188e-03
   1.0727645e-01   4.4422378e-02   2.3781945e-02  -7.9481353e-04  -1.1665649e-03  -2.1699213e-03
   7.7689109e-02   7.1645253e-02  -1.5888024e-02  -8.4146690e-04  -1.3020894e-03  -1.8409996e-03
   9.1139263e-02   5.1193050e-02   2.6425045e-02  -2.7971899e-04  -1.0051236e-03  -1.9387892e-03
   8.2764881e-02   3.7929325e-02  -9.2115277e-03  -1.2507837e-03  -1.1189142e-03  -2.0075542e-03
   1.0654022e-01   3.2935837e-02  -6.1845990e-02  -1.8049115e-03  -7.8013625e-04  -1.7469100e-03
   1.2483422e-01   4.5655746e-02   3.8946890e-03  -5.7943039e-04  -6.3662785e-04  -1.8937067e-03
   1.0715872e-01   2.6104123e-02  -5.3810498e-02  -1.7711165e-03  -6.2978009e-04  -1.8060643e-03
   1.1645528e-01   6.2560561e-02  -7.9855786e-02  -1.3783338e-03  -4.3960720e-04  -2.2400027e-03
   9.4312574e-02   6.4969988e-02  -9.4137157e-02  -1.4946066e-03  -7.0684049e-04  -2.0203048e-03
   1.1014747e-01   6.9784744e-02   1.8241617e-02  -4.0911122e-04  -4.5890475e-04  -2.2047167e-03
   9.9535507e-02   8.2661476e-02   7.4580293e-02   1.1752306e-04  -3.1439793e-04  -2.1776578e-03
   8.2696842e-02   6.1556844e-02   5.5491903e-03  -7.0136491e-04  -6.6043957e-04  -1.9231830e-03
   7.0603431e-02   5.5344344e-02   4.8507788e-02  -1.5191490e-04  -5.7912074e-04  -1.8016318e-03
   8.8265167e-02   3.2449363e-02   6.7348087e-02  -5.2244143e-04  -7.6355985e-04  -1.6719664e-03
   9.9022195e-02   2.1177794e-02  -4.3774013e-02  -1.4061092e-03  -6.4079539e-04  -1.9345636e-03
   8.1362251e-02   4.9985842e-02  -2.1850607e-03  -4.3165719e-04  -7.0520480e-04  -2.0864042e-03
   1.0562373e-01   4.3081786e-02   6.2527145e-02  -6.0090596e-05  -7.6156951e-04  -1.7667622e-03
   7.5635564e-02   5.0197639e-02   2.0620752e-03  -3.7313745e-04  -1.0023587e-03  -1.8293441e-03
   9.6475880e-02   5.7124181e-02  -3.9683386e-02  -8.8791572e-04  -8.7827559e-04  -2.0141170e-03
   9.4937901e-02   1.4071178e-02  -5.3615198e-02  -1.0872402e-03  -9.0767525e-04  -1.6767428e-03
   1.3122245e-01   3.9994767e-02  -5.9982813e-02  -1.8939847e-03  -6.2353488e-04  -1.6890270e-03
   1.4375212e-01   3.1276198e-02  -4.1539511e-02  -1.8227880e-03  -5.9319417e-04  -1.8915359e-03
   1.4228047e-01   4.8466875e-02  -1.0616234e-01  -2.0565022e-03  -4.6807967e-04  -1.8824734e-03
   1.1217810e-01   5.0214040e-02  -5.5835656e-02  -1.3838362e-03  -7.6509672e-04  -1.8589235e-03
   1.2497532e-01   6.6877900e-02  -2.4549618e-03  -5.7105051e-04  -9.5311031e-04  -1.7988133e-03
   1.0604825e-01   6.2813711e-02   7.5167300e-03  -1.0337904e-03  -8.1176968e-04  -1.7184071e-03
   1.2474649e-01   5.8502968e-02  -6.0099033e-02  -1.1036141e-03  -5.7331848e-04  -2.0459643e-03
   1.2063335e-01   6.1836434e-02  -4.1201403e-02  -8.8104304e-04  -6.8578963e-04  -1.9106892e-03
   1.2887937e-01   5.5822079e-02  -2.3955786e-02  -9.3581449e-04  -8.0539182e-04  -1.9450219e-03
   1.5185847e-01   6.5394417e-02  -5.0695185e-02  -8.1308411e-04  -7.6207014e-04  -2.2822380e-03
   1.2993319e-01   2.3206201e-02  -1.0080819e-01  -1.1494553e-03  -7.4255404e-04  -2.1583352e-03
   1.3742414e-01   5.0820725e-02  -5.7081232e-03  -5.6822515e-04  -2.2579809e-04  -2.3564104e-03
   8.8357004e-02   3.7670706e-02  -8.6574013e-02  -1.0946340e-03  -8.6360907e-04  -2.1352338e-03
   1.0357129e-01   7.4083217e-02  -9.1774754e-02  -9.2140592e-04  -4.1679114e-04  -2.2863214e-03
   1.3057725e-01   7.6229053e-02   5.2583368e-02   2.0179534e-04  -3.6143728e-04  -2.5206919e-03
   8.6837082e-02   5.9354558e-02  -4.0365912e-02  -3.2983647e-04  -3.2479317e-04  -2.6272543e-03
   1.1115175e-01   6.5552609e-02  -8.6489296e-02  -1.5404100e-03  -1.4158474e-04  -2.4439658e-03
   1.4179019e-01   6.6289053e-02  -5.2477096e-02  -2.0595408e-03  -4.1846684e-04  -2.2151310e-03
   1.6014045e-01   4.5642319e-02  -5.9474742e-02  -2.0037347e-03  -3.5409056e-04  -2.2507719e-03
   1.7052508e-01   7.3908926e-02  -5.1203264e-02  -1.4929781e-03  -9.0266817e-05  -2.4069120e-03
   1.3657472e-01   7.1021564e-02  -1.3920955e-01  -2.5590911e-03  -5.7427385e-04  -2.2403252e-03
   1.3740860e-01   6.9375914e-02  -2.1169860e-02  -1.1486426e-03  -5.6393980e-04  -2.2580029e-03
   1.5252675e-01   8.0847486e-02  -2.1387822e-02  -8.2080936e-04  -3.7332151e-04  -2.6510235e-03
   1.3958133e-01   7.8524393e-02  -8.1856458e-02  -1.4879757e-03  -9.6142905e-04  -2.6109806e-03
   1.0520122e-01   7.4844012e-02  -5.9975487e-02  -9.1170560e-04  -1.4224547e-03  -2.4470331e-03
   1.3012634e-01   7.1947945e-02   1.1551770e-02  -8.6244517e-04  -1.2256775e-03  -2.8391527e-03
   9.5527811e-02   5.4696931e-02  -6.2516944e-02  -1.2385659e-03  -1.3970258e-03  -2.9615674e-03
   9.3909928e-02   5.0445802e-02  -1.6199193e-02  -9.4552078e-04  -1.4414138e-03  -2.7192842e-03
   9.1357076e-02   4.9355078e-02   4.1077238e-03  -8.8031587e-04  -1.6074251e-03  -2.7333800e-03
   1.3110092e-01   5.4813984e-02  -7.3792842e-03  -1.2679196e-03  -8.4407878e-04  -3.1680440e-03
   1.0834051e-01   5.6284102e-02  -2.7823249e-02  -1.3744872e-03  -1.2009530e-03  -3.1575737e-03
   8.1180828e-02   2.2428887e-03  -9.5154647e-02  -1.9961857e-03  -2.3848090e-03  -2.5253380e-03
   8.4395072e-02   8.9663921e-02  -1.0787992e-01  -1.8864446e-03  -1.8720233e-03  -2.3967283e-03
   6.6301699e-02   8.5861547e-02  -1.1853487e-01  -1.8072386e-03  -2.2979502e-03  -2.5683558e-03
   7.2898452e-02   4.9856372e-02  -5.7522644e-02  -1.7405744e-03  -1.5188261e-03  -3.0011820e-03
   9.0628032e-02   2.6160942e-02  -1.3949790e-01  -3.1120399e-03  -1.9240506e-03  -2.4026928e-03
   1.1101066e-01   5.5053177e-02  -8.6667361e-02  -2.1417608e-03  -1.8365307e-03  -2.8104974e-03
   8.4644999e-02   2.1739256e-02  -8.9633014e-02  -2.2177685e-03  -1.9441678e-03  -2.6583546e-03
   7.6687058e-02   7.2899190e-02  -1.4167426e-01  -2.6483084e-03  -2.0036640e-03  -2.6024918e-03
   8.0425231e-02   6.0611686e-02  -1.2296984e-01  -2.2506381e-03  -2.2266758e-03  -2.6186551e-03
   1.0988472e-01   4.7716094e-02  -1.1273482e-02  -1.7342411e-03  -2.0664417e-03  -2.7140149e-03
   5.8050556e-02   3.8367107e-02  -1.0435238e-01  -1.8801278e-03  -2.0877593e-03  -3.0868336e-03
   1.0084800e-01   4.3976822e-02  -1.9527375e-01  -3.4358625e-03  -1.4985421e-03  -3.1414094e-03
   1.0977438e-01   5.0922519e-02  -1.7492907e-01  -3.5714483e-03  -1.8447644e-03  -2.8529393e-03
   1.1413522e-01   4.4410181e-02  -1.4422503e-01  -3.1654693e-03  -1.9228783e-03  -2.6514317e-03
   1.1533927e-01   5.5954499e-02  -1.2556048e-01  -2.9211664e-03  -1.8497646e-03  -2.7315080e-03
   8.3121778e-02   8.4929584e-02  -1.5529412e-01  -2.5723036e-03  -2.0660396e-03  -2.6895027e-03
   8.2346379e-02   7.5452244e-02  -7.6025631e-02  -1.6854286e-03  -2.1467764e-03  -2.8315916e-03
   6.8440886e-02   6.8503550e-02  -1.9683315e-02  -1.3560083e-03  -2.0177341e-03  -2.9403831e-03
   7.4738341e-02   6.6380648e-02  -1.1773531e-01  -2.5356090e-03  -2.1917638e-03  -2.8697464e-03
   8.1263539e-02   6.2024905e-02  -6.7239106e-02  -1.5094695e-03  -2.0064968e-03  -3.1413619e-03
   4.6939783e-02   5.7230874e-02  -1.1778896e-01  -2.5135831e-03  -2.2107844e-03  -2.8280957e-03
   5.8815998e-02   6.1439414e-02  -1.4998418e-01  -3.0648059e-03  -2.2373727e-03  -2.7757541e-03
   8.7124223e-02   6.1636489e-02  -1.5938987e-01  -2.9041863e-03  -2.1916725e-03  -3.0341047e-03
   7.5675870e-02   5.8673741e-02  -6.8415349e-02  -1.8788799e-03  -2.1894866e-03  -2.9952186e-03
   6.2652280e-02   6.7910717e-02  -7.1953507e-02  -2.1642817e-03  -2.3803002e-03  -2.9637698e-03
   5.4661949e-02   5.3904620e-02  -1.6143542e-01  -2.8641928e-03  -2.5859282e-03  -2.9794474e-03
   3.7527457e-02   5.9657112e-02  -1.3485810e-01  -2.6902335e-03  -2.7004703e-03  -2.6137391e-03
   6.7376615e-02   4.2285152e-02  -3.7213732e-02  -2.1307239e-03  -2.7164556e-03  -2.9652932e-03
   5.1488608e-02   4.1331421e-02  -1.0594750e-01  -2.3825205e-03  -2.6850852e-03  -2.9966830e-03
