   0.0000000e+00   0.0000000e+00   0.0000000e+00   0.0000000e+00   0.0000000e+00   0.0000000e+00
  -7.0325062e-03   2.6137717e-02  -7.3878426e-03  -5.0282017e-04  -1.0704698e-04   2.7586621e-05
  -9.4679014e-03  -3.9811638e-03   5.0635645e-02  -3.8988683e-04   1.0543616e-04  -8.6078422e-06
  -2.3131339e-02  -1.3083401e-03   6.0865975e-02   4.0782342e-04   1.6249268e-04   9.8493414e-05
  -1.7407320e-02   9.4580414e-03   3.7157296e-04  -9.4546761e-04   1.4810196e-04  -2.1052716e-05
  -2.2301930e-02   5.4328505e-03   4.0292592e-02  -3.5347529e-04   1.6598556e-04   4.5486572e-05
  -2.5414984e-02   2.3399455e-02  -2.9823699e-02  -8.0335176e-04   3.2560876e-04   1.9049915e-05
  -1.7788389e-02   2.0396783e-02   8.3428326e-03  -9.5409043e-04   2.2018489e-04  -2.7798424e-04
  -1.7144282e-02   2.1195373e-02  -1.5648086e-02  -3.7405329e-04  -1.2080206e-04  -5.0860948e-04
  -3.0519163e-02   3.5120760e-02   2.7623996e-02   8.4494531e-06   1.7927136e-04  -4.7188719e-04
  -2.7562213e-02   3.4525159e-02   3.7809088e-02   9.5450664e-05   2.9682640e-05  -4.5519778e-04
  -2.7445524e-02   4.9313719e-02  -2.4209180e-02  -8.9199371e-04   4.4911193e-05  -3.4428716e-04
  -2.4628152e-02   2.3613832e-02  -1.2014941e-02  -4.9892076e-04   1.4418873e-04  -5.0428530e-04
  -1.9038591e-02   4.7774433e-02  -2.2117036e-02  -1.1317814e-04   4.3802751e-05  -5.8217447e-04
  -3.3001779e-02   8.5373125e-02   1.9470696e-02   1.0681524e-04   2.8504484e-05  -3.6907912e-04
  -3.0202507e-02   5.6731936e-02   9.6466162e-03  -3.3053561e-04   1.7913074e-04  -4.9684626e-04
  -2.2404933e-02   5.0073606e-02  -6.8693796e-02  -8.1064900e-04   4.9996173e-05  -5.2309806e-04
  -2.3112786e-02   4.6195542e-02  -5.3298820e-03  -5.4813133e-04   1.3396718e-04  -5.5478142e-04
  -1.6607275e-02   5.6741720e-02  -3.1208757e-02   1.6025897e-05   1.0685355e-04  -7.0722094e-04
  -2.9068163e-02   5.9116378e-02   6.5655452e-02   1.0487233e-03   3.1239307e-04  -4.0133078e-04
  -1.9474511e-02   5.5364095e-02   3.8571694e-02   5.4124813e-04   6.9867815e-05  -4.6904695e-04
  -1.2300823e-02   6.6785629e-02  -2.7276169e-03  -3.8902646e-04  -2.2787038e-04  -5.8333301e-04
  -3.3110860e-02   4.8494620e-02   2.0996744e-02   1.9959857e-04   1.1962571e-05  -4.2296080e-04
  -1.9522706e-02   8.3043725e-02  -2.2424128e-02  -7.2167963e-04   5.3517924e-05  -4.7979701e-04
  -1.7400677e-02   5.5639789e-02  -3.0829984e-03  -6.9241581e-04   2.9485619e-05  -4.0861698e-04
  -6.5284994e-03   6.5317553e-02   6.7275953e-03  -3.4803142e-04  -7.8747782e-05  -5.9421636e-04
   2.8059099e-03   9.0372689e-02  -4.7498487e-02  -5.9945351e-04  -2.4923664e-04  -7.0970053e-04
  -9.9182544e-03   7.2997055e-02   4.4095913e-02  -5.0249761e-04   7.2727950e-05  -6.0746581e-04
  -1.4241730e-02   4.4861569e-02   5.6855158e-02  -3.3371867e-04   1.5125666e-04  -6.2020310e-04
  -9.3539284e-03   6.1719618e-02  -2.3715091e-03  -1.0428447e-03  -2.4727085e-06  -6.8914254e-04
  -1.8311321e-02   3.9479353e-02   6.8309655e-02  -4.7347159e-04   6.2718808e-05  -4.8711019e-04
  -1.6099269e-02   4.3157820e-02   1.8038309e-02  -4.1669755e-04   8.0080277e-06  -6.5372078e-04
  -1.6097312e-02   6.2050568e-02  -2.4018284e-02  -8.6897039e-04  -4.3648251e-05  -5.2627237e-04
  -2.0518021e-02   6.1182152e-02   1.7239609e-02  -5.9113746e-04  -2.2453782e-05  -6.2586909e-04
  -1.8891976e-02   5.5842536e-02  -1.6857740e-02  -6.4354511e-04  -1.3249178e-04  -5.2141590e-04
  -1.6156683e-02   5.5188905e-02   2.6104874e-02  -6.7504827e-04  -3.4402040e-05  -5.6029686e-04
  -1.7981742e-02   5.0458134e-02   1.9641667e-03  -3.7954748e-04  -1.1519386e-05  -5.3015650e-04
  -1.5886100e-02   6.7666191e-02   3.2380215e-03  -9.5925460e-04   2.1389346e-04  -6.4095258e-04
  -1.6840030e-02   3.5637945e-02   1.1006410e-02  -5.2341116e-05   1.3356758e-04  -5.4505996e-04
  -1.5026552e-02   5.8900198e-02  -1.8571813e-02  -4.4913360e-04   1.7712040e-04  -5.9003308e-04
  -1.3675402e-02   4.8818543e-02  -3.8786106e-02  -9.5597428e-04   4.8754244e-05  -5.7548028e-04
  -5.1881013e-03   6.6822588e-02  -4.9710587e-02  -9.2283681e-04  -1.3117959e-04  -5.2424018e-04
  -2.0479189e-02   5.6918384e-02  -3.7867174e-02  -5.5815348e-04  -6.2249837e-05  -6.5908568e-04
  -9.9601624e-03   7.9009729e-02  -8.7627670e-02  -1.4338214e-03  -2.5708049e-05  -5.9767357e-04
  -1.1240683e-02   5.3025092e-02  -6.6815008e-02  -1.1982537e-03   1.2420370e-04  -4.1768900e-04
   5.5660944e-03   8.7743599e-02  -7.0438350e-02  -9.4146337e-04  -2.1210411e-04  -6.2377881e-04
   8.6828941e-03   1.0701794e-01  -9.5676153e-02  -1.1459911e-03  -2.3376451e-04  -6.4178179e-04
   2.6893097e-03   8.9114148e-02  -1.6571396e-02  -7.2907321e-04   5.2582046e-05  -6.7844958e-04
   5.5344215e-03   8.9455489e-02  -3.3282164e-02  -6.0579819e-04   1.0638636e-05  -5.8446864e-04
   1.6640457e-02   1.0175273e-01  -4.7074275e-02  -1.3297414e-03  -5.8885849e-05  -6.8354969e-04
   6.4792136e-03   6.3432521e-02  -6.5558979e-02  -1.2418798e-03  -2.5071760e-04  -5.3280171e-05
   1.2223279e-02   9.1773585e-02  -1.0961492e-01  -1.0747814e-03  -1.3121526e-03   2.7468210e-03
   1.7444150e-02   9.2807099e-02  -1.2104634e-01  -1.4482822e-03  -1.8773291e-03   2.2748220e-03
   1.8983598e-04   1.1759845e-01  -1.0753124e-01  -1.1951418e-03  -1.2730223e-03   1.8625966e-03
  -6.7167183e-02  -7.1217257e-03   1.1274196e-01   6.7916332e-03  -1.3446373e-03  -4.0245848e-04
  -3.2652736e-02   6.4554190e-02   8.1804537e-02   4.5006691e-03  -1.3998153e-03  -3.5743628e-04
   5.4232279e-03   1.3229353e-01  -1.3184243e-02   1.1753329e-03  -1.1601812e-03  -9.3027886e-04
  -6.4981750e-04   1.0214574e-01  -7.8134109e-03   1.4948800e-03  -1.3150376e-03  -6.4316944e-04
  -5.0224873e-03   1.0124177e-01   3.4514399e-02   1.1573115e-03  -1.0069744e-03  -7.4165479e-04
  -1.4634334e-02   9.4476449e-02  -1.2270933e-02   9.9546372e-04  -7.7090632e-04  -5.2524587e-04
  -1.1009005e-02   9.5906156e-02   1.2354627e-03   6.8402577e-04  -5.9101131e-04  -7.5195067e-04
  -2.6432101e-03   1.1482971e-01  -3.7152125e-02   1.1555078e-03  -7.4712935e-04  -5.3284199e-04
   2.4881089e-03   1.3295677e-01   4.1127513e-02   1.0627611e-03  -4.8123086e-04  -5.9966734e-04
   7.8742402e-03   1.1757901e-01  -1.9870768e-02   4.6504486e-04  -6.3038499e-04  -7.3494075e-04
   1.6125560e-02   1.1572375e-01   1.0586768e-02   6.6686789e-04  -6.7701842e-04  -8.0871163e-04
   1.7475205e-02   1.1639502e-01  -2.8099321e-02   4.7376639e-04  -5.9261452e-04  -6.5454943e-04
   1.7319754e-03   1.0884474e-01  -4.2120266e-02   7.0649423e-05  -1.5092748e-04  -6.6558159e-04
   1.5803926e-02   9.8437285e-02  -2.2657563e-02   5.5518927e-04  -3.7981062e-04  -7.1382265e-04
   2.6931530e-02   1.3399102e-01  -7.4455769e-02  -2.3537903e-04  -4.3905710e-04  -7.9254341e-04
   2.1065038e-02   1.2665663e-01   2.6236815e-03   6.2526380e-04  -4.6770289e-04  -7.6771793e-04
   3.1200122e-02   1.4709102e-01  -4.8179336e-02   5.9295229e-04  -4.3207510e-04  -7.0720900e-04
   3.1878754e-02   1.4022966e-01  -4.9689565e-02   1.4546229e-04  -3.8998342e-04  -7.2194203e-04
   3.6963942e-02   1.3201369e-01  -6.9100179e-02  -1.0825681e-04  -4.8120468e-04  -7.8239776e-04
   4.9312029e-02   1.5273436e-01  -1.1350349e-01   1.2568628e-04  -7.0258446e-04  -7.8591483e-04
   4.7969918e-02   1.3402628e-01   2.2492062e-02   7.3255253e-04  -5.9125003e-04  -7.6326596e-04
   4.5473679e-02   1.1644345e-01   8.8361772e-03   3.0684810e-04  -6.9008250e-04  -9.7731478e-04
   5.7036386e-02   1.2828019e-01  -2.8301259e-02  -3.9154655e-04  -7.3535722e-04  -1.0318424e-03
   4.7948954e-02   1.0003110e-01   1.6493187e-02   3.8482498e-04  -7.6762252e-04  -9.7033259e-04
   4.6315275e-02   1.0080489e-01  -3.0074427e-03   7.0201946e-04  -8.0955198e-04  -1.2802271e-03
   5.4023306e-02   1.2701632e-01  -4.0176186e-02  -7.9944877e-04  -8.7038333e-04  -1.3009076e-03
   4.8592477e-02   1.2402347e-01  -1.2136502e-02  -1.4003095e-04  -1.0977536e-03  -1.5150680e-03
   6.0472413e-02   1.5135528e-01  -5.9550897e-02  -7.8426297e-04  -1.4591145e-03  -1.6788091e-03
   4.9636015e-02   1.3106594e-01  -1.2739161e-02  -2.0128252e-04  -1.3550138e-03  -1.6248311e-03
   5.3268936e-02   1.3294726e-01  -2.1967444e-02  -1.9999035e-04  -1.2990114e-03  -1.7017246e-03
   5.1310805e-02   1.3743431e-01  -2.5196043e-02  -2.9691433e-04  -1.2127715e-03  -1.6266702e-03
   5.6967915e-02   1.2865988e-01  -4.0431366e-03  -5.3695349e-05  -1.1321370e-03  -1.5816333e-03
   6.0640508e-02   1.4608780e-01  -4.9324403e-02  -5.6886898e-04  -1.1391407e-03  -1.4964888e-03
   6.7061361e-02   1.4958826e-01  -3.5732965e-02  -6.4603138e-04  -1.2819574e-03  -1.5011478e-03
   7.5738471e-02   1.5645245e-01  -4.7833898e-02  -4.0931004e-04  -1.4654944e-03  -1.6396426e-03
   7.0524225e-02   1.6431652e-01  -6.2148951e-02  -3.8157668e-04  -1.3299251e-03  -1.5738237e-03
   6.2222330e-02   1.4494181e-01  -9.1272456e-03  -3.5163457e-04  -1.2382962e-03  -1.5903364e-03
   6.7913943e-02   1.3720675e-01  -2.7658909e-02   1.0125036e-04  -1.4394574e-03  -1.5797160e-03
   5.5740170e-02   1.3672971e-01  -5.4114693e-02  -2.0498172e-04  -1.2961116e-03  -1.3426719e-03
   6.5243617e-02   1.4671060e-01  -3.3358673e-02  -5.4582160e-04  -1.2724955e-03  -1.5829163e-03
   7.6778009e-02   1.6167890e-01  -8.4252978e-02  -1.2371048e-04  -1.1719169e-03  -1.5092237e-03
   8.6064692e-02   1.7819557e-01  -5.0857048e-02  -7.3996619e-04  -1.3437989e-03  -1.5670182e-03
   9.0055109e-02   1.5927040e-01  -4.0268798e-02  -2.5502201e-05  -1.4206729e-03  -1.5149801e-03
   7.3189835e-02   1.6535524e-01  -2.9410405e-02   2.1518162e-04  -1.2960531e-03  -1.1525148e-03
   7.5353420e-02   1.5964771e-01   6.9684255e-04   6.6369275e-04  -1.8191111e-03  -1.4454184e-03
   8.1679282e-02   1.6583219e-01  -7.9617773e-02  -1.6876856e-03  -1.8803065e-03  -1.3409494e-03
   8.3079657e-02   1.3826675e-01   2.0616443e-04  -4.1394595e-04  -1.4265838e-03  -1.2306714e-03
   9.5372491e-02   1.4624695e-01  -5.5072242e-02  -3.2218206e-04  -1.5939342e-03  -1.3856339e-03
   9.1564168e-02   1.7945618e-01  -7.1585789e-02  -1.3355116e-03  -1.7327996e-03  -1.4824993e-03
   8.2907867e-02   1.4841721e-01   2.8139247e-02  -4.8559110e-04  -1.5094190e-03  -1.3589994e-03
   8.6936215e-02   1.5878946e-01   5.8734534e-03  -4.0605686e-04  -1.3312497e-03  -1.5703537e-03
   8.2863805e-02   1.6010803e-01  -5.8688413e-02  -1.3134412e-03  -1.7033970e-03  -1.5396380e-03
   8.2131320e-02   1.6412987e-01   3.1469373e-02  -1.0380330e-04  -1.7571355e-03  -1.5911722e-03
   8.1554875e-02   1.6499359e-01   1.2166471e-03  -7.0275549e-05  -1.6373507e-03  -1.5269328e-03
   8.1863676e-02   1.6506318e-01   6.3231786e-02  -4.9361911e-04  -1.5446374e-03  -1.5501054e-03
   7.1008661e-02   1.4244889e-01   3.0739853e-02  -1.5840513e-04  -1.4600843e-03  -1.4310381e-03
   7.4669799e-02   1.6956960e-01   3.9730740e-03  -7.6913918e-04  -1.6687658e-03  -1.6097860e-03
   8.2287313e-02   1.6576683e-01   3.2501096e-02   3.9885717e-04  -1.7042218e-03  -1.4094027e-03
   8.6846435e-02   1.8301974e-01   9.6096232e-03   4.2692811e-04  -1.7845174e-03  -1.4660812e-03
   7.7816340e-02   1.8270697e-01  -3.1715881e-02  -9.5930777e-04  -1.7431086e-03  -1.5175678e-03
   8.2624765e-02   1.5432289e-01   7.4297052e-04   4.4820923e-04  -1.8036790e-03  -1.4139029e-03
   9.4795986e-02   2.1395244e-01  -5.1218452e-02   9.0934749e-06  -1.8511904e-03  -1.5039296e-03
   9.2647182e-02   1.8006854e-01  -4.1085616e-02  -5.7974277e-04  -1.8452907e-03  -1.5486989e-03
   9.6606292e-02   1.7921539e-01  -9.0032225e-02  -3.6944104e-04  -1.8486806e-03  -1.6822195e-03
   8.5099556e-02   1.8889194e-01  -1.2831042e-01  -1.1089497e-03  -1.8918360e-03  -1.6731927e-03
   1.0552289e-01   1.9775075e-01  -3.5057859e-02  -3.4661698e-04  -1.9393240e-03  -1.9115591e-03
   1.0326259e-01   2.1076650e-01  -5.4110400e-02  -3.4952199e-04  -1.9662969e-03  -1.8585938e-03
   1.0129709e-01   1.8326163e-01   2.8292539e-02  -2.8059811e-04  -1.8157589e-03  -1.8114516e-03
   1.1203198e-01   1.7521268e-01   5.7039619e-03  -2.3622154e-04  -1.9080596e-03  -1.7567738e-03
   1.0384741e-01   2.0426017e-01  -5.0201312e-02  -8.6502138e-04  -2.0733425e-03  -1.6607285e-03
   1.0653641e-01   1.8576994e-01   3.1514104e-02  -1.6748089e-04  -2.1620352e-03  -1.6759105e-03
   1.1243734e-01   1.9067696e-01  -1.6922103e-02  -5.5026627e-04  -2.1556490e-03  -1.7326767e-03
   1.0915113e-01   1.6529507e-01  -9.4207876e-03  -6.9359553e-04  -1.9581572e-03  -1.7266882e-03
   1.2086300e-01   1.7998075e-01  -3.7764190e-02  -3.9442010e-04  -2.0557205e-03  -1.7872629e-03
   1.0674522e-01   1.6299315e-01  -3.2501450e-03   4.8958290e-05  -2.1419722e-03  -1.6330561e-03
