   0.0000000e+00   0.0000000e+00   0.0000000e+00   0.0000000e+00   0.0000000e+00   0.0000000e+00
   6.5836559e-02  -3.4000831e-02   5.9995101e-02   2.1247154e-03  -4.7191991e-04  -1.7666470e-03
   1.5456003e-01  -7.8419659e-02   2.0891283e-01   7.0150581e-03   2.6503287e-03  -4.3482743e-04
   1.6898114e-01  -1.0539114e-01   4.2467894e-01   1.0033349e-02   4.5476344e-03   4.3732930e-04
   1.7288675e-01  -8.6218344e-02   5.0892531e-01   9.4444668e-03   4.4074487e-03   2.0543471e-03
   2.3951051e-01  -1.5588021e-01   5.3630045e-01   1.0377055e-02   5.3291579e-03   1.4611443e-03
   3.3106262e-01  -2.0642227e-01   5.9721029e-01   1.2053318e-02   6.0912078e-03   1.8528273e-03
   3.3190265e-01  -2.1273789e-01   6.0316945e-01   1.2276088e-02   7.1309082e-03   2.6182725e-03
   3.4969386e-01  -1.7678983e-01   6.1176886e-01   1.2618104e-02   7.1826162e-03   3.1141648e-03
   3.7108183e-01  -1.8672541e-01   6.1464217e-01   1.2993106e-02   7.6457842e-03   3.1722466e-03
   4.4486334e-01  -2.3565996e-01   6.6368415e-01   1.3736823e-02   8.3872547e-03   3.1482487e-03
   5.0641825e-01  -2.0719928e-01   6.4913880e-01   1.4251628e-02   9.1758518e-03   3.0021745e-03
   5.4400290e-01  -2.3708340e-01   6.4998090e-01   1.4315640e-02   9.3708906e-03   3.0311281e-03
   5.4789321e-01  -2.4331563e-01   6.4947561e-01   1.4689016e-02   9.6408601e-03   3.2205446e-03
   5.3509615e-01  -2.4540677e-01   6.6741119e-01   1.4841486e-02   9.7571583e-03   2.4883061e-03
   6.2713006e-01  -2.6656998e-01   7.2852849e-01   1.5770065e-02   9.9244967e-03   1.8819156e-03
   6.6170467e-01  -3.0475723e-01   7.6026447e-01   1.6102659e-02   1.0832628e-02   1.1783145e-03
   7.0665080e-01  -3.0190296e-01   7.9522848e-01   1.7027438e-02   1.1468946e-02   1.0467565e-03
   7.0941727e-01  -3.2541556e-01   8.0266375e-01   1.6464635e-02   1.1188710e-02   1.0144480e-03
   7.3836653e-01  -3.4441625e-01   8.7886544e-01   1.7251892e-02   1.1447686e-02   1.3962484e-03
   7.2337231e-01  -3.5373221e-01   8.8753924e-01   1.6211173e-02   1.0462792e-02   1.1197743e-03
   4.1728380e-01  -3.2126572e-01   9.2011346e-01   1.4832064e-02   9.1944107e-03  -8.1357021e-04
   4.9783243e-01  -3.7142561e-01   9.7628740e-01   1.6008382e-02   1.0003640e-02  -7.4561228e-04
   4.9610199e-01  -3.0178523e-01   9.9263978e-01   1.6282231e-02   9.7321969e-03  -1.3805068e-03
   5.0891420e-01  -3.3638125e-01   9.5054112e-01   1.6336655e-02   9.5599785e-03  -2.1452358e-03
   5.2239510e-01  -2.4843264e-01   1.0755215e+00   1.6151942e-02   8.8698506e-03  -1.7177899e-03
   5.0702243e-01  -1.8432678e-01   1.0285548e+00   1.6000468e-02   7.4161424e-03  -5.8719215e-04
   5.2862534e-01  -2.9948674e-01   9.8030351e-01   1.3923277e-02   6.5181852e-03  -8.9341772e-04
   5.4089541e-01  -3.4890033e-01   1.2635579e+00   1.5311176e-02   5.2789821e-03  -2.0035853e-03
   4.8596370e-01  -3.2748401e-01   1.3694498e+00   1.3566485e-02   5.3599386e-03  -3.4022175e-03
   5.3334311e-01  -3.5252199e-01   1.3762650e+00   1.3965037e-02   5.4677805e-03  -3.3350728e-03
   5.4073273e-01  -3.7901280e-01   1.4354040e+00   1.4082502e-02   6.2156496e-03  -3.4738341e-03
   5.5252747e-01  -4.0810713e-01   1.4598317e+00   1.5285599e-02   6.6811472e-03  -3.7032590e-03
   5.5910325e-01  -4.0873623e-01   1.4607300e+00   1.5223197e-02   7.1106033e-03  -3.9590512e-03
   6.1396451e-01  -4.2921424e-01   1.5034344e+00   1.5568549e-02   7.6571212e-03  -3.7628416e-03
   6.2160559e-01  -4.0932397e-01   1.4800850e+00   1.5270291e-02   7.9455693e-03  -3.8228612e-03
   6.3163273e-01  -4.3628298e-01   1.4781553e+00   1.5473871e-02   8.6036681e-03  -3.4334683e-03
   6.3485656e-01  -4.4721928e-01   1.4627728e+00   1.5269014e-02   9.2034285e-03  -3.0657594e-03
   6.4240109e-01  -4.4124985e-01   1.4893693e+00   1.5767838e-02   9.0537297e-03  -3.2043084e-03
   6.5538960e-01  -4.3341135e-01   1.4366712e+00   1.5617999e-02   9.8200088e-03  -2.4673647e-03
   6.4560670e-01  -4.6996130e-01   1.4355182e+00   1.6123965e-02   9.6784790e-03  -2.8899814e-03
   6.3700858e-01  -4.3609508e-01   1.4530860e+00   1.6065281e-02   9.5727869e-03  -2.7352852e-03
   6.8178626e-01  -4.3512629e-01   1.4683365e+00   1.6034232e-02   9.9292726e-03  -2.3100596e-03
   6.8616320e-01  -4.4144287e-01   1.4790520e+00   1.5499767e-02   1.0287862e-02  -2.3532378e-03
   7.0870025e-01  -4.7676193e-01   1.5310720e+00   1.6037483e-02   1.0650767e-02  -2.5290868e-03
   7.0502218e-01  -4.3102692e-01   1.5226177e+00   1.5702094e-02   1.0312733e-02  -2.5968518e-03
   7.1294786e-01  -4.4502469e-01   1.5344769e+00   1.6776411e-02   1.0752241e-02  -2.3517581e-03
   6.8376735e-01  -4.6358368e-01   1.4892650e+00   1.5964094e-02   1.0538010e-02  -2.2304121e-03
   7.1324502e-01  -4.5254848e-01   1.5559535e+00   1.7667796e-02   1.1113863e-02  -2.2514135e-03
   6.9922850e-01  -4.3473028e-01   1.4742594e+00   1.5837434e-02   1.0377383e-02  -1.8415405e-03
   7.3811454e-01  -4.6859695e-01   1.6002493e+00   1.7072617e-02   1.1570339e-02  -1.5482556e-03
   3.8884306e-01  -2.4769057e-01   1.2493028e+00   1.1691018e-02   3.4493839e-03   1.7404067e-04
   2.1092792e-01  -2.1526598e-01   1.0246992e+00   8.6303486e-03   2.4826657e-03   1.4727829e-03
   3.5890877e-01  -3.1025248e-01   1.2350809e+00   1.3643999e-02   5.4210502e-03   1.0999441e-03
   3.9015947e-01  -2.0338448e-01   9.2952327e-01   1.7129444e-02   4.3504340e-03  -7.0263754e-04
   5.6725734e-01  -2.9662732e-01   1.0981366e+00   2.0883585e-02   6.9589854e-03  -1.2588876e-03
   5.5767694e-01  -3.1051214e-01   1.1734265e+00   1.9656299e-02   7.0634593e-03  -1.8691507e-03
   5.5394268e-01  -2.5570331e-01   1.0874050e+00   2.1026866e-02   7.4518496e-03  -2.1542631e-03
   5.4041890e-01  -3.4236679e-01   1.1701328e+00   2.0194412e-02   7.5931683e-03  -1.9198618e-03
   5.3933748e-01  -3.1583488e-01   1.1689517e+00   2.1292991e-02   8.1741470e-03  -2.1888521e-03
   5.4306275e-01  -3.2047551e-01   1.1604028e+00   2.0366203e-02   8.0913805e-03  -1.8954665e-03
   5.6074673e-01  -3.2200528e-01   1.1332291e+00   2.0529950e-02   8.4804325e-03  -2.3908060e-03
   5.2397306e-01  -3.5098154e-01   1.1994879e+00   2.0535480e-02   8.2748733e-03  -2.3925205e-03
   5.4562869e-01  -2.7949933e-01   1.1287016e+00   2.0968898e-02   8.2332541e-03  -2.0113474e-03
   5.5807096e-01  -3.2958859e-01   1.1725653e+00   2.0848180e-02   8.1855725e-03  -2.1316868e-03
   5.2157666e-01  -3.2258559e-01   1.1346409e+00   2.1849179e-02   8.8559752e-03  -2.4594123e-03
   5.2131964e-01  -3.1816966e-01   1.1699371e+00   2.1504865e-02   8.3250819e-03  -2.4845608e-03
   5.7620412e-01  -3.0026794e-01   1.1684812e+00   2.2249465e-02   9.2228338e-03  -2.5928693e-03
   5.8563370e-01  -3.8768299e-01   1.2203943e+00   2.2956752e-02   9.4442715e-03  -3.0348039e-03
   5.9226902e-01  -2.9282066e-01   1.0854001e+00   2.3655317e-02   9.7423082e-03  -3.1177601e-03
   5.7117120e-01  -4.0488754e-01   1.2163577e+00   2.3517264e-02   9.8731392e-03  -2.9928497e-03
   5.5318344e-01  -2.3614253e-01   1.0142627e+00   2.4586324e-02   9.7431062e-03  -3.5574630e-03
   5.6821973e-01  -3.0489045e-01   1.0570135e+00   2.4306860e-02   9.3817822e-03  -3.5059939e-03
   5.3878825e-01  -2.4552388e-01   9.2168900e-01   2.5423398e-02   1.0031404e-02  -3.8399239e-03
   5.4790972e-01  -4.0935274e-01   1.1690527e+00   2.3558675e-02   8.8722028e-03  -3.2121641e-03
   3.9921114e-01   1.4369276e+00  -1.6734202e-01   2.3596211e-02   2.4715101e-03  -6.5757694e-03
   1.2363714e-01   7.6346328e-01  -1.6644158e+00   4.5044755e-02  -9.0188836e-03  -1.2701252e-02
   2.2596373e-01   8.9622292e-01   4.2349100e-01   2.3507796e-02  -5.2920108e-03  -1.2302236e-02
   2.4494590e-01   5.4831977e-01   4.6543371e-01   2.7565401e-02  -4.0593685e-03  -1.4635376e-02
   2.9223897e-01   3.5088103e-01   6.5304752e-01   2.6276169e-02  -2.1621421e-03  -1.3786699e-02
   3.9283201e-01   4.3709361e-01   6.1492042e-01   2.8651453e-02  -6.0163614e-04  -1.4273480e-02
   3.8860999e-01   2.8780560e-01   7.4181528e-01   2.7444994e-02  -1.9575366e-04  -1.3870231e-02
   4.0397856e-01   3.3372692e-01   6.8364105e-01   2.9559439e-02   1.0644882e-03  -1.4870895e-02
   4.3030777e-01   2.8478330e-01   8.0597277e-01   2.9273776e-02   1.3367128e-03  -1.4652563e-02
   5.1898403e-01   2.4194744e-01   8.9365985e-01   3.0974703e-02   1.8646384e-03  -1.4348392e-02
   5.1893987e-01   1.1070883e-01   9.4577710e-01   3.1292799e-02   2.5565301e-03  -1.4227268e-02
   5.4723326e-01   1.6781001e-01   9.3091278e-01   3.2611653e-02   2.8071430e-03  -1.4124328e-02
   5.6956900e-01   1.2733036e-01   9.7606078e-01   3.2508959e-02   3.1042070e-03  -1.3458615e-02
   5.5110014e-01   9.6514311e-02   9.4284278e-01   3.3478052e-02   3.7038627e-03  -1.3162849e-02
   5.7454530e-01   8.8144840e-02   1.0158776e+00   3.3333403e-02   3.7495446e-03  -1.2761591e-02
   6.1758453e-01   7.2795960e-02   9.3191448e-01   3.3945017e-02   4.4374489e-03  -1.3131761e-02
   5.6572848e-01  -8.0981792e-04   1.0084895e+00   3.3732450e-02   4.5778031e-03  -1.2447337e-02
   5.7059336e-01   5.7587530e-02   9.6662421e-01   3.4158002e-02   3.6219454e-03  -1.2332008e-02
   5.6782461e-01   2.4100964e-02   9.9027541e-01   3.4261227e-02   3.6875152e-03  -1.1834226e-02
   5.7499244e-01  -1.1153724e-02   9.3607485e-01   3.5266125e-02   3.9320544e-03  -1.1931399e-02
   5.6218521e-01   7.6483322e-03   1.0357375e+00   3.5432908e-02   3.1615668e-03  -1.1413727e-02
   5.6046491e-01  -1.8002251e-02   9.7572981e-01   3.5726547e-02   3.2880722e-03  -1.1836259e-02
   5.3936957e-01  -3.5454979e-02   1.1045303e+00   3.5181761e-02   2.4962627e-03  -1.1439720e-02
   5.5540380e-01  -1.1224389e-02   1.0048871e+00   3.5131914e-02   1.9863906e-03  -1.1839191e-02
   5.3998855e-01  -4.3475201e-02   1.1401855e+00   3.4332332e-02   1.5946187e-03  -1.1038989e-02
   5.3165856e-01  -8.1661820e-03   9.5668479e-01   3.4635532e-02   1.6973412e-03  -1.1972672e-02
   4.3426669e-01   3.1390123e-03   1.5679078e+00   2.9987698e-02  -6.8344328e-04  -9.4933777e-03
   4.0772249e-01   2.5319351e-01   1.1947422e+00   2.2937193e-02   1.0979532e-03  -4.9278492e-03
   5.0134112e-01   2.2179445e-01   1.0872176e+00   2.6595072e-02   9.7638856e-04  -7.7794910e-03
   4.6751841e-01   8.9731419e-02   1.1534970e+00   2.7263353e-02   8.7062406e-04  -7.2461749e-03
   4.9597214e-01   1.3581137e-01   1.0641485e+00   2.7596403e-02   2.2533176e-03  -8.6496145e-03
   4.9514515e-01   8.4897716e-02   1.1950472e+00   2.8485693e-02   2.4287558e-03  -8.6604381e-03
   5.0682942e-01   9.2406449e-02   1.2017751e+00   2.8874823e-02   2.7013657e-03  -9.4620166e-03
   4.8433357e-01   6.3549467e-02   1.2266021e+00   2.9650297e-02   2.7263326e-03  -9.2950412e-03
   4.8557603e-01   2.6982985e-02   1.2386360e+00   2.9993908e-02   3.3649619e-03  -9.6652066e-03
   4.7077368e-01   5.1057838e-02   1.2103336e+00   3.0536740e-02   3.4694979e-03  -1.0267322e-02
   4.6704592e-01   2.7237287e-02   1.1090421e+00   3.0872268e-02   3.6026477e-03  -1.0485924e-02
   4.5656738e-01   1.0867605e-02   1.1346044e+00   3.1775341e-02   3.5973531e-03  -1.0650669e-02
   4.4566140e-01   1.6316196e-02   1.1616164e+00   3.2609670e-02   3.6551613e-03  -1.0909001e-02
   4.4447717e-01  -6.0422839e-03   1.1296128e+00   3.2494885e-02   3.7540122e-03  -1.0863061e-02
   4.5599272e-01  -3.7827719e-02   1.1581148e+00   3.3363803e-02   4.0370162e-03  -1.1156292e-02
   4.5697199e-01  -2.2975057e-02   1.1760780e+00   3.3389303e-02   4.1716077e-03  -1.1075392e-02
   4.6293566e-01  -5.8759390e-02   1.1827634e+00   3.3379429e-02   4.1315912e-03  -1.1662562e-02
   4.5532833e-01  -9.3365626e-02   1.1840095e+00   3.3616965e-02   3.9241180e-03  -1.2235556e-02
   4.5109771e-01  -1.5777081e-02   1.2043674e+00   3.3791099e-02   3.8641231e-03  -1.2325720e-02
   4.6126849e-01  -7.4336369e-02   1.1730999e+00   3.3455650e-02   3.8410262e-03  -1.2284527e-02
   4.4483948e-01  -5.4616694e-02   1.2282083e+00   3.3768872e-02   3.9284396e-03  -1.2849923e-02
   4.5531323e-01  -5.7307767e-02   1.1555071e+00   3.4460653e-02   4.2525971e-03  -1.2772942e-02
   4.5370142e-01   4.2762075e-02   1.2763815e+00   3.2929003e-02   2.7016474e-03  -1.3098046e-02
   3.3940598e-01   2.2206391e-01   1.2328244e+00   2.7919566e-02  -6.1543437e-04  -1.3116935e-02
   2.6402334e-01   1.6449192e-01   6.7070894e-01   2.9344756e-02  -9.1362683e-04  -1.0673298e-02
   1.3863653e-01   3.4805661e-01   4.8437062e-01   2.8569607e-02  -7.0707630e-04  -8.8804016e-03
   1.8416865e-01   3.4404098e-01   4.0757015e-01   2.7993877e-02  -1.8373832e-03  -9.1028139e-03
   2.3489995e-01   3.3541709e-01   5.1675724e-01   2.9310156e-02  -2.1022525e-03  -9.0041755e-03
