   0.0000000e+00   0.0000000e+00   0.0000000e+00   0.0000000e+00   0.0000000e+00   0.0000000e+00
   2.7857504e-02  -6.8412666e-02   6.4635340e-01  -6.0737713e-05   1.6958186e-04   1.8495493e-03
   1.0607468e-01  -2.9301351e-01   8.0978173e-01   1.2190125e-03   2.1623123e-03   3.3856266e-03
   1.0168645e-01  -2.2024205e-01   4.4078797e-01   7.9789149e-04   1.3589290e-03   4.1806874e-03
   7.6691850e-02  -1.5173967e-01   5.0410282e-01   2.2841083e-03   1.7500708e-03   3.9281340e-03
   6.1151371e-02  -2.5556117e-01   1.8845359e-01   3.8089023e-03   1.4968129e-03   4.3058885e-03
   1.0335352e-01  -1.5480665e-01   2.3717408e-01   1.2334888e-03   1.5019573e-03   5.0844867e-03
   9.1853785e-02  -1.2910434e-01   3.5467093e-01   5.5694915e-05   9.4222846e-04   4.4528547e-03
   9.0082404e-02  -1.4916342e-01   5.4242909e-01  -1.8833072e-04   1.2077966e-03   5.1008055e-03
   9.4253977e-02  -2.0278659e-01   6.6713061e-01  -8.7429621e-05   1.4195682e-03   5.2347797e-03
   1.0241781e-01  -3.1610876e-01   5.1426986e-01   3.8481374e-04   1.2982631e-03   5.5359909e-03
   1.0065237e-01  -2.4079796e-01   5.9154023e-01  -1.1140115e-04   6.9283024e-04   5.8430727e-03
   1.0560700e-01  -2.1794226e-01   6.2488646e-01  -1.3134353e-04   7.3682794e-04   5.9483994e-03
   1.1200285e-01  -2.2961540e-01   6.5272951e-01  -1.8475691e-04   7.5776319e-04   5.6943769e-03
   1.1928783e-01  -2.2183446e-01   6.3574657e-01   1.5076600e-04   1.2173406e-03   5.8544010e-03
   1.2289555e-01  -3.1329734e-01   6.0551771e-01  -1.6636964e-04   1.2106482e-03   5.8117666e-03
   1.2459666e-01  -1.8251770e-01   6.1817558e-01  -2.0522757e-04   1.0716634e-03   5.9308618e-03
   1.4346454e-01  -2.5481584e-01   6.4186152e-01  -5.2085408e-04   1.2707385e-03   6.3986008e-03
   1.7070213e-01  -2.2021284e-01   6.8651244e-01  -5.0046589e-04   1.3030198e-03   6.6097512e-03
   1.7448497e-01  -2.7242507e-01   7.0751322e-01  -6.5307500e-04   7.5437920e-04   6.3981376e-03
   2.0786001e-01  -2.3519513e-01   7.1034547e-01  -3.1375031e-04   3.8515296e-04   6.6163503e-03
   2.4953885e-01  -2.9416828e-01   7.3437560e-01  -1.4744096e-03   1.0270027e-03   6.7134811e-03
   2.2994764e-01  -2.7305202e-01   7.6320886e-01  -3.2314645e-04   5.3036693e-04   7.2849022e-03
   2.1826199e-01  -2.4043208e-01   7.3232088e-01  -8.7726738e-04  -4.9683360e-04   8.0404203e-03
   2.1093903e-01  -2.8756496e-01   6.6841345e-01  -1.1151285e-03  -8.6363378e-04   7.2270132e-03
   2.1627256e-01  -2.0562386e-01   6.8945763e-01  -6.8836610e-04  -5.1934957e-04   7.8272125e-03
   2.0518197e-01  -2.4824083e-01   5.3680236e-01  -4.5404411e-04  -8.5647828e-04   7.6415701e-03
   1.8783888e-01  -3.3033781e-01   4.3652918e-01  -1.1923143e-03  -1.0592355e-03   7.1647575e-03
   2.0164525e-01  -1.1596098e-01   6.2425538e-01  -1.0805255e-03  -8.3968914e-04   6.8877220e-03
   1.7356340e-01  -3.4665498e-01   3.8987784e-01  -5.9376894e-04  -1.0888037e-03   6.9727592e-03
   1.8473073e-01  -2.2640208e-01   5.2083752e-01  -9.3949895e-04  -6.0760571e-04   7.2132732e-03
   2.1339661e-01  -1.6593899e-01   5.9309872e-01  -4.0070911e-04  -4.0058396e-05   7.8631937e-03
   1.9127179e-01  -3.3821720e-01   4.8406423e-01  -6.2350089e-04  -6.2240919e-04   7.8639632e-03
   2.0774058e-01  -1.7126433e-01   5.5863345e-01  -1.3296104e-03  -2.7651244e-04   8.0392068e-03
   2.3943525e-01  -2.2539195e-01   5.5479035e-01  -9.4009839e-04  -4.4905041e-04   8.1783440e-03
   2.3324690e-01  -2.4126061e-01   5.0817884e-01  -8.1200897e-04  -7.8619277e-04   8.2136267e-03
   2.2440417e-01  -2.0784024e-01   5.3063951e-01  -8.9604650e-04  -1.0049978e-03   8.2428329e-03
   2.1746141e-01  -2.5561420e-01   4.9479146e-01  -1.1551017e-03  -9.2370570e-04   8.2580810e-03
   2.0755018e-01  -2.0978897e-01   5.0179457e-01  -6.2480991e-04  -1.2596479e-03   8.2885317e-03
   1.9431637e-01  -2.5723092e-01   4.5258075e-01  -3.3327391e-04  -1.3925598e-03   8.2148780e-03
   2.1053869e-01  -1.6606622e-01   5.0719338e-01  -1.5195230e-04  -1.5533677e-03   8.0030183e-03
   2.0210471e-01  -1.8050578e-01   4.1636146e-01  -1.2327180e-04  -1.5313562e-03   8.0110365e-03
   2.2185861e-01  -1.7820303e-01   4.8563503e-01   1.8888869e-04  -1.4700996e-03   8.0555595e-03
   2.3050700e-01  -1.5249204e-01   4.2129631e-01   1.2241112e-04  -1.5167255e-03   8.4826152e-03
   2.2609788e-01  -1.7237045e-01   5.1629071e-01  -2.2182719e-04  -1.4949274e-03   8.8836088e-03
   2.4996528e-01  -1.5479134e-01   4.6190937e-01  -2.5839899e-04  -1.6736244e-03   8.6809531e-03
   2.3934080e-01  -1.7950226e-01   5.0923238e-01  -2.9029093e-04  -1.7872353e-03   8.7440444e-03
   2.3622418e-01  -1.4132164e-01   3.9206573e-01   4.6742797e-04  -1.7818551e-03   8.6056712e-03
   2.2100279e-01  -2.2126979e-01   4.0633946e-01   3.9718274e-04  -1.8912079e-03   8.9050769e-03
   2.1842483e-01  -1.6215258e-01   3.4825010e-01   2.6073052e-03  -2.3516445e-03   9.1685067e-03
   2.0095604e-01  -1.9264064e-01   2.3112223e-01   1.2924507e-03  -2.1020886e-03   8.4888440e-03
   2.0747833e-01  -1.4216368e-01   3.2909264e-01   1.1779265e-03  -2.2799952e-03   8.2986314e-03
   1.7917271e-01  -1.1950524e-01   2.4752411e-01   6.7015403e-04  -2.4203480e-03   8.0025431e-03
   1.7915590e-01  -1.7573783e-01   3.1309892e-01   6.8032250e-04  -2.2302466e-03   8.3191328e-03
   2.0615623e-01  -1.1454224e-01   2.4939771e-01   1.0194553e-03  -2.0015547e-03   8.6628134e-03
   1.9799650e-01  -2.2363473e-01   2.6065995e-01   5.5385865e-04  -1.6546747e-03   8.9256438e-03
   1.9052241e-01  -1.6031035e-01   2.7358211e-01   1.7041202e-03  -1.7046390e-03   8.7794329e-03
   2.0685392e-01  -1.4240790e-01   2.0765691e-01   1.7677713e-03  -1.7975620e-03   9.0026451e-03
   2.0834252e-01  -1.5425851e-01   2.3436807e-01   2.1135513e-03  -1.9825263e-03   8.5137656e-03
   2.2162345e-01  -7.2020690e-02   3.1885069e-01   1.6559100e-03  -2.0874257e-03   8.5802085e-03
   2.2277828e-01  -1.1525054e-01   3.7389761e-01   2.0955871e-03  -2.6310650e-03   8.3913067e-03
   2.2981506e-01  -1.6254017e-01   2.7882255e-01   2.1633237e-03  -2.8775877e-03   8.6005349e-03
   2.4701787e-01  -1.6031375e-01   3.5362936e-01   1.8824248e-03  -3.1187288e-03   8.7693303e-03
   2.4391215e-01  -1.4827668e-01   3.3284693e-01   2.8824800e-03  -2.9510628e-03   8.9076682e-03
   2.5787146e-01  -1.2073929e-01   3.7807008e-01   2.7105090e-03  -3.2591929e-03   8.8850112e-03
   2.5660175e-01  -1.6236280e-01   2.9323956e-01   1.4183613e-03  -3.7456240e-03   9.2495102e-03
   2.5891565e-01  -1.9393222e-01   2.6035378e-01   9.9906725e-04  -3.7314742e-03   9.2783615e-03
   2.9628192e-01  -5.1597566e-02   3.7217766e-01   7.1103263e-04  -3.5887731e-03   9.8040712e-03
   3.2154368e-01  -1.1282578e-01   4.0290909e-01   1.1183655e-03  -3.5690239e-03   9.7263141e-03
   3.3616342e-01  -2.4214977e-01   2.9986507e-01   1.3615971e-03  -3.8465052e-03   9.8841032e-03
   3.4491188e-01  -1.4412018e-01   3.3832314e-01   1.2136204e-03  -3.7226784e-03   9.6986620e-03
   3.5085494e-01  -2.0270924e-01   2.5076828e-01   1.8335190e-03  -3.9558782e-03   9.8270555e-03
   3.4948095e-01  -1.0169546e-01   2.9204569e-01   1.7045784e-03  -4.2497120e-03   9.5369132e-03
   3.3412080e-01  -1.7131255e-01   2.1177319e-01   2.4412525e-03  -4.8151547e-03   9.5522094e-03
   3.2444032e-01  -3.0118112e-02   3.3075516e-01   1.4748480e-03  -5.0012407e-03   9.7075457e-03
   3.2299648e-01  -9.6944331e-02   3.2705353e-01   2.4590394e-03  -4.8534493e-03   9.7326248e-03
   3.6100931e-01  -1.7220770e-01   2.0339107e-01   2.5090641e-03  -3.7889479e-03   9.3226849e-03
   3.4953791e-01   7.1112277e-02   1.4799532e-01   1.8589444e-03  -3.9475689e-03   8.6962293e-03
   3.2814835e-01  -1.7721353e-01  -4.5241620e-02   2.1238329e-03  -3.9380153e-03   7.9145296e-03
   3.2840599e-01   1.3098737e-02   9.6604578e-02   5.9531037e-04  -4.0316044e-03   7.7014597e-03
   3.2031378e-01  -1.0441637e-01   1.1132283e-01   1.1414640e-03  -4.3031541e-03   7.6599498e-03
   3.3758836e-01  -3.7323184e-02   1.1259071e-01   1.6508671e-03  -4.1419993e-03   7.5305399e-03
   3.5571344e-01  -8.5878592e-02   1.8034710e-01   1.6615576e-03  -4.0506493e-03   7.3558565e-03
   3.6644780e-01  -6.0141938e-02   1.5787465e-01   2.4606014e-03  -3.5677786e-03   7.3528041e-03
   3.5307840e-01  -9.7865242e-02   1.7676359e-01   1.7861838e-03  -3.3114697e-03   7.7211186e-03
   3.4939690e-01  -4.2153747e-02   1.3462380e-01   1.6595790e-03  -3.2653308e-03   7.7399614e-03
   3.6307491e-01  -8.1074314e-02   1.3998873e-01   1.2365351e-03  -3.0772783e-03   7.6579865e-03
   3.6426054e-01  -7.7346437e-02   1.8765351e-01   1.5967758e-03  -2.9980156e-03   7.9228599e-03
   3.7385137e-01  -3.7242744e-02   1.8714906e-01   1.3820138e-03  -3.1457915e-03   7.7821719e-03
   3.8521763e-01  -1.0750218e-01   1.9855478e-01   1.0098870e-03  -3.0504996e-03   7.4026896e-03
   3.9217663e-01  -1.0588470e-01   1.8426699e-01   1.2245752e-03  -2.8573387e-03   7.4130142e-03
   4.1248738e-01  -7.6105116e-02   1.6660235e-01   9.0562132e-04  -2.7821773e-03   7.5098726e-03
   4.1967451e-01  -1.2341934e-01   2.4397513e-01   1.5142849e-03  -2.7936060e-03   7.1780993e-03
   4.3016644e-01  -9.6001559e-02   1.8074538e-01   1.1286006e-03  -3.0764602e-03   6.6508430e-03
   4.3995411e-01  -1.5536574e-01   2.6184619e-01   9.3948213e-04  -2.8824159e-03   6.1601124e-03
   4.4696040e-01  -9.2184597e-02   2.1764099e-01   9.8309734e-04  -2.6025651e-03   6.3547347e-03
   4.6936113e-01  -1.5028998e-01   3.5745532e-01   7.0311608e-04  -2.4018516e-03   6.7792059e-03
   4.7219727e-01  -1.8429203e-01   3.7765570e-01   2.8928748e-03  -2.2749953e-03   6.8034993e-03
   4.5412104e-01  -2.3494010e-01   2.9197718e-01   2.3411314e-03  -2.7798834e-03   7.0125270e-03
   4.6737210e-01  -1.0795444e-01   2.6511535e-01   1.4497978e-03  -2.8870921e-03   6.7007639e-03
   4.8960384e-01  -2.2439301e-01   2.5172340e-01   8.5257352e-04  -2.8906780e-03   6.9013426e-03
   4.9385378e-01  -1.6058055e-01   2.6243839e-01   1.6457028e-03  -3.3174727e-03   6.7583262e-03
   4.6875554e-01  -1.6446171e-01   2.6832536e-01   8.9595765e-04  -3.3971481e-03   6.5315358e-03
   4.3064939e-01  -1.6885721e-01   2.3040466e-01   1.1368810e-03  -3.9315001e-03   6.5169055e-03
   4.4357092e-01  -1.5509287e-01   1.0485008e-01   1.0834128e-03  -3.9110908e-03   6.7105314e-03
   4.5520073e-01  -1.6801674e-01   2.5209835e-01   6.1108817e-04  -3.6222987e-03   6.5139314e-03
   4.6912268e-01  -1.0321163e-01   1.8403296e-01   1.1485982e-03  -3.5237877e-03   6.3275301e-03
   4.8842870e-01  -1.5587720e-01   2.2319779e-01   4.8965869e-04  -3.6929199e-03   6.0811395e-03
   5.0020104e-01  -1.3671964e-01   2.3416033e-01   1.4268913e-03  -3.7654379e-03   6.2917322e-03
   5.0861099e-01  -1.1954943e-01   1.8060914e-01   6.1554765e-04  -3.6391359e-03   6.3598915e-03
   5.2262920e-01  -1.7675864e-01   2.2130265e-01   1.6729071e-03  -3.6978646e-03   6.8472005e-03
   5.3524251e-01  -1.0179384e-01   1.9444539e-01   1.5295773e-03  -3.7587448e-03   6.7502273e-03
   5.3737185e-01  -1.4585953e-01   1.6159882e-01   1.1019642e-03  -3.6412192e-03   6.8378335e-03
   5.6532120e-01  -1.5748838e-01   2.6291105e-01   1.2679943e-03  -3.5328184e-03   6.9335941e-03
   5.7805368e-01  -1.1553090e-01   2.1571205e-01   1.3601124e-03  -3.0289212e-03   7.2696831e-03
   5.8981326e-01  -1.6196206e-01   2.4571019e-01   3.3016052e-04  -2.8264874e-03   7.5192816e-03
   6.2503975e-01  -1.3394106e-01   2.5183721e-01   8.0865962e-04  -2.3117789e-03   8.2318871e-03
   6.2238506e-01  -9.3413128e-02   2.5804986e-01  -3.8318378e-04  -2.4874951e-03   8.6009865e-03
   6.2177487e-01  -1.6875162e-01   2.7700957e-01   7.0673902e-04  -2.3830105e-03   8.0283958e-03
   6.4554303e-01  -9.1477831e-02   2.4314531e-01   5.3714667e-05  -2.5566804e-03   7.6524929e-03
   6.3973058e-01  -1.8216472e-01   3.1375581e-01   1.5761978e-03  -2.4720938e-03   7.4255193e-03
   6.1139743e-01  -1.1222298e-01   2.7283519e-01   3.4845331e-03  -1.5268839e-03   7.8569411e-03
   6.3220355e-01  -2.1607304e-01   2.1199420e-01   3.2901483e-03  -7.5076553e-04   6.8553572e-03
   5.8297617e-01  -1.6867509e-01   3.1339681e-01   5.5365889e-03  -8.6195793e-04   7.2488289e-03
   5.2403282e-01  -1.6796616e-01   2.2614213e-01   1.8170422e-03  -1.1685016e-03   6.4798306e-03
   4.6774487e-01   1.1990003e-02   6.2758598e-01   3.3434489e-03  -7.4097256e-04   5.5784069e-03
   4.4161442e-01  -1.0062211e-01   6.9076756e-01  -4.0833808e-05  -8.6763267e-04   5.5340406e-03
   4.9785857e-01  -2.5947027e-01   5.0346802e-01  -1.7752726e-03   1.7561173e-04   5.9915236e-03
