   0.0000000e+00   0.0000000e+00  -3.5527137e-15  -1.7347235e-18   1.7347235e-18   3.0092655e-36
   2.8403622e-03  -3.5875177e-02   2.5483377e-02   4.9126647e-04  -2.1076735e-04   1.9570803e-04
   1.4611610e-02  -2.6160112e-02  -9.4016319e-03  -2.8807189e-04  -1.9733622e-04   7.6419833e-05
   2.8124600e-02  -4.0594477e-02   4.9149742e-02   5.5120153e-04  -5.5716183e-04   8.5410139e-05
   1.9503716e-02  -2.3952973e-02   5.0905888e-02   6.4932393e-04  -9.4679338e-04   3.6500768e-04
   3.7710798e-02  -1.3817289e-02   9.0230348e-02   1.6139658e-03  -1.3777324e-03   4.3699500e-04
   3.5277872e-02  -3.5350544e-02   1.4330400e-01   2.0983563e-03  -1.3396889e-03   4.4692199e-04
   4.0328175e-02   4.3683326e-03   9.8119898e-02   1.0459414e-03  -1.1509379e-03   3.7472088e-04
   3.7811453e-02   3.0616558e-02   5.7629854e-02   3.2084994e-04  -7.3355026e-04   2.2929281e-04
   2.8431662e-02   3.2411013e-02   4.5359441e-02  -2.6852250e-04  -7.6688340e-04   4.1195929e-04
   2.6944962e-02   2.0365887e-02   8.7231999e-02   3.4006051e-04  -7.5031723e-04   5.7676777e-04
   1.6643607e-02   5.1321013e-02   2.1042631e-02  -4.8467667e-04  -5.0017312e-04   5.7005405e-04
   1.0488776e-02   4.0523049e-02   3.2090651e-02  -7.6202579e-04  -4.0696649e-04   6.3166572e-04
   3.6344432e-02   4.2559296e-02   6.3625396e-02  -3.6023951e-04  -6.3610680e-04   6.3977309e-04
   2.8799489e-02   6.1923931e-02   3.4674953e-02  -5.5271629e-04  -3.2947690e-04   6.9808849e-04
   3.1943501e-02   3.4028363e-02   7.8550750e-02  -3.0802068e-04  -8.7135543e-05   7.9327223e-04
   3.9077308e-02   6.3596134e-02   5.8280589e-02  -4.8429410e-04   6.4093818e-05   1.0125066e-03
   3.3125313e-02   5.7274342e-02   2.9716039e-02  -6.3345350e-04   3.7742062e-05   9.0969753e-04
   2.8707478e-02   4.9982520e-02   7.6858155e-02  -2.8882298e-04   2.9682556e-04   1.0568195e-03
   6.7223744e-02   8.8343333e-02   6.6197770e-02  -6.3389739e-04   2.5194217e-05   9.7953901e-04
   6.0654597e-02   1.0712264e-01   4.7887143e-02  -1.3841866e-03  -9.2029447e-05   1.3010585e-03
   6.0990760e-02   1.0531128e-01   6.6335243e-02  -1.1769890e-03  -1.0328197e-05   1.4802799e-03
   6.3488045e-02   1.0923443e-01   9.4553816e-03  -1.5550523e-03   1.1244673e-04   1.5765466e-03
   4.8422331e-02   9.9339576e-02   2.5981432e-02  -1.8436324e-03   2.8086466e-04   1.6292101e-03
   5.4799493e-02   9.4182463e-02   1.1475427e-02  -1.6294700e-03   3.1097682e-04   1.9268377e-03
   5.7889831e-02   1.2346820e-01   2.0871634e-03  -1.9993719e-03   4.4926207e-04   1.7694251e-03
   3.6845340e-02   1.0614926e-01  -1.4221879e-03  -2.3807380e-03   2.5492470e-04   1.5526584e-03
   3.6576507e-02   8.9742635e-02  -2.0484835e-02  -2.4359617e-03   1.4081791e-04   1.7322871e-03
   5.1776696e-02   1.1792520e-01  -2.2876119e-02  -2.6005075e-03   3.9055381e-05   1.4269122e-03
   5.3592772e-02   1.1020510e-01  -1.4163939e-02  -2.8593004e-03  -4.9084355e-04   1.2353435e-03
   6.1859397e-02   1.0758597e-01   4.6164314e-03  -2.6389265e-03  -6.1745085e-04   1.4607510e-03
   8.7195079e-02   1.3032395e-01   1.4131688e-02  -2.5869412e-03  -6.7723426e-04   1.4589274e-03
   1.0048175e-01   1.2742611e-01   1.4295739e-02  -2.9160383e-03  -5.9048417e-04   1.3322987e-03
   9.9016060e-02   1.3345948e-01   1.3445976e-02  -2.9693030e-03  -4.5943074e-04   1.4117616e-03
   1.1068473e-01   1.4991579e-01   2.5001248e-04  -2.9827946e-03  -4.3363843e-04   1.2917955e-03
   1.1306011e-01   1.3873532e-01   2.1352256e-02  -3.0189549e-03  -6.1472765e-04   1.2645082e-03
   1.1371667e-01   1.3421362e-01   1.0021890e-02  -3.0083195e-03  -7.6224429e-04   1.3633579e-03
   1.0328812e-01   1.5189649e-01  -2.8941503e-02  -3.4193986e-03  -7.6688488e-04   1.3927171e-03
   1.1005931e-01   1.4848630e-01  -1.4471340e-02  -3.6124169e-03  -1.0594840e-03   1.3248739e-03
   1.1919611e-01   1.6931033e-01  -4.7192117e-02  -3.7986260e-03  -1.1459154e-03   1.3711849e-03
   1.0866493e-01   1.6344284e-01  -9.7111459e-02  -4.3926768e-03  -1.0720780e-03   1.3452085e-03
   1.1095115e-01   1.5782318e-01  -4.1460733e-02  -4.2407904e-03  -1.1089018e-03   1.3592976e-03
   1.2204711e-01   1.7242066e-01  -6.0001781e-02  -4.3096602e-03  -1.2111686e-03   1.3424081e-03
   1.1674892e-01   1.7693645e-01  -1.0536151e-01  -4.8175935e-03  -1.3161581e-03   1.4357628e-03
   1.1663817e-01   1.6216330e-01  -6.5558974e-02  -4.6311825e-03  -1.1117945e-03   1.4514207e-03
   1.1682898e-01   1.8384379e-01  -7.5998859e-02  -4.6508981e-03  -1.0828950e-03   1.3981550e-03
   1.1570793e-01   1.9252493e-01  -1.2146195e-01  -5.1856426e-03  -1.1091550e-03   1.3152038e-03
   1.1741080e-01   1.7253044e-01  -6.4781356e-02  -4.9519903e-03  -1.1806902e-03   1.2531780e-03
   1.1816085e-01   1.8603446e-01  -8.3731159e-02  -4.9176055e-03  -1.1838003e-03   1.3030014e-03
   1.1704869e-01   1.8217020e-01  -1.0547219e-01  -5.1240341e-03  -1.6038734e-03   1.2908211e-03
   9.8681709e-02   1.9472579e-01  -8.4276829e-02  -5.6659112e-03  -1.9302690e-03   1.4742679e-03
   1.0252448e-01   2.0678313e-01  -7.8453722e-02  -5.8624828e-03  -1.7856156e-03   1.4985860e-03
   1.1924495e-01   2.0207892e-01  -8.8401869e-02  -5.4718514e-03  -1.7522896e-03   1.3424674e-03
   1.3757298e-01   2.0306328e-01  -7.6949784e-02  -5.8471858e-03  -1.9001146e-03   1.1071611e-03
   1.3033975e-01   2.1133611e-01  -5.1538145e-02  -6.0052773e-03  -2.1639963e-03   1.1872253e-03
   1.3727291e-01   2.1360216e-01  -3.9631678e-02  -5.5238377e-03  -2.2019282e-03   1.2008996e-03
   1.4630286e-01   2.1176401e-01  -9.1028684e-02  -6.2881200e-03  -2.3516211e-03   9.8591703e-04
   1.6962031e-01   2.1851244e-01  -5.6489833e-02  -6.1839960e-03  -2.6964562e-03   7.4229758e-04
   1.7118667e-01   2.4788043e-01  -7.6292812e-02  -6.3837489e-03  -2.6761981e-03   6.3893986e-04
   1.8311456e-01   2.5012198e-01  -1.2134198e-01  -7.1959878e-03  -3.1867588e-03   3.0896332e-04
   2.1125975e-01   2.4935156e-01  -8.2234450e-02  -6.7868845e-03  -3.5555278e-03   6.7749191e-06
   2.3525485e-01   2.5840367e-01  -8.1510113e-02  -6.6684624e-03  -3.5333728e-03  -2.8472762e-04
   2.2500931e-01   2.5803686e-01  -9.1947519e-02  -6.9989828e-03  -3.5205847e-03  -3.6581864e-04
   2.3235636e-01   2.5743430e-01  -4.1513884e-02  -7.0645483e-03  -3.8602837e-03  -3.5290074e-04
   2.4871426e-01   2.6902552e-01  -6.6916026e-02  -6.9565610e-03  -3.9602081e-03  -4.6931338e-04
   2.6441664e-01   2.6865005e-01  -6.9798909e-02  -7.1010109e-03  -4.1778062e-03  -7.8539363e-04
   2.9180972e-01   2.5696605e-01  -2.7204300e-02  -6.6665382e-03  -4.3566641e-03  -9.2367997e-04
   2.9658732e-01   2.7312831e-01  -7.2551853e-02  -6.6128170e-03  -4.6548338e-03  -1.2627054e-03
   3.0404139e-01   2.7154931e-01  -5.5449217e-02  -6.7073287e-03  -5.0507436e-03  -1.5559248e-03
   3.2246715e-01   2.7521952e-01   1.3664145e-02  -6.0640158e-03  -5.3234070e-03  -1.6653353e-03
   3.3270303e-01   2.6139280e-01  -1.2137375e-02  -5.7640196e-03  -5.2499906e-03  -1.8013604e-03
   3.3301288e-01   2.5732297e-01   4.4113637e-03  -5.9540487e-03  -5.5959568e-03  -1.8554703e-03
   3.3873843e-01   2.6224525e-01   2.7587886e-02  -5.5463451e-03  -5.6235335e-03  -1.8540396e-03
   3.4206035e-01   2.6772265e-01  -3.0781839e-02  -5.9391433e-03  -5.5842317e-03  -1.9479210e-03
   3.4508277e-01   2.5620245e-01  -2.5487483e-02  -6.0361043e-03  -5.7540898e-03  -1.9629661e-03
   3.3705803e-01   2.6721946e-01  -5.6270163e-02  -5.9823489e-03  -5.7706974e-03  -1.8637435e-03
   3.4521004e-01   2.6518877e-01  -8.1562369e-02  -6.1578227e-03  -5.9201580e-03  -2.1891391e-03
   3.4535614e-01   2.5643536e-01  -1.0560147e-02  -5.8342259e-03  -6.1023211e-03  -2.1997683e-03
   3.3777514e-01   2.6549172e-01  -8.6217104e-03  -5.5338597e-03  -5.7982116e-03  -2.1013091e-03
   3.3495935e-01   2.8024331e-01  -1.9535996e-02  -5.9669105e-03  -5.8459152e-03  -2.2576651e-03
   3.4868608e-01   2.7639690e-01   3.2147909e-02  -5.4007715e-03  -6.1819195e-03  -2.2408092e-03
   3.3939998e-01   2.8623132e-01  -9.3880786e-03  -5.4819716e-03  -6.0768503e-03  -2.2747541e-03
   3.4127906e-01   2.7148204e-01  -2.3236478e-03  -5.4116397e-03  -6.3585887e-03  -2.4616892e-03
   3.5637243e-01   2.7025702e-01   3.9979383e-02  -5.0653793e-03  -6.5307572e-03  -2.4899052e-03
   3.6150629e-01   2.8878171e-01  -1.7011261e-04  -5.2957181e-03  -6.4984393e-03  -2.6246817e-03
   3.6459823e-01   2.8643803e-01   1.2603662e-02  -5.6418881e-03  -6.6444973e-03  -2.7353015e-03
   3.7405135e-01   2.8559230e-01   5.0562124e-02  -4.9657749e-03  -6.7764459e-03  -2.7431188e-03
   3.7421014e-01   2.9487963e-01  -1.3830251e-02  -5.5937179e-03  -6.5991080e-03  -2.7991634e-03
   3.7940059e-01   2.7471291e-01   3.7280098e-03  -5.6577034e-03  -6.6293381e-03  -2.8444752e-03
   3.8445814e-01   2.9013755e-01   9.5918164e-03  -5.5084067e-03  -6.7522086e-03  -2.7877615e-03
   3.9789839e-01   2.9908090e-01  -2.0673361e-02  -5.7605878e-03  -6.8823819e-03  -2.9732722e-03
   3.9524260e-01   2.9151942e-01   2.2297386e-02  -5.7978250e-03  -7.0050926e-03  -2.9265878e-03
   3.8780961e-01   2.9092777e-01   2.4672051e-03  -5.5588140e-03  -6.9064181e-03  -2.8667963e-03
   3.8840812e-01   3.1618091e-01  -2.3167423e-02  -6.2792685e-03  -7.1838272e-03  -3.0034936e-03
   3.9398140e-01   2.8068276e-01   2.0859036e-02  -5.5160926e-03  -7.1680685e-03  -2.8888896e-03
   4.0369190e-01   3.1251252e-01  -1.5737302e-02  -5.8125215e-03  -7.2427618e-03  -3.0371394e-03
   4.0562708e-01   2.9640416e-01   1.8364165e-03  -5.8270847e-03  -7.5880903e-03  -3.0493064e-03
   4.1604845e-01   3.2895361e-01  -1.4413880e-02  -6.2909047e-03  -7.9594791e-03  -2.9828325e-03
   4.1347482e-01   3.3285344e-01  -4.2543064e-02  -6.2856778e-03  -8.2002613e-03  -2.8731630e-03
   3.9188991e-01   3.1735977e-01  -7.8339742e-02  -6.9309086e-03  -8.2174116e-03  -2.7907070e-03
   3.9067019e-01   2.9015615e-01  -2.3191283e-02  -5.9086383e-03  -8.4244581e-03  -2.7224776e-03
   3.6240429e-01   2.9765086e-01  -5.5174107e-02  -5.9427865e-03  -8.3136886e-03  -2.6214352e-03
   3.7821666e-01   3.0669690e-01  -7.9345161e-02  -6.8473992e-03  -8.1423934e-03  -2.9342994e-03
   3.8205197e-01   3.0859555e-01  -2.2030074e-02  -6.5792952e-03  -8.3045634e-03  -2.8026553e-03
   3.9284212e-01   3.1366146e-01  -3.5956096e-02  -6.4760431e-03  -8.2240350e-03  -2.7869981e-03
   3.8754771e-01   3.0687948e-01  -6.9265398e-02  -6.8230229e-03  -8.2893215e-03  -2.8931264e-03
   3.8702546e-01   3.1705234e-01  -2.3053251e-02  -6.6242910e-03  -8.3092864e-03  -2.7976727e-03
   3.8005268e-01   3.3883366e-01  -6.8632916e-02  -6.5832034e-03  -8.2513568e-03  -2.8222250e-03
   3.9743328e-01   3.3916422e-01  -6.6419085e-02  -6.7970150e-03  -8.3674281e-03  -2.9313055e-03
   3.9720902e-01   3.3907750e-01  -2.9579685e-02  -6.7260486e-03  -8.3690180e-03  -2.8061925e-03
   3.9272596e-01   3.3537334e-01  -5.0763327e-02  -6.6967870e-03  -8.0192182e-03  -2.7594210e-03
   4.0508406e-01   3.2268103e-01  -5.9596388e-02  -6.7588120e-03  -8.1987684e-03  -2.9564320e-03
   4.1579466e-01   3.2761395e-01  -2.2844431e-02  -6.6903344e-03  -8.3545040e-03  -2.9837657e-03
   4.0949789e-01   3.1906544e-01  -2.9751374e-02  -6.3280026e-03  -8.2598815e-03  -2.8246711e-03
   4.0968749e-01   3.1187007e-01  -6.4116255e-02  -6.6714859e-03  -8.2091714e-03  -3.0133906e-03
   4.1837458e-01   2.9822626e-01  -5.7267195e-03  -6.3497786e-03  -8.1246177e-03  -3.0665521e-03
   4.2834699e-01   3.0863970e-01  -2.0374214e-02  -5.9589277e-03  -8.2198452e-03  -3.0413455e-03
   4.3444284e-01   3.2739789e-01  -3.4522585e-02  -6.4983422e-03  -8.2494242e-03  -3.2253306e-03
   4.4248984e-01   3.1142778e-01  -6.8332085e-03  -6.2469093e-03  -8.3579717e-03  -3.0579395e-03
   4.3502228e-01   3.2970705e-01  -4.0837302e-02  -6.3890681e-03  -8.3041428e-03  -2.9479740e-03
   4.3345450e-01   3.2119086e-01  -3.5394274e-02  -6.5663727e-03  -8.4096939e-03  -3.0390919e-03
   4.2815125e-01   3.2701872e-01  -1.0568693e-02  -6.5369269e-03  -8.3851711e-03  -2.8966985e-03
   4.4212764e-01   3.1312364e-01   1.4371808e-02  -5.4453351e-03  -8.4695633e-03  -3.0700733e-03
   4.3506849e-01   2.9028165e-01   2.6809810e-02  -5.2785253e-03  -8.4971912e-03  -3.0346914e-03
   4.1708815e-01   3.3101328e-01   2.2484263e-03  -6.2768808e-03  -8.0928181e-03  -2.6034117e-03
   3.9223966e-01   3.2495683e-01  -8.1589969e-03  -5.9512237e-03  -7.8157790e-03  -2.3154764e-03
   4.2741226e-01   3.1454809e-01   4.9985949e-02  -5.9693635e-03  -8.2861554e-03  -2.6601877e-03
   4.2369817e-01   3.0404022e-01   2.5818749e-02  -5.6633293e-03  -7.9700848e-03  -2.6436686e-03
   4.2196808e-01   3.2760655e-01   3.3699440e-02  -5.8395612e-03  -8.0757589e-03  -2.7783204e-03
