   1.4210855e-14   0.0000000e+00   0.0000000e+00  -6.6819118e-52  -1.2868894e-85   1.9259299e-34
   2.8558476e-03   5.1372148e-03   5.6279414e-03  -2.1854942e-04  -5.9277779e-05   4.2847757e-04
   3.4427883e-04  -4.5889382e-02   4.8795801e-02   1.9346460e-04   6.0164634e-04   7.0373570e-04
   1.7410129e-03   1.6696262e-02   1.0468258e-01   1.4523607e-03   4.5118329e-04   7.4446135e-04
  -2.4032867e-02  -1.2607076e-01   1.0574285e-01   4.9682612e-03   2.1183210e-03   2.2718380e-03
  -1.5534080e-02  -5.4533763e-02   1.2527433e-01   5.3394940e-03   2.4222629e-03   2.2575712e-03
   3.4121610e-02  -6.6340345e-02   1.3087431e-01   2.6656734e-03   4.5909573e-03   2.0106927e-03
   5.7273196e-02  -8.1904535e-02   2.1385862e-01   3.7719072e-03   6.1286740e-03   1.1524137e-03
   7.5920606e-02  -1.0993336e-01   2.2110225e-01   4.5179653e-03   6.4234701e-03   9.8855287e-04
   1.0456251e-01  -1.0172884e-01   2.3637487e-01   4.6781531e-03   7.1214217e-03   6.2037403e-04
   9.6608630e-02  -1.6899010e-01   1.8010688e-01   4.4741849e-03   7.2365372e-03   1.0560462e-03
   1.1562810e-01  -1.9226587e-01   2.4873208e-01   4.9038251e-03   7.1625254e-03   1.0504116e-03
   1.2832281e-01  -1.9529377e-01   2.5904155e-01   4.6610744e-03   7.4839893e-03   9.9952151e-04
   1.6130956e-01  -1.9975035e-01   2.6246533e-01   4.4293957e-03   7.1435106e-03   4.5363052e-04
   1.5401424e-01  -1.7350872e-01   2.4612795e-01   4.3450221e-03   7.1855633e-03   9.1773845e-04
   1.5847397e-01  -2.1397874e-01   2.9163630e-01   4.2715494e-03   7.7824411e-03   1.5677107e-03
   1.9573045e-01  -1.8197933e-01   3.2681782e-01   4.2694904e-03   7.6151117e-03   1.2654757e-03
   2.1634497e-01  -2.1438416e-01   3.3997472e-01   4.3733547e-03   7.6627291e-03   1.3569490e-03
   2.3981690e-01  -2.4042892e-01   3.1953646e-01   3.7569882e-03   8.2681148e-03   1.7805679e-03
   2.5995074e-01  -2.5640002e-01   4.1966433e-01   4.6110872e-03   8.4971060e-03   1.1878576e-03
   2.6209560e-01  -2.4604919e-01   3.9826677e-01   4.3034259e-03   8.8602952e-03   1.5497127e-03
   2.7023831e-01  -2.9313743e-01   4.1365459e-01   4.2334721e-03   9.2527470e-03   1.4317687e-03
   2.8119717e-01  -2.7852316e-01   4.6507740e-01   4.4457679e-03   9.1067210e-03   1.4178448e-03
   2.8876242e-01  -2.8658945e-01   4.9864013e-01   4.6699766e-03   9.3840332e-03   1.3001685e-03
   2.8376694e-01  -2.9654268e-01   5.1091980e-01   4.3944389e-03   9.3406006e-03   1.3805212e-03
   2.4654738e-01  -2.5958053e-01   5.2027799e-01   4.2942577e-03   8.9619238e-03   1.1416352e-03
   2.0490736e-01  -2.3605786e-01   4.0365948e-01   2.7797912e-03   8.6555609e-03   1.3869412e-03
   1.7972556e-01  -2.9585704e-01   4.5639901e-01   3.8987513e-03   8.3914687e-03   2.0836157e-03
   2.0879168e-01  -3.2139602e-01   2.8712382e-01   1.8263243e-03   8.5532326e-03   1.5944513e-03
   2.3192701e-01  -2.0266097e-01   2.7719374e-01   6.1303850e-04   7.8419042e-03   1.6592256e-03
   2.4424360e-01  -2.4516213e-01   3.5610715e-01   4.0300902e-04   8.2042414e-03   1.4623479e-03
   2.7117866e-01  -2.5693077e-01   3.2670046e-01  -9.9984406e-04   8.8307417e-03   1.3631743e-03
   3.0062138e-01  -2.6531568e-01   3.6812725e-01   8.8890273e-05   9.5126095e-03   1.9435246e-03
   3.0875946e-01  -2.8804642e-01   2.7501570e-01  -4.8741230e-04   9.9635957e-03   2.0345779e-03
   3.1773899e-01  -3.3488566e-01   2.9477862e-01  -8.2050746e-05   1.0338369e-02   2.2268289e-03
   3.4421564e-01  -2.8332234e-01   3.2281350e-01   1.9548141e-04   9.9698779e-03   1.9112301e-03
   3.5849147e-01  -2.6173534e-01   3.2244805e-01   5.8862295e-04   1.0785626e-02   1.6507532e-03
   3.6864877e-01  -3.1087151e-01   2.6025158e-01   4.5525116e-04   1.1176715e-02   1.5230562e-03
   3.8457920e-01  -3.0632911e-01   3.4193793e-01   1.4021357e-03   1.1310099e-02   1.0202755e-03
   4.0577021e-01  -3.1721394e-01   3.2694618e-01   1.4356538e-03   1.1882913e-02   2.6605005e-04
   4.1645633e-01  -3.1694213e-01   3.2334659e-01   1.9692964e-03   1.2412430e-02  -2.2970711e-04
   4.2198379e-01  -3.3761134e-01   3.5527203e-01   2.1890683e-03   1.2742450e-02  -7.8513089e-04
   4.2585059e-01  -3.1416592e-01   3.3425612e-01   2.2464005e-03   1.3399712e-02  -1.0890118e-03
   4.5473664e-01  -3.0793455e-01   3.1004434e-01   2.2704852e-03   1.3493374e-02  -2.0978523e-03
   4.4396381e-01  -3.2205626e-01   3.6879491e-01   2.5815183e-03   1.3537997e-02  -2.4481677e-03
   4.4157052e-01  -2.8949605e-01   3.6248964e-01   2.8133350e-03   1.3667623e-02  -2.6487013e-03
   4.2999978e-01  -2.9503518e-01   3.1808319e-01   2.0444935e-03   1.4492200e-02  -2.5238265e-03
   4.2450708e-01  -3.0281571e-01   2.8707353e-01   1.7249789e-03   1.4778001e-02  -2.3915619e-03
   4.4221168e-01  -2.8001869e-01   2.5506276e-01   1.5486277e-03   1.5273057e-02  -3.1210892e-03
   4.1424013e-01  -2.8272094e-01   3.1922104e-01   2.1629141e-03   1.4398891e-02  -2.9342242e-03
   3.7915258e-01  -2.7217325e-01   2.8785004e-01   2.5092893e-03   1.3485992e-02  -2.1763929e-03
   4.0764368e-01  -2.6040924e-01   1.3352026e-01   3.5901834e-04   1.3255152e-02  -2.4594916e-03
   4.3719240e-01  -2.5570204e-01   2.5692763e-01   1.4540226e-03   1.3519520e-02  -2.7587518e-03
   4.5444122e-01  -2.1720677e-01   2.8341784e-01   1.4207312e-03   1.3594231e-02  -2.9610267e-03
   4.4764531e-01  -2.6383731e-01   2.6153347e-01   6.2697679e-04   1.3457455e-02  -3.0153785e-03
   4.5202784e-01  -3.1171686e-01   1.7522052e-01  -4.9314685e-04   1.4391120e-02  -2.4349029e-03
   4.5862600e-01  -3.2503101e-01   2.1100197e-01   7.6444496e-05   1.4532871e-02  -2.6180842e-03
   4.9871040e-01  -2.6435140e-01   2.2748659e-01   6.2414770e-04   1.4794285e-02  -3.1938543e-03
   5.0092060e-01  -3.4505864e-01   1.8632628e-01   8.4910996e-04   1.4886715e-02  -3.3752464e-03
   4.8095567e-01  -3.2999831e-01   2.4158216e-01   9.5538444e-04   1.5335151e-02  -3.1888615e-03
   4.9366333e-01  -3.0068428e-01   2.8768732e-01   1.7588723e-03   1.5297636e-02  -3.7818569e-03
   5.2039778e-01  -2.8772432e-01   3.2447020e-01   2.3693503e-03   1.5578636e-02  -4.3593724e-03
   5.3285656e-01  -3.3441432e-01   2.9686720e-01   2.0729676e-03   1.5771618e-02  -4.5150726e-03
   5.5213379e-01  -3.3009111e-01   3.3698455e-01   2.6941031e-03   1.5922134e-02  -5.4484547e-03
   5.5852579e-01  -3.2266099e-01   3.0628255e-01   2.6833514e-03   1.5973013e-02  -5.5942744e-03
   5.4873717e-01  -3.2622811e-01   2.9713761e-01   2.4659282e-03   1.6103572e-02  -5.6080055e-03
   5.5413295e-01  -3.3438373e-01   3.2676294e-01   3.1290952e-03   1.6055847e-02  -6.0450322e-03
   5.4710489e-01  -3.2088191e-01   2.8959910e-01   3.0292601e-03   1.5983424e-02  -6.5162402e-03
   5.5729534e-01  -2.8251076e-01   2.8476202e-01   3.0680503e-03   1.6080010e-02  -7.0614623e-03
   5.4925846e-01  -2.9536309e-01   2.6568710e-01   2.9418101e-03   1.6466283e-02  -7.1419420e-03
   5.4963779e-01  -3.3114575e-01   2.9336123e-01   3.0142081e-03   1.6964707e-02  -7.3628896e-03
   5.5592557e-01  -2.7266058e-01   2.9404513e-01   3.1360638e-03   1.6830407e-02  -7.6055195e-03
   5.7833004e-01  -2.6827353e-01   2.7313103e-01   3.8510111e-03   1.6914597e-02  -8.0049204e-03
   5.7469092e-01  -3.1954842e-01   2.4480581e-01   3.8404470e-03   1.7128639e-02  -8.0427027e-03
   5.4764258e-01  -2.6298835e-01   3.0468619e-01   4.8466476e-03   1.6515219e-02  -8.0235993e-03
   5.2833227e-01  -2.1545948e-01   2.1626199e-01   4.0196586e-03   1.4868720e-02  -7.2486099e-03
   4.7269935e-01  -3.6164541e-01   7.8654602e-02   5.7819796e-03   1.3815401e-02  -6.3255977e-03
   4.4674184e-01  -2.2143920e-01   1.8971467e-01   4.5766692e-03   1.3919921e-02  -6.8480446e-03
   4.2910716e-01  -1.5880802e-01   3.3018680e-01   4.6444618e-03   1.4134258e-02  -6.8724661e-03
   4.5559569e-01  -2.9078796e-01   1.7885303e-01   1.7390791e-03   1.5175559e-02  -6.8978889e-03
   4.7822663e-01  -2.8608324e-01   1.5840142e-01  -1.8145664e-03   1.7383194e-02  -5.2024892e-03
   4.9903227e-01  -2.8864474e-01   1.6944423e-01  -1.3308401e-03   1.8679567e-02  -5.0086202e-03
   5.3987896e-01  -3.2401883e-01   1.4550264e-01  -1.2833572e-03   1.8648111e-02  -5.7701519e-03
   5.4314367e-01  -3.1941065e-01   1.8049007e-01  -6.5702817e-04   1.9144237e-02  -5.3610168e-03
   5.5959769e-01  -2.9552739e-01   2.2935090e-01   1.7520874e-05   1.8737051e-02  -5.5569363e-03
   5.5638584e-01  -3.0883896e-01   2.0439414e-01  -2.8451267e-04   1.8874440e-02  -5.7080678e-03
   5.6441651e-01  -2.9300803e-01   2.2603024e-01  -2.7879589e-04   1.8860916e-02  -5.9821779e-03
   5.7547072e-01  -3.1076579e-01   1.9224704e-01  -3.0466770e-04   1.9026221e-02  -6.5344711e-03
   5.6145720e-01  -3.2796098e-01   2.0873216e-01  -2.9368821e-04   1.9465245e-02  -6.7656212e-03
   5.6310120e-01  -3.4397677e-01   2.2072121e-01  -2.2053887e-04   1.9918022e-02  -7.4412798e-03
   5.7657044e-01  -3.4103291e-01   2.4888749e-01  -2.3289514e-04   2.0386478e-02  -8.1835361e-03
   5.6721870e-01  -3.2765092e-01   2.6547830e-01  -1.3430476e-04   2.1033547e-02  -7.5716730e-03
   5.4636555e-01  -3.3254344e-01   2.8057684e-01   1.9761312e-05   2.1186474e-02  -7.1065401e-03
   5.4853523e-01  -3.3905174e-01   2.8719816e-01   5.0151008e-04   2.1410007e-02  -7.2535921e-03
   5.5407086e-01  -3.4655750e-01   2.7737170e-01   3.3205986e-04   2.1331675e-02  -7.2749256e-03
   5.5127295e-01  -3.4454076e-01   2.8472389e-01   6.3670994e-04   2.1971681e-02  -6.8801746e-03
   5.5713444e-01  -3.5710809e-01   2.9423434e-01   4.1740480e-04   2.1763487e-02  -6.8701453e-03
   5.6377520e-01  -2.9911405e-01   3.1744767e-01   9.6269923e-04   2.1530862e-02  -7.1352452e-03
   5.4203145e-01  -3.7274868e-01   2.7834405e-01   6.0159879e-04   2.1370549e-02  -6.7976917e-03
   4.6456101e-01  -2.6658641e-01   3.4611886e-01   1.3901393e-03   2.0210308e-02  -6.3765395e-03
   4.0123960e-01  -3.6724449e-01   3.5036605e-01   1.2324917e-03   1.9976888e-02  -5.8280314e-03
   4.3043075e-01  -4.0238415e-01   3.4512036e-01   2.6833489e-04   2.0517307e-02  -6.0807116e-03
   4.4604202e-01  -3.4034749e-01   4.0043070e-01   1.0627360e-03   2.0394465e-02  -6.5156747e-03
   4.5854701e-01  -3.5621865e-01   3.7529802e-01   5.6332055e-04   2.0683905e-02  -6.5327880e-03
   4.5424906e-01  -3.6028553e-01   3.8376342e-01   2.6258861e-04   2.1047632e-02  -6.4871741e-03
   4.6047187e-01  -3.4869382e-01   4.4094359e-01  -1.4461649e-04   2.1346315e-02  -6.1506492e-03
   4.9421597e-01  -3.7563733e-01   4.7578439e-01   3.4061347e-04   2.2283718e-02  -6.9073055e-03
   5.2312914e-01  -4.1949843e-01   4.6013768e-01   4.3449208e-05   2.2929059e-02  -6.9712903e-03
   5.2429511e-01  -4.1644279e-01   4.5140310e-01  -4.0976666e-04   2.3304097e-02  -6.9081547e-03
   5.3466032e-01  -3.9552813e-01   4.6552704e-01   5.2433190e-04   2.3202156e-02  -7.6053114e-03
   5.3734156e-01  -4.0985874e-01   3.5662679e-01  -1.2909539e-03   2.3498261e-02  -7.1755533e-03
   5.3944016e-01  -3.9248547e-01   3.6887462e-01  -1.8457806e-03   2.4083866e-02  -7.1535432e-03
   5.6784258e-01  -3.6003930e-01   4.0815070e-01  -8.2611669e-04   2.4068721e-02  -7.6201031e-03
   5.9626263e-01  -3.7155059e-01   3.8565296e-01  -6.7994126e-04   2.4544173e-02  -7.8422530e-03
   5.7742269e-01  -4.4945118e-01   3.3468193e-01  -4.3251833e-04   2.4886929e-02  -7.6298796e-03
   5.8685342e-01  -4.2677090e-01   3.2719140e-01  -6.4083170e-04   2.5248297e-02  -7.8595451e-03
   5.9515421e-01  -3.7934668e-01   3.3680207e-01  -3.4650925e-04   2.5503683e-02  -7.8996050e-03
   6.1535290e-01  -3.9655866e-01   3.3326721e-01   1.1822831e-04   2.5799372e-02  -8.2873801e-03
   6.5464513e-01  -4.1665814e-01   3.4618204e-01   3.3888365e-04   2.6256802e-02  -8.7975512e-03
   6.8133878e-01  -3.7705936e-01   3.8497179e-01   8.0597140e-04   2.6578385e-02  -9.1735452e-03
   6.9371928e-01  -4.2794126e-01   3.6726953e-01   1.1553752e-03   2.6913972e-02  -9.2613916e-03
   7.0274893e-01  -4.3777418e-01   3.6278633e-01   5.8148966e-04   2.7364578e-02  -9.1018236e-03
   7.0862082e-01  -4.6162461e-01   4.0786313e-01   1.6799266e-03   2.7243744e-02  -9.2228357e-03
   6.7502448e-01  -4.2695467e-01   4.7638634e-01   2.5850984e-03   2.6824069e-02  -9.2546045e-03
   6.6649162e-01  -3.7968520e-01   4.3457287e-01   1.4087295e-03   2.6535152e-02  -9.6266553e-03
   6.6878975e-01  -4.7144268e-01   3.8278467e-01   1.2195137e-03   2.6029558e-02  -9.7700407e-03
   6.5239788e-01  -3.0634766e-01   4.2401242e-01   1.7277041e-03   2.5074057e-02  -9.7514499e-03
   6.5775092e-01  -3.6067144e-01   4.1381996e-01   1.5430479e-03   2.5042459e-02  -9.9449990e-03
   6.4371026e-01  -3.4295214e-01   3.2597498e-01   1.9221066e-03   2.4355275e-02  -9.7982807e-03
