   0.0000000e+00   0.0000000e+00  -7.1054274e-15   0.0000000e+00   0.0000000e+00   0.0000000e+00
  -3.5089475e-02   2.2206574e-02  -3.9011828e-02  -2.6981611e-05  -1.7421169e-04   1.2235678e-04
  -4.5709535e-02  -2.4510469e-02   1.5962152e-02   4.8200877e-04  -8.3218334e-05  -1.1368004e-04
  -4.2250837e-02   4.5158159e-02   5.0701057e-02   5.7856267e-04  -2.4016570e-04   2.8326651e-04
  -3.4990585e-02  -1.0313333e-02   6.9502676e-02   5.8815895e-04  -1.0766519e-04  -7.0440879e-05
  -2.5164534e-02   1.1187006e-02   8.4538529e-02   1.1077076e-03  -5.1394398e-04  -1.0772633e-04
  -1.5665081e-03  -2.3132319e-02   3.3649321e-02   1.5686035e-03  -3.6952670e-04  -1.1893390e-04
   4.3957447e-03  -6.5481996e-03   9.7614401e-02   1.4860551e-03  -5.1644984e-04   1.1423328e-04
   2.0364082e-02   3.2065549e-02   6.9180330e-02   2.2295754e-03  -6.2058847e-04   5.7112091e-05
   1.8079710e-02   1.4122736e-02   7.5297743e-02   1.6795170e-03  -4.0286362e-04   4.9793266e-04
   2.4205649e-02  -8.2276806e-03   1.1129881e-01   1.8098310e-03  -1.8163123e-04   3.9535210e-04
   2.7227007e-02   3.7517258e-02   7.7899258e-02   2.4374769e-03  -4.0218408e-04   3.2253607e-04
   2.2584995e-02   2.7457264e-02   8.4419785e-02   2.3775434e-03  -1.2613261e-04   2.9752256e-04
   1.6332225e-02   2.0369661e-02   1.2727061e-01   2.6390617e-03  -4.3945531e-04   2.7547540e-04
   2.5409794e-02   3.8524442e-02   1.4366645e-01   3.2214431e-03  -3.8014256e-04   3.7532722e-04
   2.3110890e-02   9.8127953e-03   1.7389909e-01   3.5413873e-03  -2.4741620e-04   4.1958547e-04
   1.3945435e-02   3.8513110e-02   1.3305823e-01   2.7807480e-03  -3.2426123e-04   5.1561749e-04
   1.2827132e-02   1.9059893e-02   1.1215183e-01   2.8920843e-03  -2.2457207e-04   3.4736960e-04
   7.7324884e-03   2.4923870e-02   1.4889545e-01   2.6163164e-03  -4.2252018e-04   7.0347999e-04
   6.2349887e-03   5.5154377e-02   1.3458119e-01   3.4551023e-03  -3.1472865e-04   6.4972124e-04
   1.1926996e-02   3.8955666e-02   1.3732539e-01   3.1204426e-03   1.4988171e-04   5.5960735e-04
  -6.3502895e-03   6.2308757e-02   1.1790073e-01   2.5889998e-03  -5.9149134e-04   6.3295962e-04
   5.5025925e-03   5.3861058e-02   1.0809380e-01   2.8316522e-03  -1.9114686e-04   7.4189662e-04
   1.3713571e-02   3.2416408e-02   1.3406372e-01   2.5053074e-03  -2.9342834e-04   4.9975451e-04
   1.4829855e-02   5.2922806e-02   2.0321213e-01   3.7810902e-03  -2.6059146e-04   5.9935155e-04
   1.5222321e-02   5.8171541e-02   1.8272170e-01   3.1210676e-03  -7.8557433e-04   6.4078834e-04
   2.1697370e-02   3.3527585e-02   9.8087363e-02   1.3297951e-03   4.9014432e-04   8.1517228e-04
  -5.6683692e-02   1.0948110e-01  -5.1913086e-02   1.7608073e-03  -2.8169470e-03  -4.4111928e-04
  -2.1270148e-01   4.6652139e-02  -5.2027704e-02   1.1313696e-03  -5.7013462e-03  -3.8933103e-03
  -1.6568421e-01   9.2957087e-02   6.6952612e-02   2.1683581e-03  -3.5225779e-03  -2.6854252e-03
  -1.3652156e-01   7.0320287e-02  -2.7190840e-02   1.5507996e-03  -3.4584945e-03  -2.4283960e-03
  -1.2201974e-01   6.1472052e-02   1.8793892e-02   2.1334576e-03  -3.1260267e-03  -1.7528118e-03
  -1.2306389e-01   1.0721243e-01   3.4570265e-02   1.8553570e-03  -3.2143615e-03  -1.9443768e-03
  -1.0666091e-01   5.2580069e-02   7.0707901e-02   2.3824748e-03  -2.9413702e-03  -1.5596476e-03
  -1.0300772e-01   9.5193907e-02   6.0931685e-02   2.2090326e-03  -2.9353112e-03  -1.6673409e-03
  -9.5127576e-02   4.2584990e-02   8.6030636e-02   3.0371155e-03  -2.7271447e-03  -1.5742005e-03
  -9.1827313e-02   8.9432758e-02   1.1493447e-01   2.5909383e-03  -2.9356489e-03  -1.5758268e-03
  -7.4775458e-02   2.2032568e-02   8.0821459e-02   2.7881960e-03  -2.4245235e-03  -1.5392925e-03
  -8.1018820e-02   9.9762776e-02   1.0543699e-01   2.8384568e-03  -2.6153101e-03  -1.3851437e-03
  -8.0417786e-02   6.0407257e-02   1.0758985e-01   3.2125420e-03  -2.4629865e-03  -1.3522194e-03
  -8.1491144e-02   1.2980795e-01   1.2870378e-01   3.3586320e-03  -2.3274417e-03  -1.4316824e-03
  -8.1218955e-02   9.0259157e-02   8.5021566e-02   3.2720361e-03  -2.2442237e-03  -1.4555365e-03
  -8.7208090e-02   1.4889297e-01   1.1001444e-01   3.0642966e-03  -2.4802552e-03  -1.3603498e-03
  -6.6665119e-02   8.7464570e-02   1.1614146e-01   3.8483402e-03  -2.1074247e-03  -1.5000108e-03
  -7.4934397e-02   1.2102250e-01   1.3156321e-01   4.2922588e-03  -2.3089698e-03  -1.4300404e-03
  -6.4495803e-02   7.2053187e-02   5.5251017e-02   3.0264701e-03  -1.9410751e-03  -1.3995064e-03
  -7.3954543e-02   8.6636428e-02   1.3013322e-01   3.8223439e-03  -2.3508481e-03  -1.3056324e-03
  -6.7375646e-02   1.1056351e-01   6.0225537e-02   3.8659818e-03  -2.1024002e-03  -1.4255628e-03
  -8.7367254e-02   1.0673412e-01   1.5957249e-01   3.4272387e-03  -2.2620414e-03  -1.3964679e-03
  -5.9413864e-02   1.0637218e-01   8.5219527e-02   3.7734718e-03  -1.5263310e-03  -1.0988494e-03
  -7.0166606e-02   1.0639383e-01   9.4826384e-02   3.3644370e-03  -1.0382676e-03  -7.8563632e-04
  -7.0673710e-02   9.2554895e-02   3.4372254e-02   2.5362303e-03  -1.0982571e-03  -9.8598834e-04
  -7.6584267e-02   1.1495438e-01  -4.3691091e-03   2.1452004e-03  -1.0482817e-03  -8.2936525e-04
  -6.6717986e-02   8.0343593e-02   3.2082307e-02   1.9200796e-03  -1.0005393e-03  -1.0071801e-03
  -5.3938804e-02   7.5779087e-02   6.5083492e-02   2.7033636e-03  -1.1761146e-03  -9.3152676e-04
  -4.6387227e-02   8.1956515e-02   6.0702298e-02   2.7507612e-03  -1.2458627e-03  -7.2671473e-04
  -3.9751557e-02   6.4581612e-02   9.9248834e-02   2.7788970e-03  -9.7233719e-04  -7.7879470e-04
  -3.8393999e-02   9.4088359e-02   8.4216631e-02   3.3947988e-03  -1.1236011e-03  -6.2663236e-04
  -4.2227810e-02   7.5523827e-02   9.1091142e-02   3.4313069e-03  -9.6116313e-04  -7.0603562e-04
  -3.7812277e-02   7.5384135e-02   1.2183168e-01   3.7230724e-03  -1.0517288e-03  -7.6937109e-04
  -2.6804085e-02   8.9609666e-02   1.1831360e-01   4.0725086e-03  -9.4174576e-04  -8.2043483e-04
  -2.2284484e-02   8.3692262e-02   1.5698844e-01   3.9198360e-03  -9.7827699e-04  -8.5981540e-04
  -2.6489465e-02   1.1789287e-01   1.2556524e-01   4.3724987e-03  -9.1840408e-04  -7.8632662e-04
  -2.0869135e-02   8.2714082e-02   1.5762289e-01   4.3215601e-03  -8.6239666e-04  -5.1065220e-04
  -2.5703201e-02   1.2257945e-01   8.5541545e-02   4.1092130e-03  -9.6267145e-04  -4.4951194e-04
  -4.0569763e-02   9.7689757e-02   1.2282049e-01   3.9704434e-03  -9.3135219e-04  -5.7337290e-04
  -3.7007318e-02   9.8462839e-02   1.3430891e-01   4.5838585e-03  -9.9931726e-04  -5.5821802e-04
  -2.3998581e-02   9.5821822e-02   1.1955020e-01   4.1082852e-03  -9.7632903e-04  -6.0215465e-04
  -2.7848948e-02   9.2291458e-02   1.2500330e-01   4.3447108e-03  -1.1572761e-03  -4.2202770e-04
  -4.7749455e-02   1.4158133e-01   9.5892551e-02   3.9822522e-03  -1.2877312e-03  -4.0677133e-04
  -6.2487090e-02   9.3695570e-02   1.0771234e-01   3.6822596e-03  -1.3386379e-03  -1.1581753e-04
  -5.1845126e-02   1.2061603e-01   1.3481663e-01   4.2504581e-03  -1.4351071e-03   4.4016502e-05
  -4.1322124e-02   1.0395356e-01   1.2253259e-01   4.0534747e-03  -9.5623729e-04  -1.2995827e-05
  -3.3270958e-02   8.3837668e-02   1.3815213e-01   3.7554883e-03  -1.0315031e-03   3.2509002e-04
  -2.1571621e-02   1.3271464e-01   1.5409761e-01   5.0012429e-03  -9.3654533e-04   1.2761296e-04
  -3.5939124e-02   9.7075239e-02   1.7724515e-01   5.2784151e-03  -1.1219378e-03   1.1444617e-05
  -4.3380548e-02   1.4461892e-01   7.3628653e-02   3.8030944e-03  -1.1199674e-03   4.5651701e-04
  -4.7908027e-02   7.3541416e-02   9.4906718e-02   3.7651662e-03  -1.0178208e-03   3.8308625e-04
  -4.1928947e-02   1.1162879e-01   1.1818694e-01   4.3269359e-03  -1.2849408e-03   5.6872336e-04
  -2.7360480e-02   9.2798261e-02   1.2544884e-01   4.5280685e-03  -1.1380457e-03   5.8526007e-04
  -2.6876585e-02   7.8796755e-02   1.1653075e-01   3.9123118e-03  -1.2182989e-03   6.5031096e-04
  -1.5906425e-02   9.0157387e-02   6.6915931e-02   4.1158814e-03  -9.5917652e-04   4.8439560e-04
  -2.3739817e-02   8.2175597e-02   1.3406882e-01   3.7161206e-03  -1.1525072e-03   6.2671475e-04
  -3.1129770e-02   1.1070448e-01   1.0130738e-01   4.5725621e-03  -1.2005914e-03   2.8136883e-04
  -4.7890067e-02   9.5722861e-02   1.1403515e-01   3.9203620e-03  -9.9644899e-04   1.9564456e-04
  -4.9824600e-02   1.1077900e-01   1.3130320e-01   4.5889930e-03  -1.0449782e-03   6.8500313e-05
  -4.0600728e-02   9.4662220e-02   1.2883840e-01   4.1832712e-03  -8.3935611e-04   1.3310182e-04
  -3.1107166e-02   1.1001311e-01   1.4898605e-01   5.1126422e-03  -7.4063842e-04   1.2914282e-04
  -4.3811777e-02   1.1874907e-01   1.0071309e-01   4.5117007e-03  -7.0998369e-04  -4.4334318e-05
  -3.7140520e-02   1.0853624e-01   1.5280700e-01   4.9396017e-03  -9.1577406e-04   1.1467001e-04
  -3.8021676e-02   1.4532511e-01   1.2918742e-01   4.8861917e-03  -5.7314245e-04   1.7117523e-05
  -4.4336029e-02   1.1785296e-01   1.4447287e-01   4.6477188e-03  -1.0401398e-03   2.2723221e-04
  -4.7806883e-02   1.4870183e-01   1.1703025e-01   4.7422695e-03  -1.0606778e-03   2.8324971e-04
  -4.4457330e-02   9.6532175e-02   1.3198379e-01   4.3483662e-03  -8.6811956e-04   8.5746284e-05
  -3.5107722e-02   1.2743550e-01   1.3010645e-01   4.9393725e-03  -9.4560692e-04   1.5643573e-04
  -2.6422310e-02   1.0586503e-01   1.1822359e-01   4.7118270e-03  -6.7370467e-04   7.1771286e-05
  -3.4035450e-02   1.3399569e-01   1.4661428e-01   5.3089535e-03  -9.0549581e-04   2.3883470e-04
  -4.8453749e-02   1.6416534e-01   1.2158881e-01   5.4177121e-03  -7.5185848e-04   1.0162210e-04
  -4.7942721e-02   1.3427223e-01   1.3487840e-01   4.8382599e-03  -8.3820570e-04   1.4324692e-04
  -5.0066509e-02   1.9037326e-01   8.5157848e-02   4.3844037e-03  -7.5066512e-04   4.0530550e-04
  -6.1803666e-02   1.3139734e-01   8.4047321e-02   4.4786194e-03  -9.5184832e-04   2.3252497e-04
  -8.3191052e-02   1.7242110e-01   4.4752218e-02   3.9038612e-03  -8.5889992e-04   4.0628775e-04
  -7.0698074e-02   1.1673872e-01   9.7794410e-02   4.5791947e-03  -3.0020320e-04   3.0364055e-04
  -6.3434126e-02   1.4783416e-01   1.3257095e-01   4.8386570e-03  -3.5469868e-04   4.4972626e-04
  -4.2907489e-02   1.0831773e-01   7.8799896e-02   4.2373188e-03  -3.3620859e-04   3.6345812e-04
  -4.2228642e-02   1.2120475e-01   1.4452298e-01   4.8362424e-03  -5.9471784e-04   5.6610130e-04
  -3.2957892e-02   1.3838296e-01   1.0408405e-01   5.0180483e-03  -5.1135989e-04   1.8736696e-04
  -2.8209625e-02   1.1695829e-01   1.9877317e-01   5.8337297e-03  -5.1258517e-04   2.3131520e-04
  -2.1055105e-02   1.4006205e-01   1.7451829e-01   5.6545062e-03  -3.6668614e-04   2.1508289e-04
  -2.5473672e-02   9.9839706e-02   1.6215386e-01   4.7568649e-03  -2.0901571e-04   3.8271437e-04
  -2.1616282e-02   1.2384607e-01   1.2288672e-01   5.3716205e-03  -2.0862588e-04   2.5326515e-04
  -4.7587523e-02   1.3962615e-01   1.5439990e-01   5.8705972e-03  -6.1478837e-04   2.2682068e-04
  -5.4599932e-02   1.5299859e-01   1.5667513e-01   5.8911686e-03  -8.0308861e-04   3.5477993e-04
  -4.8985787e-02   1.5146186e-01   1.2294785e-01   4.9779301e-03  -6.7909190e-04   2.2274502e-04
  -3.7094204e-02   1.2334143e-01   1.5891392e-01   5.8146739e-03  -6.6654046e-04   2.6111848e-04
  -4.4676641e-02   1.7101536e-01   1.5495306e-01   6.1529336e-03  -7.9131990e-04   4.6592753e-04
  -3.6789890e-02   1.1811423e-01   1.2996879e-01   5.6469181e-03  -6.1430281e-04   3.8112199e-04
  -3.6449248e-02   1.6495086e-01   1.0739302e-01   5.2029978e-03  -3.8863220e-04   4.9980622e-04
  -2.9314577e-02   1.3757304e-01   1.0802459e-01   5.4067864e-03  -1.5326817e-04   5.1913267e-04
  -5.2044666e-02   1.5168890e-01   1.4651596e-01   5.6096332e-03  -5.9419478e-04   7.0217009e-04
  -3.9439517e-02   1.5632353e-01   1.0877520e-01   5.8744913e-03  -1.9775121e-04   6.5706434e-04
  -5.5049914e-02   1.2922160e-01   1.1771118e-01   4.3479589e-03  -4.2319556e-04   5.1412201e-04
  -4.0095678e-02   1.4173847e-01   1.3654426e-01   6.2261120e-03  -1.7498836e-04   4.3649825e-04
  -5.1652439e-02   1.8722092e-01   1.5360305e-01   5.6857918e-03  -6.4006148e-04   4.7539955e-04
   2.0009163e-02   8.4146971e-02   7.7355192e-02   5.8110411e-03   8.0375298e-04   3.4110136e-04
   6.8181691e-03   1.7643111e-01   6.9966593e-02   5.7818691e-03   1.2260025e-03   9.3389898e-04
  -2.4260681e-02   1.8360110e-01   3.6355336e-02   4.7333058e-03   4.8482768e-04   7.9442108e-04
  -2.8865570e-02   1.0899342e-01   7.7613005e-02   4.9843782e-03   8.0720545e-04   2.6871273e-04
  -3.9698471e-02   1.6757742e-01   9.0053200e-02   4.6780591e-03   4.7646135e-04   1.5468918e-04
