   0.0000000e+00   0.0000000e+00   0.0000000e+00   0.0000000e+00   0.0000000e+00   0.0000000e+00
   2.3965477e-02  -4.6393255e-03   1.7660130e-02  -1.6807872e-03   3.0257650e-03   2.2797821e-03
   5.2709220e-02   1.7430166e-02   2.2882240e-02  -1.1915317e-03   3.3301059e-03   3.8976466e-03
   4.0223721e-02   1.2051287e-02   4.0783168e-02  -1.5049931e-03   3.4994968e-03   6.8868504e-03
  -7.1754465e-03   4.7625769e-02   1.6782559e-02  -2.6024755e-03   4.9540281e-03   5.2435119e-03
  -1.2380777e-02   5.4929385e-02   1.9740894e-02  -3.4967869e-03   5.2640411e-03   5.7351452e-03
   9.4437112e-03   5.7121701e-02  -3.2307252e-02  -3.4119731e-03   5.3532432e-03   5.1024045e-03
  -1.0158936e-02   6.7752051e-02   3.1926463e-02  -3.3926238e-03   5.6747090e-03   5.9694321e-03
   2.0543073e-02   5.7536226e-02   1.1489244e-02  -3.2875209e-03   5.3141744e-03   4.9685927e-03
  -2.2206479e-02   5.0156608e-02   6.5425968e-02  -3.0701888e-03   6.5481113e-03   6.5406894e-03
   7.4550184e-02   4.6605275e-02   1.2399221e-02  -2.8063970e-03   4.3432113e-03   3.9026645e-03
   1.8350928e-01   4.7646319e-02   7.8531892e-02  -1.1867432e-03   1.6718611e-03   2.4192696e-03
   5.4314097e-02   3.2542905e-02   7.6615177e-02  -2.2999906e-03   5.8410545e-03   6.0352490e-03
   5.7009760e-02  -2.4371107e-03  -2.8892563e-01  -3.1602170e-03   4.8098750e-03   4.6942942e-03
   4.0334388e-03  -1.0702436e-01  -7.0334921e-01  -1.4565309e-03   5.5146830e-03   6.7562894e-03
   5.7482002e-02   5.5621180e-02  -1.7508922e-01  -2.2384056e-03   5.9282643e-03   6.7415184e-03
   2.4709880e-04  -1.0641479e-01  -7.3833992e-01  -1.6388606e-03   6.4233232e-03   6.9015349e-03
   8.3542249e-02   1.5829569e-01   3.4307175e-01  -2.4984911e-03   6.0706348e-03   7.3259357e-03
   1.0493756e-01  -3.5303879e-03  -9.7001594e-01   7.0966721e-04   7.6478032e-03   7.6748903e-03
   4.4979577e-02  -3.1576323e-01  -2.0133534e+00   4.2233516e-03   7.2156098e-03   8.9048597e-03
   8.4253632e-02  -1.6911634e-01  -1.5498367e+00   5.7871449e-03   7.7455341e-03   9.1356961e-03
   7.4059555e-02  -2.6566756e-01  -1.9025892e+00   6.0846629e-03   7.8088892e-03   9.0148736e-03
   7.5366131e-02  -2.1041226e-01  -1.6945111e+00   6.4335716e-03   8.0120109e-03   8.9683181e-03
   6.3328351e-02  -2.4658463e-01  -1.8895866e+00   6.4767261e-03   8.0584286e-03   9.0724274e-03
   7.1425981e-02  -2.2073454e-01  -1.7437731e+00   6.3315952e-03   8.0091292e-03   8.9926711e-03
   8.0612959e-02  -2.5153225e-01  -1.8283684e+00   6.9134720e-03   7.9342166e-03   8.9693893e-03
   7.2629095e-02  -2.2151195e-01  -1.7318310e+00   7.5380055e-03   8.0242032e-03   8.9584619e-03
   6.9901818e-02  -2.7626346e-01  -1.8771242e+00   6.7371557e-03   8.0253169e-03   9.1670080e-03
   6.6144768e-02  -2.5568831e-01  -1.7909714e+00   6.3935351e-03   8.0325480e-03   9.1278348e-03
   6.1459531e-02  -2.7021663e-01  -1.8715682e+00   7.0341344e-03   8.0759252e-03   9.3205608e-03
   5.8905661e-02  -2.5282886e-01  -1.8340742e+00   7.4424743e-03   8.1386259e-03   9.0785199e-03
   5.1265609e-02  -3.1908216e-01  -1.8819576e+00   6.8342175e-03   7.3434046e-03   1.0730969e-02
   6.4287950e-02  -2.6479095e-01  -1.7797879e+00   7.9021866e-03   7.4842899e-03   1.0461429e-02
   4.1171630e-02  -2.3577848e-01  -1.9530809e+00   6.6546487e-03   7.6647757e-03   1.0015336e-02
   5.0950918e-02  -2.5393870e-01  -1.7971864e+00   8.8264933e-03   8.6603942e-03   1.0098333e-02
   2.1881511e-02  -3.5397050e-01  -1.5012012e+00   1.9891374e-02   9.8312061e-03   1.0662508e-02
   5.7879170e-02  -3.2824837e-01  -1.6536786e+00   1.5541636e-02   9.0271119e-03   1.0322128e-02
   5.2608147e-02  -2.9484542e-01  -1.6833911e+00   1.5442382e-02   9.4284992e-03   1.0467233e-02
   5.2919452e-02  -2.8153380e-01  -1.7204070e+00   1.3084346e-02   9.2367362e-03   1.0549868e-02
   6.6107294e-02  -3.2239725e-01  -1.6881762e+00   1.3999553e-02   9.1434893e-03   1.0737703e-02
   6.1580509e-02  -2.8807186e-01  -1.6786423e+00   1.3389920e-02   9.2006471e-03   1.0433365e-02
   4.9296014e-02  -2.5040232e-01  -1.7143222e+00   1.4249499e-02   9.3870787e-03   1.1036130e-02
   3.5480671e-02  -2.4262841e-01  -1.7326668e+00   1.2919942e-02   9.2889925e-03   1.0738863e-02
   5.0187923e-02  -2.8052050e-01  -1.7011562e+00   1.3511894e-02   9.4933800e-03   1.0747741e-02
   7.2745345e-02  -2.9268435e-01  -1.6967623e+00   1.3798952e-02   9.5342649e-03   9.7772094e-03
   4.2265389e-02  -2.8920462e-01  -1.7479512e+00   1.2969030e-02   9.8370853e-03   1.0651047e-02
   3.9123318e-02  -2.4895769e-01  -1.7758706e+00   1.2399189e-02   9.4321441e-03   1.0510585e-02
   3.6941455e-02  -2.9174142e-01  -1.8010706e+00   1.2711577e-02   9.4203735e-03   1.1182007e-02
   5.9167944e-02  -2.4975843e-01  -1.7877540e+00   1.2270247e-02   9.3195908e-03   1.0568254e-02
   5.8024056e-02  -2.5095251e-01  -1.7766236e+00   1.3251556e-02   9.4757041e-03   1.1212014e-02
   5.7413776e-02  -2.8156159e-01  -1.8202180e+00   1.3585646e-02   9.2541581e-03   1.0754456e-02
  -3.4228903e-03  -2.7338420e-01  -1.5541086e+00   1.2882777e-02   1.0531847e-02   1.1084270e-02
  -1.8381852e-01  -3.2552190e-01  -1.5689037e+00   1.9339049e-03   1.2615328e-02   1.1954600e-02
  -1.6035782e-01  -3.9208576e-01  -1.9835190e+00   5.4438644e-03   1.2406978e-02   1.2463742e-02
   5.3182491e-02  -2.9006251e-01  -1.6897040e+00   1.2063910e-02   9.9371501e-03   1.2547476e-02
   3.3123472e-02  -2.3532011e-01  -1.7489432e+00   1.0847309e-02   1.0421042e-02   1.2748300e-02
   9.4451325e-02  -2.7566473e-01  -1.7007524e+00   1.2452187e-02   9.8748843e-03   1.2128370e-02
   4.0325946e-02  -2.5584059e-01  -1.7360682e+00   1.1570174e-02   1.1285172e-02   1.3155198e-02
   8.5454612e-02  -2.4225030e-01  -1.7169558e+00   1.2395371e-02   1.0495402e-02   1.1816146e-02
   2.3206972e-02  -2.5146181e-01  -1.6928605e+00   1.1465953e-02   1.2307466e-02   1.4224577e-02
   1.6662174e-01  -2.2993975e-01  -1.6346668e+00   1.2045228e-02   8.6543709e-03   9.3448415e-03
   2.2747405e-01  -1.6023479e-01  -1.6851305e+00   1.2350952e-02   1.5463881e-03  -7.1015920e-03
   2.3514838e-02  -1.9510789e-01  -1.7537198e+00   1.2172103e-02   1.0069799e-02   1.0231994e-02
   1.0730973e-01  -1.9856766e-01  -1.7539490e+00   1.1914014e-02   8.2735619e-03   7.9988899e-03
   6.6782029e-02  -2.2183985e-01  -1.7384642e+00   1.1933996e-02   9.6223146e-03   9.9562713e-03
   1.0114141e-01  -2.0302828e-01  -1.7315013e+00   1.2050884e-02   8.8948337e-03   9.4953508e-03
   8.6382696e-02  -1.8497121e-01  -1.7395295e+00   1.3020170e-02   9.6461371e-03   1.0495916e-02
   9.7702888e-02  -1.7202366e-01  -1.8100946e+00   1.1609346e-02   9.6747098e-03   9.8160017e-03
   8.1867456e-02  -2.0565615e-01  -1.7374161e+00   1.2097035e-02   9.8103551e-03   1.0496205e-02
   1.0165812e-01  -1.7909437e-01  -1.7348042e+00   1.2113212e-02   9.3822199e-03   9.8679347e-03
   8.9088815e-02  -1.8505130e-01  -1.7516624e+00   1.2202843e-02   1.0023208e-02   1.0582451e-02
   1.0277050e-01  -1.8361442e-01  -1.8225446e+00   1.1945899e-02   9.8064111e-03   1.0651229e-02
   1.1737692e-01  -3.1026942e-01  -1.8568587e+00   1.4121826e-02   9.3305670e-03   1.1938866e-02
   1.0193447e-01  -2.4579764e-01  -1.8164274e+00   1.3585215e-02   1.0134880e-02   1.0990305e-02
   8.9535610e-02  -2.3390859e-01  -1.8179564e+00   1.3956726e-02   1.0008996e-02   1.1290721e-02
   8.9497907e-02  -2.4149649e-01  -1.8411585e+00   1.2841752e-02   1.0309952e-02   1.1363706e-02
   7.9727603e-02  -3.0987273e-01  -1.8462713e+00   1.4351568e-02   8.9082719e-03   1.2770792e-02
   9.7769099e-02  -2.6732592e-01  -1.6185384e+00   1.3538115e-02   9.4354544e-03   1.3103566e-02
   1.2353750e-01  -2.3610257e-01  -1.7454307e+00   1.4844743e-02   1.0286697e-02   1.2811958e-02
   1.0924476e-01  -2.7168338e-01  -1.9213306e+00   1.4299067e-02   1.0293541e-02   1.2879466e-02
   1.0723670e-01  -2.4038742e-01  -1.8495869e+00   1.4743705e-02   1.0460154e-02   1.2948563e-02
   9.3965795e-02  -2.7364910e-01  -1.8940655e+00   1.4280678e-02   1.0589186e-02   1.2971899e-02
   1.0057692e-01  -2.4949328e-01  -1.8155928e+00   1.4777383e-02   1.0392144e-02   1.3065569e-02
   9.5862911e-02  -2.3848625e-01  -1.8899335e+00   1.4159414e-02   1.0761823e-02   1.3068018e-02
   9.9729388e-02  -2.0977727e-01  -1.8699992e+00   1.4616838e-02   1.0385901e-02   1.2731367e-02
   1.0109568e-01  -2.3594225e-01  -1.8947822e+00   1.4067779e-02   1.1175580e-02   1.3504237e-02
   1.0959987e-01  -2.3759079e-01  -1.8224458e+00   1.4721331e-02   9.6257293e-03   1.2488689e-02
   1.1973735e-01  -2.5702068e-01  -1.8794505e+00   1.3975663e-02   1.3787275e-02   1.5852118e-02
   8.1686851e-02  -1.8353843e-01  -1.8597824e+00   1.5122646e-02   1.4547850e-02   1.7141462e-02
   1.4962189e-01  -3.0966618e-01  -1.9529212e+00   1.4627787e-02   9.4781614e-03   1.4096638e-02
   1.0177116e-01  -7.9868640e-01  -1.7872102e+00   1.2365119e-02   9.1770722e-03   1.5465913e-02
   1.7738739e-01  -2.8781179e-01  -2.0031995e+00   1.3454360e-02   7.9592395e-03   1.3056962e-02
   1.2021144e-01  -3.2601155e-01  -1.9576953e+00   1.5037753e-02   9.6586413e-03   1.4691443e-02
   1.3290346e-01  -2.9193840e-01  -1.9764579e+00   1.4224264e-02   8.9299547e-03   1.3531185e-02
   1.0708019e-01  -3.7696456e-01  -1.9993577e+00   1.5274295e-02   1.0360335e-02   1.4545295e-02
   1.3955529e-01  -3.6944860e-01  -2.0031272e+00   1.3962868e-02   8.5694747e-03   1.4214029e-02
   1.1599029e-01  -3.9822676e-01  -1.9330584e+00   1.5118613e-02   9.9769581e-03   1.4845054e-02
   1.3005728e-01  -3.6400483e-01  -2.0193340e+00   1.4275286e-02   9.0090677e-03   1.3735292e-02
   9.9967018e-02  -4.2174367e-01  -1.9177024e+00   1.5675158e-02   1.0170133e-02   1.5196102e-02
   9.3970402e-02  -4.5832010e-01  -1.9701136e+00   1.3978000e-02   9.2083199e-03   1.4172758e-02
   7.9739909e-02  -4.6370161e-01  -1.9683716e+00   1.3395488e-02   1.2170962e-02   1.4822303e-02
   2.4896062e-01  -4.2586930e-01  -3.8119803e+00  -3.9599187e-02   6.9964942e-03   1.1661360e-02
   8.2030369e-02  -7.9975785e-01  -3.0015992e+00   2.6174409e-03   6.3261914e-03   9.8585886e-03
   6.8750884e-02  -4.8053681e-01  -1.9022111e+00   1.5228384e-02   1.1059532e-02   1.3693013e-02
   7.1670794e-02  -3.4649190e-01  -2.2705675e+00   7.1159418e-03   1.1142207e-02   1.3730373e-02
   9.4297787e-02  -4.2648027e-01  -1.9846659e+00   1.1970804e-02   9.9353230e-03   1.3788299e-02
   1.8694716e-01  -4.6178669e-01  -2.1579878e+00   9.5802168e-03   8.2821353e-03   1.6138435e-02
   1.0693035e-01  -4.1446092e-01  -2.0740210e+00   1.1307892e-02   1.0890093e-02   1.5828224e-02
   1.1765517e-01  -3.8728187e-01  -2.1224121e+00   1.0589998e-02   1.0152959e-02   1.5501626e-02
   8.1459004e-02  -4.1435365e-01  -2.1174950e+00   1.2097923e-02   1.1425207e-02   1.5869904e-02
  -1.4389499e-02  -5.8897455e-01  -2.1629358e+00   1.2793329e-02   1.0872587e-02   1.7034561e-02
   9.1839912e-02  -6.4899189e-01  -2.1180359e+00   1.2882271e-02   9.5702486e-03   1.6240167e-02
   1.3678945e-01  -4.1998193e-01  -2.1859496e+00   1.3103898e-02   8.7146575e-03   1.5226636e-02
   1.0240652e-01  -7.3415789e-01  -2.0513207e+00   1.3964597e-02   8.4823380e-03   1.3489888e-02
   2.8160080e-02  -8.4333468e-01  -2.1625164e+00   1.2789835e-02   8.3644514e-03   1.3632589e-02
   1.0349429e-01  -3.5120471e-01  -2.1072456e+00   1.3827920e-02   8.6533637e-03   1.3424282e-02
   1.1365785e-01  -3.3613319e-01  -2.1389131e+00   1.2542436e-02   8.7934919e-03   1.3555928e-02
   1.1930797e-01  -3.3208547e-01  -2.1543391e+00   1.2983462e-02   8.9801494e-03   1.3188556e-02
   1.3742969e-01  -3.3445202e-01  -2.1209684e+00   1.2926938e-02   8.8818553e-03   1.3353180e-02
   1.2776978e-01  -3.3521228e-01  -2.0891933e+00   1.2842079e-02   9.2156183e-03   1.3462219e-02
   1.2135198e-01  -3.2456670e-01  -2.1770153e+00   1.2639411e-02   9.2311456e-03   1.5083758e-02
   1.1949148e-01  -2.8900686e-01  -2.1244974e+00   1.2130607e-02   9.3596062e-03   1.4764909e-02
   1.3511199e-01  -2.7887571e-01  -2.1055007e+00   1.1675816e-02   9.3276989e-03   1.4378216e-02
   1.2789001e-01  -3.2111191e-01  -2.1497693e+00   1.3244694e-02   9.3719420e-03   1.3895905e-02
   1.1414159e-01  -3.2022913e-01  -2.2200587e+00   1.3709196e-02   9.2542576e-03   1.3360781e-02
   1.0921081e-01  -3.2400649e-01  -2.2092314e+00   1.2447760e-02   9.2978571e-03   1.3531701e-02
   1.2184788e-01  -3.5138254e-01  -2.2328740e+00   1.1837786e-02   9.4634034e-03   1.3806931e-02
   1.3073110e-01  -3.3294265e-01  -2.0893538e+00   1.2162389e-02   9.3317400e-03   1.3694134e-02
   1.2133274e-01  -4.9930186e-01  -2.7543788e+00   1.4330680e-02   1.0186193e-02   1.3248393e-02
