   0.0000000e+00   0.0000000e+00   0.0000000e+00   0.0000000e+00   0.0000000e+00   0.0000000e+00
   3.2215623e-02   2.9099727e-02  -5.4485120e-02  -9.5219696e-04  -2.8231862e-04  -1.9301768e-04
   5.2335635e-02   4.1154485e-02   8.4135139e-03  -7.6459840e-04   3.7266319e-04  -5.6850949e-04
   6.6456775e-02   8.8852474e-02  -6.0643998e-02  -1.9759483e-03   1.4614135e-04   8.6232114e-05
   9.7449704e-02   8.4276553e-02  -6.2951310e-02  -1.6151020e-03  -7.1373970e-06  -3.9334001e-05
   1.2580187e-01   5.2764346e-02  -2.3212202e-02  -1.5901970e-03   5.4212467e-04  -1.6098954e-04
   1.1543441e-01   4.8183619e-02  -1.4559334e-02  -9.3223464e-04   7.8290247e-04  -2.1770818e-04
   8.5807075e-02   7.1441766e-02  -4.3976980e-02  -1.2824175e-03   8.3553657e-04  -4.5377615e-05
   9.6931108e-02   7.1479358e-02  -6.8151092e-02  -1.8290583e-03   5.2726890e-04   7.0999329e-05
   1.1944456e-01   1.3150235e-01  -2.4098121e-02  -2.2868473e-03   3.9502404e-04  -1.9491694e-04
   8.0722909e-02   8.6334116e-02  -6.5057594e-02  -1.9914570e-03   5.9629344e-04   2.5869172e-04
   7.6249117e-02   5.2855703e-02  -9.4702986e-02  -1.3809369e-03   8.2855009e-04   4.7064312e-04
   9.2271699e-02   8.7744070e-02  -1.2225940e-01  -2.0578482e-03   5.2684989e-04   2.2277838e-04
   7.0750442e-02   7.5242623e-02  -7.6582904e-02  -1.7441244e-03   6.5700396e-04   4.7219532e-04
   8.8975226e-02   1.2899897e-01  -1.3139300e-01  -2.6854459e-03   8.1736503e-04   3.3721312e-04
   1.1092009e-01   1.4444121e-01  -1.4903604e-01  -3.0630930e-03   8.4597107e-04  -2.5987464e-05
   1.3645168e-01   1.2324977e-01  -1.1440970e-01  -3.0158296e-03   6.0307852e-04  -1.9613879e-04
   1.3232504e-01   1.3086179e-01  -1.5203873e-01  -2.9610656e-03   6.9417484e-04  -6.0009229e-05
   1.4811926e-01   1.3268597e-01  -1.9479708e-01  -3.4600972e-03   6.5598788e-04  -2.1994327e-04
   1.6872267e-01   1.3481032e-01  -9.5657903e-02  -2.7675589e-03   3.4686442e-04  -3.4991330e-04
   1.5460259e-01   6.8795478e-02  -1.2509715e-01  -1.4088990e-03   4.1160796e-04  -8.5606952e-05
   1.4475398e-01   5.6914861e-02  -2.6862869e-01  -2.6633641e-03   8.0507183e-04   2.3440820e-05
   1.2539226e-01   4.2002798e-02  -2.1297229e-01  -1.7847528e-03   7.5209242e-04   2.5559669e-04
   1.2379100e-01   5.3788280e-02  -2.8194334e-01  -1.7778841e-03   1.1622304e-03   2.8373916e-04
   1.5278763e-01   2.1062616e-02  -2.3160813e-01  -5.6297578e-04   3.7853282e-04   1.9854194e-04
   1.4299803e-01   2.2651177e-02  -2.2194991e-01  -3.5385237e-04   3.1770765e-04   5.2042245e-04
   1.4269456e-01   4.2835254e-02  -2.9981925e-01  -1.3164629e-03   5.1233168e-04   4.9505898e-04
   1.4101046e-01   6.2938542e-04  -2.7830670e-01  -9.3079025e-04   6.5004636e-04   4.1767137e-04
   1.1838960e-01   1.1695676e-02  -2.6051239e-01  -1.1332429e-03   5.5609905e-04   7.6196122e-04
   1.3246832e-01   2.4188499e-02  -2.8852380e-01  -1.3442044e-03   3.7321518e-04   7.5869199e-04
   1.2599342e-01   1.4970750e-02  -2.8916092e-01  -1.8326258e-03   4.4579939e-04   6.8008404e-04
   1.3264654e-01   3.4009200e-02  -3.2312224e-01  -1.9167742e-03   3.0798507e-04   7.6929488e-04
   1.2927322e-01   3.3376878e-02  -3.5286945e-01  -1.8701793e-03   3.8250418e-04   6.8957045e-04
   1.4645781e-01   1.1126383e-02  -2.9733239e-01  -1.2150538e-03   2.8671577e-04   7.2177130e-04
   1.5073051e-01   1.6037858e-02  -3.1925333e-01  -7.5897504e-04   1.6458807e-04   8.3214745e-04
   1.4401063e-01   1.5966352e-02  -3.5129033e-01  -1.0103096e-03   2.9768599e-04   7.7891240e-04
   1.4811876e-01   1.4377168e-02  -3.2508089e-01  -6.4802754e-04   2.7155559e-04   8.9139691e-04
   1.3531127e-01   1.8038951e-02  -3.5541526e-01  -4.2564439e-04   4.3854900e-04   1.0417705e-03
   1.3178265e-01   6.9419321e-03  -3.8057612e-01  -7.6428476e-04   4.7308463e-04   1.0349265e-03
   1.2964778e-01   2.3412085e-02  -3.3450533e-01  -6.3074756e-04   4.7994462e-04   1.0652774e-03
   1.4265101e-01   1.4825479e-02  -3.2095106e-01  -2.3222047e-04   5.6653271e-04   9.8924302e-04
   1.2664643e-01   2.1897949e-02  -3.4390510e-01  -7.7452687e-04   7.4809646e-04   1.0016162e-03
   1.2041089e-01  -4.9511995e-03  -3.1116147e-01  -1.7901276e-04   7.8644679e-04   1.1171240e-03
   1.0970142e-01   1.3913322e-02  -3.1774132e-01  -1.3625071e-04   1.0034749e-03   1.2078408e-03
   1.1328726e-01   1.1632377e-02  -3.0953227e-01  -2.3991747e-04   7.3393033e-04   1.1840147e-03
   1.1239589e-01   1.7168119e-02  -3.3336735e-01  -3.6535274e-04   8.9442374e-04   1.2582865e-03
   1.0829172e-01   2.1876397e-02  -3.5444932e-01  -4.2545542e-04   9.6014414e-04   1.2622482e-03
   1.0150020e-01  -1.2743285e-02  -3.3250511e-01  -2.4785073e-04   9.4638385e-04   1.3205773e-03
   1.0048464e-01  -6.7439721e-03  -3.4271063e-01  -2.9693356e-06   1.0059892e-03   1.4509067e-03
   1.0154161e-01   6.7108476e-03  -3.7346496e-01  -2.2595849e-04   1.0806756e-03   1.3437634e-03
   1.0461938e-01  -5.2134247e-03  -3.6479277e-01  -1.3753568e-04   9.3650640e-04   1.2574241e-03
   1.0205670e-01   2.0431025e-02  -3.8095348e-01  -5.6485841e-04   9.9404407e-04   1.2961689e-03
   9.0240927e-02   1.1285911e-02  -3.9992261e-01   3.5762085e-06   1.0833465e-03   1.3135354e-03
   8.0968269e-02  -8.2160635e-03  -3.5611533e-01   3.3790026e-04   1.4657494e-03   1.1736163e-03
   9.8237411e-02  -8.7163119e-03  -3.7027077e-01  -8.8247054e-05   1.3756300e-03   1.2036787e-03
   7.9390857e-02   1.4646220e-02  -4.2575061e-01  -3.9514969e-04   1.5638091e-03   1.2778095e-03
   7.7106436e-02   1.3480333e-02  -4.3086763e-01  -8.1447881e-04   1.5923997e-03   1.1019224e-03
   7.6496801e-02   2.8055390e-02  -4.2140885e-01  -5.5311457e-04   1.5667282e-03   1.2610465e-03
   7.4385512e-02   3.4628897e-02  -4.4113094e-01  -6.1564175e-04   1.6543140e-03   1.2894309e-03
   8.6437134e-02   1.8594035e-02  -4.1374019e-01  -5.2999561e-04   1.4945145e-03   1.1737001e-03
   7.7181010e-02   1.2059072e-02  -4.0841637e-01  -3.8568371e-04   1.2514798e-03   1.4277732e-03
   8.3671707e-02   3.6740271e-02  -4.3290223e-01  -4.0700614e-04   1.5448795e-03   1.2935788e-03
   9.6327950e-02   1.0481815e-02  -3.8246652e-01  -2.1984488e-04   1.5708176e-03   1.1850018e-03
   9.6744216e-02   2.0438801e-02  -3.7293144e-01   2.4124597e-04   1.6100643e-03   1.2620478e-03
   9.3225919e-02   3.4129305e-02  -4.0644563e-01  -2.8902457e-04   2.0442211e-03   1.1066949e-03
   9.7106861e-02   1.0805054e-02  -3.7144457e-01  -2.8389453e-05   2.0381880e-03   1.0696374e-03
   1.0584479e-01   3.0574102e-02  -4.2056708e-01  -3.7219263e-04   2.1246539e-03   1.0124025e-03
   1.0938526e-01   3.7805910e-02  -4.4059194e-01  -6.3229281e-04   2.1336903e-03   8.8087173e-04
   1.1988987e-01   3.2996652e-02  -4.1864459e-01  -6.3605646e-04   2.1711986e-03   9.4914945e-04
   1.1221961e-01   5.9047427e-02  -4.5667070e-01  -8.2211065e-04   2.3581105e-03   9.0741191e-04
   1.2595195e-01   3.6461974e-02  -4.4627978e-01  -1.0255685e-03   2.3599461e-03   6.7824327e-04
   1.4681575e-01   3.5464004e-02  -4.6185869e-01  -4.9135635e-04   2.6208453e-03   4.4033924e-04
   1.9699026e-01   7.3064489e-02  -5.1520377e-01  -1.2973729e-03   2.6158142e-03   5.8151629e-06
   1.9428472e-01   3.5739515e-02  -4.8631028e-01  -6.2448314e-04   2.7533478e-03  -5.3637814e-05
   1.8669709e-01   6.7728921e-02  -5.2334608e-01  -9.9391663e-04   2.8707715e-03   1.3458224e-05
   1.8337060e-01   4.9122327e-02  -5.3043886e-01  -1.4640040e-03   2.8075323e-03   2.1468311e-05
   1.9377015e-01   7.0786257e-02  -5.5546836e-01  -1.1112733e-03   2.9742703e-03   2.5057403e-05
   1.9314789e-01   4.2602988e-02  -5.2716940e-01  -1.3676633e-03   2.8594048e-03   1.6533673e-05
   1.9546294e-01   5.5119841e-02  -5.2477914e-01  -1.0715991e-03   2.8216671e-03   2.9908580e-05
   2.0148932e-01   4.9223501e-02  -5.3076755e-01  -1.2335626e-03   2.7884578e-03  -8.0906886e-05
   1.9137536e-01   6.1071530e-02  -5.4509253e-01  -1.3979742e-03   2.9312285e-03   1.6539260e-05
   1.9115952e-01   9.8417587e-02  -5.8248237e-01  -1.6342467e-03   3.1707864e-03  -9.4681719e-05
   1.9997951e-01   5.9392049e-02  -5.4727492e-01  -1.2704211e-03   3.0794532e-03  -4.8915259e-05
   2.1250443e-01   7.0213051e-02  -5.4673134e-01  -8.9325143e-04   3.1574315e-03  -7.6810720e-05
   2.1266984e-01   6.0588000e-02  -5.4421310e-01  -8.4639846e-04   3.0555126e-03  -2.6021893e-04
   2.0844485e-01   3.3745813e-02  -4.9403414e-01  -4.2271004e-04   3.0939522e-03  -2.4864651e-04
   2.0862977e-01   7.4065403e-02  -5.4236102e-01  -5.3686103e-04   2.8414550e-03  -8.1990173e-05
   2.2619319e-01   4.5965369e-02  -5.5548261e-01  -4.8774521e-04   2.6183925e-03  -1.9521376e-04
   2.2479387e-01   2.7903292e-02  -5.2608445e-01  -1.3065741e-05   2.7546457e-03  -1.3373387e-04
   2.3355281e-01   4.0655132e-02  -5.5211984e-01   1.1516576e-04   2.7890078e-03  -2.5457836e-04
   2.4197304e-01   3.1310167e-02  -5.5547595e-01  -3.3335222e-04   2.5472911e-03  -3.6536999e-04
   2.4036872e-01   3.8877112e-02  -5.6150826e-01   7.2613495e-05   2.5126378e-03  -2.2858680e-04
   2.4705698e-01   5.7714439e-02  -6.1279889e-01  -2.5573092e-04   2.3771304e-03  -2.2003107e-04
   2.4221421e-01   2.4790577e-02  -5.5013436e-01   8.9010374e-06   2.3538851e-03  -2.3401497e-04
   2.5023956e-01   3.5447601e-02  -5.2798248e-01   6.5643114e-04   1.9756770e-03  -4.7777701e-05
   2.4405506e-01   2.6320754e-02  -5.7904986e-01   1.8964338e-04   1.9397873e-03   1.8891598e-05
   2.3366236e-01   1.1098431e-02  -5.6900005e-01   2.9773156e-04   1.9180810e-03   9.9981878e-05
   2.4107507e-01   7.7121699e-03  -5.8030003e-01   1.2382412e-03   1.8088852e-03   1.9426290e-04
   2.5017646e-01   3.7915995e-03  -6.2671771e-01   6.3107725e-04   1.8025265e-03   3.1935698e-05
   2.5828441e-01  -2.5159634e-02  -5.6846219e-01   1.4846623e-03   1.4533730e-03   9.6472782e-05
   2.6113678e-01  -4.0097907e-03  -5.8126993e-01   1.8327936e-03   1.5564470e-03   1.6577676e-04
   2.6710222e-01  -3.9315946e-03  -6.5242423e-01   1.0516116e-03   1.3853714e-03   1.0024332e-04
   2.7961834e-01  -3.9968416e-02  -5.8565955e-01   1.9915686e-03   9.3498965e-04   2.0726937e-04
   2.8079069e-01  -2.8110271e-02  -5.9942827e-01   1.9008260e-03   1.1549850e-03   1.3395416e-04
   2.7414016e-01  -1.1609682e-02  -6.5685653e-01   1.3957534e-03   1.3808616e-03   1.2109337e-04
   2.7794040e-01  -3.2206965e-02  -6.0165841e-01   1.8823417e-03   1.4241683e-03   9.5661209e-05
   2.7960495e-01  -2.0524068e-02  -5.8602412e-01   2.0622620e-03   1.3048380e-03   1.6538630e-04
   2.7940226e-01  -3.5950794e-02  -6.2409602e-01   2.4067718e-03   1.5073643e-03   1.4174464e-04
   2.7849975e-01  -5.1489634e-02  -5.8643386e-01   2.6870283e-03   1.5381449e-03   1.9079477e-04
   2.7887663e-01  -5.3333855e-02  -5.7101550e-01   3.0566330e-03   1.4912955e-03   2.6724530e-04
   2.8402037e-01  -3.3750541e-02  -6.1555722e-01   2.7754356e-03   1.4705838e-03   1.3721442e-04
   2.8391912e-01  -5.1270792e-02  -5.7187028e-01   3.0741080e-03   1.3914714e-03   3.6966808e-05
   2.8819712e-01  -5.7242830e-02  -5.3304236e-01   3.9348376e-03   1.5841775e-03   5.9182981e-05
   2.8082610e-01  -4.4386395e-02  -5.2923295e-01   4.4096364e-03   1.9088003e-03   4.5993163e-05
   3.0534287e-01  -6.3541143e-02  -4.9595148e-01   4.4502476e-03   1.6807504e-03  -2.2525353e-04
   2.9608110e-01  -4.4733790e-02  -5.1883558e-01   4.8427739e-03   1.7812616e-03  -1.1644771e-04
   2.9968850e-01  -3.1553114e-02  -5.5030716e-01   4.2969228e-03   1.6064736e-03  -2.1922420e-04
   3.1986025e-01  -4.6092814e-02  -5.0911083e-01   4.5927927e-03   1.7410615e-03  -4.4457865e-04
   3.2366771e-01  -3.3298081e-02  -4.9329800e-01   4.5696541e-03   1.6738284e-03  -3.0077878e-04
   3.1686999e-01  -1.0746834e-02  -5.6542630e-01   3.8694567e-03   1.7150578e-03  -2.6838897e-04
   3.2232680e-01  -4.0033561e-02  -4.9568053e-01   4.6370777e-03   1.6276554e-03  -3.9024833e-04
   3.2328445e-01  -1.7011317e-03  -5.6272050e-01   3.6784012e-03   1.4118433e-03  -2.6601968e-04
   3.2065810e-01  -6.2387380e-03  -5.2890104e-01   4.3249227e-03   1.0598243e-03  -3.2469708e-04
   3.1020212e-01  -3.3334251e-02  -5.0907619e-01   4.7998298e-03   9.8379287e-04  -2.5024908e-04
   2.9778751e-01  -9.2594520e-03  -6.2440643e-01   3.6675356e-03   1.2521041e-03  -1.4055689e-04
   2.9450154e-01  -4.4519172e-02  -6.0231830e-01   3.8359790e-03   1.0793552e-03  -2.3630992e-04
   3.0060539e-01  -2.0728776e-02  -6.3030339e-01   3.6663083e-03   1.2685580e-03  -2.8014498e-04
   3.2012669e-01  -5.4610736e-03  -6.7964858e-01   3.4116573e-03   1.1786008e-03  -4.0051346e-04
   3.0491383e-01  -5.8315248e-02  -6.0546005e-01   4.0120446e-03   1.1871778e-03  -3.7072057e-04
