   0.0000000e+00   0.0000000e+00   0.0000000e+00   0.0000000e+00   0.0000000e+00   0.0000000e+00
  -1.9647391e-03  -5.6507814e-02   2.1423878e-02   3.2802369e-04   5.2313520e-05   4.5077865e-05
   1.8561207e-03   9.3099639e-02   3.7419767e-02   3.5277248e-04   1.8366340e-04   6.7061216e-05
   2.9177583e-03  -1.3584304e-02   1.7381698e-02  -8.9288562e-05   1.1332012e-04   8.2710329e-05
   5.3255107e-03   7.7869377e-02   2.6069821e-02   1.6158082e-05  -3.1345789e-05   1.6556992e-04
   1.5484837e-02  -2.1819484e-02   2.8083204e-02   3.7143853e-05   7.3893380e-05   1.2439459e-04
   1.5987397e-02   6.3047990e-02   3.4530016e-02  -3.3076162e-04   9.0830327e-05   9.0173889e-05
   1.5023149e-02  -5.2245601e-03   9.0826910e-03  -1.6212072e-04   2.4250691e-04   1.8017917e-04
   9.1993411e-03   5.7978049e-02   2.1811744e-02  -2.9914677e-04   2.3493504e-04   1.3202015e-04
   3.4773391e-03   4.1382006e-02  -1.3065571e-02  -1.1750103e-04   2.1223934e-04   2.8424620e-04
   4.8298078e-03   1.3510957e-02   7.6298820e-03  -3.0103579e-04   2.3387957e-04   2.3078880e-04
  -2.9157418e-03   5.0053548e-02  -1.1551733e-02  -4.1254326e-04   2.1947682e-04   3.1075837e-04
  -3.2865764e-04   1.9220814e-02  -3.5046869e-02  -3.3639935e-04   3.1272155e-04   3.5702777e-04
   2.0345394e-03   3.0744087e-02  -1.9408349e-02  -3.3596554e-04   3.4184106e-04   2.3672120e-04
  -1.0754537e-03   7.9946756e-02  -3.2580248e-02  -3.3671756e-04   2.7099151e-04   2.8288080e-04
  -1.7491474e-03  -1.8208262e-02  -2.4412110e-02  -1.6404365e-04   3.0123277e-04   2.3433951e-04
  -1.5874762e-03   2.8532823e-02  -1.3689369e-02  -5.1525890e-04   3.0053634e-04   2.2200076e-04
  -9.8089274e-04   5.0420384e-02  -3.1214470e-02  -2.7965713e-04   3.5117766e-04   3.3817093e-04
   8.8272196e-03  -8.5912137e-03  -1.5815265e-02  -4.9258782e-04   4.5143757e-04   2.5812526e-04
   7.3828943e-03   4.4949877e-02  -2.1211422e-02  -4.5318227e-04   3.5947357e-04   2.3751266e-04
   1.2623126e-02   1.4294995e-02  -3.2681728e-02  -3.7617286e-04   5.6461026e-04   2.5628577e-04
   1.3101602e-02   3.9207333e-02  -1.5725135e-02  -5.1477648e-04   5.1940973e-04   1.8357494e-04
   6.3163548e-03   4.5723638e-02  -1.7841848e-02  -2.6930286e-04   4.5479616e-04   2.2016969e-04
   8.8397750e-03  -2.2993245e-02   7.9384645e-03  -5.9200312e-04   5.3858013e-04   7.5672134e-05
   3.9733983e-03   6.6386073e-02   3.5743107e-02  -3.3783262e-04   5.7884302e-04   1.0471361e-04
   6.8975087e-03  -6.3374677e-02   1.6422037e-02  -5.9711142e-04   7.3626915e-04   5.8523418e-05
   1.2414008e-02   7.5382439e-02   3.5450685e-02  -3.7427412e-04   8.5163284e-04   1.0465959e-04
   7.4201104e-03  -2.6624614e-02   4.4026056e-02   2.8779058e-04   8.4414551e-04   1.7918837e-04
   2.1827622e-03   3.4104680e-02   6.4101541e-02  -6.6607021e-04   6.9840628e-04   1.1979574e-05
   1.3999389e-03   3.1567478e-02   3.7392041e-02  -3.0509108e-04   6.7692912e-04   1.1418535e-04
   4.0079509e-03  -3.6109082e-02   2.0054048e-02  -9.3806233e-04   7.1852279e-04   5.2965469e-05
   3.7886864e-04   3.4333985e-02   2.2529714e-02  -7.4189908e-04   6.6759822e-04   1.6234960e-04
   2.5713950e-03  -1.3647926e-02   3.5721444e-02  -7.3255681e-04   5.6713448e-04   1.6158235e-04
   5.4895664e-03   1.6505435e-02   4.1451497e-02  -9.0448746e-04   6.9220906e-04   1.3771008e-04
   7.9851200e-03  -4.4767555e-03   3.0430424e-02  -8.3493551e-04   7.2687455e-04   2.6480498e-04
   8.6924364e-03   1.0195226e-02   2.0089123e-02  -1.0490761e-03   7.3890018e-04   2.4153424e-04
   9.6717039e-03   5.4619680e-02   2.8313723e-02  -9.4479102e-04   7.4833557e-04   2.6858265e-04
   1.2435450e-02  -2.8062646e-02   2.9670823e-02  -1.1117345e-03   8.2435896e-04   2.3334949e-04
   7.7462885e-03   6.5639585e-02   5.5935527e-02  -1.0528388e-03   8.0794460e-04   3.9705128e-04
   6.7315811e-03  -4.7866544e-02   2.7388132e-02  -1.3307546e-03   9.0070092e-04   3.9059481e-04
   7.8649051e-03   5.5772078e-02   3.8976708e-02  -1.2630934e-03   9.5673420e-04   4.2680477e-04
   1.1047744e-02  -4.4140836e-02   1.2216819e-02  -1.3946062e-03   1.0876695e-03   4.6704875e-04
   1.1785322e-02   3.2962482e-02   3.7490419e-02  -1.3482553e-03   1.1547310e-03   4.2290321e-04
   6.9074714e-03  -5.6127934e-03   2.6587145e-02  -1.0729807e-03   1.1675348e-03   4.1954197e-04
   1.0087132e-02  -3.4846041e-02   2.5038614e-02  -1.4110736e-03   1.2785955e-03   3.6076453e-04
   1.1661023e-02   2.4051320e-02   2.9971537e-02  -1.0826424e-03   1.2355816e-03   3.6752745e-04
   1.0396610e-02  -2.1301187e-02   1.4311227e-02  -1.5143192e-03   1.1099377e-03   3.6703492e-04
   1.3210524e-02   3.2736873e-02   3.9204303e-02  -1.0939345e-03   1.2387186e-03   3.9655896e-04
   1.5036498e-02  -8.9737327e-03   3.8235797e-02  -1.2166274e-03   1.1352982e-03   4.3987725e-04
   1.9838699e-02  -4.1317239e-03   3.7862642e-02  -1.2227292e-03   1.2238768e-03   4.5105855e-04
   1.8186989e-02   1.3582597e-02   3.8068602e-02  -1.2935711e-03   1.1928730e-03   4.9457463e-04
   1.7569342e-02   9.5648306e-03   3.3164031e-02  -1.3748930e-03   1.1959330e-03   4.5858257e-04
   8.0648202e-03   4.3588312e-02   2.2694839e-02  -1.2469928e-03   1.1376354e-03   5.2652312e-04
   1.0565271e-02  -4.1440409e-02   3.6136158e-03  -1.3402109e-03   1.2700240e-03   4.6664220e-04
   8.6577385e-03   4.4745244e-02   2.1457328e-02  -1.6058596e-03   1.2783433e-03   3.9974509e-04
   1.2106966e-02   5.0801914e-03  -2.1065749e-03  -1.3447020e-03   1.3966390e-03   4.4220352e-04
   1.1386820e-02  -4.4377669e-02  -4.1622495e-03  -1.6709601e-03   1.3170725e-03   3.9424547e-04
   1.5315209e-02   2.5617622e-02  -3.9050358e-03  -1.4747064e-03   1.3357606e-03   4.0482310e-04
   1.7565606e-02  -9.4864777e-02  -1.7450491e-02  -1.4298812e-03   1.2135982e-03   4.6283668e-04
   1.9924774e-02   5.8488345e-02   1.7004561e-02  -1.6734900e-03   1.2839111e-03   5.2329355e-04
   2.1284369e-02  -9.2248219e-02  -4.1524908e-04  -1.7003160e-03   1.1372267e-03   4.7275910e-04
   1.7915495e-02   3.8441098e-02   1.6251693e-02  -1.7431830e-03   1.1251770e-03   5.1883988e-04
   1.7914307e-02  -1.0311221e-01  -2.8230552e-03  -1.4210560e-03   1.3197262e-03   5.2874862e-04
   1.2869817e-02   5.9619833e-02   2.9869926e-02  -1.5782230e-03   1.2374672e-03   5.4008269e-04
   9.3201628e-03  -8.3044754e-02  -2.1328430e-02  -1.4901010e-03   1.2356281e-03   6.6280669e-04
   1.4257338e-02  -2.5119664e-03   2.5973755e-02  -1.7484736e-03   1.2965091e-03   4.6138546e-04
   1.0418313e-02   8.6789287e-03   2.3965425e-03  -1.3579691e-03   1.2100730e-03   7.0562807e-04
   1.8196745e-02  -6.7630108e-02   1.4250108e-02  -1.8023780e-03   1.3391228e-03   5.2699840e-04
   1.4817934e-02   8.5040755e-03   1.5359894e-02  -1.7628407e-03   1.2111296e-03   6.0391201e-04
   1.0259057e-02  -8.3148683e-02   1.9808824e-02  -1.6418840e-03   1.2786112e-03   5.2913157e-04
   1.8330378e-02  -3.0179883e-02   3.4296976e-02  -1.6106764e-03   1.3305646e-03   5.2798936e-04
   2.0151161e-02   4.9283470e-02  -1.1425331e-03  -2.0769945e-03   1.3240408e-03   7.0767765e-04
   1.8175087e-02  -9.8095810e-02  -2.5517033e-02  -1.5585714e-03   1.3831284e-03   9.1657487e-04
   2.1526152e-02   2.5844703e-03   2.9504776e-02  -1.8018967e-03   1.4669180e-03   7.9523370e-04
   2.1846365e-02  -4.5289680e-03   2.1430264e-02  -1.2850798e-03   1.4650118e-03   1.0046465e-03
   2.9882651e-02  -7.7145967e-02   5.8298873e-03  -1.8861376e-03   1.5625819e-03   1.0343960e-03
   2.7986871e-02   7.0566949e-03   2.3348007e-04  -1.4528891e-03   1.5176492e-03   1.0627275e-03
   2.8041973e-02  -5.3704960e-02   1.3509835e-02  -1.5762257e-03   1.6341389e-03   1.0915279e-03
   3.0129742e-02  -4.4275995e-02   1.1802210e-02  -1.5190658e-03   1.7212583e-03   9.7374635e-04
   3.1392365e-02  -9.7744350e-03   2.9756036e-02  -1.6761690e-03   1.7482753e-03   1.0913218e-03
   3.4755220e-02  -8.4157748e-02   7.3197254e-03  -1.6198761e-03   1.7859458e-03   1.0618801e-03
   3.3174014e-02  -5.3651047e-02   3.0566409e-02  -1.7471882e-03   1.7180826e-03   1.0970467e-03
   3.2101433e-02   1.4202846e-02   2.1985038e-02  -1.8057422e-03   1.7837289e-03   1.0065089e-03
   3.0011450e-02  -8.0446446e-02  -5.6348158e-04  -1.7213353e-03   1.6217495e-03   1.0401125e-03
   2.7186430e-02  -1.2960515e-02  -7.0056563e-03  -2.0285212e-03   1.5974776e-03   9.1309720e-04
   2.2574986e-02  -2.6265048e-02  -1.1101228e-02  -1.7365079e-03   1.4294304e-03   1.0184630e-03
   2.1189792e-02  -1.0507093e-01  -2.5750777e-02  -2.0746788e-03   1.4031836e-03   9.5219428e-04
   2.0041221e-02  -2.5233775e-02  -1.1773866e-02  -1.8242459e-03   1.5610034e-03   1.0010796e-03
   2.4062657e-02  -5.3127540e-02  -1.5740914e-03  -2.1056622e-03   1.7255275e-03   9.2081555e-04
   1.8845777e-02  -7.4145727e-03   6.4142079e-03  -1.7844894e-03   1.7257566e-03   8.8723698e-04
   1.7710854e-02  -3.9992333e-02   1.1820092e-02  -1.6628637e-03   1.7059062e-03   8.7541967e-04
   2.3104587e-02  -1.2562411e-02   5.1770471e-03  -2.0026111e-03   1.6988556e-03   8.6708147e-04
   2.3846861e-02   1.2082647e-02  -1.3717228e-02  -1.8565905e-03   1.5980865e-03   8.8085716e-04
   2.4596028e-02  -1.0023801e-01  -6.4221742e-02  -2.1142859e-03   1.5059387e-03   8.8030199e-04
   2.0864693e-02  -5.6442741e-03  -2.5836600e-02  -1.9632238e-03   1.5756966e-03   8.7528297e-04
   2.7836106e-02  -2.2129918e-02   1.2576103e-02  -2.0456730e-03   1.7632563e-03   7.1035408e-04
   2.7896201e-02  -1.3556247e-02  -2.6253470e-03  -1.8267012e-03   1.7216460e-03   7.4867405e-04
   3.5105866e-02  -5.3516746e-02   7.9911759e-03  -2.0001997e-03   1.8394702e-03   7.1818749e-04
   3.4404904e-02   8.6264202e-03   1.4529651e-02  -1.9022692e-03   1.7203198e-03   8.5070383e-04
   4.1794313e-02  -8.2593166e-02   2.3268815e-04  -2.1862794e-03   1.8102664e-03   7.3552905e-04
   4.2773159e-02  -2.6425611e-03   1.4771513e-02  -1.8754592e-03   1.6852194e-03   7.2185707e-04
   4.2068266e-02  -5.9068785e-02   1.5857309e-02  -2.2365073e-03   1.8625983e-03   7.1939211e-04
   3.8046024e-02  -4.2622040e-03   2.7893902e-02  -2.0886976e-03   1.6686670e-03   7.0697551e-04
   3.9402523e-02  -7.2361454e-02   2.5050623e-02  -2.4406313e-03   1.5807824e-03   7.6535554e-04
   3.6054330e-02   3.2625637e-04   3.3704777e-02  -2.1934901e-03   1.4781484e-03   7.4409141e-04
   4.0917080e-02  -5.8470024e-02   1.9413497e-02  -2.3919502e-03   1.5530152e-03   7.4795870e-04
   3.7073366e-02  -5.3765136e-02  -2.1614237e-03  -2.1956395e-03   1.5405766e-03   6.9376376e-04
   3.8624590e-02  -6.7858551e-02  -2.9353385e-04  -2.4050958e-03   1.5396429e-03   7.2026092e-04
   3.8981054e-02   6.3214401e-03   3.8165162e-02  -1.7483543e-03   1.5147668e-03   5.1619327e-04
   4.2178764e-02   2.7283394e-03   1.3729901e-02  -5.2089521e-04   1.4556754e-03   4.4531709e-04
   4.1002784e-02  -7.7373436e-02   1.2136198e-02  -2.2757482e-03   1.7171148e-03   4.4476575e-04
   3.7063003e-02   2.0214560e-03   2.1665121e-02  -2.2455235e-03   1.5399416e-03   4.4266113e-04
   3.5862588e-02  -1.4335899e-01  -2.5016954e-02  -2.1125301e-03   1.4416847e-03   6.6246692e-04
   3.2912928e-02   1.9671132e-02   2.1100469e-02  -2.1936279e-03   1.3918456e-03   6.7299147e-04
   2.8065793e-02  -4.8885488e-02  -1.4747761e-02  -2.2822419e-03   1.2965718e-03   6.5368807e-04
   3.5312003e-02   2.1509916e-02   4.2840969e-03  -2.2849600e-03   1.4253169e-03   6.1129870e-04
   3.5805458e-02  -9.8923187e-02  -1.7873121e-02  -2.2201139e-03   1.4697546e-03   5.2862673e-04
   3.1162901e-02  -7.8522110e-02   2.0688129e-04  -2.2826366e-03   1.3606020e-03   6.4044048e-04
   2.8691702e-02  -1.5369055e-02  -2.8392641e-02  -2.3819858e-03   1.2728143e-03   6.0147213e-04
   2.9170404e-02  -6.3163512e-02  -2.2880413e-02  -2.1512554e-03   1.3544470e-03   6.7640172e-04
   3.4107284e-02  -4.4147828e-02  -2.6125929e-02  -2.3896716e-03   1.4007339e-03   5.9831887e-04
   3.1552864e-02  -8.0593273e-02  -3.5890853e-02  -2.2391626e-03   1.3049676e-03   5.9227925e-04
   2.8364323e-02   2.5579543e-02  -4.0783374e-03  -2.3677423e-03   1.2557387e-03   5.7737377e-04
   3.2451286e-02  -9.1454708e-02  -3.3297864e-02  -2.5704465e-03   1.3892751e-03   6.4651443e-04
   2.9577083e-02  -3.0402503e-02  -2.1317502e-02  -2.8178586e-03   1.3512470e-03   6.6304459e-04
   3.0242013e-02  -6.2214849e-02  -2.0143848e-02  -2.3583165e-03   1.3185795e-03   6.4925088e-04
   2.5751987e-02  -3.5153661e-02  -8.6521480e-03  -2.6443189e-03   1.1781504e-03   5.7544661e-04
   3.0107279e-02  -3.7417057e-02  -1.1813956e-02  -2.5279764e-03   1.2919637e-03   6.5966481e-04
   2.9073015e-02  -1.1854329e-01  -3.2653120e-02  -2.8127608e-03   1.2435052e-03   4.6271858e-04
   2.6791453e-02  -9.8960160e-02  -2.6716087e-02  -2.9405786e-03   1.1757655e-03   6.0805648e-04
   2.6579448e-02  -9.2527643e-02  -1.1558138e-02  -2.7279319e-03   1.3457321e-03   5.2163180e-04
   3.5771718e-02   5.7820475e-02   2.0755062e-02  -3.2284570e-03   1.4051632e-03   2.9636906e-04
   4.1007954e-02  -1.2010108e-01  -1.1203276e-02  -2.9398428e-03   1.4734630e-03   2.8163199e-04
   3.7777331e-02   5.7985502e-03   3.6139938e-02  -3.2500126e-03   1.3152543e-03   3.5569177e-04
   4.3790907e-02   4.5252990e-02   1.1073523e-01  -2.5431875e-03   1.5878536e-03   2.3574140e-04
   5.3972716e-02  -2.4428157e-01   3.0178125e-02  -2.7204995e-03   1.9117607e-03   6.4091049e-05
   5.6921731e-02   2.6398412e-02   4.5487454e-02  -2.9390756e-03   1.9638563e-03   8.1278357e-05
   5.3573057e-02  -8.0230293e-02   2.4114656e-02  -2.5484519e-03   1.8675054e-03   1.4594150e-04
   5.2468701e-02   7.3194343e-03   6.4254958e-02  -2.7660640e-03   1.8487276e-03   1.1905583e-04
   5.6064893e-02  -8.2994209e-02   8.1113396e-02  -2.2959273e-03   1.9089350e-03   2.3190417e-05
   5.5839337e-02  -5.2447350e-02   9.9225072e-02  -2.7781426e-03   1.9107512e-03  -1.4541657e-04
