   0.0000000e+00   0.0000000e+00   2.8421709e-14   2.7755576e-17  -8.6736174e-19   2.4074124e-35
   1.0600608e-03   2.7861926e-02   5.8979875e-04   2.7466917e-04  -6.1305814e-05   1.4098808e-04
   3.7208683e-03   1.3849119e-02   8.0821793e-03   4.1485327e-04   2.0886905e-04  -5.6920259e-06
   3.2970969e-04   7.8027508e-02   1.7304449e-02   4.1408441e-04   1.9794911e-04   2.0311996e-07
  -1.0420186e-04  -1.7180822e-02   1.3681243e-02  -1.8734593e-05   9.0587585e-05   3.6255701e-06
   2.1931168e-03   3.9779383e-02   2.2349038e-02  -4.8263903e-05  -1.7712258e-05   2.0272183e-05
   5.0798344e-03   8.0327624e-03   1.2964069e-03   1.6578426e-04   3.8252049e-05   5.7123289e-05
   1.1109566e-02   1.2677679e-02   2.4675636e-02  -1.7840874e-04   4.3732423e-05   6.7773883e-05
  -6.6094835e-04   5.6832503e-02   1.3766533e-03   2.1036124e-05   2.3224628e-05   1.3024739e-04
  -3.6917213e-04   1.1964773e-02   9.3533798e-03   1.4368407e-04   2.3027257e-04   9.5985095e-05
   9.9117836e-04   6.8761050e-02   8.1026038e-03  -1.9704244e-05   1.6165368e-04   7.6786283e-05
   3.1307997e-03   4.5618945e-02  -1.0023446e-02   1.1940975e-04   1.9919880e-04   1.1651122e-04
   4.9965470e-04  -1.2700585e-02  -3.7024005e-02  -7.7392835e-05   1.0130802e-04   1.2870117e-04
  -3.0158762e-04   1.2018211e-01  -4.0179384e-03  -2.4765281e-05   1.7093685e-04   1.6863029e-04
  -4.2488876e-03  -4.2240203e-02  -3.2291978e-02   1.5143887e-04   9.0143035e-05   2.0607751e-04
   3.7388468e-03   9.0333826e-02  -4.5803592e-03  -1.4019216e-04   1.7388764e-04   6.8922254e-05
   1.2023373e-02   1.0809041e-02  -1.6549592e-02  -5.5464074e-05   2.5516302e-04   9.7968372e-05
   6.2718916e-03   4.2382570e-02  -1.2430996e-02  -1.8874308e-04   1.5808768e-04   1.9236370e-04
   1.1546860e-02   8.7394692e-02  -3.7620931e-03  -3.0188717e-04   1.7867706e-04   1.7038001e-05
   6.0841406e-03  -3.0921697e-02  -5.5243691e-03  -1.6109610e-04   2.3287660e-04  -6.9737612e-05
   1.5464306e-04   5.8736820e-02   5.9779459e-03  -4.4980497e-04   6.5460687e-05   3.5510304e-06
   1.5060683e-03  -1.6677351e-05  -1.3467285e-03  -2.2527869e-04   1.5537332e-04  -9.7635298e-07
   9.8902017e-03   1.0304539e-01   1.7621673e-02  -8.7562414e-04   1.8213538e-04  -1.0785137e-04
   9.1895990e-03  -7.6881339e-02  -2.2070654e-02  -5.0214719e-04   3.3322550e-04  -1.5045222e-04
   5.6974120e-03   4.7393151e-02   5.7993767e-03  -6.5624283e-04   3.1031549e-04  -1.9604961e-05
   5.9111149e-03  -4.7075555e-03  -4.9238733e-03  -2.0546965e-04   3.5603713e-04   5.3837932e-05
   1.5210039e-02   2.4012774e-02   2.4366600e-02  -5.1368500e-04   5.0345089e-04  -1.5459491e-04
   8.8351923e-03  -9.7592265e-03   1.8141026e-02  -2.3303903e-04   3.3032365e-04  -6.5121917e-06
   1.4184821e-02   1.7861009e-02   3.2227400e-02  -5.3152360e-05   1.9746708e-04  -2.0846938e-04
   1.6207968e-02   1.2703063e-02   1.9731603e-03  -3.3127114e-04   3.8381158e-04  -9.9639188e-05
   1.2241851e-02  -1.4826169e-02  -7.5270350e-04  -7.0945587e-04   2.3094788e-04  -9.1950942e-05
   7.3134842e-03   4.6541065e-02   6.3836475e-03  -4.1566607e-04   1.7361064e-04  -6.3685623e-05
   1.6335442e-02  -1.7740970e-02   1.8682082e-02  -3.6442069e-04   3.6509692e-04  -2.0221978e-04
   2.1934394e-02   3.9027388e-02   1.9568727e-02  -3.0855212e-04   5.0501580e-04  -1.0493546e-04
   1.7454278e-02  -1.8461587e-02   3.3549661e-02  -4.1627077e-04   5.7360292e-04  -1.1512477e-04
   1.7642059e-02   2.7215786e-02   1.5067103e-02  -5.6374014e-04   7.0286216e-04  -2.0247961e-04
   2.3427013e-02  -4.1493853e-02  -3.4468319e-03  -5.6343997e-04   7.1637111e-04  -2.7796127e-04
   1.8242367e-02   9.2410485e-02   2.7896887e-02  -6.0200412e-04   6.7873334e-04  -3.7125967e-04
   2.4656922e-02  -1.5840242e-02   2.1189421e-02  -3.3363061e-04   9.0163585e-04  -5.0213789e-04
   3.2148947e-02   4.0713779e-02   3.9656135e-02  -1.5714578e-04   9.6586298e-04  -7.2861391e-04
   3.7942878e-02   3.3743904e-02   4.0634458e-02  -2.7945072e-04   8.2617618e-04  -6.2140662e-04
   3.6899077e-02  -3.3764030e-02   4.5862018e-02  -8.5560439e-05   1.0452053e-03  -7.2932614e-04
   5.5207850e-02   3.2925117e-02   7.8056705e-02  -1.3296840e-04   1.8628150e-03  -1.5897059e-03
   5.1399057e-02   9.2277726e-02   5.7529830e-02  -4.1697379e-04   1.5947859e-03  -1.2610098e-03
   5.0992167e-02  -3.7573022e-02   5.3838461e-02  -1.3390168e-04   1.9174660e-03  -1.2929314e-03
   4.5068151e-02   5.3153463e-02   9.3858786e-02  -3.3380470e-04   1.7597649e-03  -1.3041692e-03
   4.9094337e-02   6.8316337e-03   8.4745825e-02   1.8083227e-04   1.9454443e-03  -1.3278614e-03
   5.0926803e-02  -5.2968914e-03   8.5895650e-02  -1.6254915e-04   1.8910567e-03  -1.3594938e-03
   5.5600886e-02   5.4589879e-02   6.6721866e-02   4.6465250e-05   1.9677306e-03  -1.2183286e-03
   5.8945171e-02  -3.0406159e-02   7.0114442e-02   5.9848988e-05   2.0155836e-03  -1.3621743e-03
   5.5415503e-02   7.0399796e-02   1.0165583e-01   3.0161854e-04   1.9438018e-03  -1.2412288e-03
   6.3398351e-02  -2.8977484e-02   1.0895465e-01   1.5450121e-04   2.1302014e-03  -1.3231634e-03
   5.9821970e-02   5.6309809e-02   1.1358216e-01  -2.0003709e-04   1.8963329e-03  -1.2407668e-03
   6.4224057e-02  -4.3015105e-02   1.0074360e-01   6.1637506e-06   2.0925886e-03  -1.3436647e-03
   6.4068192e-02   4.1122651e-02   1.0654197e-01  -2.9269919e-04   2.2692909e-03  -1.4361883e-03
   5.9919337e-02  -1.7838491e-02   7.1600633e-02  -5.9415707e-05   2.2313584e-03  -1.3268980e-03
   6.1180410e-02  -6.2713561e-03   8.8343988e-02  -2.6096355e-04   2.2343275e-03  -1.3802012e-03
   6.4178587e-02   5.7148525e-02   1.0849825e-01   2.0728282e-04   2.3206778e-03  -1.3746066e-03
   6.3688223e-02  -2.3291914e-02   1.0642917e-01   9.1850243e-05   2.2752536e-03  -1.5118275e-03
   6.7813419e-02   4.3728057e-02   1.0997918e-01   1.4286552e-04   2.2577457e-03  -1.4941930e-03
   7.0419227e-02  -3.9736137e-02   9.6862247e-02  -1.8644959e-05   2.1615430e-03  -1.4722474e-03
   6.7328052e-02   2.7775960e-02   1.0483969e-01   1.2999608e-04   2.2647082e-03  -1.4772669e-03
   6.7084557e-02  -2.5089695e-02   8.0408164e-02  -2.2406528e-05   2.3446483e-03  -1.4234957e-03
   6.8013527e-02   4.8353645e-03   8.7284658e-02  -3.8908748e-05   2.3548943e-03  -1.7412894e-03
   6.0083235e-02   5.2634344e-02   8.2758533e-02   3.3049661e-04   2.1190703e-03  -1.7999432e-03
   5.6563987e-02  -3.8478894e-03   7.5221495e-02  -1.5237297e-04   2.0293192e-03  -1.8004895e-03
   6.2484717e-02   3.1531928e-02   6.3014720e-02  -5.3120413e-04   2.0227376e-03  -1.8601024e-03
   6.3065542e-02   1.5005261e-02   4.3574240e-02  -1.0133671e-04   2.0871521e-03  -1.7350380e-03
   6.6967268e-02   1.2356142e-02   3.9189840e-02  -4.6601993e-04   2.3321006e-03  -1.7641017e-03
   6.1336567e-02   4.3606272e-02   6.8900877e-02   1.2524941e-04   2.3264143e-03  -1.6663028e-03
   6.8938936e-02  -1.1090218e-02   8.3789196e-02  -2.5088546e-04   2.3793455e-03  -1.7783091e-03
   7.0093228e-02   9.2871513e-02   1.1079626e-01   1.5229891e-04   2.3141270e-03  -1.7432901e-03
   7.4405124e-02  -3.6096468e-02   9.7354417e-02  -6.1141595e-05   2.3804815e-03  -1.8021845e-03
   7.5488962e-02   5.4670796e-02   1.0197394e-01  -5.1609066e-05   2.3929248e-03  -1.7151216e-03
   7.7034985e-02   3.6602759e-02   9.2259604e-02   3.1686995e-04   2.4718461e-03  -1.6822299e-03
   8.0829689e-02  -7.8194375e-03   1.0056765e-01   1.1077294e-04   2.4441225e-03  -1.7786131e-03
   8.0046793e-02   6.9121296e-02   1.1750330e-01   1.1136610e-04   2.4467218e-03  -1.7767674e-03
   7.4442090e-02   4.1005552e-03   9.9908733e-02   6.8407508e-04   2.5163682e-03  -1.7678344e-03
   7.4691309e-02   2.2787879e-02   1.2446171e-01   5.7833978e-04   2.5016236e-03  -1.8796702e-03
   7.6446571e-02   4.9535515e-02   1.2484730e-01   6.0477462e-04   2.3938615e-03  -2.0821673e-03
   8.1078618e-02   1.7329638e-02   1.3013091e-01  -1.0017163e-04   2.3535124e-03  -2.0277277e-03
   9.0251115e-02   8.2811481e-02   1.1821500e-01  -2.6110209e-04   2.4702705e-03  -2.1916010e-03
   8.9681466e-02  -1.0859624e-01   5.2170723e-02  -6.5126146e-05   2.5256685e-03  -2.2085383e-03
   7.6279073e-02   3.3394866e-02   1.1271353e-01  -1.9948649e-04   2.5050812e-03  -2.5992372e-03
   8.7220208e-02   1.3733340e-01   1.6125490e-01   1.1494009e-03   2.8558266e-03  -2.9898043e-03
   9.0032428e-02  -3.8910971e-02   1.3417570e-01   6.1054469e-04   2.8203923e-03  -2.8856101e-03
   8.9827564e-02   1.1097112e-01   1.8824858e-01   1.2491391e-03   2.5948730e-03  -3.0112599e-03
   8.8883377e-02  -1.9497944e-02   1.5834110e-01   5.1927050e-04   2.5795899e-03  -2.7738398e-03
   9.1478021e-02   5.1718709e-02   1.6013275e-01   7.0132842e-04   2.7071079e-03  -2.9412943e-03
   9.2978351e-02   2.7750725e-02   1.3800128e-01   7.0017209e-04   2.8168435e-03  -2.7588631e-03
   1.0057158e-01   4.1697517e-02   1.5032219e-01   4.7104700e-04   2.9933270e-03  -2.8941029e-03
   9.3117146e-02   7.1815892e-02   1.4372345e-01   6.9911221e-04   2.9599060e-03  -2.7770142e-03
   9.9273144e-02  -3.8805489e-03   1.6101421e-01   6.2716477e-04   2.9352997e-03  -2.8019868e-03
   9.7218550e-02   8.0968017e-02   1.6703178e-01   5.4191202e-04   2.8339158e-03  -2.6776282e-03
   9.8010623e-02  -1.8341530e-02   1.3605383e-01   5.3410917e-04   2.8733766e-03  -2.6903256e-03
   8.8989679e-02   1.0850095e-01   1.6027032e-01   5.0238736e-04   2.7866270e-03  -2.6681922e-03
   9.7567509e-02  -2.6911575e-02   1.4751008e-01   6.8352394e-04   3.0275905e-03  -2.8274748e-03
   9.9051700e-02   8.4185425e-02   1.5489122e-01   4.3380133e-04   2.8827319e-03  -2.7914490e-03
   9.9267220e-02  -1.4345710e-03   1.4914747e-01   8.1545698e-04   2.9874926e-03  -2.8704886e-03
   9.7173373e-02   5.7351827e-02   1.6694694e-01   3.6221226e-04   2.9117867e-03  -2.9348943e-03
   1.0044711e-01   1.8716513e-02   1.6614188e-01   7.0945332e-04   3.1897228e-03  -2.9020259e-03
   1.0749078e-01   4.3884029e-02   1.7126831e-01   3.1437146e-04   3.2063613e-03  -3.0045031e-03
   1.1221594e-01   3.8393273e-02   1.5565922e-01   9.3927800e-04   3.2233640e-03  -2.8730080e-03
   1.1960078e-01   2.1267223e-02   1.9665216e-01   1.7660680e-04   3.3399665e-03  -2.9623893e-03
   1.0974153e-01   5.0167598e-02   1.7592298e-01   4.8513462e-04   3.2270633e-03  -2.9512496e-03
   1.0962107e-01  -5.2142370e-03   1.4338747e-01   9.6697648e-05   3.1796146e-03  -2.9173262e-03
   1.0670554e-01   8.8647718e-02   1.6923436e-01   5.8970557e-04   3.2849814e-03  -3.1107206e-03
   1.0243606e-01   9.3163742e-03   1.5981656e-01   2.4614526e-04   3.2584623e-03  -3.0767261e-03
   1.0377510e-01   5.9234345e-02   1.7319009e-01   1.1656079e-03   3.3504843e-03  -3.2552551e-03
   1.0097066e-01   6.8747568e-02   1.8253136e-01   2.1949456e-03   3.1374329e-03  -3.2057960e-03
   1.0055091e-01   2.6306284e-02   1.6590562e-01   2.3641130e-06   3.0782869e-03  -3.3611959e-03
   1.0279915e-01   7.0031209e-02   1.5850549e-01   6.2349084e-04   3.0540742e-03  -3.5867293e-03
   1.1052879e-01  -5.8138553e-04   1.4137669e-01  -5.3994463e-04   3.0222380e-03  -3.6952687e-03
   1.1388448e-01   6.8035803e-02   1.3952194e-01  -3.9321432e-04   3.1897734e-03  -3.7400495e-03
   1.2454392e-01  -3.4710274e-02   1.4185899e-01  -3.3526058e-04   3.5790955e-03  -3.9608155e-03
   1.3145700e-01   3.0361849e-02   1.7809475e-01   4.8640258e-06   3.7121889e-03  -4.0672468e-03
   1.1748264e-01  -6.7129979e-03   1.5965710e-01  -2.1606266e-04   3.5491123e-03  -3.9097273e-03
   1.1008215e-01   8.2217054e-02   1.8041093e-01  -1.1185130e-04   3.5908923e-03  -3.9393526e-03
   1.1627168e-01  -8.5638418e-02   1.5606629e-01   1.0387180e-04   3.8068079e-03  -4.0085731e-03
   1.2189263e-01   1.8763572e-02   1.8937415e-01  -7.8653185e-05   3.8256625e-03  -4.1332472e-03
   1.2087212e-01   3.3834710e-02   1.7195644e-01   1.0146445e-05   3.8727219e-03  -4.0070129e-03
   1.2228431e-01  -3.3171140e-02   1.7154794e-01  -2.4133442e-04   3.9039789e-03  -4.1218418e-03
   1.2346390e-01   3.1040422e-02   1.7403356e-01  -3.6357211e-04   3.7106321e-03  -4.1072625e-03
   1.2502382e-01  -2.7013755e-02   1.7308876e-01  -1.3937328e-04   3.8602095e-03  -4.1240190e-03
   1.2298334e-01   4.9556574e-03   1.8868217e-01  -2.5175096e-04   3.8101251e-03  -4.2730449e-03
   1.2074721e-01   2.6690756e-03   1.7855672e-01  -1.7091888e-04   3.8997187e-03  -4.4099829e-03
   1.2426683e-01  -2.6536378e-02   1.9980907e-01  -6.9349127e-05   3.7989296e-03  -4.6019177e-03
   1.2231375e-01  -1.2973045e-02   1.9037123e-01  -3.8131408e-04   3.5495627e-03  -4.4612026e-03
   1.1874178e-01  -5.6822128e-02   1.7371408e-01  -7.8606616e-04   3.6217783e-03  -4.4558144e-03
   1.2347614e-01   1.2554990e-02   1.7418074e-01  -9.6784085e-04   3.5311685e-03  -4.5212973e-03
   1.1107101e-01  -4.2035965e-03   1.7147683e-01   1.5749729e-04   3.1047137e-03  -4.7870962e-03
   1.1466340e-01   2.4277113e-02   2.2143270e-01   1.9220297e-04   3.2161612e-03  -4.8011584e-03
   1.1791362e-01   4.9254153e-02   2.1008200e-01  -6.7663264e-04   3.4725984e-03  -4.8976737e-03
   1.2042289e-01  -3.5482051e-02   1.7546441e-01  -9.4809697e-04   3.5360646e-03  -5.2742752e-03
   1.2426307e-01  -2.2049150e-02   1.8213777e-01  -1.0522532e-03   3.6760558e-03  -5.2875410e-03
   1.2353797e-01   2.0411787e-02   1.5088092e-01  -9.6847994e-04   3.6875571e-03  -5.3033019e-03
   1.2477996e-01  -5.8488727e-02   1.5479366e-01  -7.0216845e-04   3.8169386e-03  -5.3126196e-03
   1.2372230e-01   5.7989077e-02   1.5855213e-01  -6.3285825e-04   3.7298592e-03  -5.3218231e-03
   1.1983074e-01  -1.6495853e-02   1.7549589e-01   2.7717720e-04   3.5529958e-03  -5.4985663e-03
   1.0742764e-01   9.2435825e-04   1.8704682e-01   4.6104178e-04   3.0454114e-03  -5.5064543e-03
   1.0519696e-01   2.9565221e-03   1.8518701e-01   1.7224486e-04   2.9262362e-03  -5.6760036e-03
