   0.0000000e+00  -7.1054274e-15   0.0000000e+00   0.0000000e+00   0.0000000e+00  -8.6736174e-19
   2.4236179e-03   4.0084064e-02   5.2605260e-03  -5.0754641e-04   6.1472485e-04   1.1837396e-05
   2.4000266e-03   7.8796931e-03   4.4782880e-02  -1.5059157e-04   5.0330596e-04   3.4781106e-04
   1.0652049e-03   2.6105177e-02   6.8248777e-02  -1.6151107e-04   3.9332159e-04   2.6162031e-04
   6.6863809e-03  -5.4047013e-03   5.8140991e-02  -7.4259943e-04   6.0158334e-04   3.3777869e-04
   8.8446606e-03  -1.2767895e-02   6.6227314e-02  -8.0593662e-04   5.3822725e-04   2.6516177e-04
   2.7148621e-04   1.6189852e-02   3.7103952e-02  -3.6667696e-04   2.3945117e-04   5.3585068e-04
   6.7231899e-03  -4.4233520e-03   3.0283367e-02  -4.3609080e-04   1.3307651e-04   1.0210200e-03
   6.6862356e-03   2.1968090e-02   3.2718966e-02  -1.1983503e-04   5.6042996e-04   1.1777123e-03
   7.2640621e-03   4.2274507e-02   1.6354208e-02  -8.7187706e-05   3.2407080e-04   1.7332854e-03
   9.7658292e-03   4.5611166e-02   2.0863946e-03  -2.0461690e-04   4.8214427e-04   1.9034401e-03
   1.2938913e-02   4.4053536e-02   8.9666070e-03  -2.4169905e-04   2.2217200e-04   2.3771143e-03
   9.9025583e-03   5.6047874e-02   1.8499766e-03  -6.9069517e-04   3.7336222e-04   2.6746186e-03
   1.1183264e-02   2.8096320e-02   5.4933496e-03  -1.2593981e-03   2.1774124e-04   2.7605682e-03
   1.6233670e-02   4.1794139e-02  -5.8776744e-04  -1.1943127e-03   4.1987335e-04   3.1729105e-03
   9.2091491e-03   7.1459763e-02   8.0436869e-03  -1.2824464e-03   4.1868087e-04   3.1386411e-03
   9.4927093e-03   5.7068962e-02   1.4806331e-03  -1.1026938e-03   4.2905703e-04   3.3133344e-03
   7.7968111e-03   4.6872592e-02  -1.3756342e-03  -1.3715262e-03   3.8305884e-04   3.4339223e-03
   6.1686283e-03   6.7413756e-02   1.2177187e-02  -1.5166149e-03   3.7359305e-04   3.3850197e-03
  -6.9410383e-03   6.1158629e-02   3.4935553e-04  -1.2493889e-03  -2.3294588e-04   3.6789361e-03
  -7.2807258e-03   6.7929290e-02   2.9183276e-02  -9.2875113e-04  -5.3152961e-04   3.8346417e-03
  -8.0905051e-03   5.1812759e-02   1.0406635e-02  -1.8320177e-03  -5.3161809e-04   3.6024184e-03
  -1.7387709e-04   6.0701906e-02   3.9491914e-02  -1.8661789e-03  -1.9205147e-04   3.6764804e-03
  -1.6428334e-03   5.0957365e-02   1.5398514e-02  -1.6932683e-03  -2.1687179e-04   3.8648433e-03
  -9.8389556e-04   6.4719621e-02   3.7215073e-02  -1.9874880e-03  -4.7121103e-05   3.5160426e-03
   4.2736101e-03   7.6084987e-02   6.7510318e-02  -2.3205038e-03   6.5557518e-05   3.5162382e-03
   1.6096133e-02   3.3755971e-02   1.0352936e-01  -2.0817197e-03   4.7666829e-04   3.6752626e-03
   1.3460290e-02   5.3591282e-02   7.6720948e-02  -2.8305573e-03   6.3316109e-04   3.7843226e-03
   4.0933247e-02   4.2960629e-02   1.2683716e-01  -2.5532582e-03   1.2233418e-03   3.9284298e-03
   4.1687057e-02   5.9519775e-02   1.2273751e-01  -3.9271608e-03   1.5280484e-03   3.4569178e-03
   4.6176279e-02   2.5842281e-02   9.4289927e-02  -5.1877370e-03   1.7901804e-03   4.0000481e-03
   4.9045186e-02   3.8417045e-02   1.0891303e-01  -4.5494286e-03   2.0110088e-03   4.2742169e-03
   5.2450369e-02   3.4574815e-02   1.0818614e-01  -5.1399814e-03   2.0435210e-03   4.4392273e-03
   4.9051526e-02   5.6130359e-02   1.4665213e-01  -4.9213394e-03   1.6118543e-03   4.6265386e-03
   4.4193500e-02   3.6837671e-02   1.4302866e-01  -4.9825964e-03   1.3110205e-03   4.9810344e-03
   4.6206315e-02   4.4347375e-02   1.5245324e-01  -4.8289559e-03   1.4829438e-03   4.9464776e-03
   3.9896811e-02   4.1285060e-02   1.3865933e-01  -4.7903120e-03   1.2434941e-03   5.1297957e-03
   3.9326167e-02   2.3083612e-02   1.4789070e-01  -5.5607147e-03   1.1970107e-03   4.9337548e-03
   4.0653935e-02   3.8413142e-02   1.0791446e-01  -5.3510033e-03   9.6702079e-04   5.0626343e-03
   3.9185487e-02   5.9750976e-02   1.2362076e-01  -4.9675117e-03   8.4999776e-04   5.1116781e-03
   4.0044417e-02   3.9729654e-02   1.2888883e-01  -4.9553404e-03   8.8852042e-04   5.2499027e-03
   4.0176323e-02   4.7794345e-02   1.4732878e-01  -5.1983934e-03   1.0757033e-03   4.9874109e-03
   3.8018141e-02   4.9375897e-02   1.4450540e-01  -4.9009935e-03   8.3750770e-04   5.2109885e-03
   4.0987121e-02   4.7492937e-02   1.4161710e-01  -4.7323421e-03   8.4232078e-04   5.3008837e-03
   4.1290996e-02   5.1032757e-02   1.4941669e-01  -4.9503812e-03   9.2322488e-04   5.1331295e-03
   4.3353623e-02   7.4166502e-02   1.5769915e-01  -4.8967579e-03   1.0358035e-03   5.1453386e-03
   4.9713710e-02   5.7756791e-02   1.4970100e-01  -4.8195602e-03   1.2590426e-03   5.4500831e-03
   4.6779549e-02   6.3352426e-02   1.5973832e-01  -5.1898756e-03   1.1113267e-03   5.4115363e-03
   4.8174837e-02   5.3956655e-02   1.6463623e-01  -5.0347878e-03   1.1478720e-03   5.4928003e-03
   5.1773767e-02   5.4327892e-02   1.7184915e-01  -4.9695500e-03   1.3084757e-03   5.3364448e-03
   6.3477505e-02   9.0445145e-02   2.3207041e-01  -4.8263347e-03   1.7739311e-03   5.3617010e-03
   6.1621015e-02   6.0282817e-02   2.5849752e-01  -5.2019082e-03   1.5565799e-03   5.5643817e-03
   8.0177467e-02   4.5108881e-02   2.7892597e-01  -5.7608234e-03   1.7609154e-03   5.9052982e-03
   8.1742851e-02   7.6620489e-02   2.9070825e-01  -5.4683768e-03   1.8084944e-03   6.0006495e-03
   8.3227763e-02   4.6124492e-02   2.8586874e-01  -6.3295915e-03   1.9659510e-03   6.2899613e-03
   9.2799792e-02   7.8570301e-02   3.0929837e-01  -5.8730442e-03   2.1662014e-03   6.6853247e-03
   9.2081795e-02   2.6806905e-02   2.8988981e-01  -6.0599658e-03   2.3265554e-03   6.4622632e-03
   9.2482464e-02   5.9390506e-02   3.1587726e-01  -6.0960947e-03   2.2968582e-03   7.0287015e-03
   8.4892484e-02   8.3951614e-02   3.0638602e-01  -6.1175375e-03   2.1009922e-03   7.0478128e-03
   8.3280518e-02   7.5662529e-02   3.6871084e-01  -6.0531323e-03   2.0967196e-03   7.0836585e-03
   8.5329084e-02   6.5681776e-02   3.8459427e-01  -6.3905484e-03   2.2850518e-03   7.0870071e-03
   8.9600438e-02   6.2375808e-02   3.7007717e-01  -6.2351130e-03   1.9963047e-03   6.9389164e-03
   8.8664411e-02   5.6035862e-02   3.6596988e-01  -6.1486218e-03   1.9380346e-03   7.3408484e-03
   9.0305522e-02   6.9354334e-02   3.7519749e-01  -6.4366100e-03   2.1604389e-03   7.3514009e-03
   8.9847472e-02   7.7645552e-02   3.6708675e-01  -6.4021947e-03   1.9235319e-03   7.0881196e-03
   9.1439485e-02   6.4219507e-02   3.7206813e-01  -6.1409096e-03   2.1071013e-03   7.0159855e-03
   9.1176399e-02   8.5739260e-02   3.7979594e-01  -6.1025711e-03   1.9760470e-03   7.1326952e-03
   9.7344525e-02   7.4868567e-02   3.7718209e-01  -5.8604185e-03   2.0594866e-03   7.1466102e-03
   1.0703876e-01   6.3647718e-02   3.7776818e-01  -6.1650085e-03   2.2596738e-03   7.1877444e-03
   1.0570845e-01   7.5292098e-02   3.7459356e-01  -6.1890393e-03   2.3135359e-03   7.0936800e-03
   1.0166784e-01   8.5148124e-02   3.6463584e-01  -6.0929786e-03   1.8716382e-03   7.2985041e-03
   1.0571853e-01   7.0937847e-02   3.6687871e-01  -6.0711829e-03   2.0788976e-03   7.2689338e-03
   1.0006458e-01   8.4462431e-02   3.9077192e-01  -5.8383286e-03   2.0247367e-03   7.1667770e-03
   9.3961310e-02   9.6753934e-02   3.9568760e-01  -5.5579753e-03   1.9537716e-03   7.2585329e-03
   9.4719664e-02   8.1708271e-02   4.0948249e-01  -5.4604812e-03   2.2918429e-03   7.0545066e-03
   1.0721618e-01   8.9383495e-02   4.6772475e-01  -4.4463081e-03   2.7641661e-03   6.4164411e-03
   1.0188459e-01   1.5677479e-01   4.5687846e-01  -5.4012672e-03   2.6283562e-03   6.7415609e-03
   1.0108343e-01   8.5506880e-02   4.2589463e-01  -5.4327696e-03   2.2431478e-03   6.7874269e-03
   1.1555975e-01   9.3519377e-02   3.6847859e-01  -5.9409588e-03   2.4738852e-03   7.2121873e-03
   1.2336925e-01   6.6308229e-02   3.6353935e-01  -5.6236403e-03   2.6354608e-03   8.0905408e-03
   1.1083481e-01   8.3929751e-02   3.6391841e-01  -4.3961427e-03   2.5345975e-03   7.4922476e-03
   1.1310659e-01   7.1443041e-02   3.2440395e-01  -4.5284312e-03   2.2951161e-03   7.8064218e-03
   1.1067079e-01   1.0314793e-01   3.0948764e-01  -4.0306043e-03   2.3091396e-03   7.9050961e-03
   1.0870103e-01   1.3152596e-01   3.2663087e-01  -4.2504673e-03   2.2942589e-03   8.0570734e-03
   1.0760046e-01   1.1990874e-01   3.0753594e-01  -3.9325179e-03   2.1948612e-03   8.1564429e-03
   1.0435498e-01   1.0626844e-01   2.9247127e-01  -4.1206037e-03   2.1140376e-03   8.1927915e-03
   9.6655061e-02   1.2337881e-01   2.8627763e-01  -4.0651444e-03   1.7526082e-03   8.1077676e-03
   9.0516804e-02   1.1436559e-01   2.8021943e-01  -4.0335556e-03   1.3889756e-03   8.1622617e-03
   9.1377073e-02   1.2168690e-01   2.8316841e-01  -4.0785729e-03   1.4103811e-03   8.1460096e-03
   8.8895030e-02   1.1869503e-01   2.8329926e-01  -3.9593298e-03   1.2186310e-03   8.4007645e-03
   8.6627659e-02   1.1070780e-01   2.8475722e-01  -3.5608545e-03   1.1940068e-03   8.3919708e-03
   8.6161314e-02   1.1950906e-01   3.0188260e-01  -3.9111365e-03   1.2736123e-03   8.4291204e-03
   8.8690539e-02   1.1829069e-01   2.9933450e-01  -4.0493158e-03   1.1505163e-03   8.3382649e-03
   8.5547568e-02   8.7519522e-02   2.7276269e-01  -4.1745797e-03   8.7969723e-04   8.4841374e-03
   7.9306769e-02   1.1756866e-01   2.7469278e-01  -4.1867572e-03   7.9520278e-04   8.4828970e-03
   7.2460063e-02   1.2783554e-01   2.8943175e-01  -4.3530937e-03   3.7278198e-04   8.5710372e-03
   7.6513106e-02   1.0650090e-01   2.9348889e-01  -4.0273140e-03   5.9223063e-04   8.6533258e-03
   7.6451390e-02   1.1688164e-01   3.2203019e-01  -4.3491214e-03   6.5147950e-04   8.6260133e-03
   7.9594288e-02   1.2664463e-01   3.0864085e-01  -4.1973500e-03   6.1251101e-04   8.6066849e-03
   8.1647397e-02   1.1690823e-01   3.2858699e-01  -4.3427259e-03   7.7209902e-04   8.4218562e-03
   8.7647283e-02   1.6813440e-01   3.5437166e-01  -4.2133340e-03   9.4716887e-04   8.5891470e-03
   8.9160544e-02   1.0782628e-01   3.6879850e-01  -4.7218382e-03   1.1452069e-03   8.8333674e-03
   1.0709316e-01   1.4497660e-01   3.3947845e-01  -3.6974372e-03   1.6310690e-03   9.0542360e-03
   1.1413109e-01   9.9955333e-02   2.9160771e-01  -4.1257275e-03   1.9518451e-03   8.9531668e-03
   1.0837853e-01   8.1143495e-02   2.7207987e-01  -5.7377009e-03   1.8263685e-03   9.4672622e-03
   1.0989254e-01   1.0616218e-01   2.6953129e-01  -4.8320733e-03   1.5669718e-03   9.6743619e-03
   9.5441809e-02   9.1793209e-02   3.0353664e-01  -5.7403197e-03   1.3424228e-03   8.7915168e-03
   1.0168268e-01   1.1229798e-01   3.1648639e-01  -5.3594446e-03   1.5314088e-03   9.1254645e-03
   9.7459408e-02   1.1807714e-01   2.8786121e-01  -5.4497620e-03   1.3440074e-03   9.1578971e-03
   9.9135873e-02   1.1876226e-01   2.9258983e-01  -5.3337344e-03   1.3740483e-03   9.5829276e-03
   1.0053056e-01   1.2500584e-01   2.9261577e-01  -5.3803613e-03   1.3998969e-03   9.6114248e-03
   1.0542467e-01   1.2557604e-01   2.9496211e-01  -5.0436031e-03   1.5404054e-03   9.8245439e-03
   1.0911144e-01   1.1476589e-01   2.9648090e-01  -4.8376730e-03   1.6340375e-03   9.7834645e-03
   1.0459858e-01   1.2424333e-01   3.1106928e-01  -4.6740307e-03   1.7870024e-03   9.6658784e-03
   1.0230261e-01   1.3252789e-01   2.9523787e-01  -4.3217435e-03   1.6976942e-03   9.5992003e-03
   1.0919221e-01   1.2058815e-01   3.0560841e-01  -4.2594703e-03   1.9264495e-03   9.7260059e-03
   1.0395922e-01   1.4171098e-01   3.2422035e-01  -3.9579831e-03   1.8272669e-03   9.6397694e-03
   1.0389506e-01   1.1818068e-01   3.3388757e-01  -3.6991383e-03   1.8388037e-03   9.7418861e-03
   1.0465067e-01   1.2971127e-01   3.2223305e-01  -4.1272887e-03   1.7584915e-03   9.5766185e-03
   1.0011025e-01   1.3121979e-01   3.1612820e-01  -3.9334493e-03   1.5429634e-03   9.5758158e-03
   9.9772130e-02   1.2873483e-01   3.2079276e-01  -3.7423401e-03   1.4651134e-03   9.4910446e-03
   9.6328320e-02   1.3142753e-01   3.2490487e-01  -3.9089486e-03   1.2656728e-03   9.5983495e-03
   1.0117584e-01   1.1474813e-01   3.3970198e-01  -3.5890359e-03   1.3714205e-03   9.7798982e-03
   9.7768851e-02   1.3735640e-01   3.6713494e-01  -3.7967905e-03   1.5452149e-03   8.9701800e-03
   9.5090079e-02   1.3614762e-01   3.5532662e-01  -3.2115864e-03   1.1806643e-03   8.9680602e-03
   9.5548911e-02   1.3520099e-01   3.5751344e-01  -4.0339504e-03   1.4369622e-03   8.5671403e-03
   9.3264892e-02   1.4231081e-01   3.2998708e-01  -3.7113128e-03   1.3066781e-03   8.7742589e-03
   9.6216243e-02   9.7674778e-02   3.3654141e-01  -4.5745851e-03   1.4180527e-03   8.3597106e-03
   8.8337200e-02   1.4989528e-01   3.3047993e-01  -2.8704562e-03   9.4349448e-04   8.8612837e-03
   1.1012545e-01   1.3604261e-01   3.2090926e-01   1.3943152e-04   1.9518712e-03   9.0298658e-03
   1.1082378e-01   1.7352536e-01   3.0771851e-01  -2.4603000e-03   2.1544244e-03   8.6138234e-03
   1.1173435e-01   1.3080527e-01   3.2988904e-01  -1.9988485e-03   2.0005969e-03   9.1126653e-03
   1.2762088e-01   1.3619728e-01   3.4383922e-01  -3.1388890e-03   2.8261147e-03   9.2285732e-03
   1.3107004e-01   6.6703899e-02   3.2523799e-01  -2.7929445e-03   2.6333470e-03   9.1721505e-03
   1.2498120e-01   1.0689908e-01   3.0896166e-01  -3.3756548e-03   2.4711162e-03   8.6051705e-03
   1.2259126e-01   1.0684772e-01   2.8800592e-01  -3.2504737e-03   2.2787704e-03   8.5183905e-03
   1.2064038e-01   5.4351663e-02   2.7714168e-01  -8.9074314e-04   1.6878885e-03   8.7065264e-03
   1.2456238e-01   1.1286606e-01   2.6951027e-01  -1.2340696e-03   2.4346099e-03   8.4500701e-03
   1.1452469e-01   8.3586819e-02   2.7113508e-01  -2.7616115e-03   2.1146476e-03   8.5131497e-03
   1.0973906e-01   9.2931447e-02   2.3185316e-01  -2.6541610e-03   1.9069258e-03   8.7718074e-03
   1.0884276e-01   7.4580055e-02   2.3047237e-01  -2.7597114e-03   1.9239017e-03   8.8145619e-03
