   0.0000000e+00   0.0000000e+00  -7.1054274e-15  -6.9388939e-18   3.4694470e-18   2.4074124e-35
  -1.1391007e-02  -8.6470149e-03   3.9272435e-03  -3.2673826e-05  -5.9792736e-04   2.8493800e-04
   4.6660301e-04  -5.6663573e-02  -1.3150439e-02  -2.0707110e-03  -7.7329035e-04   7.2751999e-04
  -1.0935149e-02  -4.5799810e-02   1.0154517e-01  -1.7670593e-03  -9.9677057e-05   6.4413763e-05
  -5.2188895e-02  -5.3437810e-02   1.5229802e-01  -5.6299989e-04   2.6561871e-04  -4.0897770e-04
  -2.5593259e-02  -6.2151524e-02   3.5489662e-02  -3.3104008e-03  -2.9250717e-04   8.8022796e-05
  -4.0280978e-02  -3.2654295e-02   1.1381699e-01  -2.6763354e-03  -3.6545346e-04   1.3095947e-04
  -7.6482081e-02  -3.4479421e-02   8.2836095e-02  -2.4243321e-03  -2.2360892e-04  -5.6419845e-04
  -8.4913287e-02  -4.8530389e-02   6.4441414e-02  -2.6542147e-03  -1.1838292e-03  -1.5976188e-04
  -8.5972416e-02  -6.9058232e-03   1.3633445e-01  -3.1018917e-03   2.1960310e-05  -9.7184355e-04
  -1.0851956e-01  -4.4882416e-02   1.1696914e-01  -2.7686192e-03   3.7413184e-04  -9.1201811e-04
  -8.9728411e-02  -4.6861864e-02   1.2312034e-01  -3.5986389e-03  -3.2175151e-04  -6.3246751e-04
  -1.0021827e-01  -2.9763479e-02   2.5211049e-01  -1.7437785e-03   6.4543171e-04  -9.3535688e-04
  -8.5140387e-02  -5.0109583e-02   3.0447561e-01  -3.7310889e-03   1.4880196e-03  -1.5785239e-03
  -4.1098191e-02  -5.2841716e-02   1.0584984e-01  -4.3026349e-03  -2.7430834e-04  -1.9341886e-03
  -5.5318158e-02  -7.3936599e-03   1.5832496e-01  -4.7352385e-03  -2.7889500e-04  -9.9233414e-04
  -4.7918725e-02  -5.0252289e-02   1.7824783e-01  -2.2284355e-03  -2.0650576e-04  -1.4882138e-03
   7.7227527e-03   4.1909028e-03   4.4488184e-01  -2.8188197e-03   7.8634667e-04  -4.7261735e-04
   1.6522643e-01  -1.8568022e-01   7.6948396e-01   7.1612527e-03   1.6896000e-03   5.4371418e-04
   2.5377832e-01  -3.0236598e-01   9.9856885e-01   1.3187595e-02   1.6639377e-03   1.1239662e-03
   1.4723213e-01  -8.9577010e-02   4.7266187e-01   1.2615852e-03   9.9264143e-04   1.9591375e-03
   1.2666266e-01  -1.0440346e-01   4.7553982e-01  -4.2052703e-06   7.5983381e-05   6.6441128e-04
   8.7617569e-02  -8.4709695e-02   4.3784885e-01  -3.0732215e-03  -5.4382221e-04   6.3598956e-04
   8.4020620e-02  -1.0468863e-01   5.5760005e-01  -1.6215229e-03   2.2047409e-04   2.9735224e-04
   4.7254146e-02  -1.0821606e-01   5.3832179e-01  -1.0573169e-03   1.5448762e-04  -4.7753647e-04
   6.0926300e-02  -1.1002470e-01   5.3953333e-01  -4.9254467e-03   6.8787012e-04  -3.0003245e-04
   9.4409898e-02  -4.6446286e-03   3.5245157e-01  -6.2694746e-03   2.3861697e-03  -3.2033215e-04
   5.8150754e-02  -6.4934372e-02   4.8135989e-02  -8.3671694e-03   3.6226215e-03   5.9491547e-04
   8.6084707e-02  -1.0207997e-01   4.3765990e-02  -1.0121791e-02   2.8430830e-03   1.5902731e-03
   6.1089449e-02  -1.2249747e-01   3.9382000e-02  -1.0511808e-02   2.5117398e-03   9.3150744e-04
   6.4165947e-02  -1.1470673e-01   7.7838058e-02  -9.6776013e-03   2.6260968e-03   4.9893160e-05
   5.5327190e-02  -1.3978931e-01   8.2790498e-02  -8.9858529e-03   3.2405852e-03   7.5227514e-05
   4.2944266e-02  -1.2357626e-01   1.5271438e-01  -8.6102466e-03   3.7092166e-03  -8.9738396e-04
   2.5806355e-02  -1.1798303e-01   2.0661408e-01  -6.1251576e-03   4.8113654e-03  -1.2818956e-03
   8.6398689e-02  -8.6337242e-02   4.0576560e-01  -1.3768286e-03   4.1995511e-03   3.6042864e-04
   1.5506166e-01  -7.9591312e-02   5.2719551e-01   1.4843304e-03   3.1946095e-03   2.0379788e-03
   2.1640098e-01  -2.4309943e-01   7.9715748e-01   1.2132584e-02   1.4182786e-03   2.0874480e-03
   2.4777587e-01  -1.4544979e-01   6.0577001e-01   9.3920973e-03  -5.3924245e-04   1.6340939e-03
   1.6224878e-01  -5.4250606e-02   1.9906227e-01   1.9163637e-04   5.5556099e-04   3.3827980e-03
   1.5516389e-01  -6.6781842e-02   4.2690151e-01   1.6618484e-03   1.3007341e-03   1.6428430e-03
   1.2013026e-01  -8.9799718e-02   3.1120372e-01  -1.6137632e-03   1.5711343e-03   1.2830744e-03
   8.7248836e-02  -9.2604946e-02   5.3104835e-01  -3.0528216e-04   2.3292486e-03   4.5542249e-04
   1.1419704e-01  -8.5413947e-02   6.9872484e-01   1.8379389e-04   2.8970744e-03   8.6501675e-04
   1.2458838e-01  -1.1735213e-01   6.5570987e-01  -5.6489356e-04   1.3342375e-03   1.1678969e-03
   1.1933998e-01  -9.2592159e-02   4.9685648e-01  -2.1104096e-03   1.9810110e-03   1.4702240e-03
   1.3441038e-01  -8.9916699e-02   4.6181495e-01  -1.4303514e-03   2.4147375e-03   1.6531029e-03
   1.3300126e-01  -7.7401345e-02   4.8266922e-01  -1.7747590e-03   2.9989427e-03   1.1492627e-03
   1.4238974e-01  -7.5207653e-02   4.7052203e-01  -1.2017109e-03   3.1030436e-03   6.7281884e-04
   3.0670467e-02  -9.4121561e-02   8.5168744e-01   1.7494562e-03   4.0083047e-03   1.1374142e-03
   3.9208456e-02  -7.7577579e-02   7.6501397e-01  -8.2180159e-05   3.1209305e-03   2.1868552e-03
   1.3142438e-01  -1.1203522e-01   3.4424324e-01  -8.1838673e-03   3.4989981e-03   3.3375267e-03
   1.4007946e-01  -6.7554020e-02   4.9227537e-01  -4.8573093e-03   3.9574503e-03   2.7640934e-03
   1.5313324e-01  -9.3404159e-02   3.7647712e-01  -4.5689464e-03   4.1575721e-03   1.7674708e-03
   1.6422988e-01  -1.1475855e-01   3.8192092e-01  -5.2930952e-03   3.5488619e-03   1.3178541e-03
   1.3860063e-01  -6.6894382e-02   4.7969917e-01  -3.4494643e-03   3.7164475e-03   1.1933831e-03
   1.1261925e-01  -9.3236042e-02   4.8673061e-01  -1.8698663e-03   2.6281853e-03   1.1251139e-03
   1.1623139e-01  -8.9963372e-02   3.3640674e-01  -4.5159493e-03   1.8372936e-03   1.7026107e-03
   1.2441432e-01   1.0532808e-02   7.1382291e-01   8.1679891e-03   2.3845181e-03   1.0908271e-03
   1.3005040e-01  -6.7897751e-03   6.4753760e-01   4.7717602e-03   2.6695019e-03   6.2174007e-04
   1.3015080e-01   1.2467340e-02   6.5572835e-01   5.5633812e-03   1.8601808e-03   6.0737925e-04
   4.8609110e-02   2.7678129e-01   1.1247323e+00   1.0298380e-02   2.5868690e-03  -6.4958412e-04
   6.4293301e-02   2.3441029e-01   8.6151587e-01   3.9432070e-03   2.5857187e-03  -3.9004944e-04
   4.5893514e-02   2.5631176e-01   6.4205937e-01   1.7173040e-03  -3.4442827e-05  -4.1785644e-05
   4.5953351e-02   2.3817587e-01   7.4509402e-01   2.2937140e-03   5.6840988e-04  -6.5669969e-04
   2.0987350e-02   2.1794590e-01   7.1869601e-01   2.7761202e-03   5.1461143e-04  -5.6265155e-04
   5.3448685e-02   1.6274993e-01   7.4903619e-01   8.2976763e-03   1.7527371e-03  -1.4722155e-03
   5.8856732e-02   2.1565797e-01   1.0628323e+00   1.1769234e-02   3.2689124e-03  -1.9819574e-03
   8.5539627e-03   7.6010547e-02   1.0272536e+00   6.4426960e-03   2.8267068e-03  -2.8449895e-03
   3.1484159e-02   7.8495912e-02   6.4602474e-01   2.9940667e-03   1.4813402e-03  -1.9263432e-03
   5.4858333e-02   7.0303135e-02   6.7714981e-01   1.4395340e-03   9.7309821e-04  -5.6272861e-04
   6.8320851e-02   1.0858003e-01   6.9787176e-01   2.9297146e-03   9.0008005e-04  -7.8213600e-04
   5.7719310e-02   1.2377415e-01   8.2106653e-01   4.2016286e-03   1.2118587e-03  -1.0283025e-03
   5.4418321e-02   1.0973417e-01   7.1015371e-01   3.6660944e-03   1.2870918e-03  -1.4009399e-03
   6.9325979e-02   1.1409802e-01   9.5153008e-01   5.3165356e-03   2.3158868e-03  -2.0361998e-03
   9.8429330e-02   3.5953104e-02   5.9951899e-01   2.5373609e-03   2.2317405e-03  -1.2144286e-03
   1.6698460e-01   3.7521442e-02   3.2957956e-01  -4.3448183e-03   1.4865611e-03   1.3062548e-03
   1.2961795e-01   2.4960128e-02  -1.2085775e-01  -2.4234643e-03   5.0012501e-04   1.2791662e-03
   1.1136764e-01   3.3996033e-02   8.5149877e-02   2.9925627e-03   9.7574451e-04   1.0167513e-03
   1.4892470e-01   3.8313583e-02   2.2491022e-01  -1.5586185e-03   8.2630230e-04   5.0377359e-04
   1.0611557e-01   6.8290115e-02   3.4220310e-01   3.6730139e-03   7.0408613e-04  -3.8825747e-06
   6.2591173e-02   8.7122598e-02   5.8396496e-01   6.4935377e-03   1.2892036e-03  -1.0854475e-03
   9.8895248e-02   8.3734855e-03   4.2034177e-01   2.0088110e-03   1.3328820e-03  -9.9909678e-04
   8.1996651e-02   6.9098153e-02   5.4676868e-01   4.0889112e-03   1.7481073e-03  -1.3177261e-03
   8.5297845e-02   3.2013131e-02   4.7654050e-01   5.0598921e-03   9.9077230e-04  -1.2441810e-03
   7.1700909e-02   8.7434271e-02   6.4490163e-01   7.2376257e-03   2.2251406e-03  -2.0580104e-03
   8.3954530e-02   5.0621888e-02   4.5187806e-01   4.2647184e-03   1.9768110e-03  -1.4467323e-03
   4.2862912e-02   8.4346021e-02   7.8172187e-01   7.3336503e-03   1.7694634e-03  -1.5193788e-03
   2.3219653e-02   8.0052437e-02   8.6461674e-01   8.5689222e-03   2.8694949e-03  -1.4505346e-03
   1.0542465e-01  -3.3391462e-02   6.8893521e-01   6.1278773e-03   1.3816586e-03   1.4042870e-03
   1.8413875e-01  -1.8959041e-01   9.4126827e-01   1.7196729e-02  -9.6773800e-05   2.6332027e-03
   1.5933685e-01  -2.7063651e-02   7.8715760e-01   1.1457589e-02  -1.6621959e-03   1.4907025e-03
   7.3185008e-02   1.2903675e-03   5.3274836e-01   4.9916243e-03  -8.1103203e-04   2.4436817e-03
   5.7599556e-02  -1.6182009e-02   5.6973970e-01   4.6089291e-03  -1.7106423e-03   7.7104811e-04
   3.2961677e-02   7.7008775e-02   8.6526305e-01   7.5385940e-03  -5.6701805e-04   5.5158907e-04
   1.1598692e-02   1.6344848e-02   7.3306448e-01   7.7199050e-03  -3.3463685e-04   3.7601567e-04
   1.8352796e-02  -2.9316352e-02   6.2529675e-01   4.8677750e-03   1.5477865e-04   1.6798667e-03
  -4.0801112e-03   1.1398448e-02   5.5958737e-01   4.6213690e-03   2.2275740e-04   6.4847823e-04
  -9.4425448e-03   2.8005791e-02   6.4462400e-01   6.6852887e-03   7.1388966e-04   6.4573339e-04
  -4.2704310e-02   7.6893776e-02   7.4165058e-01   9.7136113e-03   8.5361386e-04  -5.0576320e-04
   5.9822526e-02  -7.1437854e-03   4.5705724e-01  -1.6700752e-03   1.4717065e-03   1.0039853e-03
   9.9196891e-02  -3.6116965e-03   3.1686479e-01  -2.4212884e-03   1.2112191e-03   7.3292710e-04
   5.3111061e-02   6.6840825e-02   4.0589660e-01   1.3682060e-03   5.4716038e-04   2.8093616e-04
   6.6473060e-02   3.1582767e-02   4.3862369e-01   8.0536613e-04   3.1819279e-03   1.0736197e-03
   6.3433099e-02   3.5910761e-02   3.1201885e-01  -3.9529353e-04   1.2718291e-03   1.8770906e-03
   6.5398866e-02   3.0279791e-02   5.1159524e-01   1.8044761e-03   2.0648878e-03   1.3837362e-03
   3.3180519e-02   1.5008673e-03   6.8309797e-01   3.9627160e-03   2.2888999e-03   4.9852042e-04
   1.0515834e-02   8.6099629e-03   9.4463963e-01   6.1786050e-03   3.1080021e-03  -1.1539952e-04
   6.2147617e-02  -2.8874695e-02   1.1678984e+00   8.0798471e-03   4.3443731e-03   4.8628494e-04
   2.6314997e-02   9.9067290e-02   1.2542214e+00   6.9002598e-03   4.5052743e-03  -1.3433253e-03
   1.3752129e-02   1.9483250e-01   1.0083983e+00   2.4773900e-03   1.8008200e-03  -9.6549400e-04
   1.3936473e-02   9.0314051e-02   9.6597130e-01   4.1664871e-03   7.5021704e-04   7.2942550e-04
   2.6829347e-02   1.1300926e-01   9.4892007e-01   5.6530213e-03   8.0583353e-04   8.0469446e-04
   5.6528124e-02   1.4460672e-01   1.0764349e+00   1.0596000e-02   1.9919206e-03   3.1954197e-04
   1.4857909e-01   1.7909922e-01   1.1561039e+00   1.5340533e-02   4.0881001e-03  -9.2095025e-04
   2.6048419e-01   9.0125271e-02   1.2543525e+00   2.2459953e-02   5.2513083e-03   4.1613260e-04
   3.3423992e-01  -1.8789509e-01   1.3064220e+00   3.3653304e-02   2.6322570e-03  -1.0313240e-03
   3.3514836e-01  -6.1539367e-03   6.4692362e-01   1.7530370e-02   5.1086214e-05  -7.9304563e-05
   2.7327671e-01   7.2571992e-02   5.5390112e-01   1.2187129e-02   2.8766364e-04   1.2881194e-04
   2.6716041e-01   1.0013155e-01   7.1049568e-01   9.6387234e-03   1.5574895e-04  -5.4486627e-04
   2.3292633e-01   8.0360017e-02   7.0883426e-01   1.0040468e-02   1.5356726e-04  -5.5587263e-04
   2.2939995e-01   1.0056014e-01   8.9061876e-01   9.0736599e-03   4.3250380e-05  -1.0950913e-03
   2.3610327e-01   1.4848903e-01   8.2711318e-01   8.7184520e-03   8.0726527e-04  -2.4132806e-03
   2.0287041e-01   9.3237018e-02   6.1631223e-01   7.5309291e-03   4.6068981e-04  -1.6792137e-03
   2.0905766e-01   8.2141146e-02   5.7622451e-01   5.4801863e-03   7.6639352e-04  -1.0190189e-03
   2.5348578e-01   1.1855004e-01   1.1706994e+00   1.8711500e-02   1.8299353e-03  -2.8718231e-03
   2.0595129e-01   5.9436802e-02   9.6294138e-01   9.8902102e-03   1.2036433e-03  -3.0032205e-03
   2.4196706e-01   3.9794029e-02   5.5215960e-01   1.0540050e-03   8.3327892e-04  -6.7737632e-04
   2.7699295e-01   4.7087647e-02   8.1370247e-01   4.6180423e-03   9.4769064e-04  -9.5974734e-04
   2.6582941e-01   4.2348210e-02   7.8911266e-01   5.8213480e-03   2.1080578e-03  -8.3305275e-04
