   0.0000000e+00   0.0000000e+00   0.0000000e+00   0.0000000e+00   0.0000000e+00   0.0000000e+00
  -4.8057820e-02  -6.6722243e-02   2.6168777e-01   8.4916436e-03   5.1848396e-03   3.1256236e-03
  -3.8768829e-02  -3.3278121e-02   1.6401670e-01  -1.1015249e-03   1.3859547e-02   6.6436110e-03
  -8.6623781e-01  -2.6823619e-01  -3.4338024e-02  -9.1352685e-03   1.7093916e-02   7.7037219e-03
  -3.0364565e-01  -1.8028118e-01  -1.7873350e-01  -1.2825435e-02   1.5078876e-02   3.3951889e-03
  -1.5478680e-01  -9.3739723e-02   2.8839836e-02  -9.6681447e-03   2.9500150e-03  -8.1681755e-04
  -4.4492382e-02  -6.8891136e-02   1.9755247e-01  -8.6964669e-03   5.8428960e-03  -2.1098954e-03
   6.1318402e-03  -8.3275037e-02   2.1890503e-01  -6.9845917e-03   6.1294773e-03  -3.5339828e-03
   6.5158509e-02  -8.3322273e-02   3.5171024e-01  -5.9134318e-03   7.4999325e-03  -5.1506212e-03
   2.0925900e-01   1.2130262e-02   4.8589444e-01  -3.0568011e-03   6.6436832e-03  -7.9003684e-03
   2.2401130e-01  -1.2007567e-02   5.2418028e-01  -2.9780515e-03   3.7272634e-03  -1.1945639e-02
   2.3957792e-01   6.2291589e-03   4.9548263e-01  -1.8432336e-03   2.5275122e-03  -1.3270397e-02
   2.3613526e-01   1.2599530e-02   5.8399657e-01  -1.6853348e-03   3.2419646e-03  -1.4877734e-02
   2.6567070e-01   4.6848827e-02   5.7504872e-01  -1.2238136e-03   3.1472136e-03  -1.5299128e-02
   2.6158732e-01   4.1888331e-02   6.4209586e-01  -1.3289655e-03   3.0687616e-03  -1.6546199e-02
   2.9691277e-01   7.3460038e-02   5.5692122e-01  -1.1391872e-03   2.9537761e-03  -1.6486713e-02
   3.2017638e-01   3.2906053e-02   6.3398812e-01  -1.5038197e-03   3.4193942e-03  -1.7203762e-02
   3.2320367e-01   5.3279414e-02   6.4688393e-01  -1.3023824e-03   2.8230196e-03  -1.7937553e-02
   3.4973799e-01   2.8812920e-02   7.0869805e-01  -8.5533355e-04   2.9641486e-03  -1.9576692e-02
   3.9021201e-01   5.0164980e-02   4.2692970e-01   6.1463438e-04   3.6943224e-03  -1.8563957e-02
   4.4363704e-01   2.9753384e-02   4.6017282e-01  -1.4712974e-04   4.1617842e-03  -1.8850018e-02
   4.2463878e-01   7.7572197e-02   3.6351146e-01   5.8030704e-04   2.2616554e-03  -1.9556930e-02
   4.3814584e-01   3.9007076e-02   3.5141397e-01  -5.2669390e-04   1.9857045e-03  -1.9802372e-02
   4.2978752e-01   1.3791071e-01  -3.3977061e-03   3.4493960e-04   1.6613285e-03  -1.9899020e-02
   4.6248148e-01  -2.9011064e-02   4.4386703e-01  -1.5512509e-03   1.3850162e-03  -2.1691224e-02
   4.3509171e-01   9.4722457e-01  -1.6020049e+00   1.3723018e-02  -2.7562598e-03  -1.8798402e-02
   3.4070659e-01   7.9199975e-01  -2.4132876e+00   2.3160080e-02  -1.9142924e-03  -9.7367342e-03
   2.6498296e-01   8.6972299e-01  -1.2266209e+00   1.2538763e-02  -3.6574729e-03  -1.3072074e-02
   3.0061416e-01   9.2497113e-01  -9.5111678e-01   1.2384672e-02  -5.6761390e-03  -1.4694483e-02
   2.7309625e-01   6.3146858e-01  -6.1946129e-01   8.9360193e-03  -1.4613954e-03  -1.0815633e-02
   2.4976410e-01   6.7695537e-01  -8.2910120e-01   7.5280220e-03  -2.1745741e-03  -1.2488615e-02
   3.5883300e-01   6.0669063e-01  -6.9736070e-01   8.7329887e-03  -2.9657585e-03  -1.6428315e-02
   3.3321179e-01   6.5598357e-01  -8.2970844e-01   8.3348256e-03  -3.0206882e-03  -1.6230860e-02
   3.3989363e-01   6.1946912e-01  -7.3656192e-01   7.9091356e-03  -3.2355652e-03  -1.7852742e-02
   2.8951031e-01   6.6529862e-01  -8.2996318e-01   7.3815919e-03  -3.7018954e-03  -1.7359558e-02
   3.3622177e-01   6.8013115e-01  -7.0876894e-01   7.3055019e-03  -4.1643389e-03  -1.8566884e-02
   3.5105811e-01   6.7150662e-01  -7.8201421e-01   7.2610403e-03  -3.7668254e-03  -1.9604164e-02
   3.5854105e-01   6.5562997e-01  -7.5318668e-01   7.1801729e-03  -4.0709903e-03  -2.0287185e-02
   3.8162717e-01   6.6811383e-01  -7.6549530e-01   6.8440235e-03  -4.1125580e-03  -2.1019068e-02
   3.8513927e-01   6.3585465e-01  -7.0599305e-01   6.5898721e-03  -3.8196722e-03  -2.1547372e-02
   3.9928301e-01   6.4756218e-01  -6.9728384e-01   6.2613615e-03  -3.6043789e-03  -2.2421748e-02
   4.4077016e-01   6.4082719e-01  -6.7459825e-01   6.3277835e-03  -2.5959623e-03  -2.2477026e-02
   4.6850127e-01   5.9937595e-01  -6.3399398e-01   6.4412817e-03  -1.9958902e-03  -2.2881283e-02
   4.5888725e-01   6.1849773e-01  -6.2773696e-01   6.3066660e-03  -2.1157873e-03  -2.2954210e-02
   4.7997744e-01   6.0588789e-01  -5.6662873e-01   6.1061287e-03  -2.2675169e-03  -2.3507988e-02
   4.6213635e-01   6.1500462e-01  -7.1617748e-01   6.4192857e-03  -2.2333420e-03  -2.3533315e-02
   4.8978681e-01   5.6623949e-01  -6.4620241e-01   6.4757594e-03  -2.9141953e-03  -2.3839195e-02
   4.6572050e-01   6.3988324e-01  -7.3134511e-01   6.4640263e-03  -1.7375512e-03  -2.3716651e-02
   4.8119614e-01   5.5765249e-01  -5.2942476e-01   5.3282316e-03  -2.8849480e-03  -2.5030523e-02
   4.7006067e-01   8.7634103e-01  -1.5434866e+00   1.0016649e-02   2.0278981e-04  -2.3335574e-02
   3.7142752e-01   1.0395941e+00  -2.7311466e+00   1.3351412e-02  -4.2556991e-03  -1.2729119e-02
   2.2146752e-01   1.0159178e+00  -1.4042030e+00   4.5067801e-03  -5.8243207e-03  -1.5485339e-02
   1.4342000e-01   8.9664376e-01  -1.4043558e+00  -9.9253653e-04  -2.5941730e-03  -9.4804054e-03
   2.5069477e-01   7.3612610e-01  -1.1531790e+00   2.1976471e-04  -6.5172141e-03  -1.4178158e-02
   2.7465441e-01   7.8207432e-01  -1.2965330e+00   1.9433528e-03  -5.0420668e-03  -1.5202651e-02
   3.1367416e-01   6.9708392e-01  -1.1670227e+00   1.5898692e-03  -5.7927001e-03  -1.7538293e-02
   3.5378240e-01   7.5570875e-01  -1.2190357e+00   2.4411023e-03  -4.8236069e-03  -1.8455826e-02
   4.0926273e-01   7.1172605e-01  -1.0514048e+00   2.7981919e-03  -4.3213060e-03  -2.0076277e-02
   4.2806151e-01   7.4863653e-01  -1.1421696e+00   2.8616319e-03  -3.3335796e-03  -2.0808773e-02
   4.3706060e-01   7.1151594e-01  -1.0131984e+00   2.4123117e-03  -3.5171342e-03  -2.2074647e-02
   4.4525221e-01   7.0354829e-01  -1.0825386e+00   2.8272506e-03  -2.5121850e-03  -2.2428671e-02
   4.6959244e-01   6.8482412e-01  -9.5467533e-01   2.6241213e-03  -2.3913797e-03  -2.3128897e-02
   4.9842166e-01   7.2861780e-01  -1.0272636e+00   2.8126565e-03  -1.7150670e-03  -2.3055133e-02
   4.9264072e-01   6.6480913e-01  -9.2160473e-01   2.3131832e-03  -1.0941114e-03  -2.3615197e-02
   4.8595646e-01   6.8622339e-01  -9.8351620e-01   2.3886866e-03  -2.8746221e-04  -2.4193178e-02
   4.8157588e-01   6.9907308e-01  -8.2986266e-01   1.7434858e-03  -8.3317983e-04  -2.4914960e-02
   4.9733050e-01   7.1028123e-01  -9.5277012e-01   1.8992849e-03  -4.8792238e-04  -2.5038934e-02
   4.8536227e-01   6.5734123e-01  -8.1713359e-01   1.7063596e-03   6.9465290e-05  -2.4798902e-02
   5.0261603e-01   6.7087217e-01  -9.1164552e-01   2.0756474e-03   4.4071633e-04  -2.5407648e-02
   4.8443442e-01   6.7593819e-01  -7.6006857e-01   1.7055818e-03   4.6022811e-04  -2.6128619e-02
   5.0707210e-01   6.9290598e-01  -9.0909018e-01   1.9827288e-03   7.8818926e-04  -2.6190657e-02
   5.2780266e-01   6.4639047e-01  -7.0270126e-01   1.5355397e-03   2.0749148e-03  -2.6178444e-02
   5.5337881e-01   6.3864679e-01  -8.7535741e-01   2.1954730e-03   2.5504952e-03  -2.6961865e-02
   5.3690806e-01   6.3775178e-01  -5.3032914e-01   1.6786640e-03   2.9786384e-03  -2.6873851e-02
   5.7788434e-01   6.7536104e-01  -1.3896935e+00   3.2158010e-03   1.8217335e-03  -2.6937431e-02
   4.4432713e-01   4.6383056e-01  -1.2177518e+00   3.1907623e-03   5.9423512e-04  -2.2790558e-02
  -2.3774381e-01   5.7577344e-01  -3.6709937e-01  -1.0317712e-02   1.2676570e-03  -5.2950163e-03
  -1.9429539e-01   4.1362021e-01  -4.1483550e-01  -1.2616356e-02  -4.5464376e-03  -1.1749587e-02
  -6.5186590e-02   3.6925446e-01   2.3217865e-01  -5.9616469e-03  -3.7294611e-04  -1.5057197e-02
   1.4466823e-02   2.9600580e-01   2.3561981e-01  -4.9713585e-03   3.8369317e-04  -1.4771987e-02
   6.7515263e-02   3.1873115e-01   3.0053730e-01  -4.7921530e-03   1.6081205e-03  -1.6570449e-02
   9.8112452e-02   2.3466284e-01   2.9455457e-01  -3.9306616e-03   3.4245762e-03  -1.7721244e-02
   1.2387154e-01   3.0245190e-01   3.8946868e-01  -4.0348730e-03   3.8221313e-03  -1.8547982e-02
   1.3489588e-01   2.9105190e-01   3.8836031e-01  -3.8972394e-03   4.1391058e-03  -1.8579335e-02
   1.7467363e-01   2.5837799e-01   4.6460796e-01  -4.2606432e-03   4.7053057e-03  -1.8625096e-02
   1.7556654e-01   2.2999668e-01   4.9720743e-01  -4.8385728e-03   4.6802542e-03  -1.8804452e-02
   2.2449957e-01   2.4826459e-01   5.3940825e-01  -4.8684353e-03   4.7105451e-03  -1.9158232e-02
   2.3076130e-01   2.2239519e-01   5.6449315e-01  -5.0922176e-03   5.0659647e-03  -1.9577430e-02
   2.5081736e-01   2.1959046e-01   6.1631708e-01  -5.1710893e-03   5.6048188e-03  -2.0147184e-02
   2.6086878e-01   2.1482796e-01   6.4232219e-01  -5.4441753e-03   5.5840647e-03  -2.0017810e-02
   3.0297273e-01   2.1502437e-01   6.5971191e-01  -5.1097603e-03   5.5895550e-03  -2.0505944e-02
   2.8310055e-01   1.6477478e-01   6.9246765e-01  -5.3640190e-03   6.5766817e-03  -2.0648559e-02
   2.5961958e-01   2.0737002e-01   7.1211467e-01  -4.6270971e-03   2.7713368e-03  -2.2315000e-02
   2.6131633e-01   1.8240557e-01   7.1336487e-01  -4.1147810e-03  -2.6044004e-04  -2.5153904e-02
   2.7348178e-01   1.7678602e-01   7.3466224e-01  -4.6338548e-03   1.8615450e-03  -2.4762933e-02
   2.6460576e-01   1.6824264e-01   7.7462100e-01  -4.5433473e-03   1.0266192e-03  -2.5189901e-02
   2.7793787e-01   2.0372030e-01   8.1712002e-01  -4.6644812e-03   1.2144157e-03  -2.5876426e-02
   2.8701084e-01   1.4560435e-01   8.3500530e-01  -4.3770096e-03   1.0435923e-03  -2.5938379e-02
   3.0813796e-01   1.2510365e-01   8.4116811e-01  -4.1485921e-03   2.1849512e-03  -2.6501281e-02
   2.7276452e-01   1.1637691e-01   8.1940912e-01  -3.7418434e-03   1.7308544e-03  -2.5821969e-02
   3.0695397e-01   1.4280474e-01   8.3835414e-01  -3.9022389e-03   2.4175909e-03  -2.5573331e-02
   2.8432170e-01   9.7692327e-02   7.5990587e-01  -5.3831353e-03   1.6237063e-04  -2.5541743e-02
   3.3229769e-01   1.4974418e-01   7.9332098e-01  -6.1481176e-03   7.5674689e-04  -2.5947323e-02
   3.1787914e-01   9.4853871e-02   7.6684479e-01  -5.5015077e-03   2.1759209e-03  -2.4706627e-02
   3.4699350e-01   9.5617075e-02   6.6904345e-01  -3.1617528e-03   3.3066148e-03  -2.4441264e-02
   3.4683766e-01   1.3324964e-01   7.1146301e-01  -2.6653289e-03   3.3010421e-03  -2.3684535e-02
   3.7208661e-01   1.2087094e-01   7.4770468e-01  -1.8752901e-03   4.2149977e-03  -2.4442704e-02
   3.3832200e-01   5.4760167e-02   7.7919039e-01  -1.4191704e-03   4.3473477e-03  -2.3881133e-02
   3.7891352e-01   8.5547131e-02   7.8872231e-01  -1.2561773e-03   4.7844841e-03  -2.4063319e-02
   3.5170164e-01   7.0476581e-02   8.1412026e-01  -8.4144213e-04   4.8699326e-03  -2.3243652e-02
   3.6821725e-01   8.7075152e-02   8.0616051e-01  -1.1054514e-03   5.2144649e-03  -2.3885397e-02
   3.2262312e-01   4.3793564e-02   8.5147959e-01  -9.3976568e-04   4.9961044e-03  -2.3073693e-02
   3.8326292e-01   1.0012268e-01   8.3397414e-01  -8.4254536e-04   5.7730436e-03  -2.4263527e-02
   3.1222158e-01   5.6200293e-02   8.3474269e-01  -9.4077002e-04   5.5959217e-03  -2.3491650e-02
   3.0860130e-01   7.8713463e-02   7.9400143e-01  -8.4648494e-04   8.7626439e-03  -2.1652609e-02
   2.5912100e-01   2.7950449e-02   8.6994324e-01  -6.6563557e-04   7.7732204e-03  -2.0817382e-02
   3.3383458e-01   1.0196256e-01   7.9964395e-01  -4.3055694e-04   9.4148897e-03  -2.1733446e-02
   2.6551618e-01   1.4392559e-02   7.2619131e-01   3.5219062e-04   7.1534353e-03  -1.9159583e-02
   3.8230068e-01   6.9539579e-02   8.0711244e-01  -1.0296149e-04   1.0234815e-02  -2.1954374e-02
   2.3185956e-02  -7.5202071e-02   9.0216309e-01   1.3636377e-03   1.8777278e-03  -1.5436861e-02
   9.3807920e-02   2.5355370e-02   8.7488454e-01   2.8220961e-03   6.2231292e-04  -1.1481247e-02
   2.9314982e-02  -8.4320240e-02   8.4966740e-01   2.4593482e-03   3.3817536e-03  -1.3311326e-02
   2.6795916e-01   1.0993142e-01   8.7323586e-01   6.2042674e-03   3.7134422e-03  -1.5648274e-02
  -1.0950198e+00  -2.2395142e-01   8.1111044e-01   2.5384481e-03  -7.3187683e-03  -2.9323018e-03
  -2.1175388e+00  -4.1317388e-01  -5.0069534e-01   1.0795640e-02  -1.1712466e-02   1.3265608e-02
  -1.4801755e+00   1.5917176e-01  -2.0009326e-01   1.5201071e-02  -1.0842732e-02   1.0123995e-03
  -1.7795672e+00   9.6907501e-02   1.4349151e-01   1.1377613e-02  -1.4091125e-02   4.8200746e-03
  -1.6382550e+00   1.4279472e-01   3.9831040e-02   1.4394965e-02  -1.3124044e-02   6.2460913e-03
  -1.6880617e+00   1.1786072e-01   5.0544009e-02   1.3858197e-02  -1.4405367e-02   6.5636925e-03
