   1.4210855e-14   0.0000000e+00   0.0000000e+00   0.0000000e+00   0.0000000e+00   0.0000000e+00
  -2.8967956e-02  -2.2592729e-02   8.4357412e-02   1.4172208e-04   4.6097859e-05  -5.5004255e-05
  -3.1944985e-02   2.6877644e-02   7.1518083e-02   2.2875851e-04   3.1914834e-04   9.7047927e-05
  -2.8038564e-02  -2.3011099e-02   5.0766050e-02  -5.2327807e-04   3.1902200e-04   5.7305711e-05
  -1.3452689e-02   2.2404605e-02   5.7356871e-02  -3.3600276e-05   2.9304645e-04   3.1580438e-04
  -7.3650461e-03  -1.7193869e-02   2.9323069e-02  -7.5415129e-04   3.6122637e-04   3.1088797e-04
  -1.8406611e-04  -5.3479393e-03   3.8821307e-02   3.6382145e-04   2.8282611e-04   2.1698607e-04
   5.7719470e-03   1.1336789e-02   3.3506760e-02  -1.3534926e-04   2.6876397e-04   2.5261514e-04
   1.1242350e-02   3.0894842e-03   4.7376356e-02  -1.7618802e-05   2.7450560e-04   4.4817196e-04
   1.6202749e-02   5.8636972e-02   1.2241510e-02   4.8668862e-06   1.8653793e-04   4.5496038e-04
   1.1223213e-02  -1.0508198e-03   2.4443777e-02  -2.5967979e-04   2.2242492e-04   5.1231844e-04
  -4.1770568e-03   7.5072627e-02   2.8031629e-02   1.6894816e-04   2.1622916e-04   5.4008655e-04
  -5.5063182e-03   4.4654983e-02  -8.4824277e-03  -1.0944234e-04   2.9262846e-04   4.2406321e-04
  -1.6119424e-02   4.0597704e-02   4.1925240e-02  -8.3805021e-05   3.5484920e-04   4.8759714e-04
  -1.3487296e-02   6.2316468e-02  -6.1462645e-03   6.9449464e-05   3.2929639e-04   3.1656172e-04
  -5.7654359e-03   2.5574317e-02   1.3111056e-02  -3.6831141e-04   2.6640456e-04   4.2668413e-04
  -9.7666682e-03   6.5112533e-02  -2.8385708e-03  -1.5168221e-04   8.3273892e-05   4.2926021e-04
  -2.8947935e-03   5.4209650e-02  -8.3594094e-05  -2.2933565e-04   3.6183926e-04   2.9796480e-04
   8.6845931e-03   1.4272116e-02   2.3249223e-02  -2.4677423e-05   4.1045228e-04   2.9235198e-04
   6.2054309e-03   4.9950487e-02   1.8010338e-02  -7.4101282e-05   4.0877403e-04   3.7323387e-04
  -2.7916361e-03   5.9512393e-02  -1.4409512e-02  -1.7969658e-04   3.2388460e-04   1.3769660e-04
  -2.4972691e-03   2.9123872e-02   2.3580303e-02  -4.8190226e-04   1.8176531e-04   2.9725014e-04
   2.1448923e-03   6.2727673e-02  -4.6282720e-02  -2.4175772e-04   3.2835603e-04   3.1912234e-04
   9.7767940e-03   2.6873977e-02   1.0942480e-04  -9.8895634e-04  -9.3938378e-05   8.1326414e-05
   1.5599282e-02   5.3613235e-02   5.7423900e-02   3.5513225e-05   1.6406449e-04   7.8893264e-05
   1.8369041e-02   4.5193028e-02   5.2300300e-02  -6.7617750e-04  -1.0762489e-04   5.4121048e-04
   2.2477241e-02   3.3486044e-02   2.4914702e-03  -1.8647336e-04  -2.8284375e-04   4.4860890e-04
   1.3272288e-02   4.6161620e-02  -3.5579238e-02  -1.1158872e-03  -1.2401340e-04   3.5927120e-04
   1.3341829e-03   2.8417132e-02  -1.6817774e-02  -8.9332441e-04  -3.8742655e-04   6.0402361e-04
   1.0303856e-02   4.9616191e-02  -1.3600640e-02  -1.1553605e-03  -1.3378198e-04   4.5750956e-04
   1.1312841e-02   1.1696579e-02  -8.4738172e-03  -1.1882733e-03  -2.9704519e-04   5.7929425e-04
   1.4859248e-02   4.9008735e-02   7.9529200e-03  -4.9361476e-04  -7.3017644e-05   3.6895511e-04
   1.1761479e-02   1.1918339e-02   3.4200357e-02  -7.0726521e-04  -1.3483502e-04   4.0616956e-04
   1.6966972e-02   5.5797555e-02   1.4595241e-02  -3.2093955e-04  -2.6920806e-04   4.3441623e-04
   2.8031273e-02   1.3253307e-02  -7.8957403e-03  -6.9932975e-04  -7.4931019e-05   3.2479625e-04
   3.1963805e-02   2.2871282e-02   4.3284956e-02  -3.6844386e-04  -1.4960876e-05   4.5012870e-04
   2.2090268e-02   7.6012225e-02  -2.0788474e-02  -4.5135474e-04   1.3323129e-04   3.7310507e-04
   2.0044166e-02   2.5520780e-02  -1.5227511e-02  -5.5450845e-04   1.1395153e-04   3.5372913e-04
   1.5348727e-02   6.2655488e-02   8.9888074e-03  -3.3021980e-05   7.8963800e-05   3.5976258e-04
   2.0876958e-02   8.3271518e-02  -3.6682713e-02  -3.5059916e-04   6.1716960e-05   1.5573102e-04
   2.3116029e-02   3.9025658e-02   7.6778213e-03  -5.2571600e-04   1.2171763e-04   2.4411543e-04
   8.9665632e-03   8.0253648e-02   1.6199907e-02  -6.9936367e-05   1.8930225e-04   8.0328148e-05
   2.7782174e-02   6.9766623e-02  -4.8271575e-02  -2.0107472e-04   4.3571534e-04   7.0923696e-06
   2.9769592e-02   5.5484220e-02   2.5184794e-02  -2.9842686e-04   4.6127126e-04   6.7753737e-05
   3.0679490e-02   7.7234076e-02  -2.1277563e-02  -9.5600330e-05   7.4156616e-04   1.5259690e-04
   2.8874798e-02   7.0796632e-02   1.2994188e-02  -4.3249715e-04   5.5589472e-04   1.1142924e-04
   3.3303760e-02   4.3548749e-02  -3.8144846e-02  -3.2212215e-06   8.5108006e-04   1.5916519e-05
   3.6146065e-02   5.9730157e-02  -1.4222713e-02  -4.2479059e-04   7.4243551e-04   9.8152957e-05
   2.0385977e-02   8.2062206e-02  -3.4929020e-02  -3.9508283e-04   5.9582746e-04  -8.2716331e-05
   1.7574458e-02   6.4416596e-02  -6.0990931e-04  -3.0850745e-04   3.4766207e-04   1.2869629e-04
  -1.3883230e-02   2.1411664e-01   1.6219914e-01  -6.8671349e-04   2.0237000e-05   2.3909282e-04
   1.3035144e-03  -4.4564949e-02  -5.7637929e-03  -1.0002812e-03   1.1691930e-03  -1.0445470e-04
   3.1991335e-02   2.0660071e-02  -6.1629110e-02  -2.2814737e-04   7.6063520e-04  -4.7650305e-05
   1.9987801e-02   1.7773985e-01   6.2063710e-02  -4.6476120e-04   7.9321354e-04  -2.3744418e-04
   2.3063952e-02   4.4194911e-02  -1.5018135e-02  -1.9191847e-04   7.7548095e-04  -2.3914490e-05
   3.3234711e-03   1.3734235e-01   2.6844408e-02  -3.4734829e-04   7.9986854e-04   2.0385540e-04
   1.7472789e-02   3.8802570e-02   3.7269792e-02  -7.9015774e-05   7.4038112e-04   1.4593087e-04
   3.6797246e-02   7.8476764e-02   6.6901590e-02  -2.0919410e-04   9.4723502e-04   9.5291100e-05
   4.9144624e-02   7.0613956e-02   7.3564808e-02  -2.4597439e-04   1.1257311e-03   9.9040470e-05
   6.7394650e-02   5.6397881e-02   2.1810820e-02   9.6625700e-05   1.1329682e-03   6.9635628e-05
   7.7127995e-02   7.0515089e-02   6.4264281e-02   2.1178131e-04   1.3664210e-03   1.0557847e-04
   7.8479215e-02   8.1772479e-02   4.1671965e-03   2.2150544e-04   1.4040178e-03   7.6442306e-05
   8.8662288e-02   5.9908483e-02   5.5277850e-02   3.2350632e-04   1.5142017e-03   4.0679871e-05
   8.3884985e-02   1.1614566e-01   1.0568688e-02   8.3700865e-04   1.6522227e-03   1.9049829e-05
   5.8596934e-02   8.3334924e-02   4.3699838e-02   2.8340031e-04   1.6131340e-03  -8.9417820e-05
   7.1615447e-02   9.4847087e-02   2.3811292e-02   9.2196732e-04   1.6446555e-03  -1.3081745e-04
   6.5123073e-02   1.0642066e-01   4.4159324e-02   5.4325610e-04   1.6060307e-03  -2.9544267e-04
   7.2749113e-02   1.1230966e-01   4.6838775e-02   5.8045475e-04   1.6190330e-03  -1.6559422e-04
   6.3453662e-02   1.5483477e-01   2.0476416e-02   7.1594355e-04   1.7067641e-03  -1.5753629e-04
   5.9554587e-02   1.0241906e-01   2.4120501e-02   7.0571311e-04   1.6951847e-03  -4.8725308e-05
   5.8607281e-02   1.3748887e-01   4.4776278e-02   1.0614002e-03   1.6638700e-03  -1.3402991e-04
   6.9009829e-02   1.3077180e-01   9.4793100e-03   7.4590737e-04   1.6754450e-03  -1.6259211e-04
   5.3850586e-02   1.2113082e-01   7.1635378e-02   5.3297514e-04   1.6506721e-03  -1.6640927e-04
   5.8067215e-02   1.5377046e-01   3.1475260e-02   1.3091458e-03   1.6018521e-03  -2.8155613e-04
   6.1789090e-02   1.2440375e-01   8.2112481e-02   1.3899175e-03   1.4885859e-03  -3.9980187e-05
   6.4603474e-02   1.4421874e-01   2.0323400e-02   8.6650781e-04   1.6472607e-03  -1.1351298e-04
   5.3840850e-02   1.2394545e-01   3.6646233e-02   1.0339527e-03   1.3971275e-03  -3.4811207e-04
   5.8875360e-02   1.1953089e-01   1.6518658e-02   1.0895790e-03   1.5322810e-03  -1.9935295e-04
   6.4396750e-02   1.3639585e-01   8.0168283e-03   4.2605888e-04   1.4762609e-03  -2.7854856e-04
   6.3623161e-02   9.9183228e-02  -8.1862507e-04   1.1789959e-03   1.3557658e-03  -3.7632542e-04
   4.1144951e-02   1.6441473e-01  -3.5262771e-04   1.3483870e-03   1.4248996e-03  -6.3331656e-04
   4.5716536e-02   1.2622648e-01   3.6274172e-02   1.1353008e-03   1.4920061e-03  -5.9073463e-04
   6.6330912e-02   1.3458975e-01   5.2655586e-02   1.5815814e-03   1.5028877e-03  -6.3444304e-04
   6.2255240e-02   1.3375477e-01   2.1001774e-02   1.3538939e-03   1.4566191e-03  -7.1985581e-04
   7.7403010e-02   8.9457830e-02   5.8732889e-02   1.4271233e-03   1.4980503e-03  -5.9230751e-04
   6.5507018e-02   1.5355428e-01   5.9422803e-02   1.8530576e-03   1.6739882e-03  -7.0130118e-04
   6.3231205e-02   1.3595493e-01   4.6494499e-02   1.5418606e-03   1.6573497e-03  -7.7792905e-04
   6.1172195e-02   1.5698859e-01   8.0965857e-02   1.9330821e-03   1.6519639e-03  -7.4571330e-04
   5.7628191e-02   1.8018452e-01   6.1950283e-02   1.8794165e-03   1.7934908e-03  -7.7809869e-04
   5.8583336e-02   1.3771604e-01   7.5392868e-02   1.3912456e-03   1.8191715e-03  -7.4406890e-04
   4.4821431e-02   1.6954037e-01   6.9378732e-02   1.9767892e-03   1.6160041e-03  -7.8271363e-04
   4.6001053e-02   1.1703220e-01   7.6245235e-02   1.7898320e-03   1.6943064e-03  -8.3404060e-04
   3.2694008e-02   1.8106766e-01   9.4384912e-02   2.3150130e-03   1.6796511e-03  -9.4945315e-04
   4.7656971e-02   1.2988555e-01   8.6101294e-02   1.7805810e-03   1.7690604e-03  -9.7048090e-04
   4.9624437e-02   1.4779396e-01   1.3224248e-01   2.4947803e-03   1.7841197e-03  -1.0094638e-03
   5.7815525e-02   1.7312695e-01   8.7509060e-02   1.9719048e-03   1.7632939e-03  -1.0288766e-03
   5.4401516e-02   1.4174177e-01   1.0768183e-01   2.4648106e-03   1.6128304e-03  -8.5337722e-04
   3.1691883e-02   1.6687371e-01   8.5105170e-02   2.4593247e-03   1.7336068e-03  -9.2464246e-04
   3.4791898e-02   1.6537092e-01   1.0276115e-01   2.8885242e-03   1.6006778e-03  -8.7157104e-04
   5.9106076e-02   1.5028975e-01   1.2681728e-01   3.5990726e-03   1.5897821e-03  -5.6760210e-04
   4.8707462e-02   2.0451502e-01   4.6817490e-02   1.5574435e-03   1.4693037e-03  -8.3044619e-04
   5.5465972e-02   1.0025589e-01   7.5100649e-02   2.7550258e-03   1.4105372e-03  -7.8800839e-04
   4.4043897e-02   1.8362809e-01   8.1981049e-02   2.4643693e-03   1.4018327e-03  -5.7610450e-04
   5.8587618e-02   1.2879415e-01   4.5842837e-02   1.6187761e-03   1.5732548e-03  -5.7928850e-04
   5.5579288e-02   1.4607435e-01   7.0210452e-03   1.5893391e-03   1.5805346e-03  -9.0968080e-04
   2.9252864e-02   1.8756754e-01  -3.3112956e-02   1.7480216e-03   1.3195973e-03  -1.2129042e-03
   1.3186107e-02   1.7243213e-01   4.2469002e-02   1.9846034e-03   1.2704046e-03  -1.1021831e-03
   5.3483150e-03   2.2872800e-01   2.7679722e-02   2.3521513e-03   1.3426297e-03  -1.0802480e-03
   2.2898459e-02   1.5151231e-01   8.9117747e-02   2.1481756e-03   1.5799635e-03  -1.2341248e-03
   3.9004737e-02   1.7179843e-01   9.4685031e-02   2.9130656e-03   1.5782796e-03  -1.3380555e-03
   3.6496727e-02   1.6567311e-01   7.4236915e-02   2.3940518e-03   1.5850998e-03  -1.3056744e-03
   3.4344245e-02   1.4800315e-01   1.1015994e-01   2.3861492e-03   1.6472272e-03  -1.2939843e-03
   2.3162190e-02   1.7535844e-01   9.9772463e-02   2.6331387e-03   1.7109934e-03  -1.5051875e-03
   3.3382093e-02   1.9220648e-01   6.7153909e-02   2.4647604e-03   1.7162481e-03  -1.4974983e-03
   3.2991499e-02   1.5168358e-01   1.1459533e-01   2.4388145e-03   1.7243187e-03  -1.3527072e-03
   3.9085941e-02   1.8265267e-01   9.6170217e-02   3.1386923e-03   1.7668720e-03  -1.4912380e-03
   3.3406833e-02   1.6408622e-01   5.9954702e-02   2.1464197e-03   1.6360617e-03  -1.4990991e-03
   2.2310831e-02   1.5735390e-01   8.0259243e-02   2.4244731e-03   1.5960657e-03  -1.4883874e-03
   1.3389516e-02   2.1018898e-01   3.4178352e-02   1.9901145e-03   1.6500414e-03  -1.7476257e-03
   1.7599930e-02   1.5263501e-01   1.7456551e-02   2.1108976e-03   1.5801519e-03  -1.7325259e-03
   1.4487073e-02   1.8004802e-01   5.1513098e-02   1.9026072e-03   1.3291074e-03  -1.6632497e-03
   1.3096794e-02   2.1777191e-01   5.6666521e-02   2.9089669e-03   1.5165828e-03  -1.8299888e-03
   1.6409104e-02   1.7096202e-01   7.7735219e-02   3.0346559e-03   1.4941975e-03  -1.9552708e-03
   3.6160544e-02   1.6551410e-01   7.6856598e-02   2.7771902e-03   1.5607136e-03  -1.9128091e-03
   2.7890236e-02   2.1623814e-01   5.9009789e-02   2.6226204e-03   1.5591567e-03  -2.3693563e-03
   2.4194744e-02   1.3109380e-01   5.9432027e-02   2.4789581e-03   1.3279106e-03  -2.2273054e-03
  -1.4600002e-02   2.1128617e-01   2.5453637e-02   2.0380257e-03   1.5932280e-03  -2.2757808e-03
  -1.2510104e-02   1.4477667e-01   5.9490500e-02   2.3154291e-03   1.6863610e-03  -2.3171610e-03
  -4.9231317e-02   1.4502967e-01   8.2825617e-02   2.6988595e-03   1.1584010e-03  -3.0246431e-03
