   1.4210855e-14   0.0000000e+00  -7.1054274e-15  -1.3877788e-17  -4.3368087e-19   0.0000000e+00
  -1.1194448e-02  -1.3859654e-02  -1.3005238e-01   4.1142443e-04   9.5283170e-04  -1.9305868e-04
  -3.5143285e-02  -4.2930181e-02   3.6956664e-02  -1.6133513e-03   2.3958937e-03  -7.4908729e-04
  -5.0715055e-02  -1.2873926e-02   7.5393966e-03  -1.1687662e-03   2.4120991e-03  -1.2127119e-03
  -6.8871421e-02  -4.8342302e-02  -3.0007302e-02  -6.2202988e-04   1.4125660e-03  -1.1890854e-03
  -4.1471478e-02  -5.3112597e-02   1.1400119e-02  -1.3272718e-03   2.2314908e-03  -1.1945001e-03
  -2.8081252e-02   1.3507202e-02   1.1034837e-02  -8.7706878e-04   1.6674807e-03  -1.0725291e-03
  -1.3527494e-02  -6.4764499e-02   2.3862289e-02  -1.0409692e-03   1.4575432e-03  -9.5935562e-04
  -1.1680515e-03  -2.7257327e-02   1.9780139e-02  -7.4596806e-04   9.7673923e-04  -9.4652509e-04
   4.8385712e-03  -2.5016686e-02   3.2853673e-02  -6.7279458e-04   5.5048446e-04  -7.3363420e-04
   1.2002866e-02  -5.6976559e-02   9.4904902e-03  -7.6773086e-04   3.7763573e-04  -4.4684331e-04
   1.7550217e-02  -3.9138707e-02   1.9994012e-02  -6.4743512e-04   3.6457092e-04  -6.7838456e-04
   2.2785909e-02  -4.2490038e-02   2.2287015e-03  -1.1521127e-04   2.1692803e-04  -1.1861305e-03
   1.3851391e-02  -2.0136085e-02  -4.2521562e-02  -1.9821465e-04   2.8729609e-04  -1.6559251e-03
   1.3086752e-02  -4.2213760e-02  -9.8057285e-02  -8.0140584e-04   6.4714505e-04  -1.6023904e-03
   2.8678721e-02  -5.1528908e-02  -6.8268695e-02  -7.1573171e-04   7.4010945e-04  -1.4566108e-03
   1.9020818e-02  -1.0627908e-02  -4.2001199e-02  -1.8938722e-04   6.7890006e-04  -1.8077374e-03
   2.0796591e-02   1.1704632e-02  -2.6527152e-02  -6.7491448e-04   8.5479498e-04  -2.1172976e-03
   2.2711919e-02  -7.3416101e-02  -4.9429586e-02  -1.7773043e-04   1.1918803e-03  -1.6911080e-03
   3.7202500e-02   2.6446705e-02  -9.9532386e-02  -6.2423449e-04   8.7636630e-04  -1.3231051e-03
   4.4586726e-02  -4.9724134e-02  -8.2185090e-02  -2.5164320e-04   6.7182460e-04  -1.3449905e-03
   3.7691306e-02  -2.2742269e-02  -3.7540561e-02  -3.6326740e-04   7.8024877e-04  -1.5938908e-03
   2.7324702e-02  -1.1669425e-02  -7.0547083e-02  -3.5342661e-04   6.8290057e-04  -1.6153170e-03
   2.1107034e-02  -1.6980134e-02  -9.3115060e-02  -5.5988997e-04   3.7243139e-04  -1.6259473e-03
   2.6888005e-02  -3.5560902e-02  -3.0627855e-02  -2.7098393e-04   7.4986789e-04  -1.6126648e-03
   3.5462100e-02   4.0029900e-03  -1.4991805e-01   3.8578750e-04   1.1364404e-04  -1.6786979e-03
   2.5179733e-02   1.3453483e-02  -1.9638809e-01  -1.4146296e-03   7.1430843e-04  -1.6221132e-03
   2.7850978e-02  -1.1490956e-02  -1.4391043e-01  -1.4889519e-03   7.1590831e-04  -1.9055955e-03
   4.6355589e-02   1.0060553e-04  -2.5463552e-01  -1.6607580e-03  -2.3928281e-04  -1.8369114e-03
   5.0714861e-02   5.8979699e-03  -9.7578720e-02  -2.0746723e-03   1.0030101e-03  -1.4319170e-03
   1.5686508e-02   2.6792611e-02  -4.3057166e-02  -1.7993905e-03   1.0248921e-03  -1.5876118e-03
   3.3429569e-02  -8.5709549e-02  -8.6842925e-02  -4.1050519e-04   1.1660598e-03  -2.3958650e-03
   3.3293528e-02   2.0075774e-02  -5.4154527e-02  -6.8210365e-04   1.4259082e-03  -3.1719247e-03
   2.9485566e-02  -1.6941743e-02  -7.5571752e-02  -1.7051858e-04   1.2298682e-03  -3.2149370e-03
   2.9622170e-02  -5.9352729e-02  -8.9110034e-04  -1.0930729e-04   1.1148547e-03  -3.2394836e-03
   2.7229564e-02  -1.2235528e-02  -5.0691667e-03   1.3974885e-04   1.1087693e-03  -3.5326698e-03
   1.9302873e-02  -5.0501278e-02  -2.1738305e-03  -2.5490949e-04   9.3623051e-04  -3.5648174e-03
   1.0430656e-02  -5.1934547e-02   4.9888763e-03  -2.2152127e-04   9.8610107e-04  -3.8619900e-03
  -3.6082852e-03   9.6007584e-03  -3.4512572e-02  -8.3381834e-04   1.0888082e-03  -3.8242762e-03
  -7.6522018e-03  -6.1685785e-02   2.8061102e-02  -4.9261294e-04   1.6943655e-03  -3.7203952e-03
  -2.5301335e-02   2.8657756e-02   1.1910395e-02  -7.0773109e-04   2.4164377e-03  -3.4065399e-03
   1.1570855e-02  -7.3603226e-02  -6.3475191e-02   1.3901765e-04   6.3542301e-04  -3.4611069e-03
  -1.4307920e-02   1.0056719e-02   9.2967120e-03   4.1059904e-04   1.5435693e-03  -3.7014364e-03
   4.2630458e-03  -1.2071145e-02  -9.2032129e-02   4.1910363e-04   8.1569217e-04  -3.4036127e-03
   1.0445001e-02  -1.2850276e-02   6.7642174e-02  -7.2801359e-06   1.7719006e-03  -3.1814011e-03
   2.2876235e-02   6.0011544e-03  -4.8643542e-02   7.1662320e-05   8.8473984e-04  -3.4015592e-03
  -2.2272879e-03  -3.7165560e-02   9.5175400e-02  -1.2565773e-04   1.8882209e-03  -3.1862458e-03
  -2.6611600e-02  -1.5360038e-02  -3.5788881e-02   1.6463179e-04   1.6341646e-03  -3.4855427e-03
  -1.6917973e-02   7.0345635e-03   7.9049494e-03  -2.9100905e-04   1.5426756e-03  -3.1175271e-03
  -6.3702167e-03  -2.4519298e-02  -1.2500702e-01   8.6697447e-04   1.0694891e-03  -3.3944035e-03
  -2.8301340e-02   5.2970444e-02   1.0848858e-01  -4.3950886e-04   1.7794883e-03  -2.9275488e-03
  -7.2495849e-02  -3.2981732e-02   9.2965846e-02  -3.4473744e-04   1.4985252e-03  -1.7745456e-03
  -1.1679186e-02  -7.7254874e-02  -4.6627044e-02  -7.6265142e-04  -4.6631529e-04  -2.6405932e-03
  -1.0899509e-02   5.0169926e-02  -2.1957125e-03  -7.4295670e-04   1.1084280e-03  -2.5346539e-03
   1.0673891e-02   1.5008351e-02  -9.4398575e-02  -9.0970361e-04   9.9617652e-04  -2.7944474e-03
  -1.5789613e-02   3.5283719e-02   3.5347461e-02  -5.4227180e-05   1.7086927e-03  -2.3763863e-03
  -1.5764987e-02   1.9502467e-02  -2.0228360e-02  -7.2120931e-04   2.2758327e-03  -2.5946572e-03
  -1.1514603e-02  -2.1615361e-02   7.0006053e-02   6.4420454e-06   2.4964019e-03  -2.8148194e-03
   8.3106841e-03   2.2706701e-02  -2.7129114e-02   4.0648736e-04   2.1149157e-03  -3.0550442e-03
   6.8610403e-03  -1.8482670e-02   1.3298116e-02   4.0693817e-04   2.2621144e-03  -3.0043646e-03
   8.6258574e-04   2.9544122e-02  -1.4181943e-02   3.9843505e-04   2.4258977e-03  -3.1579764e-03
  -1.2797392e-03   9.2466237e-03  -1.7410721e-02   2.7718124e-04   2.1326789e-03  -3.2307086e-03
   3.1466914e-03  -6.2019050e-03   3.8338802e-02   3.9696220e-04   2.4940792e-03  -3.1494346e-03
   1.0937360e-02   6.1712264e-02   3.3141006e-02  -3.5474698e-04   2.8347785e-03  -2.6772579e-03
   1.9779234e-02   8.2550105e-02   1.7589102e-02  -1.2982659e-03   3.3913787e-03  -2.2026324e-03
  -4.1472131e-02   8.6888420e-02   2.9604982e-03  -1.1521402e-03   3.0960846e-03  -2.1224115e-03
   3.6410236e-03  -9.2498124e-03  -7.9369447e-02  -6.7350125e-04   1.5949326e-03  -1.9379886e-03
  -1.8750794e-02   7.0863762e-02   2.1036610e-02  -1.6473548e-04   2.2988926e-03  -2.0625841e-03
  -8.2954803e-03   9.8390960e-02   4.2336488e-02  -8.7508032e-04   2.3873872e-03  -1.5896009e-03
  -4.6238959e-02   4.2255787e-02   9.3869088e-02   1.2254597e-04   2.9382609e-03  -1.2094869e-03
   5.7272078e-03   4.4680889e-02  -4.0691932e-02  -7.1878954e-06   2.5159028e-03  -1.0654792e-03
  -3.1829784e-02   4.4846563e-02   9.2900200e-02   2.4604680e-05   3.0820097e-03  -1.1761335e-03
  -6.6793199e-03   6.2402019e-02  -1.5974245e-02   2.9515972e-05   2.3138623e-03  -1.1803219e-03
   2.2282566e-03   9.2686347e-02   8.9947519e-02  -8.7565277e-04   2.5602830e-03  -1.7050875e-03
  -2.1425679e-02   3.0657111e-02  -1.2788767e-01   3.8518969e-04   2.7502618e-03  -1.3313498e-03
  -1.1046496e-02   1.4482953e-01  -1.3569803e-01  -2.6165681e-04   2.2032093e-03  -1.6268988e-03
   9.2891844e-04   8.5113621e-02  -1.9495114e-01   9.3085743e-04   2.4086047e-03  -3.6970206e-04
  -2.8521547e-02   4.1335552e-02  -4.4723960e-02   8.0012824e-05   1.3998787e-03  -8.1572774e-04
   1.1203511e-01   5.2632819e-02  -6.9958484e-02   5.9123985e-04   3.8692306e-03   6.5264815e-04
   2.9181599e-01   1.5159709e-02  -8.0350434e-02   1.7178766e-03   2.2098684e-03   1.9135088e-03
   1.2537780e-01   3.8852558e-02  -7.4715964e-02   7.0861516e-04   4.7196372e-04  -1.5776726e-03
   1.1703276e-01   1.1845929e-01   6.8248313e-02   3.5156257e-05   1.7900660e-03  -2.7106329e-04
   5.6836444e-02   4.6113496e-03  -5.1281989e-02   1.5807046e-03   1.5575032e-03  -1.1342187e-03
   6.8462181e-02  -7.0299636e-03  -1.3903546e-01   3.0475208e-03   1.9651807e-03  -1.1298046e-03
   5.7902801e-02   7.6116366e-02  -5.4354168e-02   2.5349880e-03   1.3987322e-03  -2.4709854e-03
   9.5944521e-02   3.2748901e-02  -6.4580876e-02   2.0054260e-03   1.7127818e-03  -2.4194616e-03
   6.9538301e-02   2.7437293e-02  -7.0434063e-02   2.8569227e-03   2.0978395e-03  -2.7581382e-03
   6.2313810e-02   4.6341236e-02  -5.9382771e-02   2.4900214e-03   3.0776799e-03  -2.4737724e-03
   1.6059536e-02   3.6705686e-02  -3.3952898e-02   2.9240563e-03   2.9419185e-03  -2.1845932e-03
   3.6703676e-02   3.5660608e-02  -9.7283870e-02   2.6646840e-03   2.6356408e-03  -2.0832269e-03
   1.7589051e-02   3.1865892e-02   4.9497217e-03   2.9006212e-03   3.1135414e-03  -2.0048127e-03
  -1.5056089e-02   6.9921203e-02  -1.2670567e-01   3.2603978e-03   1.9206136e-03  -2.3942434e-03
  -9.9325381e-03  -7.1601606e-03  -1.0269644e-01   4.3287014e-03   1.4878541e-03  -3.0020493e-03
   8.4946734e-03   2.6405129e-02  -6.9168550e-02   4.3687386e-03   2.3320153e-03  -2.4876584e-03
  -7.1487013e-03   1.3110299e-02  -4.0932057e-02   3.8459542e-03   2.0331843e-03  -3.1786257e-03
  -2.3086733e-03   1.4087108e-02  -6.2328957e-02   4.5128031e-03   2.3832503e-03  -2.9832487e-03
  -1.5664201e-02   6.4148155e-02  -9.7452136e-02   3.7692626e-03   2.4773512e-03  -2.5987652e-03
   4.4731408e-03  -2.6432568e-02  -4.0811219e-02   4.1171683e-03   2.5119669e-03  -2.8030708e-03
  -6.4989590e-03   7.3383841e-02   3.8707537e-02   3.2331623e-03   2.1345091e-03  -3.1128862e-03
   3.5896113e-02  -2.2145612e-02  -2.4046404e-02   3.6931361e-03   9.1382785e-04  -3.1781650e-03
  -2.2755733e-02   1.3255984e-01   3.1831620e-01   1.2779880e-04   3.0306245e-03  -2.8444206e-03
  -2.9322237e-02  -6.3194902e-03   1.6156311e-01   1.9167431e-03   2.4567957e-03  -2.5656121e-03
   7.4790412e-04  -7.2660556e-02   2.1492216e-01   1.8972102e-03   1.7799421e-03  -2.1234310e-03
  -4.9827048e-02   2.7193553e-02  -1.6695293e-01   3.0161504e-03   1.8730230e-03  -2.6040328e-03
  -3.8762342e-02  -9.7053353e-02  -1.3135277e-01   4.9147498e-03   1.7050816e-03  -3.4188847e-03
  -3.9755059e-02   7.4022157e-02   6.3046468e-02   3.1615360e-03   2.4200597e-03  -2.8740373e-03
  -3.5480973e-02   2.9793624e-02   4.6798032e-02   4.2689331e-03   2.1225587e-03  -2.4589438e-03
  -1.0423719e-02   1.1121414e-02   6.2461052e-02   3.7017636e-03   2.7562800e-03  -2.3300486e-03
   2.3221745e-02   7.1449733e-02   4.2596912e-02   3.6791226e-03   2.7518579e-03  -2.0998948e-03
   2.3403436e-03   1.3899318e-02   9.0335136e-02   4.1187619e-03   2.8367632e-03  -2.4783140e-03
  -5.7955814e-02   1.2512905e-01   2.2981153e-01   2.7345399e-03   4.2840726e-03  -1.5535282e-03
  -6.0929677e-02   1.6141239e-02   2.1384928e-01   3.2719271e-03   3.2912647e-03  -1.6098236e-03
   2.3352579e-02  -4.0773883e-02   1.0714011e-01   4.0168363e-03   1.6793678e-03  -1.8264830e-03
  -1.7987142e-02   2.6994218e-02   1.9105263e-01   4.6794502e-03   1.8037042e-03  -2.3485740e-03
  -1.5594398e-02   4.9676068e-02   1.7274945e-01   4.5047560e-03   1.3690690e-03  -2.4934664e-03
  -3.3333031e-02   1.7371362e-02   1.5862633e-01   4.5940627e-03   1.5352595e-03  -2.0171152e-03
  -2.5380499e-02  -3.7053596e-02   1.3335881e-01   4.5259695e-03   1.7959662e-03  -1.9847342e-03
  -2.1059773e-02   2.3915146e-02   1.9601354e-01   4.1436959e-03   2.1721983e-03  -1.9968290e-03
  -1.1312517e-02  -4.6753413e-02   2.2673504e-01   3.9719420e-03   2.2731477e-03  -2.6430010e-03
  -5.0079025e-02   1.1108896e-01   3.5683454e-01   2.1858929e-03   3.5974145e-03  -2.1939741e-03
  -4.8261341e-02  -4.3083990e-02   2.4574551e-01   3.7132390e-03   3.1654155e-03  -2.2499486e-03
  -3.9266286e-02   5.4374149e-02   2.1721289e-01   2.8104758e-03   3.5637169e-03  -1.8166274e-03
  -4.3427841e-02   1.2136003e-02   2.5364836e-01   3.7261797e-03   3.0818482e-03  -2.2571905e-03
  -5.6477354e-02   8.4837469e-02   2.8979381e-01   2.3228093e-03   3.1528415e-03  -2.2713799e-03
  -1.1746439e-01   1.5727382e-01   5.8814594e-01  -9.1713958e-05   4.9446415e-03  -2.4409675e-03
  -7.3076161e-02  -9.1288121e-02   2.7656493e-01   3.0463395e-03   3.0547763e-03  -2.4486323e-03
  -4.6473175e-02  -6.1357898e-02   1.7978560e-01   3.8388944e-03   2.0833073e-03  -2.2507889e-03
  -2.6727680e-02  -4.9733637e-03   3.2614350e-01   2.6245631e-03   2.8867695e-03  -2.2404732e-03
  -6.4468781e-02   7.0026519e-02   3.3986711e-01   1.0998325e-03   3.1188308e-03  -2.1978740e-03
