   0.0000000e+00   0.0000000e+00   7.1054274e-15   0.0000000e+00   0.0000000e+00   0.0000000e+00
  -4.9793328e-03   3.4403409e-02  -3.1289473e-01   2.6436275e-03  -4.9111596e-04   1.0233273e-04
   3.0895915e-01  -1.3091756e+00   2.9035093e+00   2.3829147e-02  -4.4669710e-04  -4.6420607e-03
   4.4566006e-01  -8.3065529e-01   3.3951160e+00   2.1555495e-02   4.2959621e-03  -5.1329012e-03
   3.7103239e-01  -6.5382216e-01   1.8904328e+00   1.6625725e-02   4.6473612e-03  -2.9733949e-03
   4.4564502e-01  -6.2324793e-01   2.3963780e+00   1.9759144e-02   5.8153646e-03  -3.5632916e-03
   5.0355696e-01  -5.4527822e-01   2.0936213e+00   1.9003720e-02   6.4158543e-03  -2.9846403e-03
   5.4138112e-01  -6.6082698e-01   2.1900917e+00   2.0888640e-02   5.9526484e-03  -1.8087194e-03
   5.3833065e-01  -6.4596199e-01   2.0944946e+00   2.1932199e-02   5.7803640e-03  -2.5022160e-03
   5.2482759e-01  -5.9360957e-01   2.2008116e+00   2.1754255e-02   5.2234248e-03  -2.0612021e-03
   5.5137844e-01  -5.9876093e-01   2.1547078e+00   2.3226991e-02   4.5754043e-03  -2.1539659e-03
   5.5683976e-01  -5.9365856e-01   2.3203602e+00   2.3024862e-02   4.4819636e-03  -3.8950595e-03
   5.6037953e-01  -5.7554972e-01   2.1231272e+00   2.1826767e-02   4.1486812e-03  -3.1930887e-03
   5.5113085e-01  -5.8825106e-01   2.3186498e+00   2.1129961e-02   3.3124541e-03  -3.2402799e-03
   5.4928893e-01  -5.2994299e-01   2.1385562e+00   2.3206093e-02   3.6047597e-03  -2.7782979e-03
   5.1712029e-01  -7.5539537e-01   2.6950821e+00   2.3863679e-02   2.2525177e-03  -4.7047940e-03
   5.7720867e-01  -8.3863910e-01   2.9691557e+00   2.6511915e-02   2.9364559e-03  -7.2326058e-03
   6.2109795e-01  -7.7781586e-01   2.9719406e+00   2.6673584e-02   4.3527164e-03  -6.3978011e-03
   6.0931964e-01  -8.5713155e-01   2.9195423e+00   2.7154614e-02   4.7521044e-03  -6.3053519e-03
   5.8829766e-01  -8.1625033e-01   2.9862477e+00   2.6645825e-02   3.6829676e-03  -5.9835547e-03
   5.3479100e-01  -7.9489552e-01   2.9051696e+00   2.4733312e-02   2.0658202e-03  -5.9929304e-03
   4.8845791e-01  -7.6798464e-01   2.7787044e+00   1.9374390e-02   1.4085395e-03  -4.2157463e-03
   4.4762789e-01  -7.7453305e-01   2.5715523e+00   1.5907260e-02  -6.8681758e-05  -3.4354405e-03
   5.0425316e-01  -6.6633832e-01   2.6633193e+00   1.6035144e-02   1.8737649e-03  -4.3071573e-03
   5.6424640e-01  -8.4586068e-01   2.5641771e+00   2.2232517e-02   2.3181540e-03  -5.1686041e-03
   5.5301431e-01  -8.3332630e-01   2.7162556e+00   2.0955867e-02   5.5571919e-04  -6.9074349e-03
   4.8733409e-01  -4.5509664e-01   3.2216655e+00   8.1392265e-03  -9.4713463e-05  -5.6843595e-03
   4.0932506e-01  -6.7644000e-01   3.3374041e+00   8.3306481e-03   1.2347906e-03  -6.0800137e-03
   4.3914552e-01  -7.1925601e-01   3.2821113e+00   7.0527066e-03   2.2499768e-03  -6.4112987e-03
   4.8148029e-01  -7.4153036e-01   3.2707597e+00   7.9339874e-03   3.0921058e-03  -7.2437409e-03
   5.0841007e-01  -7.1558463e-01   3.1847126e+00   6.4755391e-03   3.8377638e-03  -7.3575977e-03
   4.5812063e-01  -7.2511740e-01   3.2100645e+00   7.6181888e-03   3.8773040e-03  -6.4297163e-03
   4.6886757e-01  -7.0869018e-01   3.1562027e+00   6.8451803e-03   3.3761418e-03  -6.3179255e-03
   5.0394998e-01  -7.2386624e-01   3.2438204e+00   7.9982819e-03   3.9976461e-03  -6.4122882e-03
   5.1766791e-01  -7.1955380e-01   3.1559694e+00   7.1197088e-03   4.0234653e-03  -6.7170422e-03
   5.4080715e-01  -7.1838438e-01   3.4072619e+00   1.2012716e-02   4.3438367e-03  -7.7514120e-03
   5.3118158e-01  -5.5935263e-01   2.9945261e+00   1.4018391e-02   5.1405222e-03  -8.0959358e-03
   5.6117825e-01  -4.4843221e-01   2.3923407e+00   1.6628342e-02   5.2580494e-03  -8.6697365e-03
   5.5692536e-01  -5.0029051e-01   2.5108269e+00   1.8309155e-02   5.0953915e-03  -8.5434014e-03
   5.9361765e-01  -4.9245498e-01   2.4871433e+00   1.8438857e-02   5.4580064e-03  -8.4990137e-03
   6.1288751e-01  -5.2039240e-01   2.5374134e+00   1.9474886e-02   5.4995325e-03  -9.0119160e-03
   6.2760071e-01  -5.1799905e-01   2.5440813e+00   1.8582932e-02   5.6134165e-03  -9.2410794e-03
   6.2846100e-01  -4.9113635e-01   2.5992999e+00   1.8132467e-02   5.5003385e-03  -9.6586235e-03
   6.7216324e-01  -5.3650765e-01   2.6125395e+00   2.0277210e-02   6.1309158e-03  -9.8318207e-03
   6.9248144e-01  -5.0985092e-01   2.6798255e+00   2.0352655e-02   6.2482512e-03  -9.9754427e-03
   7.2080011e-01  -4.7562803e-01   2.7320996e+00   1.8910048e-02   5.8669691e-03  -9.9620113e-03
   7.5257911e-01  -5.1273555e-01   2.7507200e+00   2.0102473e-02   6.7191217e-03  -1.0427322e-02
   7.7455747e-01  -4.9067298e-01   2.7681316e+00   2.0974732e-02   7.0300400e-03  -1.0544179e-02
   7.9205164e-01  -4.9726333e-01   2.7066461e+00   2.1003207e-02   7.0018506e-03  -1.0278767e-02
   7.8464869e-01  -5.1267687e-01   2.7981086e+00   2.1288274e-02   7.2459862e-03  -1.0145942e-02
   7.5781196e-01  -4.7128239e-01   2.7353251e+00   2.1882013e-02   7.2267781e-03  -9.9119199e-03
   7.6955788e-01  -4.9877216e-01   2.7304390e+00   2.1136882e-02   7.4281427e-03  -9.9527285e-03
   7.5743811e-01  -4.3687110e-01   2.6278046e+00   2.2934125e-02   7.3807808e-03  -9.3216998e-03
   7.5767638e-01  -4.5294209e-01   2.3033714e+00   2.9266305e-02   7.3391134e-03  -1.0526641e-02
   6.9994522e-01  -4.3062453e-01   2.0042626e+00   3.1109341e-02   8.3251353e-03  -1.0613675e-02
   7.6077711e-01  -4.1198925e-01   1.8724154e+00   3.2415482e-02   9.0293995e-03  -1.0382500e-02
   7.5496391e-01  -3.6566200e-01   1.9006235e+00   3.3162923e-02   8.6783884e-03  -1.0336171e-02
   7.6965519e-01  -3.5518403e-01   1.8636299e+00   3.4104444e-02   8.9058907e-03  -1.0471741e-02
   7.8772471e-01  -3.3910128e-01   1.9277718e+00   3.4009910e-02   9.2412335e-03  -1.0825479e-02
   8.0095178e-01  -4.2199850e-01   1.8867583e+00   3.4007825e-02   9.7885393e-03  -1.0568100e-02
   8.3414131e-01  -3.5777049e-01   1.9553728e+00   3.3930365e-02   9.1557410e-03  -1.0932110e-02
   8.4937063e-01  -4.0285650e-01   1.7368987e+00   3.4083878e-02   8.8786261e-03  -1.1052931e-02
   8.3373217e-01  -3.7548853e-01   2.2084842e+00   3.5975362e-02   8.7680282e-03  -1.1413716e-02
   7.4439655e-01  -3.0506725e-01   2.0302101e+00   3.7844509e-02   8.6394304e-03  -1.0721494e-02
   7.4433487e-01  -5.2604655e-01   1.6812653e+00   3.9692537e-02   8.7794586e-03  -1.0550926e-02
   7.0969802e-01  -1.6728856e-01   2.3674047e+00   3.3224981e-02   8.0253135e-03  -1.0263927e-02
   7.9411482e-01  -2.9179220e-01   2.2561942e+00   3.3858059e-02   8.4154378e-03  -1.0789924e-02
   8.5274856e-01  -3.5919795e-01   2.3480275e+00   3.2755440e-02   8.2357619e-03  -1.0897900e-02
   8.4525078e-01  -3.5626056e-01   2.1971642e+00   3.3504672e-02   8.6036105e-03  -1.0657097e-02
   8.7931167e-01  -4.4728072e-01   2.1534513e+00   3.4655020e-02   8.3584010e-03  -1.0530043e-02
   8.8598565e-01  -3.4925038e-01   2.1332927e+00   3.5631087e-02   8.5709496e-03  -1.0554050e-02
   8.8974168e-01  -3.8717992e-01   2.1633352e+00   3.3639774e-02   7.5196042e-03  -1.0442358e-02
   8.7019714e-01  -3.6487066e-01   2.1920748e+00   3.2629097e-02   7.2705804e-03  -1.0029913e-02
   8.7306500e-01  -3.5881957e-01   2.2283711e+00   3.3781161e-02   8.1069610e-03  -1.0254540e-02
   7.9616304e-01  -3.6074039e-01   2.2268166e+00   3.1697596e-02   7.8431226e-03  -9.3089773e-03
   8.1731680e-01  -3.5237300e-01   2.6781179e+00   2.9460893e-02   7.9312177e-03  -7.9594468e-03
   7.7417859e-01  -3.0012650e-01   1.6061523e+00   3.2565307e-02   8.2847861e-03  -7.9542082e-03
   5.7871386e-01  -1.5176609e-01   2.7414111e+00   1.4091421e-02   7.5246810e-03  -6.3899276e-03
   6.3456644e-01  -3.5316273e-01   3.2910341e+00   1.5341512e-02   6.0336463e-03  -7.5909636e-03
   6.2029032e-01  -3.5650880e-01   3.1058651e+00   1.6559390e-02   6.5002420e-03  -7.1603027e-03
   6.3725166e-01  -4.4799264e-01   3.3106147e+00   1.5571457e-02   7.4853183e-03  -7.7061770e-03
   6.3951656e-01  -3.9475902e-01   3.3112218e+00   1.5989044e-02   6.4819934e-03  -7.2301707e-03
   6.5371095e-01  -4.6128885e-01   3.4155821e+00   1.7732351e-02   6.6003437e-03  -7.1493938e-03
   6.6398848e-01  -4.4238345e-01   3.3510637e+00   1.5195154e-02   8.5726544e-03  -7.8918443e-03
   6.5694235e-01  -3.5147777e-01   3.3282763e+00   1.3667869e-02   7.4298549e-03  -8.3786314e-03
   6.4493160e-01  -4.8855994e-01   3.2618540e+00   1.3178617e-02   7.0129860e-03  -7.6219609e-03
   6.3412795e-01  -4.8145697e-01   3.2992326e+00   1.3832836e-02   7.3464245e-03  -7.2548023e-03
   6.5597116e-01  -4.4450967e-01   3.2758406e+00   1.4025686e-02   7.8158009e-03  -7.3753881e-03
   6.7601167e-01  -4.1842836e-01   3.3551626e+00   1.4417541e-02   7.7502898e-03  -7.2926164e-03
   6.9167044e-01  -4.5776076e-01   3.3317694e+00   1.4266285e-02   8.3883637e-03  -7.3551293e-03
   6.4609316e-01  -4.6424309e-01   3.4390652e+00   1.4839375e-02   8.0067979e-03  -7.2445483e-03
   5.8082118e-01  -4.7128345e-01   3.6756499e+00   1.5300953e-02   7.7258675e-03  -6.8442182e-03
   6.8981557e-01  -4.7032804e-01   3.6753322e+00   1.5617783e-02   8.1599290e-03  -7.9827397e-03
   6.8946905e-01  -4.3239748e-01   3.6757036e+00   1.5248232e-02   8.1772794e-03  -8.2832292e-03
   7.4126416e-01  -4.2521177e-01   3.6010065e+00   1.5091340e-02   8.5053364e-03  -8.9492933e-03
   7.3626980e-01  -4.1360541e-01   3.6219755e+00   1.4190308e-02   8.4438856e-03  -8.8669286e-03
   7.8250876e-01  -4.6535771e-01   3.5444585e+00   1.3518717e-02   8.6277363e-03  -9.3718156e-03
   7.6783776e-01  -3.8095493e-01   3.5702613e+00   1.3653771e-02   8.3202019e-03  -9.9216772e-03
   7.2088975e-01  -4.4943793e-01   2.9302579e+00   1.5948988e-02   7.9540314e-03  -9.7930148e-03
   6.6501747e-01  -4.9183563e-01   2.7306665e+00   1.9537319e-02   7.9739088e-03  -1.0778616e-02
   6.1379146e-01  -2.9491001e-01   3.2458744e+00   1.6708078e-02   8.8782386e-03  -8.6325540e-03
   5.4821911e-01  -4.0453571e-01   2.4372119e+00   1.6855689e-02   8.5605219e-03  -7.7863853e-03
   5.4432772e-01  -4.0351053e-01   1.8796285e+00   1.8970915e-02   8.8548585e-03  -6.8930865e-03
   5.8484669e-01  -2.1576153e-01   1.9048745e+00   2.0730462e-02   9.7228580e-03  -7.8001152e-03
   5.6049620e-01  -2.8911285e-01   1.9652885e+00   2.2974135e-02   9.6512559e-03  -7.0463421e-03
   5.8666968e-01  -2.4388303e-01   2.0133201e+00   2.4711597e-02   9.8414698e-03  -7.9134566e-03
   6.0149873e-01  -2.2580687e-01   2.0571234e+00   2.5660363e-02   1.0238715e-02  -8.0925837e-03
   5.8187984e-01  -2.2525632e-01   2.0748335e+00   2.6484507e-02   1.0395451e-02  -8.6842607e-03
   5.9413348e-01  -1.9789245e-01   2.0367202e+00   2.6472887e-02   1.0195710e-02  -8.7558792e-03
   6.0599568e-01  -2.6415245e-01   1.9058054e+00   2.6415712e-02   9.7762035e-03  -8.4667861e-03
   6.1065494e-01  -2.1932431e-01   1.9858479e+00   2.6182349e-02   9.5653250e-03  -8.4524233e-03
   6.3782486e-01  -1.8360932e-01   1.9490564e+00   2.7642230e-02   9.3850298e-03  -8.8931118e-03
   6.2762316e-01  -2.1330971e-01   2.0400956e+00   2.7986838e-02   9.3907922e-03  -8.8656568e-03
   6.5165028e-01  -1.9954408e-01   1.9664549e+00   2.8576454e-02   9.2957045e-03  -9.4035383e-03
   6.0914100e-01  -1.3779792e-01   2.3276375e+00   2.7863545e-02   9.1729759e-03  -9.2942977e-03
   5.6989617e-01  -1.2881780e-01   2.5069769e+00   2.8009706e-02   9.2352584e-03  -9.4313845e-03
   6.4789800e-01  -1.9865343e-01   2.1920639e+00   2.5991087e-02   8.8613153e-03  -9.5424262e-03
   6.1524753e-01  -1.5762690e-01   2.1342450e+00   2.5217318e-02   7.6662924e-03  -9.4866453e-03
   5.5865152e-01  -2.3118279e-01   2.1649540e+00   2.4501365e-02   7.8305605e-03  -8.5202670e-03
   6.4373127e-01  -1.5529303e-01   1.9592802e+00   2.1457833e-02   6.2716931e-03  -9.3178689e-03
   7.5189416e-01  -2.8876799e-01   2.0561663e+00   2.7524518e-02   3.8877727e-03  -1.2551060e-02
   5.1400668e-01  -2.1022379e-01   2.2398288e+00   2.8451016e-02   5.9983240e-03  -1.1002719e-02
   5.4071929e-01  -1.3336018e-01   2.2089768e+00   2.9186957e-02   6.5626874e-03  -1.1635045e-02
   5.2776973e-01  -2.3227714e-01   2.1944939e+00   2.9491724e-02   6.6182334e-03  -1.1720366e-02
   5.5711810e-01  -2.1218118e-01   2.2432565e+00   2.9301818e-02   6.7768021e-03  -1.1834995e-02
   5.4095761e-01  -1.8431081e-01   2.2639709e+00   2.8833759e-02   7.2720313e-03  -1.1349541e-02
   5.6632703e-01  -2.4089941e-01   2.2836703e+00   2.8867099e-02   6.4425705e-03  -1.1402012e-02
   5.5765888e-01  -2.3279065e-01   2.2650784e+00   2.8309489e-02   6.6124016e-03  -1.1425068e-02
   5.4258602e-01  -2.1531019e-01   2.2906249e+00   2.7912050e-02   6.6755105e-03  -1.1616154e-02
