   0.0000000e+00   0.0000000e+00   0.0000000e+00   0.0000000e+00   0.0000000e+00   0.0000000e+00
   1.9872300e-03  -6.8865677e-02  -9.4022040e-02   1.3778339e-03  -1.1600828e-03   9.3919786e-04
   1.8054798e-02   3.1346487e-02  -8.7784057e-03   9.9121198e-05  -1.5999728e-03   7.0526389e-04
   1.2413486e-02   1.4682006e-02   4.2004875e-02  -8.2996651e-04  -1.3920875e-03   7.6728672e-04
   1.1468712e-02  -1.5483784e-02   3.6857636e-02  -1.3630819e-03  -1.1874987e-03   5.0162303e-04
   1.5863161e-02  -4.5757587e-02   9.3737898e-02  -1.3169040e-03  -1.3381950e-03   5.5121096e-04
   6.8114734e-02  -7.1893653e-02   1.7090022e-01  -2.2192107e-03  -2.1065234e-03   5.7863409e-04
   9.7437858e-02  -2.1774015e-02   2.0452072e-01  -3.2917808e-03  -3.1921997e-03   2.2514153e-04
   1.1699722e-01  -4.3520172e-02   2.4316163e-01  -3.4530538e-03  -3.7992692e-03   4.8653855e-04
   1.2854894e-01  -7.0131697e-02   2.9307408e-01  -3.3243770e-03  -3.9835589e-03   4.6207285e-04
   1.2154805e-01  -5.9059115e-02   3.2115232e-01  -3.7080453e-03  -4.9529099e-03  -2.0249021e-04
   1.2172367e-01  -1.9950888e-02   3.0077130e-01  -4.1352922e-03  -5.2051164e-03  -4.6867111e-04
   9.9744302e-02  -5.7878824e-02   2.4876609e-01  -4.8904600e-03  -5.4336088e-03  -7.0824313e-04
   9.7520197e-02  -4.9267102e-02   2.8191069e-01  -4.6905965e-03  -5.6821480e-03  -8.1561942e-04
   9.5317841e-02  -3.6200637e-02   2.9628139e-01  -4.6112490e-03  -6.1875000e-03  -1.0630993e-03
   9.1244679e-02  -3.9293722e-02   2.9688929e-01  -4.8689481e-03  -6.0454477e-03  -1.1499870e-03
   9.0602727e-02  -7.0925132e-02   3.3103907e-01  -4.8890450e-03  -6.9524650e-03  -1.4597286e-03
   9.6944699e-02  -5.1878369e-02   4.0013452e-01  -4.8824477e-03  -7.1170642e-03  -1.5203963e-03
   9.4448118e-02  -3.3840286e-02   4.4167410e-01  -5.2240941e-03  -7.6321556e-03  -1.5365225e-03
   9.3033636e-02  -4.7914339e-02   4.3556331e-01  -4.9588643e-03  -7.9172054e-03  -1.4868894e-03
   7.9486901e-02  -5.5863069e-02   4.6133187e-01  -5.1658418e-03  -8.0980833e-03  -1.5328751e-03
   7.1263994e-02  -5.1711195e-02   4.7382092e-01  -5.2204055e-03  -7.7598115e-03  -1.6314576e-03
   6.7323928e-02  -3.5755375e-02   4.8797941e-01  -5.2027484e-03  -7.5103492e-03  -1.6671607e-03
   7.1831115e-02  -2.4931257e-02   4.5992857e-01  -5.6718694e-03  -7.8774505e-03  -1.7308377e-03
   5.9738581e-02  -4.7876782e-02   5.0100932e-01  -5.0020119e-03  -8.1331049e-03  -1.7997005e-03
   1.5218021e-02  -3.4746776e-02   5.3082956e-01  -2.6956194e-03  -7.0904945e-03  -1.8392354e-03
   2.4174079e-02  -1.3264830e-02   4.9992653e-01  -3.1618261e-03  -6.8836306e-03  -1.6309401e-03
   2.1156825e-02  -3.4570439e-02   4.3104001e-01  -4.3548311e-03  -6.2394240e-03  -1.1621004e-03
   2.8584165e-02  -4.6592142e-02   4.8469298e-01  -4.0299795e-03  -6.3814914e-03  -1.1002851e-03
   9.8910631e-03  -3.5838127e-02   4.5881327e-01  -4.4107145e-03  -6.0639316e-03  -1.3690739e-03
   2.5685616e-02  -6.5487622e-02   4.7072952e-01  -3.6735074e-03  -6.3893993e-03  -1.5350148e-03
   7.3080590e-02  -7.3007363e-02   4.3595521e-01  -2.2604103e-03  -7.6536531e-03  -1.7779487e-03
   4.9119165e-02  -1.4225944e-02   3.2301508e-01  -7.5891555e-03  -7.8326416e-03  -2.2098949e-03
   5.2433568e-02  -2.2357030e-02   3.6539672e-01  -6.5340825e-03  -7.9757353e-03  -2.1457350e-03
   4.9037661e-02  -2.2023613e-02   4.3695159e-01  -6.3223101e-03  -8.3812126e-03  -2.2674458e-03
   5.5566346e-02  -2.1346354e-02   4.9362231e-01  -5.5537927e-03  -8.7733124e-03  -1.8310700e-03
   5.4621543e-02  -1.2855096e-02   4.4956283e-01  -6.2786213e-03  -8.7151151e-03  -2.2137791e-03
   6.5051334e-02  -1.0807948e-02   4.3651515e-01  -6.3397937e-03  -8.5415936e-03  -1.2652880e-03
   7.2511253e-02  -2.1526509e-02   4.3204580e-01  -7.1621056e-03  -8.2523396e-03  -5.1203517e-04
   6.7896084e-02  -4.6133887e-02   5.2062694e-01  -6.6424366e-03  -8.8058235e-03  -1.4388117e-03
   5.9960887e-02  -2.6273980e-02   5.1021657e-01  -7.1379067e-03  -8.8565734e-03  -1.5973288e-03
   5.3786853e-02  -1.9337051e-02   5.2812442e-01  -6.5469031e-03  -9.0647761e-03  -1.8494612e-03
   5.9210794e-02  -2.8266348e-02   5.4054941e-01  -7.0088718e-03  -9.2178617e-03  -1.7723169e-03
   6.2026276e-02  -3.9735948e-02   5.5460214e-01  -6.5282410e-03  -9.1209255e-03  -1.8913801e-03
   5.7542129e-02  -1.8910678e-03   5.4335098e-01  -6.9826723e-03  -9.0526693e-03  -1.7475258e-03
   6.1277139e-02  -1.9740101e-02   5.4183064e-01  -6.2612505e-03  -9.3354599e-03  -1.8153120e-03
   5.7157044e-02  -1.8811106e-02   5.3644119e-01  -7.0183087e-03  -9.2526394e-03  -1.8606834e-03
   5.3734530e-02  -4.4916955e-02   5.3878708e-01  -6.0478134e-03  -8.7295105e-03  -1.9395293e-03
   4.8871613e-02  -7.0242803e-03   5.1972602e-01  -7.3911939e-03  -8.3174346e-03  -2.0550208e-03
   5.2321673e-02  -3.6360957e-02   4.9631260e-01  -6.1036919e-03  -8.5318681e-03  -1.9291340e-03
   4.8038786e-02   1.0247192e-02   4.6843673e-01  -7.5101846e-03  -8.1573001e-03  -1.9193963e-03
   2.5638644e-02  -6.3522003e-02   3.5152987e-01  -9.5751102e-04  -7.7042263e-03  -6.7624994e-04
   3.6258974e-02   3.5880001e-02   4.6724154e-01   3.1900889e-03  -7.5023921e-03  -9.0761028e-04
   1.6552723e-02   6.2435258e-02   5.0887378e-01  -1.4528874e-03  -7.5124549e-03  -1.3503089e-03
   1.1584638e-02   4.8942899e-02   4.8744893e-01  -1.1790812e-03  -7.0493923e-03  -1.6416331e-03
   2.0172824e-02  -1.1479621e-02   4.6794802e-01  -3.0356962e-03  -7.5133216e-03  -1.4991464e-03
   2.7871733e-02   7.6490217e-03   5.0215294e-01  -2.9188058e-03  -7.9309743e-03  -1.9868177e-03
   2.4862082e-02   6.6168633e-02   4.7204707e-01  -3.9532245e-03  -8.2409707e-03  -1.8038711e-03
   4.0292822e-02  -1.0452544e-02   4.7293299e-01  -3.8267498e-03  -8.6277761e-03  -2.0480416e-03
   5.7027848e-02   1.1848756e-03   5.5451759e-01  -3.9382893e-03  -9.0932946e-03  -1.7858400e-03
   8.1926346e-02  -8.8181671e-03   5.5123414e-01  -3.8489659e-03  -8.9889488e-03  -1.6521725e-03
   5.5006010e-02   5.4254158e-03   5.5968770e-01  -3.8543165e-03  -8.6243062e-03  -1.6542292e-03
   5.7656415e-02  -1.4343899e-02   5.3774923e-01  -3.8116787e-03  -8.3977589e-03  -1.6093425e-03
   6.1656883e-02  -2.1179770e-02   5.5225685e-01  -4.2105543e-03  -8.4892834e-03  -1.2294348e-03
   6.0130290e-02  -1.6231578e-02   5.3355772e-01  -3.9723958e-03  -8.3792825e-03  -1.2961072e-03
   8.2713411e-02   2.5503548e-03   5.6574462e-01  -3.9736318e-03  -8.7211842e-03  -1.3984930e-03
   8.1814877e-02   2.2223895e-02   5.6372479e-01  -4.1214464e-03  -8.2683936e-03  -1.3932408e-03
   9.3438077e-02  -1.4955159e-03   5.5448655e-01  -4.1777557e-03  -8.6642505e-03  -1.3167611e-03
   8.5458986e-02  -2.3236647e-03   5.3295489e-01  -4.1926487e-03  -8.0021471e-03  -1.4264692e-03
   8.2939904e-02  -1.8121760e-03   5.5326358e-01  -4.1145905e-03  -8.2586228e-03  -1.3139529e-03
   8.4969987e-02   3.5528688e-02   5.3663406e-01  -4.3249823e-03  -7.6769119e-03  -1.8394489e-03
   1.0609941e-01   6.8896204e-02   5.2110832e-01  -4.9625616e-03  -7.0882849e-03  -2.8150827e-03
   9.3777283e-02   1.3153425e-02   4.8939431e-01  -5.2788560e-03  -7.5181064e-03  -2.1684926e-03
   8.5170209e-02   1.3127944e-02   5.2498700e-01  -4.6613520e-03  -7.7963364e-03  -2.0493917e-03
   6.1389286e-02   4.6281113e-02   5.3488269e-01  -4.7424304e-03  -7.6340908e-03  -2.1312815e-03
   4.1353067e-02   5.1585523e-02   4.3180319e-01  -2.0856990e-03  -6.6806274e-03  -1.6454741e-03
   3.8351150e-02   3.0511793e-02   2.2922015e-01   1.1493650e-03  -5.3916262e-03  -1.8688974e-03
   1.3667550e-02   9.3636546e-02   2.5293774e-01   2.0486221e-04  -4.3415442e-03  -1.3278488e-03
   1.5340405e-02   2.0843658e-02   2.4367673e-01   2.5009693e-03  -5.1279334e-03  -1.5083400e-03
   1.4520103e-02   8.8381287e-02   1.8376096e-01  -1.4018431e-03  -4.4821610e-03  -1.6541566e-03
   1.2750952e-02   4.7922305e-02   2.7642589e-01  -1.0698389e-03  -4.9638266e-03  -1.4683238e-03
   2.7432203e-02   9.1939718e-02   2.8794672e-01  -1.6887181e-03  -5.2125063e-03  -1.6697414e-03
   5.0427935e-02   9.7678060e-02   2.9665090e-01  -1.2381868e-03  -5.5241845e-03  -1.7006246e-03
   4.7292626e-02   7.2689923e-02   2.5880788e-01  -1.9241785e-03  -5.3904215e-03  -1.6053242e-03
   4.0741713e-02   6.2518714e-02   3.0821997e-01  -1.1036302e-03  -5.5599699e-03  -1.4771615e-03
   4.2764733e-02   7.9856911e-02   3.1861128e-01  -1.2263747e-03  -5.4678358e-03  -1.4777888e-03
   4.8612401e-02   1.0136538e-01   3.1643357e-01  -9.1189570e-04  -5.3300946e-03  -1.3990741e-03
   4.1341535e-02   9.0984322e-02   2.8124565e-01  -1.3921757e-03  -5.2678508e-03  -1.2582877e-03
   2.0882314e-02   1.0686401e-01   4.6485723e-01   5.0630173e-03  -5.3712956e-03  -5.5107052e-04
   3.0605792e-02   1.0677677e-01   4.6229796e-01   2.7433543e-03  -5.1569618e-03  -7.5216666e-04
   3.2566518e-02   1.2941299e-01   4.3718341e-01   1.6041123e-03  -5.2788528e-03  -6.9642525e-04
   3.5039275e-02   1.1426962e-01   4.1181795e-01   1.1212452e-03  -5.2019146e-03  -8.0804753e-04
   3.4608771e-02   9.6246342e-02   4.0055596e-01   1.0693557e-03  -5.3047272e-03  -9.4288294e-04
   2.7578670e-02   8.5847690e-02   4.4636704e-01   1.2982560e-03  -4.9586134e-03  -8.8298117e-04
   3.9486385e-02   9.5269283e-02   4.6967744e-01   1.4198897e-03  -5.0020731e-03  -7.9740780e-04
   1.8881741e-02   1.0099856e-01   4.5542647e-01   1.4283254e-03  -4.7127078e-03  -8.6327483e-04
   2.2909804e-02   9.0324517e-02   4.3850833e-01   8.8373928e-04  -4.6117809e-03  -7.6741466e-04
   1.8035156e-02   9.6923986e-02   4.6357720e-01   1.0799693e-03  -4.5783407e-03  -7.7941354e-04
   2.3271900e-02   9.8424930e-02   4.6577063e-01   1.3288413e-03  -4.6886771e-03  -7.5717049e-04
   1.7667543e-02   1.0057664e-01   4.3614931e-01   1.0276460e-03  -4.5983217e-03  -7.7094800e-04
   1.1330421e-02   8.9988697e-02   4.3375644e-01   7.7930623e-04  -4.2893350e-03  -6.4077003e-04
   1.9416830e-02   1.0863206e-01   4.5936149e-01   7.1346092e-04  -4.4234356e-03  -8.3837126e-04
   3.0271549e-02   1.1424826e-01   3.9408263e-01   5.0365601e-04  -4.6094582e-03  -9.4714425e-04
   3.6263268e-02   8.9831548e-02   3.9791354e-01   3.9909552e-04  -4.6264609e-03  -8.6842241e-04
   2.4392704e-02   7.0386095e-02   4.0207715e-01   4.2548541e-04  -4.7889774e-03  -1.0521956e-03
   2.4982496e-02   9.4051688e-02   3.9129630e-01   5.3566193e-04  -4.9972410e-03  -1.3063758e-03
   2.5588042e-02   1.3096653e-01   3.8960212e-01   9.3666358e-04  -4.7043440e-03  -1.3180284e-03
   2.6799035e-02   1.2331931e-01   3.9360527e-01   9.1467406e-04  -4.9008967e-03  -1.2864857e-03
   1.7359565e-02   1.0909788e-01   4.0137983e-01   9.3146312e-04  -4.8697344e-03  -1.3203302e-03
   1.4089880e-02   1.0253092e-01   4.0701965e-01   1.0746747e-03  -4.5837737e-03  -1.4310981e-03
   2.4794321e-02   1.0404155e-01   4.0200744e-01   7.7389508e-04  -4.4918605e-03  -1.3875562e-03
   2.8738462e-02   1.3463589e-01   3.7447775e-01   8.6553154e-04  -4.3232611e-03  -1.4179679e-03
   1.4787703e-02   1.1503614e-01   4.0846370e-01   1.0906604e-03  -4.2973356e-03  -1.1339213e-03
   1.9980168e-02   1.0364801e-01   4.2086554e-01   7.9954105e-04  -4.2398610e-03  -1.1261738e-03
   5.9042078e-03   9.3237328e-02   4.1364856e-01   9.5541978e-04  -4.1066949e-03  -1.1908551e-03
   1.6795672e-02   1.1525383e-01   3.7688015e-01   6.0880781e-04  -4.1589957e-03  -1.3151221e-03
   1.0324580e-02   1.3367999e-01   3.3487260e-01   6.7113618e-04  -3.8873467e-03  -1.2552815e-03
   5.5814543e-03   1.2110737e-01   3.5454189e-01   5.6144295e-04  -3.6851897e-03  -1.1744655e-03
   1.2893188e-03   1.2027854e-01   3.8726089e-01   1.0155905e-03  -3.6659833e-03  -1.2450322e-03
   3.3089539e-03   1.4139833e-01   3.6055168e-01   9.9714853e-04  -3.8071892e-03  -1.3890359e-03
   5.8854235e-03   1.3009028e-01   3.6356923e-01   1.2586607e-03  -3.8472005e-03  -1.2258482e-03
  -7.3545777e-03   1.1399634e-01   3.6024666e-01   1.0679442e-03  -3.7233572e-03  -1.2565119e-03
   3.2090967e-05   1.1215481e-01   3.6339703e-01   9.7898796e-04  -3.5314218e-03  -1.0406918e-03
   1.6417592e-02   1.3747940e-01   4.2115900e-01   1.2699640e-03  -3.8016486e-03  -1.2211036e-03
  -7.4412632e-03   6.7430358e-02   2.8590841e-01   1.5582979e-04  -3.4504137e-03  -1.0393301e-03
  -1.1380894e-02   1.4449073e-01   2.8474326e-01   7.6629339e-04  -3.5005086e-03  -1.1531456e-03
  -4.7203824e-03   1.2609888e-01   2.7891155e-01  -1.3304486e-04  -3.3774763e-03  -1.6338643e-03
  -6.4839550e-03   1.2203545e-01   3.0318724e-01   2.7470078e-04  -3.1101192e-03  -1.6540373e-03
   7.7048829e-03   1.2838361e-01   3.1747785e-01   7.4959340e-04  -3.3835227e-03  -1.4295301e-03
