   0.0000000e+00   0.0000000e+00  -5.3290705e-15   2.7755576e-17   3.4694470e-18  -9.6296497e-35
  -5.2622800e-03   4.3802175e-03  -1.9883068e-02  -5.0050204e-04   1.4786799e-04   3.8589882e-05
   6.6225994e-03   3.7804637e-02  -1.7958048e-02   2.1686756e-04   3.6831252e-05   1.6335359e-04
   1.2945185e-02   1.5708996e-02   1.2087393e-02   1.2896490e-04  -1.7227886e-05   2.5760177e-04
   6.4971397e-03   2.1013440e-02   5.4198432e-03   5.9029187e-05   2.8754590e-04   2.4818367e-04
   2.9785943e-02   2.1011569e-02  -1.0253363e-02   2.1027627e-04   4.1030940e-04  -2.9506054e-04
   5.4347826e-02   2.0941738e-02  -6.5813788e-03  -6.5388179e-04   8.9536841e-04  -1.1680332e-03
   4.0111522e-02   8.5961962e-02  -3.5887429e-02  -1.2948599e-03   1.0171068e-03  -1.0590451e-03
   1.8994137e-02   7.7092442e-02  -6.2223496e-02  -1.3294727e-03   1.3546796e-03  -9.9735748e-04
   2.5360927e-02   6.3514816e-02  -2.0904463e-02  -1.3008694e-03   1.3775669e-03  -1.0153961e-03
   1.8215787e-02   9.4307450e-02  -4.5032013e-02  -1.6371339e-03   1.5485270e-03  -1.2479941e-03
   1.3731967e-02   8.2449957e-02  -6.3258047e-02  -1.2717996e-03   1.4287804e-03  -9.7911261e-04
   2.7309154e-02   7.1416743e-02  -4.4518047e-02  -1.2726412e-03   1.5344723e-03  -1.2031783e-03
   1.8293529e-02   8.6222729e-02  -5.5804513e-02  -1.5340203e-03   1.5466724e-03  -1.1351167e-03
   2.0454159e-02   7.4526119e-02  -6.4457761e-02  -1.2502799e-03   1.2707162e-03  -1.1146414e-03
   2.8175624e-02   7.5131781e-02  -2.8842011e-02  -1.2243527e-03   1.1387443e-03  -1.1089292e-03
   3.0669450e-02   9.7901015e-02  -3.0177651e-02  -1.3153906e-03   1.2264264e-03  -1.2286817e-03
   2.0678023e-02   8.5439411e-02  -4.9707073e-02  -1.3461467e-03   1.2274495e-03  -1.1212634e-03
   2.7896890e-02   4.9355850e-02  -2.4434966e-02  -1.2734300e-03   1.3775764e-03  -1.2570827e-03
   2.4189437e-02   8.6856537e-02  -4.9149149e-02  -1.6400625e-03   1.4046050e-03  -1.2549380e-03
   3.3310873e-02   4.6340120e-02  -8.9886291e-03  -9.5195929e-04   1.1340547e-03  -1.1233069e-03
   3.9719158e-02   1.0453679e-01  -3.3789707e-02  -1.6719410e-03   1.1096620e-03  -1.3557467e-03
   2.7340692e-02   6.8853885e-02  -4.3907932e-02  -1.1971011e-03   1.0342894e-03  -1.0623465e-03
   1.5133468e-02   8.8923170e-02  -4.0458236e-02  -1.8829900e-03   1.1666766e-03  -1.0345775e-03
   3.3849839e-03   1.0200224e-01  -5.2346352e-02  -1.0757665e-03   1.4076574e-03  -1.0902852e-03
  -6.2980517e-04   6.0453961e-02  -5.4574573e-02  -6.1800385e-04   1.0423239e-03  -5.7461876e-04
  -1.1357501e-02   7.5300120e-02  -8.5731100e-02  -2.1648893e-03   8.2164588e-04  -5.1290533e-04
  -1.0696208e-02   1.0005481e-01  -1.1351234e-01  -2.4841285e-03   8.8918833e-04  -3.7595389e-04
   5.0188368e-03   4.0867815e-02  -8.7041579e-02  -1.1903431e-03   6.0434029e-04  -4.0575363e-04
  -2.2681112e-03   3.6209944e-02  -3.5208729e-02  -1.2597601e-03   9.7430994e-04  -5.3374711e-04
   1.3582389e-02   1.5471446e-01  -5.3373708e-02  -2.5185374e-03   1.0004872e-03  -1.0127232e-03
   2.0268569e-02   1.0207635e-01   3.8939458e-03  -2.6107020e-03   1.2185968e-03  -1.2091667e-03
   2.6400306e-02   1.0315491e-01  -3.1829899e-02  -2.9791769e-03   1.1944897e-03  -1.4375838e-03
   1.1747047e-02   1.2797153e-01  -6.7619949e-02  -2.8443253e-03   1.2358838e-03  -1.2811746e-03
   1.9311100e-02   8.1391008e-02  -4.4469349e-02  -2.4898308e-03   1.0926774e-03  -1.1711345e-03
   1.5424910e-02   1.2539101e-01  -6.6935147e-02  -2.9513821e-03   1.2756069e-03  -1.0800794e-03
   2.3942000e-02   1.0980539e-01  -6.5427161e-02  -2.3692775e-03   9.0832210e-04  -1.0987289e-03
   2.4857281e-02   1.2115477e-01  -2.2864130e-02  -2.8383291e-03   1.1539228e-03  -1.2263634e-03
   1.8827280e-02   1.0445791e-01  -4.6342008e-02  -2.6057163e-03   1.1863020e-03  -1.1696637e-03
   9.5171075e-03   1.2060436e-01  -4.3552757e-02  -2.6388099e-03   9.9657506e-04  -8.8988596e-04
   1.8006246e-02   1.0445207e-01  -4.4520360e-02  -2.4050370e-03   9.9092497e-04  -1.1290780e-03
   1.7279440e-02   1.5399697e-01  -5.4834362e-02  -2.7873794e-03   1.0206556e-03  -1.1107052e-03
   2.4689267e-02   7.3705469e-02  -2.9172819e-02  -2.3987306e-03   8.7142511e-04  -1.0933971e-03
   2.7502895e-02   1.5536111e-01  -6.0781404e-02  -3.0426130e-03   8.9833762e-04  -1.1831250e-03
   2.3400140e-02   7.4293794e-02  -4.0225137e-02  -1.9899630e-03   7.6378529e-04  -1.0825377e-03
   2.9206941e-02   1.4176890e-01  -8.8581379e-02  -3.7643431e-03   9.0908355e-04  -1.5151988e-03
   1.5815787e-02   1.3133563e-01  -9.5296251e-02  -2.2544885e-03   9.0746195e-04  -1.1544001e-03
   1.9301397e-03   1.2884936e-01  -4.7606885e-02  -2.5394577e-03   9.7180836e-04  -1.0394450e-03
   2.9057080e-02   1.2292265e-01  -7.1638734e-02  -2.4999749e-03   7.6077995e-04  -1.3444526e-03
  -3.6727138e-03   1.7881213e-01  -9.9302833e-02  -3.7528872e-03   1.0717678e-03  -9.9539889e-04
   3.9953357e-02  -7.4221022e-03  -8.9464989e-02   1.1285235e-03  -3.2882475e-04  -4.2259338e-04
   1.5119481e-01  -3.4402979e-01   3.7651310e-01   1.5404888e-02  -2.2376883e-03  -2.5063419e-03
   5.9774713e-02   1.2683669e-02  -3.2514935e-02   2.7642515e-03  -1.1681574e-03  -1.4566975e-03
   7.9664194e-02   7.6928541e-03  -8.8189226e-03   1.8686638e-03  -1.2283720e-03  -1.9688284e-03
   4.4977510e-02   1.2106306e-01   1.7115712e-02   4.8031961e-05  -3.5055545e-05  -2.7488795e-03
   5.8881464e-02   7.1611481e-02   6.2563949e-02  -3.7934330e-04   6.2143977e-04  -3.0361178e-03
   5.5640473e-02   1.0275959e-01   2.5902013e-02  -7.4702417e-04   3.9810021e-04  -3.0393374e-03
   4.5560644e-02   6.6321656e-02   5.0453171e-02  -6.9117394e-04   4.8719875e-04  -2.7054329e-03
   1.5001948e-02   1.1954395e-01  -4.0543214e-02  -1.1890686e-03  -4.4818834e-04  -2.4315849e-03
   2.5747272e-02   4.0512395e-02  -1.4430688e-02  -7.0876969e-04  -5.0183384e-04  -2.4680622e-03
   2.2795999e-02   1.2292271e-01   2.5405880e-02  -8.5523900e-04  -2.9763855e-04  -2.5731202e-03
   1.4717588e-02   6.1781687e-02   9.5380802e-02   1.9846600e-04  -4.5681500e-04  -2.2840175e-03
   1.3538098e-02   1.2548331e-01   3.1663796e-03  -1.6926115e-03  -3.9629773e-04  -2.5677077e-03
   6.6485755e-03   1.4195489e-01   1.1863201e-01  -8.3199060e-04  -5.6716991e-04  -2.1409173e-03
  -1.7599836e-03   9.2489421e-02   7.7559997e-02  -1.4619754e-03  -7.1968779e-04  -2.2129954e-03
  -9.0263192e-03   8.1610790e-02   4.5282250e-02  -9.1729792e-04  -5.4245706e-04  -2.2084626e-03
   3.4774911e-03   1.2855462e-01   1.9215819e-02  -1.5179022e-03  -5.2117135e-04  -2.3422615e-03
   2.2311819e-03   7.4330185e-02   3.5574902e-02  -9.5356994e-04  -5.8136462e-04  -2.3296391e-03
  -1.3229638e-02   1.0563844e-01   5.0080249e-02  -1.2163111e-03  -5.2801283e-04  -2.0562174e-03
  -6.8173274e-03   8.7671989e-02   4.7727134e-02  -8.8265496e-04  -5.1994127e-04  -2.3549050e-03
  -2.1766843e-02   1.0836080e-01   1.8379574e-02  -1.3915417e-03  -4.3337927e-04  -2.0750880e-03
  -1.7096138e-02   9.8371801e-02  -1.5622310e-02  -9.9967513e-04  -4.5519167e-04  -2.1809563e-03
  -1.6321945e-02   1.2030587e-01  -9.2580856e-03  -1.5467661e-03  -3.5034413e-04  -2.2106971e-03
  -3.0056382e-02   1.3648044e-01  -2.5215407e-02  -1.1856619e-03  -4.4909589e-04  -1.9736189e-03
  -3.3440402e-02   1.0050880e-01  -1.2435425e-02  -1.2061046e-04  -8.5763074e-04  -1.3824167e-03
  -4.1283558e-02   6.5345881e-02   6.8531528e-03  -6.8008467e-05  -4.9304509e-04  -1.4454654e-03
  -4.2541634e-02   1.4031151e-01  -3.6126504e-03  -4.7702732e-04  -6.3818781e-04  -1.2041879e-03
  -2.5548227e-02   1.1253106e-01  -4.4262194e-02  -1.3267459e-03  -8.5779551e-04  -1.3869460e-03
  -1.3298680e-02   1.1261414e-01   3.7975386e-03  -1.4839775e-03  -8.4476989e-04  -1.8416384e-03
  -4.9070827e-03   1.5322671e-01   1.1788272e-02  -1.6313184e-03  -7.6820590e-04  -2.0208983e-03
   8.5920776e-03   1.3084239e-01  -8.0173289e-03  -2.3456256e-03  -6.7286107e-04  -2.4533767e-03
   7.9249579e-03   1.4390233e-01  -1.9044279e-02  -2.5004492e-03  -6.7257075e-04  -2.5801472e-03
   4.3374155e-03   1.5545547e-01  -2.4187204e-02  -2.3770294e-03  -6.6169776e-04  -2.6325683e-03
   7.9434491e-04   1.2575098e-01  -1.8903717e-02  -2.2592747e-03  -7.5940626e-04  -2.4750846e-03
   8.9007563e-03   1.1734581e-01   5.8219655e-02  -1.4862049e-03  -7.4378044e-04  -2.4204214e-03
   1.5749196e-02   1.3976809e-01   4.6608781e-02  -1.5629092e-03  -7.6553899e-04  -2.5930249e-03
   1.1889903e-02   1.8712066e-01   1.2327863e-02  -2.1693043e-03  -1.0132054e-03  -2.5567103e-03
   1.4864954e-02   1.3849081e-01   3.4505397e-02  -1.9895330e-03  -1.0418372e-03  -2.8412940e-03
   1.5211932e-02   2.0212778e-01   1.7333037e-02  -2.5481363e-03  -1.0621955e-03  -3.0320896e-03
   1.0161111e-02   1.3370724e-01   2.9531793e-02  -2.0542789e-03  -1.1224900e-03  -2.9455983e-03
   2.0380456e-02   1.5025144e-01   3.8406052e-02  -2.3427690e-03  -1.1045760e-03  -3.1377209e-03
   1.1354356e-02   1.6157289e-01   2.9651321e-02  -2.0594101e-03  -1.1654288e-03  -2.9785242e-03
   7.6182331e-03   1.3270644e-01   5.2071015e-02  -2.0351296e-03  -1.1457445e-03  -2.8206868e-03
   1.1987443e-02   1.5257220e-01   3.4752713e-02  -2.1817586e-03  -1.2149662e-03  -2.9874785e-03
   6.7616097e-03   1.3852726e-01   7.8572399e-03  -1.8617368e-03  -1.2832063e-03  -2.8733482e-03
   1.1064394e-03   1.5094696e-01   2.7265016e-02  -2.2589089e-03  -1.2128597e-03  -2.8428239e-03
   9.1116594e-03   2.0051411e-01  -3.0539045e-02  -2.3562437e-03  -1.4800815e-03  -2.8617811e-03
   1.1552499e-02   1.5259099e-01   6.5783046e-02  -2.0552294e-03  -1.3686020e-03  -2.9159801e-03
   4.6245699e-03   1.7697498e-01   7.7435280e-03  -1.6699668e-03  -1.5989894e-03  -2.5851834e-03
  -2.5007594e-02   5.1192949e-02   3.6515177e-02   4.2198757e-04  -1.2952948e-03  -1.7434528e-03
  -2.4424534e-02   1.4176511e-01  -1.2900796e-02  -1.3724596e-03  -1.3329138e-03  -1.8907642e-03
  -1.1986725e-02   1.3063882e-01   1.4180887e-02  -5.0480436e-04  -1.5180954e-03  -1.8628414e-03
  -1.1298088e-02   8.8365362e-02   7.8626155e-02  -6.5302296e-04  -1.4915040e-03  -1.8515895e-03
   1.3510515e-03   1.4523641e-01   7.1859753e-02  -9.6563130e-04  -1.5792362e-03  -2.1963473e-03
   2.8784589e-02   1.3627778e-01   5.6438621e-02  -2.1048910e-03  -1.5435699e-03  -3.0954966e-03
   2.4461330e-02   1.4760330e-01   5.0378165e-02  -2.2231816e-03  -1.6258961e-03  -3.0766670e-03
   8.4286228e-03   1.6321130e-01   2.6859259e-02  -2.0585910e-03  -1.5576165e-03  -2.9574538e-03
   2.2370966e-02   1.7395016e-01   6.1913589e-02  -1.7135294e-03  -1.5892621e-03  -2.6829740e-03
   2.8385074e-02   1.5127341e-01   3.7652618e-03  -2.5757726e-03  -1.8423818e-03  -2.9401030e-03
   2.5482873e-02   1.7043112e-01   5.3628717e-02  -1.7125756e-03  -1.8107928e-03  -2.9295160e-03
   2.0267731e-02   1.5508852e-01   5.9356023e-02  -2.0989495e-03  -1.8261993e-03  -2.8369710e-03
   2.4473124e-02   2.0733238e-01   2.4935699e-02  -2.3976282e-03  -1.9459339e-03  -2.8520209e-03
   3.4224670e-02   1.2605335e-01   3.7765294e-02  -2.0044014e-03  -2.0773547e-03  -2.9493815e-03
   1.4371727e-02   1.6811317e-01   5.3906073e-02  -1.6247359e-03  -1.7829991e-03  -2.7406355e-03
   1.3012821e-02   1.4100793e-01   4.0402110e-02  -1.6879256e-03  -2.0120984e-03  -2.7670184e-03
   1.4357020e-02   1.7256971e-01   4.4265123e-02  -1.8321336e-03  -1.8233234e-03  -2.9135195e-03
   8.9927968e-03   1.4575597e-01   1.6177153e-02  -1.4342395e-03  -1.8660187e-03  -2.9191791e-03
  -4.5443044e-03   1.6839088e-01   7.1313499e-02  -1.7521896e-03  -1.6042912e-03  -2.7092055e-03
   1.6172829e-02   1.7680752e-01  -1.2816337e-02  -1.9389082e-03  -2.0045547e-03  -2.8946081e-03
  -1.0587162e-03   1.3233808e-01   1.1600731e-01  -6.9189413e-04  -1.6948217e-03  -2.4969032e-03
   2.0562596e-02   1.6258203e-01  -6.5866850e-02  -2.5872040e-03  -2.0929807e-03  -2.9486500e-03
   1.1839971e-02   2.8523652e-01   9.3579028e-02  -2.0547266e-03  -1.8099267e-03  -2.3182076e-03
   2.8679919e-02   9.6775165e-02  -1.2627057e-02  -2.0548005e-04  -2.5169297e-03  -1.9331738e-03
  -1.3267905e-02  -8.6718988e-02   3.5945159e-04   1.8427198e-03  -2.4727805e-03  -1.2842170e-03
  -1.5077815e-02   5.8194182e-02   4.0559202e-02   2.7433813e-03  -3.1660365e-03   3.4310811e-04
  -6.4179985e-03   1.6619258e-01   8.4728514e-03  -5.5217999e-04  -2.6889605e-03  -1.0893517e-03
  -9.0682402e-03   1.6015835e-01   1.4354189e-01  -2.3482324e-04  -2.0313433e-03  -1.7216363e-03
   1.7934137e-02   9.6922581e-02   1.3987044e-01  -5.8681462e-04  -2.1869950e-03  -1.7063631e-03
   3.0387462e-02   1.2297953e-01   1.3482892e-01  -5.9762099e-05  -1.4983664e-03  -1.7062281e-03
