   0.0000000e+00   0.0000000e+00  -7.1054274e-15  -1.3877788e-17  -4.3368087e-19  -6.0185311e-36
   7.6788669e-03   6.0063612e-02   1.7617280e-01  -1.9484099e-03  -5.5179824e-04  -3.2653848e-05
   9.9362093e-03  -1.6573011e-01  -5.1544092e-02   7.6265028e-04   5.2250241e-04   2.8621401e-04
   8.3152661e-03  -5.6795015e-03   1.2416732e-01   4.8075682e-04   5.8026417e-05   6.6491733e-04
   8.1083142e-03  -1.1561657e-01   1.0482458e-02   3.0474351e-04   1.8866122e-04   3.9726669e-04
  -1.0660436e-03  -3.4472841e-02   3.7341686e-02  -6.4389466e-04   2.5221373e-04   6.4634559e-04
  -9.9890806e-03  -8.8745164e-02  -5.0865699e-03  -2.5419848e-04   7.6689612e-04   6.7991258e-04
   7.1808841e-02  -1.8233416e-01  -4.2659965e-02   1.4322978e-03   1.9152864e-03   1.4898723e-03
   1.2882674e-01  -9.1637970e-02   2.8982262e-01   1.4719100e-03   2.2577036e-03   4.8988100e-04
   1.8203589e-01  -1.9339224e-01   3.4052166e-01   2.7450691e-03   2.8768336e-03   1.3535256e-04
   3.1476442e-01  -2.9937343e-01   2.3440623e-01   3.1121354e-03   4.0314683e-03   6.1467943e-04
   4.4817017e-01  -3.3814148e-01   1.3357008e-01   4.5560301e-03   5.2642439e-03   4.0006688e-04
   4.8713542e-01  -3.0993239e-01   1.7409449e-01   4.4914588e-03   5.1237511e-03  -4.0281115e-04
   4.1701697e-01  -3.0038488e-01   4.2972930e-01   4.6122046e-03   4.5525443e-03  -9.4935921e-04
   4.4161627e-01  -5.0826004e-01   2.6596246e-01   7.0905899e-03   4.9972734e-03  -1.1423449e-03
   4.0320678e-01  -4.9373183e-01   2.9258396e-01   6.4111887e-03   4.9194406e-03  -1.2775310e-03
   3.8699476e-01  -5.4975578e-01   2.7069387e-01   6.6665239e-03   5.0484167e-03  -1.1942338e-03
   4.0766145e-01  -5.4129923e-01   1.4228913e-01   7.5994975e-03   5.6112876e-03  -1.6822295e-03
   4.2464358e-01  -4.8824893e-01   1.3252839e-01   6.9771609e-03   5.4059580e-03  -1.8385925e-03
   4.0768407e-01  -4.6801559e-01   8.0357389e-02   7.4676769e-03   4.9267374e-03  -2.9409192e-03
   4.4629044e-01  -4.4135471e-01   2.5914898e-01   7.8202029e-03   5.1204491e-03  -2.5329775e-03
   4.5607928e-01  -5.0299837e-01   6.1017763e-02   9.0196073e-03   5.2011031e-03  -2.9791663e-03
   3.3681513e-01  -6.2843963e-01   1.3419389e-01   7.9506815e-03   3.9672358e-03  -5.5736129e-03
   2.8344868e-01  -7.2327884e-01   1.0666101e-01   7.2997901e-03   4.3902497e-03  -5.1149501e-03
   2.8413937e-01  -7.5035503e-01   1.3937433e-01   7.4432711e-03   3.7950970e-03  -4.5185910e-03
   2.2277751e-01  -9.1808877e-01   2.3656169e-02   1.0026378e-02   3.8413027e-03  -3.9087879e-03
   1.5122711e-01  -8.1100472e-01  -1.5333228e-02   8.4713798e-03   3.2232267e-03  -4.8366903e-03
   1.9537217e-01  -6.8932399e-01  -4.2121066e-02   7.5175108e-03   3.4285799e-03  -5.5422154e-03
   2.3840238e-01  -6.3472596e-01   1.6492559e-01   8.8110163e-03   2.8035066e-03  -5.9200422e-03
   1.6012571e-01  -6.9959650e-01   5.2465232e-02   7.9959995e-03   1.7442359e-03  -5.1590231e-03
   2.1111936e-01  -7.0094469e-01   1.0145094e-01   7.6561706e-03   2.6494889e-03  -5.4725064e-03
   2.9667886e-01  -7.3700571e-01   8.5890761e-02   8.4464093e-03   4.2664509e-03  -4.1304655e-03
   4.7028882e-01  -8.5143283e-01   8.0036777e-02   7.8791710e-03   5.3744069e-03  -4.1697327e-03
   5.8527113e-01  -8.5870619e-01   3.6014096e-02   8.3871796e-03   4.7088091e-03  -3.9156923e-03
   5.7767208e-01  -1.0082953e+00   1.3109298e-01   7.6166050e-03   4.2947985e-03  -4.6013041e-03
   5.9266146e-01  -1.0091669e+00   9.0787807e-02   1.1324225e-02   3.8603468e-03  -4.2864463e-03
   6.4252969e-01  -1.0808484e+00   1.2334905e-01   1.1163934e-02   4.0397760e-03  -4.4545194e-03
   7.2505780e-01  -1.1396382e+00   2.3632556e-01   1.0918136e-02   4.2767483e-03  -3.3064805e-03
   6.9971816e-01  -1.1937295e+00  -6.7084962e-02   1.2959047e-02   4.3381472e-03  -3.4899377e-03
   6.7021284e-01  -1.1854815e+00  -4.3711885e-02   1.4363698e-02   3.5615969e-03  -3.7073241e-03
   5.7138184e-01  -1.2312512e+00  -2.8886190e-02   1.6935429e-02   2.2832210e-03  -4.3888308e-03
   6.4328337e-01  -1.0045835e+00   1.7473315e-01   1.4767450e-02   2.7136947e-03  -1.6539323e-03
   7.5326381e-01  -1.3567546e+00  -5.2389516e-02   1.5131257e-02   3.8323671e-03  -3.4893531e-04
   8.5161722e-01  -1.4254786e+00  -1.6105389e-01   1.5645451e-02   3.8194069e-03  -2.0051986e-04
   8.6813352e-01  -1.4424374e+00  -2.1759609e-03   1.5131206e-02   4.1596983e-03  -3.8007200e-04
   8.2366443e-01  -1.5233608e+00  -1.1736110e-01   1.6650023e-02   3.8458109e-03  -4.7961988e-04
   8.4781057e-01  -1.5273292e+00  -1.5909383e-01   1.6452445e-02   3.7982326e-03   3.5623078e-04
   9.0556480e-01  -1.4611310e+00  -2.3431147e-01   1.4578410e-02   3.6054381e-03   8.2013344e-04
   8.8875923e-01  -1.6036736e+00  -2.8483270e-01   1.4881091e-02   3.3218518e-03   1.1796036e-03
   7.9626518e-01  -1.4545769e+00  -5.6824318e-01   1.5108308e-02   1.7279456e-03   8.3413782e-05
   5.8162827e-01  -1.0450871e+00  -1.2162230e-01   1.3785125e-02   2.2639252e-03   4.1149567e-04
   4.2273290e-01  -8.1562467e-01   1.6162515e-01   9.1499435e-03   2.2187291e-03  -1.8726341e-03
   3.7973903e-01  -8.8613326e-01  -7.0712534e-02   8.7940115e-03   2.0448574e-03  -2.9194308e-03
   4.1164966e-01  -7.4144125e-01   5.8435014e-02   9.9920773e-03   1.6119298e-03  -4.2201640e-03
   3.9919094e-01  -7.6281870e-01   8.0143905e-02   9.5375928e-03   1.6724018e-03  -3.4551517e-03
   5.3710385e-01  -9.7246791e-01   1.9093191e-01   8.3521854e-03   3.2746781e-03  -1.8111582e-03
   6.8666968e-01  -1.1112057e+00   2.6204764e-01   8.8527304e-03   2.9531276e-03  -1.1763715e-03
   8.6578153e-01  -1.4258428e+00   1.7255841e-01   8.6384176e-03   3.9303233e-03   2.6905286e-04
   1.0037076e+00  -1.6124300e+00   2.2008712e-01   8.8527608e-03   4.3694015e-03   1.7392653e-03
   1.1233711e+00  -1.7168082e+00   2.1471604e-01   9.2650753e-03   4.6442793e-03   2.1231481e-03
   1.1384896e+00  -1.8711516e+00   1.0907084e-01   9.7149828e-03   4.7376562e-03   1.2147911e-03
   1.2016727e+00  -1.8158917e+00   1.0329113e-01   1.0851324e-02   5.3527518e-03   5.9086774e-04
   1.2149864e+00  -1.8094050e+00   4.5985442e-02   1.1236281e-02   4.0788790e-03   1.1902322e-03
   1.1708993e+00  -1.7975468e+00   8.2514235e-02   1.0016581e-02   3.8431915e-03   5.4461538e-04
   1.1640149e+00  -1.8721913e+00   1.9128482e-01   1.1333645e-02   2.8480912e-03   1.0109095e-03
   1.1813345e+00  -1.9461861e+00   2.1518978e-01   1.0747720e-02   2.8391187e-03   2.2428185e-03
   1.2007455e+00  -1.9804969e+00   1.3072159e-01   1.0248073e-02   3.9789559e-03   2.2612912e-03
   1.2560757e+00  -1.9816210e+00   2.0941864e-01   1.0434523e-02   4.4701294e-03   2.3778299e-03
   1.2471395e+00  -1.9770825e+00   1.2503897e-01   1.1519007e-02   3.9523703e-03   1.9843477e-03
   1.2838263e+00  -1.9820792e+00   1.5923670e-01   1.0599913e-02   4.2582476e-03   1.2528982e-03
   1.3038395e+00  -1.9763607e+00   2.3986758e-02   1.0627033e-02   3.8641797e-03   1.0326299e-03
   1.2227048e+00  -1.7403449e+00   3.0848823e-01   1.0489886e-02   3.8162119e-03   2.4548177e-03
   1.2409947e+00  -1.8306737e+00   7.2323770e-01   7.1005241e-03   4.1346018e-03   4.1628369e-03
   1.3552085e+00  -1.9822685e+00   6.6816844e-01   5.4842498e-03   3.9390280e-03   3.2457996e-03
   1.1086361e+00  -1.9007135e+00   5.1842836e-01   9.4907719e-03   3.9249587e-03   3.7844817e-03
   8.3707553e-01  -1.4478833e+00   5.0405694e-01   6.5236249e-03   2.6659545e-03   1.2956487e-03
   7.0952429e-01  -1.3098929e+00   2.1949074e-01   3.8451712e-03   3.1547789e-03   1.4884845e-04
   6.4365634e-01  -1.2361459e+00   1.7815301e-01   5.3217092e-03   4.3956909e-03   1.1637749e-04
   6.6931776e-01  -1.0166077e+00   5.0022333e-01   5.9949044e-03   2.2316386e-03  -1.0823846e-03
   7.1564625e-01  -1.1997031e+00   7.1272747e-01   4.5442021e-03   2.3063349e-03  -4.0736582e-04
   8.0090087e-01  -1.4920649e+00   7.8243751e-01   2.9006918e-03   2.0074320e-03  -6.8844267e-04
   8.9190047e-01  -1.7748404e+00   7.1153161e-01   2.8109938e-03   2.0590598e-03  -1.3922319e-03
   1.0456844e+00  -1.9661615e+00   6.7685114e-01   3.6930756e-03   2.5056539e-03  -4.0854912e-04
   1.0436693e+00  -2.1106691e+00   6.4914770e-01   3.8014827e-03   2.0503388e-03  -1.2943857e-03
   1.0550470e+00  -2.2002877e+00   6.6162747e-01   3.1217356e-03   1.8021033e-03  -1.1965404e-03
   1.0234735e+00  -2.1838028e+00   5.0940648e-01   4.8413732e-03   2.2151638e-03  -1.4135895e-03
   1.0760114e+00  -2.0575110e+00   5.6967528e-01   5.1542088e-03   2.4722489e-03  -1.1307875e-03
   1.0551469e+00  -2.2542288e+00   6.1377653e-01   1.7901496e-03   1.4939986e-03  -1.2896674e-03
   1.1061787e+00  -2.1218161e+00   7.4058065e-01   3.6610515e-03   1.6297323e-03  -2.1048334e-03
   1.0894156e+00  -2.2536689e+00   6.9966503e-01   1.9184944e-03   1.7432006e-03  -1.3415363e-03
   1.0896608e+00  -2.3519652e+00   6.8310960e-01   1.0747186e-03   1.6366937e-03  -1.8862816e-03
   1.0735746e+00  -2.4086578e+00   7.0673501e-01   1.1668165e-03   1.8831241e-03  -1.9670841e-03
   1.0833488e+00  -2.3803390e+00   6.7241748e-01   2.4683008e-03   2.2271434e-03  -2.3167496e-03
   1.2216434e+00  -2.4343144e+00   5.6841662e-01   1.7820979e-03   3.9674653e-03  -1.0396223e-03
   1.2225033e+00  -2.4235179e+00   6.1581866e-01   2.5825034e-03   3.8110784e-03  -4.7039509e-04
   1.2163242e+00  -2.3614265e+00   6.7974549e-01   2.3177984e-03   3.9008069e-03  -7.2456065e-04
   1.1792310e+00  -2.3711176e+00   5.6908214e-01   2.2443831e-03   3.8847725e-03  -1.1586398e-03
   1.1881098e+00  -2.4009887e+00   6.4314590e-01   1.0753057e-03   3.6067631e-03  -8.7533882e-04
   1.0256032e+00  -2.4018099e+00   5.7176226e-01   3.2141291e-03   2.4766380e-03  -1.6430800e-03
   8.5995316e-01  -2.1378092e+00   7.5874747e-01   4.0983690e-03   1.0049838e-03  -3.4200482e-03
   8.1357293e-01  -1.9229792e+00   7.6384220e-01   1.8883541e-03   2.7918999e-03  -4.0293676e-03
   5.3644620e-01  -1.8036078e+00   2.3258939e-01   1.7031912e-03   2.4765683e-03  -5.0290904e-03
   5.4644656e-01  -1.4646863e+00   7.3984755e-01   4.1718566e-03   2.1208620e-03  -4.7508154e-03
   5.1716597e-01  -1.4330316e+00   7.3524803e-01   4.2719197e-03   1.2635761e-03  -3.9467623e-03
   6.4023791e-01  -1.6524010e+00   9.0562989e-01   2.1435708e-03   4.1218951e-04  -6.1699886e-03
   6.7728348e-01  -2.1140100e+00   9.0372934e-01   4.3792901e-04  -8.8238401e-04  -6.2465131e-03
   7.3741794e-01  -2.0848625e+00   9.4544111e-01   1.1853758e-03  -1.7954744e-03  -5.1264691e-03
   7.8934894e-01  -2.2020551e+00   8.8643745e-01   4.7745811e-04  -2.1228104e-03  -4.2301280e-03
   8.4637253e-01  -2.2509631e+00   9.4885020e-01   1.2142889e-03  -2.6697395e-03  -3.2086606e-03
   9.0215661e-01  -2.2907576e+00   9.5172624e-01   1.4762207e-03  -3.1204747e-03  -2.9646025e-03
   8.7122352e-01  -2.3379669e+00   9.8053603e-01   1.7839034e-03  -4.1691902e-03  -3.1330818e-03
   8.1545910e-01  -2.2821970e+00   9.5405684e-01   2.4377543e-03  -5.8220848e-03  -4.2706339e-03
   7.6390608e-01  -2.3226000e+00   1.0406658e+00   1.3484824e-03  -7.7995525e-03  -5.2080171e-03
   7.0126970e-01  -2.4231951e+00   1.0901257e+00   1.4746372e-03  -8.7947394e-03  -4.5767074e-03
   7.4621555e-01  -2.4392822e+00   1.0475430e+00   1.5101772e-03  -8.6053106e-03  -4.5745076e-03
   6.2432739e-01  -2.5028122e+00   9.9260099e-01   1.6212512e-03  -9.9161827e-03  -5.4125288e-03
   6.5136094e-01  -2.5051462e+00   1.0234465e+00   2.0268878e-03  -1.0843944e-02  -6.8926368e-03
   6.5736580e-01  -2.4899046e+00   8.9956101e-01   3.3147661e-03  -1.0535451e-02  -7.7898208e-03
   5.7531528e-01  -2.4455173e+00   9.4212652e-01   3.2221041e-03  -1.2098969e-02  -8.8787809e-03
   5.6259982e-01  -2.4514779e+00   8.7085985e-01   3.7718022e-03  -1.2428691e-02  -7.3011486e-03
   5.6306669e-01  -2.4766994e+00   9.9746989e-01   3.7839997e-03  -1.3028796e-02  -7.3813078e-03
   5.2809208e-01  -2.4770751e+00   9.4655385e-01   3.7380825e-03  -1.4285436e-02  -7.7813264e-03
   4.8665778e-01  -2.4562250e+00   1.0140247e+00   3.8580514e-03  -1.5203593e-02  -8.1839570e-03
   3.6284807e-01  -2.3813454e+00   7.8971628e-01   1.0382146e-02  -1.4512927e-02  -7.3335537e-03
   4.2780464e-01  -2.2971081e+00   6.8568993e-01   1.1137714e-02  -1.2124347e-02  -7.7526179e-03
   4.8992331e-01  -1.8493767e+00   7.5200828e-01   8.0112385e-03  -9.4373624e-03  -7.1047659e-03
   3.0017883e-01  -1.8907904e+00   1.9810185e-01   1.0612772e-02  -8.0048961e-03  -6.9505043e-03
   1.9894422e-01  -1.6309176e+00   1.5684200e-01   1.0481797e-02  -9.5288819e-03  -7.0154766e-03
