   0.0000000e+00  -7.1054274e-15   0.0000000e+00   0.0000000e+00   0.0000000e+00   1.7347235e-18
  -5.7559980e-02   1.4203252e-02   4.8467246e-01   1.8536812e-02   1.9940089e-03   1.0342067e-03
  -9.3050501e-03   7.3492654e-02   6.1655920e-01   1.3798880e-02   2.7261477e-03  -3.3493000e-04
  -1.0652589e-01   1.5785493e-01   2.9271287e-01   1.1362702e-03   2.0499124e-03   2.7437423e-04
  -1.5788850e-01   7.9267774e-02   7.5594782e-02  -3.1708090e-03   5.0250585e-03   2.3514087e-03
  -1.3427375e-01   3.3347364e-02   1.3905394e-01  -7.7755308e-03   3.8068866e-03   1.2877094e-03
  -1.0952479e-01   7.0969936e-02   3.2833485e-01  -3.6882489e-03   5.9149796e-03  -1.8021250e-04
  -4.0604700e-02   6.6256421e-02   3.8156485e-01  -4.4954906e-03   7.2268757e-03  -1.9076328e-03
  -5.2741487e-02   8.3207465e-02   3.6161676e-01  -3.4700399e-03   7.7265310e-03  -1.1644949e-03
  -3.2147231e-02   1.0050208e-01   3.9879969e-01  -4.9965789e-03   8.2103938e-03  -1.9344355e-03
  -2.1106124e-02   1.1327064e-01   4.2097155e-01  -4.1107547e-03   8.8778208e-03  -2.2708966e-03
  -1.8633896e-02   3.2591014e-02   4.6064198e-01  -5.1242315e-03   8.9363806e-03  -2.4255808e-03
  -1.0524676e-02   7.8816632e-02   4.9597290e-01  -5.1046912e-03   8.4295859e-03  -3.3818953e-03
  -1.3367304e-02   5.9613208e-02   4.5638998e-01  -5.9095288e-03   7.2229273e-03  -3.6455914e-03
  -4.8257174e-02   7.5459808e-02   5.3721363e-01  -4.2701260e-03   6.7952497e-03  -4.2653982e-03
   4.4693092e-02   1.1954075e-01   5.4311374e-01  -1.6712439e-03   6.8555605e-03  -4.5848298e-03
   1.2177081e-01   7.6226031e-02   5.2925155e-01  -5.7413959e-04   6.9669880e-03  -2.9297458e-03
   1.2017943e-01   1.0248090e-01   5.5708619e-01  -2.0048667e-03   6.7336742e-03  -4.0378913e-03
   9.7010392e-02   1.5794402e-01   6.5909496e-01   9.8541366e-05   7.7404181e-03  -3.2890872e-03
   1.1308710e-01   1.3260830e-01   7.4299504e-01   2.1457870e-03   8.8674883e-03  -3.7185493e-03
   1.5747569e-01   1.2353584e-01   6.1197780e-01   2.3259674e-03   8.2690325e-03  -3.9438274e-03
   1.8037126e-01   1.4530699e-01   7.5677961e-01   4.3536852e-03   7.7798713e-03  -4.8215887e-03
   1.7910195e-01   1.6603628e-01   6.1451758e-01   7.5304288e-03   6.4671233e-03  -7.9497336e-03
   1.6587357e-01   1.8978378e-01   6.6847089e-01   6.2927217e-03   6.2120305e-03  -8.3854091e-03
   1.8874606e-01   1.4756454e-01   7.5709454e-01   6.2145024e-03   6.3662762e-03  -8.9111395e-03
   1.9312206e-01   1.6606713e-01   6.9355312e-01   6.6493242e-03   5.9966609e-03  -9.2651954e-03
   2.1937948e-01   1.6336858e-01   6.3512985e-01   7.0541269e-03   5.5459119e-03  -1.0070046e-02
   2.0546968e-01   1.1528169e-01   5.5233787e-01   4.2558523e-03   5.2833155e-03  -8.9314926e-03
   2.1007511e-01   1.3204788e-01   6.0066182e-01   3.9835899e-03   4.1770642e-03  -9.2621860e-03
   2.0193950e-01   1.3882048e-01   8.0220177e-01   8.7739388e-03   3.5743426e-03  -1.0713522e-02
   1.9128029e-01   1.2967767e-01   7.1498191e-01   1.0047434e-02   3.2729174e-03  -1.1714936e-02
   2.2985209e-01   1.9872471e-01   5.8812034e-01   9.1735014e-03   4.0584183e-03  -1.1028472e-02
   2.3314214e-01   1.9026834e-01   5.4830485e-01   1.0536390e-02   3.6677122e-03  -1.0918987e-02
   2.5540570e-01   1.9410584e-01   6.9522951e-01   1.0125874e-02   4.8416805e-03  -1.0611479e-02
   2.8674056e-01   2.3759290e-01   7.9908745e-01   1.3317135e-02   1.8949272e-03  -1.3417510e-02
   1.1104075e-01   1.5614592e-01   1.9060416e+00   1.8295011e-02  -3.7932227e-03  -1.9964977e-02
   1.4580481e-01   9.2495881e-02   2.0391377e+00   1.5357020e-02  -2.7805592e-04  -1.9019947e-02
   1.9870713e-01   8.9620920e-02   1.8462113e+00   1.6988607e-02  -6.3090456e-04  -2.0049714e-02
   1.8427874e-01   1.0982087e-01   1.8665538e+00   1.6615360e-02   7.6672530e-04  -1.9048849e-02
   2.2905674e-01   1.0092225e-01   1.8103584e+00   1.7242040e-02   1.3292994e-04  -1.9605612e-02
   2.5201346e-01   8.9455425e-02   1.9449223e+00   1.7133543e-02   4.1290559e-04  -1.9522231e-02
   2.6797582e-01   1.1363442e-01   1.9259091e+00   1.7135809e-02  -7.0727199e-05  -2.0144158e-02
   2.8505093e-01   6.4444901e-02   2.0134306e+00   1.7307649e-02   9.8354265e-04  -2.0761489e-02
   2.6413708e-01   8.2731172e-02   1.9593717e+00   1.7320805e-02   6.7399508e-04  -2.1666012e-02
   2.8970155e-01   1.0214154e-01   1.9921811e+00   1.8431476e-02   1.2138703e-03  -2.2331368e-02
   2.7733123e-01   9.1423572e-02   1.9693622e+00   1.8193407e-02   1.1747554e-03  -2.1675912e-02
   2.7617625e-01   5.2688506e-02   2.0395697e+00   1.9947587e-02   5.7012332e-04  -2.3777492e-02
   2.5256774e-01   5.9680269e-02   2.0641920e+00   2.2388630e-02   1.3550603e-04  -2.8987860e-02
   2.9334359e-01   1.6162921e-02   2.0418935e+00   2.1283162e-02   2.6141620e-03  -2.6860722e-02
   3.1979057e-01   5.7120011e-02   2.0613793e+00   2.0188933e-02   4.2852106e-03  -2.5397199e-02
   3.0558566e-01   7.9798098e-02   2.1773190e+00   1.9356076e-02   4.3883840e-03  -2.4258012e-02
   2.9395837e-01   5.1994343e-02   1.9885468e+00   1.9637638e-02   3.6710717e-03  -2.3746713e-02
   2.7431097e-01  -1.4918859e-02   2.1398003e+00   1.9858173e-02   4.2193725e-03  -2.3590764e-02
   2.9286502e-01   8.4676303e-02   1.7931292e+00   2.0093212e-02   3.2558742e-03  -2.3230873e-02
   2.7705695e-01   2.5689244e-02   2.2424836e+00   1.9184804e-02   2.6690802e-03  -2.0340715e-02
   3.9838410e-01  -2.6064117e-02   2.0597352e+00   1.9876488e-02   5.3721006e-03  -1.9051471e-02
   4.4149743e-01   9.1711347e-02   2.0950544e+00   2.1821331e-02   5.3721844e-03  -1.9756806e-02
   4.6545093e-01   8.1116872e-02   2.2144331e+00   2.1829381e-02   5.5412091e-03  -2.0005761e-02
   5.0763478e-01   7.7269915e-02   2.2237644e+00   2.2766374e-02   5.8985924e-03  -2.0266867e-02
   5.5396377e-01   3.6000561e-02   2.2693596e+00   2.2968396e-02   6.8556746e-03  -1.9674114e-02
   5.7902145e-01   6.8923854e-02   2.2636166e+00   2.3524982e-02   6.4133871e-03  -1.9776085e-02
   5.8274221e-01   3.4155508e-02   2.2437594e+00   2.1586225e-02   5.3714831e-03  -2.0039389e-02
   5.9585403e-01   3.6841809e-02   2.3591416e+00   2.3241924e-02   4.4200667e-03  -2.2023054e-02
   6.2437416e-01   3.9153152e-02   2.3771621e+00   2.3438244e-02   4.2390962e-03  -2.2890342e-02
   6.4453890e-01   1.0090858e-01   2.3732869e+00   2.5458330e-02   3.3239773e-03  -2.3550306e-02
   6.5678028e-01   5.1195693e-02   2.3177868e+00   2.4436751e-02   2.1092859e-03  -2.3010564e-02
   6.3817413e-01   1.1614096e-01   2.2883744e+00   2.4399352e-02   2.5048249e-03  -2.2993744e-02
   6.2779120e-01   4.5286129e-02   2.3112001e+00   2.5805102e-02   2.5337625e-03  -2.3468371e-02
   6.3458023e-01   1.1087292e-01   2.3055295e+00   2.6443098e-02   2.6947437e-03  -2.3402992e-02
   6.6210895e-01   9.1220257e-02   2.3522306e+00   2.6445570e-02   2.9933059e-03  -2.3108134e-02
   7.0865356e-01   7.8995016e-02   2.4176277e+00   2.6731251e-02   2.7925539e-03  -2.3140246e-02
   7.0248739e-01   4.5284977e-02   2.4431035e+00   2.7278700e-02   3.3844889e-03  -2.3994439e-02
   7.0358850e-01   1.6820405e-01   2.2139465e+00   2.8345565e-02   2.9451866e-03  -2.3815633e-02
   5.8493306e-01   1.2914370e-01   1.9227561e+00   3.1563418e-02   1.7391965e-03  -2.3583818e-02
   5.5191775e-01   1.0814464e-01   1.8342614e+00   3.3062009e-02   2.3568734e-03  -2.2754216e-02
   5.5200258e-01   2.2573015e-01   1.6810436e+00   3.4625524e-02   2.1157208e-03  -2.2505448e-02
   5.6220486e-01   2.4755629e-01   1.6438738e+00   3.5952975e-02   1.9703951e-03  -2.2795996e-02
   5.4037187e-01   2.6331740e-01   1.5851274e+00   3.5203026e-02   1.5887266e-03  -2.3413106e-02
   5.4854974e-01   2.8176987e-01   1.6355021e+00   3.5599360e-02   2.0152942e-03  -2.4221408e-02
   5.8197175e-01   2.7153537e-01   1.6887044e+00   3.7393590e-02   2.7720796e-03  -2.5217201e-02
   6.4538557e-01   2.9899889e-01   1.5503242e+00   3.6118218e-02   3.2046590e-03  -2.4512630e-02
   6.8349254e-01   2.3617316e-01   1.3956497e+00   3.6935952e-02   2.5945905e-03  -2.3111337e-02
   6.8369736e-01   2.7857766e-01   1.6037586e+00   3.5589378e-02   2.0737954e-03  -2.2916884e-02
   7.0028466e-01   3.2153686e-01   1.5187487e+00   3.5747372e-02   1.7953556e-03  -2.4092860e-02
   6.9381113e-01   2.0059236e-01   2.0303693e+00   3.2928966e-02   2.2399561e-03  -2.3530245e-02
   6.9383157e-01   2.2051595e-01   2.0354486e+00   3.0730608e-02   1.6790103e-03  -2.4754189e-02
   7.2845308e-01   1.5551883e-01   1.8373872e+00   3.3100221e-02   2.1387851e-03  -2.4009087e-02
   7.4978405e-01   1.7334407e-01   1.8558594e+00   3.2776934e-02   2.4246176e-03  -2.4128887e-02
   7.5963458e-01   1.6730544e-01   1.8921400e+00   3.3391319e-02   2.1866417e-03  -2.3804193e-02
   7.5376550e-01   2.2472677e-01   1.6442411e+00   3.1056821e-02   1.0110779e-03  -2.4422983e-02
   7.7408883e-01   1.8177418e-01   1.5299805e+00   3.0335096e-02   3.6570093e-04  -2.5250459e-02
   7.8093304e-01   2.2046109e-01   1.7089996e+00   3.1514072e-02   7.8808598e-04  -2.5352154e-02
   7.3906500e-01   2.6634943e-01   1.7933015e+00   3.2295141e-02   4.7189234e-04  -2.4787463e-02
   7.4885422e-01   2.0538572e-01   1.8875265e+00   3.1969887e-02  -6.7486414e-04  -2.6252947e-02
   7.6520154e-01   1.4753947e-01   1.7119486e+00   3.2907772e-02  -7.7068992e-04  -2.7538476e-02
   4.4165999e-01   1.7018778e-01   1.9228455e+00   2.5063659e-02  -2.1268862e-03  -3.1087584e-02
   4.5433840e-01   6.8097658e-02   2.4873600e+00   2.2549038e-02  -8.0826558e-04  -3.3612760e-02
   4.6645157e-01   7.0204674e-02   2.5800185e+00   2.1976683e-02   6.3878299e-04  -3.3744594e-02
   4.8637365e-01  -3.3483070e-02   2.6067899e+00   2.4470944e-02  -2.2711426e-04  -3.3555068e-02
   4.4048968e-01  -6.2601955e-02   2.3760960e+00   2.7063832e-02  -7.1880041e-04  -3.3089418e-02
   4.1304669e-01   1.1479361e-01   2.4899836e+00   2.5889345e-02  -2.7089536e-03  -2.8966179e-02
   4.0878476e-01   2.0012434e-01   2.6843614e+00   2.5186625e-02  -3.6948580e-03  -2.7181809e-02
   4.6073209e-01   9.8216440e-02   2.6725592e+00   2.2985502e-02  -3.2001910e-03  -2.7865276e-02
   4.3407429e-01   2.3788068e-02   2.5081071e+00   2.2306677e-02   1.0295531e-04  -2.6439215e-02
   4.2312735e-01   8.4837811e-02   2.4968929e+00   1.9732311e-02   2.8183296e-03  -2.6678633e-02
   4.8401980e-01   5.1882442e-02   2.4419129e+00   2.1091858e-02   1.4675185e-03  -2.6977825e-02
   4.8198917e-01   6.9047226e-02   2.5640913e+00   2.0782697e-02   2.3670898e-03  -2.7333175e-02
   4.0083878e-01  -5.2916743e-02   3.1907357e+00   2.2768967e-02   2.4236254e-04  -3.0273726e-02
   4.0920662e-01  -1.9672926e-01   3.3412460e+00   2.2928138e-02   1.0365278e-03  -3.1149328e-02
   3.0992043e-01  -5.8602725e-02   3.2725173e+00   2.6990127e-02  -1.9544804e-03  -2.8146857e-02
   3.2295500e-01  -7.6470594e-02   3.3455899e+00   2.4314526e-02  -2.9074450e-03  -2.9575501e-02
   3.6186631e-01  -5.5723351e-02   3.3003172e+00   2.3681970e-02  -2.1115062e-03  -3.0978786e-02
   3.8645214e-01  -9.8155175e-02   3.3526658e+00   2.3795902e-02  -1.4600417e-03  -3.0561998e-02
   4.2296299e-01  -1.2161963e-01   3.3783316e+00   2.3851104e-02  -1.3042953e-03  -3.1263955e-02
   3.8614975e-01  -9.9425482e-02   3.4052854e+00   2.5135466e-02  -1.6569283e-03  -3.2858019e-02
   3.4343048e-01  -9.5482027e-02   3.0404384e+00   2.4706424e-02  -1.1981032e-03  -3.5126398e-02
   3.8604335e-01  -5.2011696e-02   2.9505007e+00   2.4466970e-02  -2.5547928e-04  -3.4903348e-02
   3.9923757e-01  -1.9131847e-02   2.9569066e+00   2.4799166e-02  -8.8858299e-04  -3.5849610e-02
   3.9083725e-01   1.5753830e-02   2.9780325e+00   2.3388316e-02  -1.6771814e-03  -3.4992115e-02
   3.9353412e-01  -1.5292932e-02   3.0552109e+00   2.4343312e-02  -2.2152203e-03  -3.6764922e-02
   3.9318611e-01  -3.0470831e-02   3.3052872e+00   2.6248973e-02   2.2520607e-04  -3.4476230e-02
   5.1603754e-01   1.0132950e-01   2.6044140e+00   2.9725052e-02   2.6339952e-03  -2.7446907e-02
   6.2186405e-01   8.3691595e-02   2.9683631e+00   2.5905029e-02   2.5482890e-03  -2.9485686e-02
   5.8022081e-01   8.2940344e-02   1.9297886e+00   3.2411577e-02  -7.1376728e-04  -2.9965485e-02
   3.6256106e-01  -9.4571462e-02   2.0493622e+00   4.2313865e-02  -1.4378538e-03  -3.3127406e-02
   3.7850294e-01   3.2658454e-01   2.4651650e+00   3.6429454e-02  -3.0946641e-04  -3.3239819e-02
   2.7922996e-01   2.1935271e-01   1.6793027e+00   3.9177982e-02   1.5119808e-03  -2.8219091e-02
   2.4612467e-01   2.3755159e-01   1.8803877e+00   4.4254899e-02   2.6848865e-03  -2.3498489e-02
   2.5350875e-01   3.5501940e-01   1.6436033e+00   4.5761602e-02   3.5247233e-03  -2.5131426e-02
