   0.0000000e+00   0.0000000e+00  -7.1054274e-15  -2.7755576e-17  -8.6736174e-19  -2.4074124e-35
   8.7127516e-04  -1.9714994e-02   1.2316597e-03  -2.5291975e-04   3.2416364e-04   3.7866548e-05
   5.0514480e-03   1.4620491e-03   1.2849052e-03   1.9252293e-05   2.7970961e-04   1.6580173e-04
   3.6059325e-03  -1.0847381e-02  -2.2090614e-02  -2.2770388e-04   3.1801740e-04   4.1213363e-04
   6.0081970e-03  -1.6949153e-02  -1.3345965e-03  -5.3963132e-04   2.1946478e-04   3.8622123e-04
   5.4677119e-03  -1.5561778e-02   1.1781466e-02  -8.9288627e-04   2.7277103e-04   5.2183651e-04
   1.2109091e-02  -3.8268376e-02   6.9763483e-03  -8.0889319e-04   1.5541420e-04   8.2390068e-04
   7.3164385e-03  -3.0658928e-02  -5.0572975e-03  -8.5532883e-04   3.3322724e-05   9.6789209e-04
  -1.2130233e-02   2.2117159e-03   6.5718791e-02  -1.7266390e-03  -1.0520161e-04   2.4729099e-04
  -1.2513248e-02   1.0857566e-02   4.2945016e-02  -6.7745064e-04  -3.7382086e-04   1.5177967e-03
  -8.1842227e-03  -1.0704325e-03   1.0073758e-01  -9.4139682e-04   5.7658826e-06   3.2142305e-04
  -9.8743819e-02  -1.7472663e-02   1.7356430e-03   1.9478089e-03   6.5275482e-05  -6.2518038e-03
  -6.9021368e-02  -5.1560334e-03  -2.0955571e-02   1.7133111e-03   1.1974928e-04  -3.0657856e-03
  -5.5430151e-02   2.2087460e-02   3.6759007e-03   7.8728781e-04   1.8665751e-04  -2.9001892e-03
  -6.2623368e-02   5.9278705e-02   1.8439760e-02   2.1793713e-03  -3.1883798e-04  -1.5944935e-03
  -5.3696523e-02   7.2031527e-02   3.9205251e-02   3.0001097e-03  -9.0055191e-04  -4.2437779e-04
  -4.7532869e-02   2.4902389e-02   1.3766993e-02   1.8486832e-03  -2.2676532e-04  -1.0515741e-03
  -5.1336921e-02   4.3709190e-02   8.4749610e-03   1.6682590e-03  -2.4186226e-04  -6.6095371e-04
  -4.7199429e-02   4.3361610e-02  -1.0775816e-02   1.2214452e-03  -1.2194829e-04  -7.4016337e-04
  -3.9755318e-02   3.9405054e-02  -4.7086153e-03   1.5988585e-03   8.6405760e-05  -4.3098495e-04
  -3.4872315e-02   2.8418012e-02   5.5828496e-03   1.0491600e-03   4.8705471e-04  -3.7470089e-04
  -3.0462523e-02   5.8271827e-02   5.2117001e-02   8.8045473e-04   4.4485283e-04  -4.8889128e-04
  -3.1082186e-02   2.4935328e-02   3.7788700e-02   7.6754642e-04   4.9023832e-04  -4.4612510e-04
  -2.7497714e-02   5.1902217e-02   4.7014532e-02   8.8525940e-04   4.4189182e-04  -4.8654072e-04
  -2.9351727e-02   5.6095571e-02   3.8175336e-02   4.3445019e-04   6.8953439e-04  -6.2998027e-04
  -3.4292922e-02   5.9337986e-02   9.1709270e-02   1.7446420e-03   6.1253268e-04  -7.5182539e-04
  -3.0331639e-02   3.4797813e-02   6.9167480e-02   2.1248083e-03   7.8561860e-04  -8.5725093e-04
  -1.5693738e-02   3.5166457e-02   7.9090814e-02   2.2206968e-03   1.2783891e-03  -1.4576483e-03
  -1.3921750e-02   9.3494846e-02   4.1223376e-02   2.6859721e-03   1.4768091e-03  -1.1211606e-03
  -1.2125140e-02   5.3862926e-02   6.4835923e-02   2.2566644e-03   1.4913308e-03  -1.0831229e-03
  -1.2196858e-02   7.8630676e-02   5.8783133e-02   2.0463220e-03   1.5377083e-03  -8.9828770e-04
  -8.1501258e-03   5.1870443e-02   4.0473616e-02   1.6774688e-03   1.5025444e-03  -7.7464766e-04
  -1.1018399e-02   4.2289657e-02   5.5008334e-02   2.1202921e-03   1.2211998e-03  -7.1107489e-04
  -1.4566343e-02   4.9741224e-02   6.5558585e-02   2.1277067e-03   1.2013837e-03  -6.2007100e-04
  -1.9286217e-02   5.9692282e-02   6.2512085e-02   2.3554077e-03   1.1836488e-03  -5.8233095e-04
  -1.7403479e-02   4.5927659e-02   5.6262795e-02   2.0811485e-03   1.0962185e-03  -5.9345453e-04
  -2.1667816e-02   5.4364536e-02   6.4348799e-02   2.3544661e-03   9.2065240e-04  -7.5387795e-04
  -2.8390683e-02   6.2509411e-02   6.7228561e-02   2.4078137e-03   7.9408960e-04  -7.5005426e-04
  -2.4342222e-02   4.6580945e-02   7.4087859e-02   2.5272508e-03   9.9593623e-04  -6.1876888e-04
  -2.1123927e-02   5.3208035e-02   7.7511105e-02   1.8742238e-03   1.1585551e-03  -7.2851758e-04
  -2.1259728e-02   5.5639445e-02   6.7552923e-02   2.1671113e-03   1.0744683e-03  -5.7200154e-04
  -1.3994366e-02   4.0647439e-02   6.3766496e-02   2.1326738e-03   1.1522668e-03  -4.7452116e-04
  -1.1728214e-02   5.9170569e-02   1.0059404e-01   1.9758361e-03   1.3815869e-03  -4.0746062e-04
  -1.0718794e-02   6.0194909e-02   7.5107466e-02   1.5680287e-03   1.2750293e-03  -2.6364660e-04
  -1.2293070e-02   5.5428539e-02   8.0186978e-02   1.8212510e-03   1.3744666e-03  -1.6068124e-04
  -1.0611106e-02   5.2095514e-02   1.0238964e-01   1.8061648e-03   1.5225483e-03  -1.4298474e-04
  -1.3639627e-02   5.2592622e-02   9.0273671e-02   1.6524327e-03   1.5265865e-03  -1.6999387e-04
  -7.8440940e-03   4.0513251e-02   7.5558262e-02   1.2173552e-03   1.4566660e-03  -3.2281249e-04
  -9.5461143e-03   4.6728053e-02   5.5472251e-02   1.4103873e-03   1.3963604e-03  -2.5177238e-04
  -3.8523307e-03   5.1631527e-02   5.1236485e-02   1.3197687e-03   1.9664088e-03  -2.0317386e-04
  -1.1807578e-03   5.2510463e-02   1.2721889e-01   8.5856323e-04   2.0424920e-03  -2.7551756e-04
   5.3918625e-04   3.3174783e-02   1.5393345e-01   4.0081568e-04   1.5753041e-03  -1.0078000e-04
   2.0406035e-03   4.1526282e-02   1.4542602e-01   8.2661144e-04   1.6892074e-03   1.7650856e-04
   6.4462965e-03   7.2648739e-02   1.5088689e-01   4.9169868e-04   1.6588366e-03   2.6125486e-04
   1.0022486e-02   5.4629233e-02   1.4127594e-01   7.7101038e-04   1.7690403e-03   3.2494715e-04
   1.1942172e-02   7.1226777e-02   1.4363941e-01   2.4809896e-04   1.5779467e-03   1.3908539e-04
   1.5112156e-02   4.3971825e-02   1.1195997e-01   1.1064404e-03   1.6417241e-03   2.3762250e-04
   1.4090149e-02   6.6243631e-02   1.8253249e-01   6.0922927e-04   1.8300427e-03   3.0751890e-04
   8.2886014e-03   8.6090084e-02   1.8147570e-01   6.2460798e-04   1.6482635e-03   3.8202507e-04
   1.2060755e-02   4.5159013e-02   1.6009904e-01   6.7416453e-04   1.6620050e-03   4.4872147e-04
   1.1991541e-02   5.1265075e-02   1.6582385e-01   8.1336775e-04   1.7066760e-03   4.5856223e-04
   1.8747785e-02   4.8072890e-02   2.0470884e-01   4.0320874e-05   1.7165316e-03   5.1986097e-04
   2.3136643e-02   5.0081203e-02   2.1421237e-01  -2.3521392e-04   1.8233199e-03   6.8164774e-04
   2.1790701e-02   4.0584028e-02   2.1026341e-01   2.0889862e-05   1.8947081e-03   7.5126790e-04
   1.8759668e-02   6.2286932e-02   2.1370204e-01  -1.4552645e-04   1.8072703e-03   7.4084189e-04
   1.8302975e-02   3.7563679e-02   2.0447033e-01   2.1933043e-05   1.6090775e-03   7.4662964e-04
   2.0160486e-02   4.1349106e-02   2.0767405e-01   5.1298358e-06   1.6860066e-03   6.2162274e-04
   1.8602313e-02   5.4860949e-02   2.0448863e-01  -7.5591334e-05   1.6952709e-03   4.9220187e-04
   1.9685275e-02   6.0422466e-02   2.0986096e-01   3.3589758e-04   1.7583615e-03   5.9763378e-04
   3.4207191e-02   4.4046354e-02   2.0732946e-01  -2.3079453e-04   2.0885149e-03   4.9425750e-04
   4.8751047e-02   1.3884475e-02   2.0829162e-01  -1.2528238e-04   2.7542977e-03   1.2920954e-04
   4.2608720e-02   5.9379320e-02   2.2085791e-01  -2.8282220e-04   2.8963620e-03   3.6533671e-04
   4.0797615e-02   2.4505894e-02   2.2628557e-01  -6.7180761e-04   3.0345652e-03   3.2384766e-04
   3.6751621e-02   4.0370914e-02   2.2041612e-01  -7.6020937e-04   2.8473658e-03   1.3503951e-04
   2.9321603e-02   4.8181897e-02   2.1185108e-01   7.7568593e-04   2.7426822e-03   1.0752901e-04
   3.0427690e-02   4.9623940e-02   2.3419946e-01   5.6957871e-04   2.9179724e-03  -5.7120609e-06
   3.3001847e-02   5.7010730e-02   2.2469642e-01  -7.7603591e-04   2.9243213e-03  -2.7426773e-04
   4.2721379e-02  -5.0493082e-03   2.3634207e-01  -8.1811702e-04   3.3225121e-03  -6.3164905e-05
   3.5885460e-02   4.5501315e-02   2.6299327e-01  -5.9641483e-04   3.3282770e-03  -2.2417593e-04
   3.8519275e-02   1.1347617e-02   2.4388334e-01  -1.0449875e-03   3.3421363e-03   2.2909557e-04
   4.4614215e-02  -1.0645588e-02   2.3117901e-01  -1.8291448e-03   3.2851793e-03   5.0295836e-04
   4.3849534e-02   1.4024666e-02   2.2339750e-01  -1.6106803e-03   3.1951566e-03   5.2645881e-04
   3.5321938e-02  -1.5259264e-03   2.1319947e-01  -1.2686877e-03   2.7667650e-03   7.7654054e-04
   3.2369458e-02   2.3060951e-02   2.2261898e-01  -9.9859634e-04   2.6355811e-03   9.7541398e-04
   3.3465013e-02   3.8687734e-02   2.1596226e-01  -9.5787530e-04   2.7189123e-03   1.0465653e-03
   2.9222115e-02   4.5491307e-02   2.2885562e-01  -6.9986444e-04   2.7324348e-03   9.3721625e-04
   3.2742845e-02   3.2750941e-02   2.2114700e-01  -1.0086316e-03   3.0213429e-03   1.2104894e-03
   3.3841632e-02   4.2613012e-02   2.1770209e-01  -1.0080953e-03   2.9467415e-03   1.2183938e-03
   3.5281592e-02   4.3803734e-02   2.0892791e-01  -1.3534997e-03   2.8405431e-03   1.3057174e-03
   3.4637797e-02   4.0138485e-02   2.1356211e-01  -9.5991681e-04   2.6436489e-03   1.2216925e-03
   3.8115092e-02   2.9436269e-02   2.3902796e-01  -1.1106108e-03   2.7566905e-03   1.1833925e-03
   3.5170989e-02   5.3051875e-02   2.4127914e-01  -1.2284731e-03   2.7830534e-03   1.1635130e-03
   3.6315489e-02   3.2268329e-02   2.2417516e-01  -1.1497333e-03   2.6704799e-03   1.3948732e-03
   3.5467043e-02   3.9890777e-02   2.2703267e-01  -1.2575839e-03   2.6411977e-03   1.4317978e-03
   3.5605672e-02   4.3615331e-02   2.3389120e-01  -1.0777366e-03   2.6819682e-03   1.5498699e-03
   3.6399806e-02   2.8261658e-02   2.1785466e-01  -1.1206287e-03   2.5808932e-03   1.7146923e-03
   3.4098063e-02   1.9748159e-02   2.0891333e-01  -8.1579740e-04   2.7169796e-03   1.5759435e-03
   3.2405937e-02   3.4712254e-02   2.1265169e-01  -1.0082375e-03   2.7407887e-03   1.4869262e-03
   3.4171616e-02   3.6701494e-02   2.2581652e-01  -7.5528030e-04   2.9260224e-03   1.4402668e-03
   2.9438409e-02   2.9174539e-02   2.4477573e-01  -1.5142388e-03   2.8602107e-03   1.2465997e-03
   3.0640000e-02   4.3934041e-02   2.7612683e-01  -1.0059368e-04   2.8900354e-03   9.2749578e-04
   3.1619404e-02   4.9328656e-02   2.6051292e-01  -8.6732064e-04   3.4643624e-03   5.1287775e-04
   3.5118758e-02   1.8416359e-02   2.5837901e-01  -1.1701351e-03   3.0406709e-03   7.0631117e-04
   4.3983329e-02   2.0766759e-02   1.6612355e-01  -8.1920678e-04   2.4791466e-03   9.2074275e-04
   4.8079762e-02  -3.0497284e-02   3.9884018e-02  -2.3846255e-03   3.0993120e-03   1.5642034e-03
   4.6880758e-02   3.1872369e-02   7.4408814e-02  -1.4512304e-03   2.7772701e-03   1.9340301e-03
   2.4319482e-02   4.5175143e-02   6.6089176e-02  -7.5248251e-04   1.7179383e-03   2.0722321e-03
   1.9833322e-02   3.4001335e-02   9.5298442e-02   2.6010632e-04   1.6372377e-03   2.0623926e-03
   1.4217508e-02   5.1760470e-02   1.0240806e-01   3.2708600e-04   1.4497485e-03   1.9971178e-03
   9.5139727e-03   6.1936454e-02   1.0704742e-01   5.5668571e-04   1.2952405e-03   2.0172691e-03
   6.6930233e-03   5.2573272e-02   8.3236046e-02   6.1413334e-04   1.1912622e-03   1.8143195e-03
   9.7539121e-03   5.3609460e-02   1.2633051e-01   3.2030290e-04   1.1915339e-03   1.6679952e-03
   7.3508490e-03   5.8865488e-02   1.0585710e-01   5.6556487e-04   1.0004264e-03   1.5568285e-03
   8.3572714e-03   4.6141329e-02   1.3605760e-01   9.8170348e-04   8.3395385e-04   1.3067589e-03
   3.3191390e-03   4.2181633e-02   1.3786870e-01   9.3617156e-04   8.5771634e-04   1.2824060e-03
  -7.0237962e-04   6.0331619e-02   1.4521015e-01   7.5189638e-04   5.3784912e-04   1.3848662e-03
   2.9527245e-03   3.8564973e-02   1.2047920e-01   1.0267050e-03   4.9542012e-04   1.5583873e-03
  -8.5484007e-04   5.7001141e-02   1.5411382e-01   6.5855451e-04   2.9406699e-04   1.2760230e-03
  -4.9627532e-03   7.9655563e-02   1.6219699e-01   7.9110002e-04   4.0151287e-04   1.2780280e-03
  -5.5394208e-03   7.2554353e-02   1.6971472e-01   5.6090759e-04   2.7978640e-04   1.3859739e-03
  -8.7778367e-03   4.8404649e-02   1.5661758e-01   1.1002510e-03   9.9480379e-05   1.5464040e-03
  -7.2380292e-03   5.6615004e-02   1.8673522e-01   7.6682583e-04   6.1373854e-05   1.3819679e-03
  -6.6727599e-03   5.7464010e-02   1.4226074e-01   1.2735342e-03  -6.2467628e-05   1.6871907e-03
  -4.5175180e-03   6.3853413e-02   2.0057835e-01   1.0079564e-03   1.7705834e-04   1.2436124e-03
  -8.8255674e-03   8.2814321e-02   1.6360983e-01   1.3802867e-03   4.8358781e-04   1.1461160e-03
   4.1371571e-03   6.9856585e-02   1.7430979e-01   8.1233455e-04   1.2641512e-03   1.0964981e-03
   8.6500597e-03   4.7357093e-02   1.2881496e-01   2.7967825e-04   7.6201901e-04   1.1066725e-03
  -1.9317663e-03   3.2861820e-02   2.3238981e-01  -4.6972058e-04   8.2522413e-04   9.6658263e-04
   8.8069849e-03   1.0624520e-01   3.0836946e-01   1.4572979e-03   8.5032611e-04   9.1081959e-04
   1.7979851e-02  -6.6810195e-03   2.4539060e-01   2.8958772e-03   8.3489840e-04   1.1775573e-03
   2.0609805e-02   1.0681236e-01   2.6435452e-01   1.4162031e-03   1.2029831e-03   1.0472046e-03
   1.7508689e-02   4.2501109e-02   2.9372310e-01   2.3315067e-03   8.2645256e-04   1.4029532e-03
   2.1059463e-02   1.0578037e-01   2.7207454e-01   3.0645319e-03   1.1585794e-03   1.3229205e-03
   3.4609091e-02   5.5338509e-02   2.7157361e-01   4.9199513e-03   2.2431805e-03   1.0989190e-03
   4.6195492e-02   7.0219029e-02   2.8553993e-01   2.8245209e-03   2.9534508e-03   1.3373837e-03
   4.8023643e-02   6.0512735e-02   2.8913203e-01   3.5087953e-03   2.8788478e-03   1.4951879e-03
   4.9049032e-02   5.0100562e-02   2.9237870e-01   2.8048382e-03   2.4356147e-03   1.4938783e-03
   5.2959206e-02   4.1363356e-02   2.7848057e-01   3.0600531e-03   2.7040048e-03   1.5999397e-03
   5.2805085e-02   5.7269197e-02   2.6550403e-01   2.2463112e-03   2.6414028e-03   1.5155126e-03
   5.9580240e-02   3.8340734e-02   2.5693112e-01   2.9168013e-03   2.6734451e-03   1.5348005e-03
   6.1985249e-02   3.7789894e-02   2.7095578e-01   2.1240555e-03   3.0154556e-03   1.3304933e-03
