   0.0000000e+00  -7.1054274e-15   0.0000000e+00   0.0000000e+00   0.0000000e+00   1.7347235e-18
  -5.5703564e-02   4.2225224e-02   4.0143983e-01   5.5629833e-03  -1.7532702e-03   6.2905888e-06
   6.5419121e-02   1.5242220e-01   1.0030473e+00   2.4312947e-02  -4.6744620e-03  -3.0280293e-03
   3.9765631e-02   1.4589126e-01   9.3088104e-01   2.2133535e-02  -1.5228178e-03  -1.9342973e-03
   2.8765129e-02   1.6493876e-01   8.7968082e-01   2.0596876e-02  -4.2198139e-04  -1.7377962e-03
   5.6833098e-02   1.6919485e-01   1.1181020e+00   2.3285067e-02  -7.4072173e-05  -2.4165381e-03
   1.2540285e-02   1.6030751e-01   1.0196436e+00   2.3414241e-02   1.0197789e-03  -3.1154059e-03
   3.5719353e-02   1.6974839e-01   1.0607416e+00   1.9643191e-02   1.0689198e-03  -4.4218760e-03
  -1.4992945e-02   1.8589135e-01   1.3467478e+00   1.8428012e-02   1.8804334e-04  -2.4605890e-03
  -2.2765172e-02   1.5588294e-01   1.0849670e+00   1.8863695e-02   7.2166839e-04  -2.3736620e-03
   4.9496072e-03   1.4599160e-01   1.2014336e+00   1.9200732e-02   2.3948693e-04  -2.6947616e-03
   1.0013231e-02   1.8547858e-01   1.1825625e+00   1.9732320e-02   4.4558573e-04  -2.9332938e-03
  -2.7044060e-03   1.9450377e-01   1.2249633e+00   1.7865618e-02  -1.3460902e-04  -2.6509592e-03
   1.2009578e-02   1.9366914e-01   1.1356880e+00   1.5363472e-02  -5.9366485e-04  -2.4358773e-03
  -7.3708001e-03   1.6786817e-01   1.0838810e+00   1.2643769e-02  -1.6418293e-03  -1.5490131e-03
   1.1685798e-03   1.8042745e-01   8.3288044e-01   9.1032679e-03  -2.3494567e-03  -1.1178335e-03
   2.2791117e-02   1.8869690e-01   1.3716514e+00   1.7104261e-02  -3.0225116e-03  -3.7428115e-03
  -5.9604852e-02   1.9752876e-01   1.4884863e+00   1.7628009e-02  -2.4618448e-03  -3.0178905e-03
  -9.5141527e-02   2.2496501e-01   1.5120312e+00   1.7283448e-02  -2.4664243e-03  -2.9798730e-03
  -8.7133013e-02   1.9047804e-01   1.5129913e+00   1.6254334e-02  -2.2366733e-03  -3.4035243e-03
  -4.0371084e-02   1.9580309e-01   1.6036043e+00   1.7640011e-02  -2.7921168e-03  -4.5026814e-03
  -2.8657507e-02   2.0668399e-01   1.6228244e+00   1.7823483e-02  -2.0599933e-03  -4.9862389e-03
  -1.4387557e-02   2.2077256e-01   1.6727875e+00   1.8106828e-02  -2.2719169e-03  -5.3226839e-03
  -7.4670687e-03   1.6939869e-01   1.6435682e+00   1.7253975e-02  -1.9791560e-03  -5.2872437e-03
  -7.7174244e-03   2.0295869e-01   1.7166934e+00   1.8256703e-02  -2.0597208e-03  -5.5293605e-03
  -2.5288288e-02   2.0581469e-01   1.6947756e+00   1.6387827e-02  -3.8489654e-04  -5.1766973e-03
  -1.3096910e-02   2.2687273e-01   1.7382438e+00   1.4503314e-02   5.8082934e-05  -4.6278721e-03
  -4.1677338e-02   2.0166727e-01   1.6900036e+00   1.4923538e-02  -2.7747109e-04  -4.3486182e-03
  -4.2016515e-02   2.3275053e-01   1.6500092e+00   1.2032204e-02  -1.0698426e-03  -3.7125054e-03
  -5.4030594e-02   2.0585943e-01   1.5681891e+00   1.2740409e-02  -1.5438170e-03  -3.2512676e-03
  -4.6379782e-02   2.3106312e-01   1.6169218e+00   1.1581491e-02  -1.4119911e-03  -3.6845141e-03
  -4.5441173e-02   2.2062085e-01   1.5574379e+00   1.4476117e-02  -1.2981190e-03  -3.9141746e-03
  -2.2826304e-02   2.4235262e-01   1.7240142e+00   1.5139257e-02  -1.8728588e-03  -4.1958296e-03
   7.6501819e-03   2.7292019e-01   1.6765941e+00   1.6667198e-02  -1.6584241e-03  -4.7917938e-03
   2.6073573e-02   1.6375392e-01   1.9411623e+00   1.7643462e-02  -2.6254977e-03  -5.1661150e-03
   1.3275752e-02   3.2958185e-01   2.4116519e+00   1.7095830e-02  -3.1539704e-03  -6.3135957e-03
   3.6967254e-02   1.6975333e-01   2.2184253e+00   1.4085918e-02  -3.1509066e-03  -5.6749494e-03
   2.6156410e-02   1.9200270e-01   1.9313018e+00   1.0133662e-02  -5.4362560e-03  -4.3981941e-03
   8.3037004e-03   1.8993370e-01   1.9654566e+00   7.7710653e-03  -6.7190568e-03  -4.0431373e-03
   2.5258450e-02   2.1425025e-01   1.8750853e+00   9.8158830e-03  -6.0205265e-03  -6.0876751e-03
  -4.9102329e-02   1.7798633e-01   1.9940624e+00   1.3712163e-02  -5.1081373e-03  -5.0012844e-03
  -1.0396611e-02   2.4547617e-01   9.6569351e-01   2.0103707e-02  -4.3673568e-03  -4.9324823e-03
  -3.9210312e-03   2.9953629e-01   1.3033083e+00   1.5871782e-02  -3.7014092e-03  -3.6057347e-03
  -1.0355012e-02   2.6440174e-01   1.7825511e+00   1.0284724e-02  -4.5123726e-03  -3.3425299e-03
  -7.2723953e-02   2.0101692e-01   1.6092475e+00   1.0140472e-02  -4.0666541e-03  -3.0743755e-03
  -3.0242543e-02   1.8864594e-01   1.7127632e+00   9.5137154e-03  -4.0703789e-03  -3.5423460e-03
  -2.4207852e-02   1.8125041e-01   1.6664190e+00   9.7624522e-03  -3.8477524e-03  -3.8614553e-03
  -1.2262432e-02   1.8608422e-01   1.7372169e+00   9.7696830e-03  -3.4210914e-03  -4.1687507e-03
  -9.9687520e-03   1.6567347e-01   1.7287509e+00   9.7913906e-03  -3.8544196e-03  -4.4009702e-03
  -3.2646238e-03   1.3716764e-01   1.6963409e+00   1.0283790e-02  -2.8666009e-03  -4.4284648e-03
  -1.7313040e-02   7.1941629e-03   2.4777063e+00   9.4231917e-03  -3.5983023e-03  -5.6673904e-03
  -6.5526627e-02  -4.0213272e-02   3.8558985e+00   8.0929158e-04  -3.7277236e-03  -6.5990962e-03
  -1.5793751e-01  -6.4208384e-01   3.8762507e+00  -6.9080323e-03  -4.5339005e-03  -7.2015780e-03
  -6.8673538e-02  -8.1647036e-01   3.7375372e+00  -7.0708078e-03  -2.3782168e-03  -6.1918648e-03
  -6.2891853e-02  -4.8293785e-01   3.4229958e+00  -1.2275221e-02  -2.7883392e-03  -7.5167624e-03
  -1.0619311e-01  -4.5430664e-01   3.5511702e+00  -9.3449757e-03  -5.4674016e-03  -6.4223873e-03
  -8.6271346e-02  -2.7060655e-01   2.7029730e+00  -9.4757182e-03  -3.8182856e-03  -6.3705375e-03
  -3.9115120e-02  -1.6205228e-01   2.1213948e+00  -3.4153979e-03  -4.0115999e-03  -5.6423775e-03
  -1.1580654e-01  -2.4424694e-01   2.1554308e+00  -2.8757621e-03  -3.3149153e-03  -4.0687442e-03
  -1.2153931e-01  -1.2962554e-01   1.9426269e+00  -2.6524174e-03  -4.4524628e-03  -4.3839841e-03
  -1.4823653e-01  -1.7675314e-01   2.1880694e+00  -6.2688158e-04  -4.2180901e-03  -4.8805892e-03
  -1.2429908e-01  -7.5659870e-02   2.1002058e+00   6.8904352e-04  -5.0119968e-03  -4.6505133e-03
  -8.9747496e-02  -1.3935526e-01   2.1664105e+00  -1.2144971e-03  -4.9766057e-03  -4.8155465e-03
  -9.6736398e-02  -6.9041352e-02   2.0518770e+00  -2.2491277e-03  -8.4300130e-03  -4.8911096e-03
  -1.3526191e-01  -9.7578765e-02   1.9965224e+00  -4.5142463e-03  -9.1255092e-03  -4.4779699e-03
  -1.4804165e-01  -1.1205244e-01   2.0152960e+00  -2.3364354e-03  -7.5767584e-03  -5.1730540e-03
  -1.7286265e-01  -5.9386057e-02   2.0593509e+00  -1.5594854e-03  -7.8121834e-03  -4.6561101e-03
  -1.5472944e-01  -9.1461615e-02   2.0012243e+00  -1.4297671e-03  -6.7205247e-03  -4.5091831e-03
  -1.3168331e-01  -6.5484244e-02   2.0869875e+00  -1.7387602e-03  -5.8697120e-03  -4.4275139e-03
  -1.2708035e-01  -6.2737933e-02   2.0491266e+00   3.0217411e-04  -5.9880082e-03  -4.7930263e-03
  -1.7715492e-01  -6.8965433e-02   2.0850364e+00   6.8256761e-04  -5.7492251e-03  -4.3997694e-03
  -1.7235094e-01  -2.1288212e-02   2.0549261e+00   1.6483326e-03  -5.7272942e-03  -4.8340506e-03
  -1.5891729e-01  -5.9343470e-02   2.2287857e+00   2.3087337e-03  -5.3625231e-03  -5.1136969e-03
  -1.2834020e-01  -3.6347804e-02   2.1347672e+00   1.6340643e-03  -6.1178953e-03  -5.0426783e-03
  -1.1949482e-01  -7.5981962e-02   2.2461256e+00  -5.3058678e-04  -6.7412688e-03  -4.9720299e-03
  -1.2611105e-01  -1.9579548e-03   2.1825276e+00   1.7704562e-03  -6.3970518e-03  -5.6996860e-03
  -2.1212140e-01  -1.7188016e-01   3.1040866e+00  -4.6076362e-03  -9.3356223e-03  -4.6471437e-03
  -2.2857973e-01  -2.1940111e-01   2.9645317e+00  -6.5454975e-03  -9.5425956e-03  -4.4315187e-03
  -2.1851882e-01  -1.2185278e-01   2.6838949e+00  -5.2647702e-03  -8.2683407e-03  -4.8863796e-03
  -2.4149311e-01  -1.3231826e-01   2.9614704e+00  -7.4440697e-03  -7.2503926e-03  -3.8305866e-03
  -2.7047825e-01  -1.6714503e-01   2.8557175e+00  -7.9214102e-03  -6.8223284e-03  -3.0309954e-03
  -2.4745014e-01  -1.4217107e-01   2.8983490e+00  -7.7915057e-03  -7.6846600e-03  -3.0966115e-03
  -2.3226447e-01  -1.8542549e-01   2.8593682e+00  -8.7371635e-03  -7.4060380e-03  -2.9599280e-03
  -2.4020671e-01  -1.8926744e-01   2.9618932e+00  -8.7673528e-03  -8.0702890e-03  -2.8455623e-03
  -2.0822064e-01  -1.9056793e-01   2.8538629e+00  -1.0635038e-02  -8.1849243e-03  -2.7410498e-03
  -1.7112175e-01  -2.1621734e-01   2.8696205e+00  -9.8441281e-03  -9.2859613e-03  -2.4761187e-03
  -1.8370029e-01  -2.0202708e-01   2.6861937e+00  -1.2696002e-02  -8.6424171e-03  -2.8321197e-03
  -1.5520718e-01  -3.3992854e-01   2.4492796e+00   1.2127317e-02  -1.0763186e-02  -4.0505972e-03
  -1.2302445e-01   1.5527160e-01   2.7538229e+00   2.9140120e-02  -1.0595961e-02  -5.6244775e-03
  -7.1910824e-02   1.7648544e-01   2.4886982e+00   2.0374944e-02  -9.3853090e-03  -6.4067416e-03
  -5.4123141e-02   1.0950028e-01   2.5713799e+00   2.1786674e-02  -8.9220636e-03  -6.7322580e-03
  -3.7453653e-02   1.0463587e-01   2.5387726e+00   1.9217373e-02  -8.7921828e-03  -6.5634355e-03
  -2.7795762e-02   1.3290386e-01   2.6010954e+00   2.0297722e-02  -8.0571131e-03  -6.8171481e-03
  -1.2024668e-02   7.2821019e-02   2.6346283e+00   1.8882482e-02  -8.0247948e-03  -6.5978838e-03
  -1.9615101e-02   1.4120661e-01   2.6851570e+00   1.8763668e-02  -7.9283843e-03  -6.6749459e-03
  -2.1771240e-02   1.2671277e-01   2.5837812e+00   1.9403944e-02  -7.5590908e-03  -7.6979813e-03
  -3.9635829e-02   8.6230779e-02   2.6325410e+00   2.1033862e-02  -8.1689000e-03  -7.2606694e-03
  -5.3094012e-02   1.3454881e-01   2.5917777e+00   1.9884404e-02  -7.5063286e-03  -7.5103071e-03
  -5.4210691e-02   1.0850131e-01   2.5610929e+00   1.8507313e-02  -8.0741025e-03  -7.1232480e-03
  -5.5941621e-02   1.0171445e-01   2.5779097e+00   1.7868238e-02  -7.8021020e-03  -6.9960210e-03
  -8.7733463e-02   9.7135764e-02   2.4907603e+00   1.5981592e-02  -7.8746516e-03  -6.2033432e-03
  -7.4073242e-02   1.0363543e-01   2.4421234e+00   1.4524932e-02  -8.4206889e-03  -5.4163899e-03
  -8.5587771e-02   7.9950438e-02   2.5277481e+00   1.5419055e-02  -7.7585427e-03  -5.6068054e-03
  -7.4517485e-02   1.8486905e-01   2.4923154e+00   1.5615076e-02  -8.4696263e-03  -5.0743739e-03
  -6.6936136e-02   1.8497500e-01   2.7108815e+00   1.8181627e-02  -7.8743506e-03  -5.0050096e-03
  -5.4927736e-02   1.9666595e-01   2.4253566e+00   1.4176998e-02  -8.9398818e-03  -4.6194254e-03
  -9.0207215e-02   1.8392140e-01   2.4379854e+00   1.3220553e-02  -1.0090239e-02  -3.2963329e-03
  -8.1530929e-02   1.7991731e-01   2.5817301e+00   1.6041413e-02  -8.1933087e-03  -4.6406438e-03
  -8.5715760e-02   1.9522663e-01   2.4746962e+00   1.4662777e-02  -8.1996139e-03  -4.1425321e-03
  -3.0886144e-02   1.3081689e-01   2.4972344e+00   1.6015104e-02  -8.3814869e-03  -4.5140606e-03
  -5.6620793e-02   1.5506519e-01   2.4165614e+00   1.3138315e-02  -1.0582992e-02  -2.9480587e-03
  -5.2537156e-02   2.2773345e-01   2.3691827e+00   1.4900602e-02  -9.8983522e-03  -4.1626375e-03
  -8.6543934e-02   1.5683230e-01   2.5915608e+00   1.5921020e-02  -7.9514345e-03  -4.6542798e-03
  -7.8070630e-02   2.1964296e-01   2.3760921e+00   1.4920595e-02  -7.9947421e-03  -4.4099515e-03
  -1.1360052e-01   1.5532523e-01   2.7266040e+00   1.4329574e-02  -7.8915797e-03  -3.9872962e-03
  -8.9053707e-03   3.0947272e-01   1.9835473e+00   1.7921768e-02  -8.1854514e-03  -5.4183850e-03
   5.2541168e-02   2.8378020e-01   2.1057278e+00   2.4488121e-02  -9.6371643e-03  -7.0235800e-03
  -8.5255359e-02   4.1086038e-01   2.9101097e+00   1.1734461e-02  -8.7008094e-03  -5.7319136e-03
  -1.9918099e-02   2.5905613e-01   2.8158456e+00   1.1541672e-02  -8.2117900e-03  -6.6930847e-03
  -3.1515511e-02   2.0576842e-01   2.9284276e+00   1.1200702e-02  -7.8628897e-03  -6.6231597e-03
  -1.1901363e-02   2.4157929e-01   2.8793838e+00   1.1230154e-02  -7.7022802e-03  -6.7998097e-03
  -3.0757474e-02   1.8947686e-01   2.9508539e+00   1.0250653e-02  -7.4672170e-03  -6.4815092e-03
  -1.2640558e-02   1.8136964e-01   2.8768555e+00   9.5593613e-03  -7.3928900e-03  -6.4694021e-03
  -5.1075903e-02   1.6659961e-01   2.8508169e+00   6.3210713e-03  -8.2085915e-03  -5.7053725e-03
  -5.6073143e-02   1.3886912e-01   2.8230847e+00   5.2485606e-03  -9.2155856e-03  -4.4624762e-03
  -7.3555037e-02   1.6177718e-01   2.7926762e+00   4.3489902e-03  -8.7329270e-03  -4.7740940e-03
  -5.9812867e-02   1.3305189e-01   2.7454371e+00   4.7251312e-03  -8.5089354e-03  -5.3263992e-03
  -7.0544492e-02   1.5354702e-01   2.7204852e+00   3.6561847e-03  -8.3299272e-03  -4.9662238e-03
  -6.1983285e-02   1.6880805e-01   2.6716427e+00   2.0888017e-03  -8.9264576e-03  -4.5975763e-03
