   0.0000000e+00   0.0000000e+00   0.0000000e+00   0.0000000e+00   0.0000000e+00   0.0000000e+00
  -3.0852809e-03  -2.6996618e-03   2.0108433e-02  -4.8152205e-04   2.0473758e-04   7.0458575e-05
  -5.4328086e-03  -1.6285327e-02   2.9269189e-02  -5.1721305e-04  -2.0604957e-04   6.0188970e-04
   1.9793102e-02  -2.9429478e-02   6.5014335e-03  -1.4186163e-03  -8.8890654e-05   9.2519923e-04
   9.4877989e-03   1.9385545e-02   1.0067945e-03  -1.5305588e-03  -5.1613803e-04   2.2415875e-04
   2.4328951e-03   1.1758939e-02  -5.0135278e-04  -1.7047792e-03  -1.1522706e-03   2.2389258e-04
   1.0866096e-02  -1.4804156e-02   1.5780816e-02  -1.6937192e-03  -1.3784090e-03  -3.4598657e-04
   5.3056541e-03  -2.5254539e-02   3.0585446e-02  -1.3794636e-03  -1.9518367e-03  -3.0574651e-04
   1.4529433e-02   1.0776162e-02   6.0441094e-02  -1.2617488e-03  -2.3157311e-03  -5.2474753e-04
   1.3788013e-02   5.1683352e-03   1.0605893e-02  -1.8697314e-03  -2.1996105e-03  -4.9160841e-04
   2.3070730e-02   3.2028672e-05   3.0726390e-02  -1.4630828e-03  -2.4361297e-03  -7.5565487e-04
   5.9325958e-02   3.5501986e-03   3.2551108e-02  -2.1572609e-03  -2.9623240e-03  -6.0360218e-04
   6.4807491e-02   2.1517224e-02   5.8845913e-02  -2.1305258e-03  -2.9558974e-03  -8.4880464e-04
   6.6112626e-02   2.3267810e-02   5.9835792e-03  -2.3943076e-03  -3.2302253e-03  -6.7222838e-04
   6.9742032e-02  -3.9486047e-02  -2.8652902e-02  -1.3248539e-03  -3.3625521e-03  -8.5910143e-04
   4.2207459e-02   3.1569191e-02  -2.8378965e-03  -2.4787650e-03  -3.2642058e-03  -7.3417903e-04
   6.3106758e-02  -5.0712011e-02   3.5978635e-02  -4.0709326e-04  -4.2949622e-03  -3.9165584e-04
   1.1516515e-01  -2.5106814e-02   1.1074603e-01   2.3973746e-03  -4.7308747e-03  -1.3447527e-03
   5.7033528e-02   7.4263689e-02   3.6221937e-02  -1.1526550e-03  -3.9056838e-03  -6.4890549e-04
   6.4730915e-02   5.5034242e-03   4.3524137e-02  -1.7193751e-03  -4.3141816e-03  -3.1626866e-04
   5.2784937e-02   1.8010446e-02   6.7346947e-02  -1.9476969e-03  -3.9985896e-03  -3.0317683e-04
   5.5595883e-02   4.5179480e-02   4.6468456e-02  -1.7207077e-03  -3.7722110e-03  -4.1750266e-04
   5.2708180e-02   2.4498382e-02   4.3490672e-02  -1.9504741e-03  -3.6330753e-03  -3.4757930e-04
   6.2607557e-02   3.6533592e-02   8.8994660e-02  -1.5226488e-03  -3.8654935e-03  -4.4727667e-04
   5.0061551e-02   2.7149897e-02   5.4408592e-02  -1.7667216e-03  -3.5706212e-03  -3.4454108e-04
   4.3834717e-02   2.2728989e-04   6.2829103e-02  -2.4423009e-03  -3.6423786e-03  -1.9527155e-04
   4.2667995e-02   9.8569136e-03   8.4194645e-02  -1.9828367e-03  -3.6477929e-03  -3.3160414e-04
   4.0100405e-02   2.7408198e-02   9.2256898e-02  -1.6723306e-03  -3.4128601e-03  -2.1119330e-04
   3.0108206e-02   9.9624965e-03   4.4162181e-02  -2.2733789e-03  -3.3504487e-03  -5.1652543e-05
   3.5542054e-02   2.8326518e-03   6.1548985e-02  -2.1919702e-03  -3.2449151e-03  -1.7039302e-04
   3.9301415e-02   2.8208771e-02   9.1513188e-02  -1.9279720e-03  -3.5108225e-03  -5.9088534e-05
   3.6060410e-02   4.7247008e-03   7.3573216e-02  -2.3610488e-03  -3.2944001e-03   3.7736693e-06
   2.7998021e-02  -2.2908679e-02   9.5172849e-02  -2.0188213e-03  -2.9155391e-03   4.7338959e-05
   3.4697716e-02  -1.2301049e-02   1.1561234e-01  -2.0422233e-03  -3.0167108e-03  -1.5126468e-04
   3.9114557e-02   1.4976868e-03   1.1993727e-01  -1.9142842e-03  -2.9549772e-03  -3.8754554e-05
   4.4589514e-02   6.5948117e-05   1.0931293e-01  -1.9065651e-03  -2.8767475e-03   4.2569113e-05
   4.7558682e-02  -1.7496717e-02   9.1038248e-02  -2.0219593e-03  -2.8681029e-03   1.3100190e-05
   2.0135741e-02  -7.4861584e-03   9.4366895e-02  -2.0970260e-03  -2.5513530e-03  -1.9410164e-04
   3.4218401e-02   2.3925778e-02   9.3843454e-02  -1.8710490e-03  -2.4504327e-03  -3.4407194e-06
   2.1419879e-02  -4.4406624e-03   7.7424414e-02  -2.1145017e-03  -2.4961101e-03   1.5448685e-04
   1.2282819e-02  -1.0368203e-02   1.0126958e-01  -1.8403081e-03  -2.5539774e-03   1.2547380e-04
   1.0568918e-02   3.0232548e-03   1.0446660e-01  -1.8284728e-03  -2.3935582e-03   1.5587771e-05
   1.0339330e-02  -7.4910519e-03   7.7499586e-02  -2.0090800e-03  -2.2375802e-03   1.5780775e-04
   8.0508726e-03  -2.5397930e-02   9.8402259e-02  -2.0257007e-03  -1.8196065e-03   3.9376662e-04
   1.0029654e-02  -2.2311186e-02   1.1511201e-01  -1.7177776e-03  -1.8873627e-03   2.3539829e-04
   1.1677276e-02  -1.2583379e-02   9.3384611e-02  -2.5127357e-03  -1.7594068e-03   1.7643806e-04
   1.3733644e-02  -1.0458952e-03   9.2110318e-02  -2.0757278e-03  -2.0404135e-03   1.5878373e-04
   2.3848672e-02   3.8351242e-04   6.7258522e-02  -2.3448983e-03  -1.9721956e-03   2.1410935e-04
   2.9489472e-02  -1.5145548e-02   7.8824351e-02  -2.1305151e-03  -1.8933648e-03   3.6255656e-04
   2.1651758e-02  -1.6774342e-02   1.0588064e-01  -2.4041733e-03  -1.8614015e-03   2.6298636e-04
   8.9501457e-03  -8.3679251e-02   2.5345506e-02  -3.3285278e-03  -1.9062550e-03   6.4361325e-04
  -2.3387421e-02  -1.2092546e-01  -1.1111730e-01  -2.3132470e-03  -4.6958592e-04  -3.0631861e-05
  -2.1533120e-02  -6.4294789e-02  -1.0585386e-01   1.8000977e-03  -1.2089847e-03  -1.4139130e-03
   8.3074520e-03   2.0966617e-02   1.6370204e-03   1.8180944e-03  -1.1736139e-03  -1.9745950e-03
  -2.5547476e-02   3.9906538e-02   2.1841266e-02  -2.0934170e-04  -5.9922022e-04  -1.3540888e-03
  -4.0664992e-02   2.8710076e-02  -2.0436165e-02  -1.9656397e-03  -1.7424374e-05  -1.1382972e-03
  -3.2477305e-02   9.6935897e-02  -1.5356006e-02  -2.8516170e-03   1.0168261e-04  -1.4191605e-03
  -3.5929282e-02   3.0723215e-02  -3.8273798e-02  -3.2095634e-03   6.4134977e-04  -1.0681504e-03
  -1.8000773e-02   3.9924518e-02   1.2432704e-02  -1.5057055e-03  -4.4575781e-04  -1.1147940e-03
  -4.6427439e-02   1.5134529e-02   1.9429325e-01   3.2388328e-03  -1.7302541e-03  -1.5605236e-04
  -4.2077088e-02  -2.0468428e-02  -6.4070636e-02   5.1987743e-04   4.4473099e-04  -3.8345470e-04
  -5.5865515e-02   1.6313282e-03  -2.6985814e-02   2.1897969e-03  -7.9053642e-04  -2.0568316e-04
  -7.4607456e-02   3.2940512e-02  -3.1355885e-02  -1.0962489e-03  -1.1872142e-03   1.4492654e-03
  -3.6788427e-02   7.3236367e-02   4.9672639e-02   7.4098854e-04  -8.4619388e-04  -3.2362434e-04
  -4.9919628e-02   6.3620614e-02  -5.2517523e-03  -3.0087187e-04  -1.0252126e-03  -1.0421648e-04
  -4.6491463e-02   1.4009259e-02   2.9205891e-02   3.3547212e-04  -7.7917567e-04  -3.8738944e-04
  -4.3313540e-02   2.2441151e-02  -2.2555871e-03  -5.9159720e-04  -7.8510897e-04  -4.0190135e-04
  -4.5695073e-02   7.1628052e-02   1.8101412e-02   2.1684047e-04  -1.1353421e-03  -5.3022779e-04
  -5.2424744e-02   9.4163446e-02  -1.0517742e-02  -1.0357868e-04  -9.8470443e-04  -1.4621022e-04
  -6.1316794e-02   3.8445189e-02   2.4446384e-02  -1.7114585e-04  -1.2882610e-03  -4.6848780e-04
  -6.0282478e-02   4.5930813e-02   3.8243980e-02  -6.3985917e-04  -1.6510985e-03  -6.5322180e-04
  -5.4413019e-02   3.8533450e-02   4.1993182e-02  -4.2104590e-04  -1.4538845e-03  -7.6523110e-04
  -6.4630019e-02   5.8306407e-02   3.0022519e-02  -8.1396506e-04  -1.4309649e-03  -7.6449389e-04
  -6.3894044e-02   2.7243407e-02   5.5906729e-02  -4.8154155e-04  -1.4179124e-03  -7.6821406e-04
  -6.9598265e-02   6.3071939e-02   3.0970858e-02  -1.1822871e-03  -1.1020467e-03  -8.5422219e-04
  -6.7770567e-02  -1.4055822e-02   1.5669473e-02   1.6462191e-03  -1.3451002e-03   6.5257841e-04
  -7.5509951e-02   2.7284731e-02   1.3340454e-01   8.7821324e-03  -2.2026224e-03   1.1531757e-03
  -6.2382299e-02   1.0105767e-01  -3.1052986e-02   2.2111554e-03  -7.1258239e-04   1.9384950e-04
  -8.1832783e-02   9.7876518e-02  -7.2901535e-02   4.3606303e-04   6.2932308e-04   2.7666903e-04
  -6.8835896e-02   1.2734204e-01  -3.9774374e-02   6.1559849e-04   2.1276009e-04  -5.2871700e-05
  -6.2970403e-02   4.6050153e-02  -5.6205281e-02   4.5845254e-05   4.1254781e-04  -6.3387219e-05
  -6.9346447e-02   5.9592480e-02  -3.4063855e-02  -4.1954131e-05   3.0152284e-04  -1.8758701e-04
  -6.2953896e-02   7.3797170e-02   5.2522792e-03   4.0619796e-04   1.7883659e-04  -2.2114246e-04
  -6.4006480e-02   9.1579122e-02   1.3561551e-02   1.8240212e-04   5.3979425e-05  -2.0735346e-04
  -6.5583440e-02   3.0385314e-02   2.1232229e-02   1.2604791e-04   5.3363403e-04  -2.7235084e-04
  -6.7641420e-02   4.9878470e-02   1.0310997e-02  -3.5582534e-04   2.5448108e-04  -4.1734534e-04
  -6.0363376e-02   5.0584275e-02  -5.2334965e-03  -3.0742590e-04   8.8449822e-05  -6.5226056e-04
  -6.4742537e-02   4.8750199e-02  -3.4787499e-02  -7.5078188e-04   2.0424075e-04  -6.3018897e-04
  -6.2864566e-02   4.7868554e-02   1.0858591e-03  -6.4177720e-04   9.7342976e-05  -6.5053219e-04
  -5.5605962e-02   6.3114147e-02   4.8153744e-03  -7.7627324e-04   8.2628788e-05  -7.0282657e-04
  -7.0563358e-02   8.0561974e-02  -3.1020760e-02  -6.9336813e-04   1.1251215e-04  -6.9059024e-04
  -7.4182050e-02   8.3728716e-02  -7.7210218e-02  -7.9483278e-04   3.2848304e-04  -7.5933303e-04
  -6.8323171e-02   7.2405839e-02  -4.8628673e-02  -5.8053800e-04   2.3961974e-04  -6.1883818e-04
  -6.9351675e-02   7.2840991e-02  -1.1721371e-02  -5.6522826e-04   2.8776560e-04  -5.7911904e-04
  -6.5284033e-02   7.5277310e-02  -1.4804593e-02  -9.0302188e-04   4.4681321e-04  -5.4907067e-04
  -7.8101514e-02   5.1473666e-02  -5.1769697e-02  -1.0967853e-03   6.4747668e-04  -6.6160578e-04
  -8.1776982e-02   5.6250463e-02  -7.3624499e-02  -1.5853540e-03   7.5403071e-04  -6.4760060e-04
  -9.0393255e-02   6.4086144e-02  -4.0334123e-02  -1.1545026e-03   7.2599020e-04  -6.9107695e-04
  -9.8121108e-02   7.2352612e-02  -6.7265994e-02  -1.6457923e-03   1.1455891e-03  -4.8032311e-04
  -8.2379802e-02   7.3054376e-02  -1.2128934e-01  -1.6843316e-03   1.4997637e-03  -5.1695826e-04
  -8.3523116e-02   5.9216255e-02  -9.1575960e-02  -1.7205601e-03   1.7413218e-03  -5.3617250e-04
  -9.1088206e-02   1.0895483e-01  -7.7383860e-02  -1.3650651e-03   1.3992231e-03  -5.2095639e-04
  -9.4447547e-02   9.7371233e-02  -1.1828480e-01  -2.0586692e-03   1.0489549e-03  -3.4686718e-04
  -8.1911002e-02   7.7497636e-02  -1.4003446e-01  -2.3794098e-03   1.4374216e-03  -7.8665864e-04
  -9.2685165e-02   6.3253507e-02  -1.2464544e-01  -1.7575070e-03   1.3866513e-03  -3.9521137e-04
  -8.4720661e-02   2.1586277e-02  -1.1739848e-01   9.7259867e-04   1.4808933e-03  -1.9656058e-04
  -8.7045982e-02   9.2562146e-02  -1.0564250e-01   2.2271424e-04   1.6764515e-03  -7.7310402e-04
  -8.7340873e-02   1.0006930e-01  -8.8044761e-02  -3.2107656e-04   1.6476026e-03  -7.3541185e-04
  -8.7845766e-02   1.0009803e-01  -5.1663556e-02  -2.0832268e-04   1.9435021e-03  -7.2868987e-04
  -8.7649752e-02   9.7023326e-02  -6.5336203e-02  -5.3870680e-04   1.9854418e-03  -6.6631963e-04
  -8.6772814e-02   6.9108049e-02  -8.0226900e-02  -5.7883041e-04   2.2766440e-03  -6.7817712e-04
  -8.4591654e-02   8.3567343e-02  -8.3036120e-02  -6.2922485e-04   2.1999233e-03  -7.0150394e-04
  -8.4381281e-02   9.2696807e-02  -7.3106068e-02  -6.9648928e-04   2.2116028e-03  -7.4802775e-04
  -9.1572265e-02   1.0752098e-01  -4.8190836e-02  -4.3530342e-04   1.9228189e-03  -5.6804471e-04
  -8.8721104e-02   8.4930007e-02  -7.7354262e-02  -1.3111818e-03   2.1946421e-03  -5.9710472e-04
  -8.2419940e-02   1.0341285e-01  -7.3342395e-02  -1.1811814e-03   2.4270179e-03  -7.9762474e-04
  -1.1601314e-01   1.1182298e-01  -6.0775888e-02  -1.7582525e-03   2.6627458e-03  -9.2034668e-04
  -1.2546029e-01   1.2308403e-01  -4.5963925e-02  -9.7534637e-04   2.9209390e-03  -9.4509295e-04
  -1.2593085e-01   1.0331458e-01  -5.1423442e-02  -1.0329950e-03   2.7705667e-03  -8.7427210e-04
  -1.2304989e-01   1.0874828e-01  -2.3500841e-02  -8.5875686e-04   2.7428215e-03  -1.0175384e-03
  -1.2206802e-01   1.1784063e-01  -4.4172705e-02  -1.2891775e-03   2.5816526e-03  -9.0075380e-04
  -1.2367039e-01   1.1111102e-01  -6.7025514e-02  -1.0401412e-03   2.8308538e-03  -1.0093937e-03
  -1.2414581e-01   1.0734013e-01  -4.8613552e-02  -2.0835435e-03   2.9953438e-03  -1.0625749e-03
  -9.6521715e-02   1.5720232e-01  -1.7322397e-02  -1.2100774e-03   2.5525215e-03  -1.1669458e-03
  -1.0004209e-01   1.5856354e-01  -1.5382026e-01  -1.7374031e-03   2.4344587e-03  -6.4986016e-04
  -1.0909087e-01   1.5130899e-01  -1.0759947e-01  -1.2617316e-03   2.4553671e-03  -6.1392160e-04
  -1.1659243e-01   1.0448480e-01  -1.0782945e-01  -4.0687421e-04   2.8426587e-03  -7.0648346e-05
  -9.4895362e-02   2.8819335e-02  -1.1242128e-01   1.3957096e-03   2.4487678e-03   1.2819098e-04
  -1.1442823e-01   6.8069401e-02  -1.4997447e-01  -1.3493451e-03   3.0295090e-03  -3.2861389e-04
