   0.0000000e+00   0.0000000e+00  -3.5527137e-15  -4.3368087e-19   1.7347235e-18   7.5231638e-37
   5.5839969e-03   5.4764484e-04   4.9769663e-02   5.3565341e-04  -3.0367683e-04  -7.1755806e-05
  -9.7082488e-04   1.3710663e-02   5.4392871e-02   2.8307009e-04  -6.0456616e-04   1.0117723e-04
  -9.4005616e-03  -1.1079048e-02   1.1764044e-01   1.1113541e-03  -2.6463168e-04   2.1737568e-04
  -1.8672139e-02  -1.7018343e-02   1.1972402e-01   1.1752168e-03  -1.7208933e-06   3.8349362e-04
  -1.2766620e-02   1.5817149e-02   5.1972810e-02  -7.4457536e-05  -4.2050001e-04   1.8288315e-04
  -6.8078434e-03   4.1978210e-03   9.8836061e-02   6.4833731e-04  -1.5340021e-04   1.4041570e-05
  -5.3855972e-03   1.7953162e-02   8.6182173e-02   1.3560444e-04  -1.3509108e-04   6.6762574e-05
  -2.5975810e-02   3.5698688e-02   4.4464464e-02  -3.7843219e-04   8.4681795e-05   1.1405610e-04
  -3.4478406e-02   4.1570153e-02   5.7539508e-02  -6.1165202e-04   2.0550207e-04   1.0512119e-04
  -2.5489026e-02   3.4140329e-02   1.0798910e-01  -7.1222656e-05   3.3293861e-04  -3.1598781e-05
  -3.9040374e-02   4.6353241e-02   8.8657265e-02  -3.9917615e-04   4.5665491e-04   2.6292678e-05
  -3.5688381e-02   2.7933563e-02   9.4692092e-02  -6.5138690e-04   6.7588561e-04   2.1325087e-06
  -4.3260096e-02   4.0666407e-02   1.0245346e-01  -9.2834411e-04   8.4765072e-04  -1.5057109e-04
  -6.2418406e-02   4.5336256e-02   6.1013589e-02  -1.6964748e-03   1.1838277e-03  -1.3043261e-04
  -5.3653208e-02   5.2376478e-02   6.5042520e-02  -2.1047906e-03   1.3468319e-03  -3.4509811e-04
  -5.5255634e-02   5.7066870e-02   5.2074438e-02  -2.1969794e-03   9.5629647e-04  -5.3433631e-04
  -4.7338507e-02   4.1458174e-02   5.6534943e-02  -2.3883845e-03   9.8157957e-04  -3.8750074e-04
  -5.0939978e-02   4.3964349e-02   6.2113541e-02  -2.3416770e-03   1.0527602e-03  -4.1885513e-04
  -5.5579840e-02   5.8169675e-02   2.0157925e-02  -2.8404513e-03   1.0218292e-03  -4.2603678e-04
  -6.0032855e-02   4.7559308e-02   4.8208796e-02  -2.7796424e-03   8.2476979e-04  -9.2268056e-04
  -6.0744072e-02   6.0404687e-02   2.6159474e-02  -2.8701455e-03   9.1764478e-04  -9.9804440e-04
  -5.1707762e-02   6.1566844e-02   5.6733484e-03  -3.3758069e-03   4.6219284e-04  -1.2411500e-03
  -5.8140630e-02   5.9465563e-02   2.7234513e-02  -3.0967484e-03   8.3306085e-04  -1.4994096e-03
  -6.2556848e-02   6.6407899e-02   1.7115573e-02  -3.4922214e-03   8.0946775e-04  -1.4855462e-03
  -5.0061759e-02   6.1578033e-02   2.3538840e-02  -3.3139608e-03   4.6191589e-04  -1.1276087e-03
  -3.3088638e-02   5.7758251e-02   3.9050909e-03  -3.2216478e-03   6.4757414e-04  -1.0109373e-03
  -2.2133348e-02   6.6031228e-02   1.6968895e-02  -2.6311986e-03   7.1230458e-04  -8.7393734e-04
  -3.3174140e-02   5.9203008e-02  -3.1031432e-03  -2.8990560e-03   8.1184934e-04  -6.1307290e-04
  -3.1257834e-02   4.5643538e-02   4.3792557e-02  -2.8712641e-03   9.3662571e-04  -6.7455571e-04
  -3.2496463e-02   5.6419242e-02   7.8397951e-03  -2.9378155e-03   8.3154428e-04  -8.7931202e-04
  -5.1369146e-02   6.8158619e-02  -1.1138909e-02  -3.1179450e-03   9.8565093e-04  -7.8727486e-04
  -4.7065688e-02   5.7767271e-02   2.1069550e-02  -2.7088801e-03   9.5728144e-04  -1.1459955e-03
  -4.9299244e-02   8.5146819e-02  -1.2746836e-02  -3.3963534e-03   5.7534026e-04  -1.4593176e-03
  -6.4111962e-02   8.1659354e-02  -2.5755063e-02  -3.5685007e-03   5.4321918e-04  -1.6072450e-03
  -5.2146032e-02   8.0415592e-02  -3.4995408e-02  -3.7866600e-03   3.8855406e-04  -2.0729331e-03
  -7.1843257e-02   9.9812137e-02  -2.6952992e-02  -3.7185938e-03   2.8948947e-04  -2.1652316e-03
  -6.8939736e-02   8.7545261e-02   6.9432127e-03  -3.6228576e-03   4.2437879e-05  -2.5143486e-03
  -7.4272912e-02   8.8768853e-02   1.2123763e-02  -3.7268616e-03   1.7932353e-04  -2.5104721e-03
  -7.6599279e-02   9.9799462e-02  -3.7448735e-02  -4.4895154e-03  -4.3509918e-05  -2.7340113e-03
  -7.8185530e-02   7.5651189e-02  -1.3644415e-02  -4.1895669e-03  -1.7484060e-05  -2.9727656e-03
  -7.4467715e-02   1.1162633e-01  -2.8927627e-02  -4.6359922e-03  -1.1640261e-04  -3.2288750e-03
  -7.8475010e-02   1.0666809e-01  -4.8603676e-02  -5.1635469e-03  -3.5963076e-04  -3.4238967e-03
  -6.7362068e-02   1.0981788e-01  -4.1397416e-02  -5.2022571e-03  -4.2631411e-04  -3.5866822e-03
  -7.2290009e-02   1.0934080e-01  -4.9722562e-02  -5.4007580e-03  -5.7572754e-04  -3.6418986e-03
  -6.5176411e-02   8.4172913e-02  -4.0522879e-02  -5.2443022e-03  -5.1152139e-04  -3.7646453e-03
  -6.7653517e-02   1.0632720e-01  -4.6556293e-02  -5.7254979e-03  -3.8806034e-04  -3.7941205e-03
  -6.2627460e-02   8.9211976e-02  -5.9628569e-02  -5.7455904e-03  -6.1112985e-04  -3.6917673e-03
  -6.9336669e-02   9.2707282e-02  -8.1109991e-02  -5.9767190e-03  -3.6299180e-04  -3.8966622e-03
  -5.3613150e-02   1.1670016e-01  -1.1141254e-01  -6.0343565e-03  -2.5229415e-04  -3.2962409e-03
  -1.7872873e-02   1.2757791e-01  -8.0479315e-02  -5.3407958e-03  -2.4233824e-04  -2.2828366e-03
  -2.8734949e-02   1.1405560e-01  -5.5088877e-02  -5.1998854e-03  -1.5388052e-04  -2.5217839e-03
  -2.5887844e-02   1.2961791e-01  -7.6752796e-02  -5.5923856e-03  -1.5488647e-04  -2.4007515e-03
  -2.6218242e-02   1.0011227e-01  -3.0565862e-02  -5.0580221e-03  -1.7384839e-04  -2.5144493e-03
  -2.4749322e-02   9.5100387e-02  -2.3776923e-02  -4.6141831e-03   2.8177594e-04  -2.1768205e-03
  -4.0359918e-02   1.1214545e-01  -8.0303393e-02  -5.5178315e-03   1.4826229e-04  -2.4469823e-03
  -3.6405347e-02   9.4274796e-02  -6.2313605e-02  -5.3357889e-03   1.0460170e-04  -2.7318342e-03
  -3.7754321e-02   1.0905634e-01  -6.5993210e-02  -5.3877784e-03   7.8966247e-05  -2.8451544e-03
  -4.6458033e-02   1.1302531e-01  -8.7032836e-02  -5.8725250e-03  -2.3163774e-04  -2.9966215e-03
  -5.0176230e-02   1.1161552e-01  -8.4162522e-02  -5.8878686e-03  -1.1896979e-05  -3.2188106e-03
  -5.0675640e-02   1.2832588e-01  -7.2327114e-02  -5.5994314e-03  -3.5560705e-04  -3.2656659e-03
  -6.6573552e-02   1.0747015e-01  -3.8848455e-02  -5.7473858e-03  -7.2238799e-05  -3.4265186e-03
  -6.0366300e-02   1.2052374e-01  -6.7983976e-02  -6.1119931e-03  -8.6179445e-05  -3.3833933e-03
  -7.4586551e-02   1.2331635e-01  -4.5306384e-02  -6.1257417e-03   4.0812478e-06  -3.2482335e-03
  -4.2303463e-02   1.4090517e-01  -1.5159997e-01  -6.9564972e-03   3.6188900e-04  -3.5453719e-03
  -2.1847088e-02   1.5198809e-01  -1.9785519e-01  -7.6994938e-03   8.6123039e-04  -3.9694116e-03
  -3.4064341e-02   1.3479962e-01  -4.9037726e-02  -6.3909395e-03   8.0043315e-04  -3.6046448e-03
  -3.5062092e-02   1.4448865e-01  -1.1038218e-01  -6.8825084e-03   1.0453949e-03  -3.7161774e-03
  -3.2128902e-02   1.4829316e-01  -9.5121120e-02  -6.3158452e-03   5.8030472e-04  -3.8572874e-03
  -3.5530113e-02   1.3358935e-01  -9.3039438e-02  -6.3622524e-03   1.1013604e-03  -3.9325112e-03
  -3.6978227e-02   1.5486768e-01  -6.7248101e-02  -6.5609543e-03   1.0226754e-03  -3.6414779e-03
  -2.8571440e-02   1.2777960e-01  -5.0709179e-02  -6.2987730e-03   1.2483767e-03  -3.5306947e-03
  -2.4293897e-02   1.4712763e-01  -7.4590242e-02  -6.7395857e-03   1.3675006e-03  -3.4850204e-03
  -2.7617787e-02   1.2656552e-01  -9.4832015e-02  -6.4423766e-03   1.6070643e-03  -3.5650103e-03
   3.9221692e-03   1.3663945e-01  -6.0167847e-02  -5.2838442e-03   1.9664314e-03  -2.7316491e-03
   2.6929120e-02   1.5915464e-01  -1.4099163e-01  -6.0210151e-03   1.5741964e-03  -2.0265332e-03
   3.0639378e-02   1.6328808e-01  -1.1526719e-01  -6.0532994e-03   1.7165942e-03  -2.0648293e-03
   3.1141997e-02   1.4259269e-01  -8.9725884e-02  -5.5995648e-03   1.5957233e-03  -1.8406742e-03
   1.1719312e-02   1.3674094e-01  -5.0799104e-02  -4.6858536e-03   2.0594107e-03  -1.6527324e-03
   2.0121449e-02   1.3351612e-01  -9.8678532e-02  -5.6118812e-03   2.0217166e-03  -1.6455417e-03
   1.6911522e-02   1.4145190e-01  -1.0131209e-01  -6.1624785e-03   1.7990660e-03  -2.1103880e-03
   1.6722801e-02   1.5398026e-01  -1.6012452e-01  -6.7039243e-03   1.3279965e-03  -2.3952374e-03
   1.9089709e-03   1.5579090e-01  -1.1293102e-01  -6.4311245e-03   1.4916094e-03  -2.5222063e-03
  -2.8340351e-03   1.7084747e-01  -1.1681046e-01  -6.5527767e-03   1.3356959e-03  -2.6783926e-03
  -3.1542605e-03   1.5546093e-01  -7.2874535e-02  -6.3550684e-03   1.3076813e-03  -2.7801917e-03
  -5.7872011e-03   1.6743443e-01  -1.0491877e-01  -6.4585467e-03   1.5286811e-03  -2.7834798e-03
  -1.4962795e-03   1.8193921e-01  -1.2303351e-01  -6.7671027e-03   1.6046701e-03  -2.7472344e-03
   5.1504809e-04   1.7547584e-01  -9.1096124e-02  -6.3681596e-03   1.4634270e-03  -2.8903778e-03
  -7.7502376e-03   1.7676275e-01  -9.7547248e-02  -6.5173676e-03   1.7170731e-03  -2.8514818e-03
  -7.6469496e-03   1.9055113e-01  -1.1760135e-01  -6.9281231e-03   1.6767643e-03  -2.8240485e-03
  -7.6091352e-03   1.7878246e-01  -8.7045095e-02  -6.3621137e-03   1.8476259e-03  -2.7718170e-03
  -1.0134408e-02   2.0525046e-01  -1.1784642e-01  -7.0098749e-03   1.7724773e-03  -3.0325007e-03
  -7.4253179e-03   1.7730398e-01  -8.6867443e-02  -6.4509339e-03   1.7025887e-03  -3.0239452e-03
  -1.1363651e-02   2.0952968e-01  -1.2675930e-01  -7.1865624e-03   1.8478854e-03  -3.1659495e-03
  -1.1133827e-02   1.8860512e-01  -1.0601670e-01  -6.8052073e-03   1.8169755e-03  -3.0658652e-03
  -1.1511575e-02   1.9997645e-01  -1.0937841e-01  -6.8234063e-03   1.7547759e-03  -3.1174416e-03
  -2.3196860e-03   2.0810681e-01  -1.3366291e-01  -6.5708075e-03   2.0008538e-03  -3.0570261e-03
  -1.0922038e-02   1.9820666e-01  -8.9096790e-02  -6.7423706e-03   2.2426337e-03  -3.3557698e-03
  -7.2408820e-03   1.8917777e-01  -6.6494163e-02  -5.6971171e-03   2.5852594e-03  -2.7784288e-03
   1.1222686e-02   2.0025330e-01  -6.0062388e-02  -4.8091209e-03   2.9894912e-03  -1.5767392e-03
   2.7794786e-02   2.2317214e-01  -9.2565013e-02  -5.2652109e-03   2.7741618e-03  -1.5644774e-03
   2.1630577e-02   2.1889253e-01  -1.3036887e-01  -4.9483151e-03   2.6227305e-03  -1.3542035e-03
   1.2473982e-02   2.0819969e-01  -3.8688401e-02  -4.4110305e-03   2.6853935e-03  -1.4357744e-03
   1.5677982e-02   2.1431597e-01  -5.9707091e-02  -4.2747833e-03   2.4191064e-03  -1.4267209e-03
   1.9180882e-02   2.0682565e-01  -1.0870316e-01  -4.9050975e-03   2.5743150e-03  -1.3761195e-03
   2.1584469e-02   2.0401319e-01  -1.1277316e-01  -4.9478063e-03   2.7862508e-03  -1.4799638e-03
   2.7146041e-02   2.2986067e-01  -1.5324096e-01  -5.1738940e-03   2.8241325e-03  -1.3922816e-03
   2.1801908e-02   2.3174365e-01  -1.3928114e-01  -5.3344179e-03   3.2495985e-03  -1.3195154e-03
   1.4871113e-02   2.3344900e-01  -1.0377144e-01  -5.2062908e-03   3.6583978e-03  -1.2263735e-03
   1.6832643e-02   2.3675753e-01  -1.3785180e-01  -5.4850582e-03   3.5263127e-03  -1.1399353e-03
   1.8515716e-02   2.3143107e-01  -1.0940896e-01  -5.2757356e-03   3.8282520e-03  -1.3028695e-03
   1.9553418e-02   2.5434275e-01  -1.2283013e-01  -5.2692486e-03   3.6457634e-03  -1.2350116e-03
   8.4591928e-03   2.2294833e-01  -8.0465687e-02  -5.0245256e-03   4.0419718e-03  -1.1050365e-03
   1.8739654e-02   2.4164231e-01  -9.8719761e-02  -5.1691303e-03   3.9495141e-03  -1.1659823e-03
   2.1802327e-02   2.3826373e-01  -1.0315299e-01  -5.0156501e-03   3.8561745e-03  -1.0868614e-03
   2.3614413e-02   2.4701565e-01  -1.1847760e-01  -5.2617924e-03   3.9719242e-03  -1.1221154e-03
   2.2488359e-02   2.5680011e-01  -1.1489645e-01  -5.2375649e-03   3.9475194e-03  -1.1113527e-03
   1.8400096e-02   2.4652337e-01  -1.3317476e-01  -5.2521907e-03   4.0079434e-03  -1.2691848e-03
   5.2704359e-03   2.6340038e-01  -7.2578069e-02  -5.5424239e-03   4.1156307e-03  -1.4438036e-03
   5.6327165e-03   2.4925706e-01  -9.0568100e-02  -5.7932358e-03   4.1867944e-03  -1.3805478e-03
   1.0580991e-02   2.7519113e-01  -7.2453633e-02  -5.4165767e-03   4.2920770e-03  -1.4610362e-03
   2.0224911e-03   2.7612666e-01  -1.2707300e-01  -6.0167452e-03   3.8888639e-03  -1.4801299e-03
  -2.6529569e-03   2.5843120e-01  -1.7325312e-02  -5.1860739e-03   4.3880537e-03  -1.5402635e-03
   1.7085908e-02   2.2521580e-01  -2.3734452e-01  -3.1037694e-03   4.3097024e-03  -1.3300920e-03
   3.2502995e-02   2.4359098e-01  -1.5582012e-01  -3.7821512e-03   4.1611281e-03  -9.6140277e-04
   3.5454853e-02   2.6622834e-01  -4.7145076e-02  -3.9166899e-03   3.9433012e-03  -9.7161859e-04
   4.1303442e-02   2.6959269e-01  -1.5793221e-01  -4.9009428e-03   3.9763869e-03  -7.6507281e-04
   3.3551721e-02   2.6080888e-01  -2.5783796e-02  -4.4797070e-03   3.9877369e-03  -7.0895700e-04
   2.0076263e-02   2.2654602e-01  -3.9379441e-02  -3.3982990e-03   3.9521538e-03  -6.7507417e-04
   2.9144217e-02   2.3294591e-01  -1.7131385e-02  -3.2692202e-03   4.1513635e-03  -5.9506790e-04
   2.6581331e-02   2.2146837e-01  -3.3562728e-02  -3.4309897e-03   4.0896303e-03  -6.8054269e-04
   2.3459428e-02   2.3396931e-01  -4.7113147e-02  -3.0456192e-03   4.0560298e-03  -8.5299743e-04
   1.7637037e-02   2.2838158e-01  -4.3472612e-02  -2.8483330e-03   4.4195383e-03  -3.0016605e-04
   1.9936919e-02   2.3239997e-01  -1.0963854e-01  -4.4363886e-03   4.1794975e-03  -1.0568962e-05
   3.7324008e-02   2.2352270e-01  -7.2736796e-02  -3.6031568e-03   4.0926760e-03  -1.5740326e-04
   3.8565775e-02   2.3958185e-01  -5.1107101e-02  -2.6814254e-03   4.1065559e-03  -2.8398014e-04
   3.1839700e-02   2.3168550e-01  -4.0428404e-02  -3.1717952e-03   3.9466749e-03  -1.9853240e-04
