   0.0000000e+00   0.0000000e+00   0.0000000e+00   0.0000000e+00   0.0000000e+00   0.0000000e+00
  -4.4315705e-04   9.7128384e-03   3.7459388e-02  -2.8790702e-04  -1.1518149e-05  -1.0742921e-04
  -4.4450594e-03   1.3250417e-02   1.1294781e-01   3.4052451e-04  -1.0486548e-04  -4.7070320e-05
  -8.5444088e-03   3.6022399e-02   6.3304217e-02  -2.6282611e-04  -1.7106224e-05  -1.0674101e-04
   1.7298131e-04   2.7783165e-02   5.2329561e-02  -1.0187518e-03  -6.3261542e-05  -2.1888841e-04
   5.2164823e-03   5.2521573e-02   9.1357284e-02  -1.2720997e-03  -1.1082901e-04  -2.2262257e-04
  -5.1231777e-03   4.8583494e-02   6.8002581e-02  -1.4966645e-03   1.2341685e-04  -1.9590157e-04
  -7.7882405e-03   6.6945305e-02   3.4595750e-02  -1.9571987e-03  -4.8983235e-05  -1.7115463e-04
  -2.1775602e-02   7.2684577e-02   4.2277834e-02  -2.0382552e-03   1.3245153e-04  -2.5888759e-04
  -2.7274836e-02   1.1304476e-01   1.5461835e-02  -3.2855178e-03   8.7628777e-05  -1.1434093e-04
  -1.3958728e-02   1.1208912e-01   5.8979080e-03  -2.9396955e-03   1.4638767e-04  -1.9220025e-04
  -2.5151490e-02   1.1737483e-01   6.5804150e-03  -3.3570611e-03   4.2352947e-04  -2.3083787e-04
  -2.0015530e-02   1.1774546e-01   4.9608172e-02  -3.0692377e-03   5.7576252e-04  -3.9790559e-04
  -1.2244869e-02   1.4640168e-01   2.0954768e-02  -3.2260633e-03   5.7156152e-04  -4.8340762e-04
  -2.4179871e-02   1.4110325e-01   9.2834828e-03  -3.7883649e-03   4.0898882e-04  -4.3100126e-04
  -3.2036203e-02   1.4967054e-01   2.0736312e-02  -3.5548177e-03   5.5569516e-04  -2.8796995e-04
  -2.3635389e-02   1.5685993e-01  -3.2477118e-02  -3.8851475e-03   6.9708457e-04  -4.1770570e-04
  -2.8562896e-02   1.7351761e-01   2.4210107e-02  -4.0200090e-03   9.9917370e-04  -4.6238232e-04
  -3.2518803e-02   1.6826577e-01   2.9522413e-02  -3.5417924e-03   1.5388065e-03  -5.7623565e-04
  -3.5456196e-02   1.6888004e-01   1.5282100e-02  -4.0658401e-03   1.4930931e-03  -5.7445151e-04
  -4.1268077e-02   1.6045089e-01   1.7869016e-02  -3.7771469e-03   1.6535047e-03  -5.6058048e-04
  -3.6965477e-02   1.9306019e-01  -2.4705199e-02  -4.3143691e-03   1.6394561e-03  -6.2892701e-04
  -2.5818919e-02   1.8440851e-01  -2.3227068e-02  -4.8157144e-03   1.4254857e-03  -5.2845514e-04
  -1.6294715e-02   1.6750192e-01   5.5515511e-02  -4.2216505e-03   1.2751479e-03  -5.3743703e-04
  -2.0491904e-02   1.8816782e-01  -6.3731896e-02  -4.8553378e-03   1.3585571e-03  -4.5586949e-04
  -3.0040383e-02   1.8773792e-01  -1.0875744e-01  -5.4774225e-03   1.2937984e-03  -3.4018956e-04
  -2.9166512e-02   2.1674605e-01  -4.7289035e-02  -5.2174117e-03   1.0684445e-03  -3.1207334e-04
  -1.9709169e-02   2.0937880e-01  -7.6758630e-02  -5.5282395e-03   8.4244351e-04  -1.5252458e-04
  -8.6216553e-03   1.7792545e-01  -1.2214355e-01  -5.8310672e-03   6.8231834e-04  -1.5749843e-04
  -1.5473322e-02   1.9995303e-01  -1.0531606e-01  -6.3580053e-03   4.6753860e-04  -2.0873311e-04
  -2.6841012e-02   1.9996388e-01  -7.0535203e-02  -5.8826768e-03   9.6655083e-04  -1.4603502e-04
  -2.6183538e-02   2.0641844e-01  -1.1059803e-01  -6.4006870e-03   8.2458454e-04  -1.5136636e-04
  -1.4968343e-02   2.1457255e-01  -1.4590681e-01  -6.9132057e-03   7.6854502e-04  -1.4442889e-04
  -2.8424293e-02   2.1899699e-01  -1.0955211e-01  -6.7619650e-03   7.4164725e-04   9.2672193e-05
  -3.4289645e-02   2.1322736e-01  -1.8101900e-01  -7.2548803e-03   6.4188416e-04   2.3533429e-04
  -2.6223345e-02   2.1524005e-01  -2.0470312e-01  -7.6162743e-03   5.3483395e-04   1.5385028e-04
  -2.7082339e-02   2.5977943e-01  -1.8722410e-01  -8.2305824e-03   2.7080634e-04   1.2987140e-04
  -2.9584176e-02   2.4466447e-01  -1.7000713e-01  -7.7642595e-03   3.7585987e-04   2.0531500e-04
  -2.4563658e-02   2.5911461e-01  -2.1254366e-01  -7.9557936e-03   3.2441069e-04   2.0624176e-04
  -1.8723437e-02   2.6129766e-01  -1.6367636e-01  -7.8099960e-03   2.8670069e-04   9.7720860e-05
  -1.3161378e-02   2.5432253e-01  -1.6932497e-01  -7.7635460e-03   2.4440951e-04   7.3010392e-05
  -1.5940240e-02   2.4104140e-01  -1.9183644e-01  -7.6100396e-03   1.9587130e-04   2.9684978e-04
  -9.7111008e-03   2.3915916e-01  -2.3111074e-01  -7.7841674e-03   1.7933826e-04   2.0898456e-04
  -7.2515912e-03   2.5658914e-01  -1.7845452e-01  -7.6392131e-03   1.6008752e-04   1.1354551e-04
   4.1222312e-03   2.5164441e-01  -2.2883929e-01  -7.9489761e-03   9.5331341e-05   2.4789889e-04
   1.4061918e-02   2.5065192e-01  -2.9515873e-01  -8.5270110e-03  -1.8342160e-05   1.0515481e-04
   2.2031105e-02   2.5220796e-01  -2.7350130e-01  -8.5916376e-03  -2.4997156e-04   1.0760535e-04
   6.7243655e-03   2.5389510e-01  -2.3755577e-01  -8.1794772e-03  -1.7565123e-04   2.7689624e-04
   7.0635768e-03   2.5801725e-01  -3.1505331e-01  -8.8037200e-03  -1.2675051e-04   2.7426892e-04
   9.0422964e-03   2.5880057e-01  -2.6793867e-01  -8.4214689e-03  -2.3977291e-04   2.2130381e-04
   1.5362438e-02   2.2673799e-01  -2.7569324e-01  -8.3877286e-03  -4.4577908e-04   4.3000296e-04
   2.7650254e-02   2.5895665e-01  -3.4830312e-01  -9.3920972e-03  -5.6050093e-04   3.6512823e-04
   2.8607580e-02   2.4859390e-01  -3.5089263e-01  -9.1295446e-03  -4.8960816e-04   3.1662333e-04
   3.5126744e-02   2.7971571e-01  -2.8043786e-01  -9.2233237e-03  -6.1038015e-04   1.7227495e-04
   3.3182633e-02   2.5980460e-01  -2.6183720e-01  -8.6650206e-03  -4.2235660e-04   3.1304701e-04
   3.0204203e-02   2.5449818e-01  -3.2964922e-01  -9.3746768e-03  -3.2104300e-04   3.0638614e-04
   3.3635091e-02   2.4547441e-01  -3.5232119e-01  -9.1831805e-03  -5.0722911e-04   3.1459752e-04
   4.1536676e-02   2.6021984e-01  -3.1093639e-01  -9.2363561e-03  -5.6261255e-04   3.1118057e-04
   2.9311190e-02   2.4187211e-01  -3.2233637e-01  -8.8218045e-03  -3.2284574e-04   3.7022990e-04
   2.4816792e-02   2.5364801e-01  -3.4459206e-01  -9.4574947e-03  -3.9760856e-04   3.4707717e-04
   2.1515785e-02   2.4688715e-01  -3.3706060e-01  -9.5475018e-03  -5.7248720e-04   4.8456992e-04
   5.9136278e-03   2.6775963e-01  -3.6228866e-01  -9.7556040e-03  -3.2077233e-04   7.5950793e-04
   4.7621254e-03   2.3139478e-01  -3.9568362e-01  -9.5889803e-03  -3.2482131e-04   6.2118844e-04
   5.8005973e-04   2.5269262e-01  -3.4531434e-01  -9.8623333e-03  -2.9854438e-04   4.9060175e-04
  -3.9166577e-03   2.6673995e-01  -3.5295727e-01  -9.7589526e-03  -5.1035021e-05   5.5470728e-04
   2.1190224e-02   2.8943544e-01  -3.3711249e-01  -1.0481473e-02  -2.3614885e-04   1.7085306e-04
   9.5454992e-03   2.8126922e-01  -3.5004766e-01  -1.0475697e-02  -2.5934572e-04   2.4101797e-04
   5.2606066e-03   3.0975661e-01  -3.7276718e-01  -1.1144090e-02  -4.5116154e-04   3.4337460e-04
  -8.6219957e-03   3.3003134e-01  -4.8295902e-01  -1.1809337e-02  -4.0684917e-04   5.0389818e-04
  -3.8310549e-03   3.5143580e-01  -3.4063412e-01  -1.1787127e-02  -4.8503994e-04   3.2785508e-04
  -1.2067356e-02   2.9226328e-01  -4.0060518e-01  -1.1138817e-02  -2.2831394e-04   4.8020536e-04
   8.3799194e-03   3.0453601e-01  -3.8379433e-01  -1.1793919e-02  -4.8612664e-04   1.3855261e-04
   1.3898015e-02   2.9383400e-01  -4.3976315e-01  -1.1145720e-02  -4.5817027e-04  -6.1333190e-05
   2.8424654e-02   3.5026776e-01  -2.6206861e-01  -1.1531188e-02  -6.7162963e-04  -1.8041851e-04
   9.6504556e-03   1.1447839e-01  -6.5502432e-01  -7.2850803e-03   9.4874190e-05   5.8355983e-05
   1.7287780e-02   1.2243121e-01  -7.1960056e-01  -1.1021656e-02   1.6412529e-04  -3.2563996e-04
   7.4055337e-02   3.0567803e-01  -4.8378446e-01  -1.2170951e-02  -3.2223031e-04  -1.8092937e-03
   4.2153115e-02   2.5815837e-01  -6.0004433e-01  -1.1838703e-02  -6.1332425e-05  -1.9796539e-03
   4.3482848e-02   2.8988375e-01  -4.5039902e-01  -1.1632721e-02  -3.1534683e-04  -2.0295390e-03
   3.9598895e-02   2.4883487e-01  -5.3688250e-01  -1.1552045e-02  -1.1645484e-04  -2.0261136e-03
   4.5949500e-02   2.5753990e-01  -5.2390374e-01  -1.2380064e-02  -3.1865238e-04  -2.1280288e-03
   5.4826533e-02   2.4441846e-01  -5.6411648e-01  -1.2134982e-02  -1.7340085e-04  -1.9704998e-03
   7.4407696e-02   2.8671205e-01  -6.1113264e-01  -1.2970287e-02  -6.8982877e-04  -1.8549167e-03
   7.6488583e-02   2.9779781e-01  -6.5179097e-01  -1.3495492e-02  -1.1090075e-03  -1.7995380e-03
   9.1726660e-02   2.8891883e-01  -5.5448783e-01  -1.2943304e-02  -1.0221441e-03  -1.9751307e-03
   8.1993220e-02   2.8760785e-01  -6.6967061e-01  -1.3494390e-02  -9.7877765e-04  -1.8059418e-03
   8.5275975e-02   2.9446246e-01  -6.1732919e-01  -1.3515141e-02  -1.2733678e-03  -1.8519343e-03
   8.8530319e-02   3.0885002e-01  -6.5996425e-01  -1.3438616e-02  -1.2171994e-03  -1.9064914e-03
   8.7513946e-02   2.9292586e-01  -6.5560569e-01  -1.3790299e-02  -1.2943886e-03  -1.8435387e-03
   9.2714076e-02   2.9860370e-01  -6.4612537e-01  -1.3759591e-02  -1.4292434e-03  -1.6184440e-03
   9.6237812e-02   2.9876020e-01  -6.9660091e-01  -1.3769224e-02  -1.4417655e-03  -1.4851209e-03
   8.9034634e-02   2.9772219e-01  -7.1875285e-01  -1.4210863e-02  -1.4988021e-03  -1.5348898e-03
   9.4654476e-02   2.9781312e-01  -6.6917691e-01  -1.3759250e-02  -1.6195510e-03  -1.3299320e-03
   1.0551377e-01   3.2693847e-01  -7.2358366e-01  -1.4149822e-02  -1.8338433e-03  -1.5499923e-03
   1.0805892e-01   3.2475580e-01  -6.4800001e-01  -1.4155753e-02  -1.9489369e-03  -1.6947047e-03
   1.0534397e-01   3.2317103e-01  -7.0119018e-01  -1.4257358e-02  -1.8739245e-03  -1.6691004e-03
   9.6058336e-02   3.1059540e-01  -7.2402152e-01  -1.4316794e-02  -1.9293289e-03  -1.6346924e-03
   9.2581457e-02   3.1277322e-01  -7.1340646e-01  -1.4592317e-02  -1.7856003e-03  -1.4676232e-03
   9.9701369e-02   3.1141720e-01  -6.9471242e-01  -1.3650557e-02  -2.0898848e-03  -1.4325503e-03
   1.0702375e-01   2.9506660e-01  -6.8372177e-01  -1.3340407e-02  -2.4897868e-03  -1.4466098e-03
   1.1707996e-01   3.0013238e-01  -7.0204417e-01  -1.4422719e-02  -2.3613875e-03  -1.6048076e-03
   1.0405584e-01   3.0201493e-01  -7.4339739e-01  -1.4399286e-02  -2.3579667e-03  -1.5992674e-03
   1.0277286e-01   2.9272878e-01  -7.5900845e-01  -1.4747215e-02  -2.2870127e-03  -1.8150261e-03
   1.1060672e-01   2.8344715e-01  -7.1085343e-01  -1.4224213e-02  -2.3972986e-03  -1.6672196e-03
   1.1321496e-01   3.0279078e-01  -7.5772498e-01  -1.4319022e-02  -2.2123551e-03  -1.8221710e-03
   1.1013200e-01   3.1209791e-01  -7.7411133e-01  -1.4731914e-02  -2.4542071e-03  -1.8844079e-03
   1.2960720e-01   3.1011003e-01  -7.4280407e-01  -1.4468603e-02  -2.4512461e-03  -2.0410653e-03
   1.3591713e-01   3.3746285e-01  -7.5426512e-01  -1.4766108e-02  -2.6615919e-03  -2.1720922e-03
   1.3737398e-01   3.0915105e-01  -8.1648945e-01  -1.5142945e-02  -2.5541411e-03  -2.5154152e-03
   1.5513521e-01   3.2916853e-01  -7.5238269e-01  -1.5063242e-02  -2.8761281e-03  -2.5791669e-03
   1.5666395e-01   3.0901362e-01  -7.6847501e-01  -1.4709058e-02  -2.7572288e-03  -2.6832016e-03
   1.7028093e-01   3.1033976e-01  -7.5916257e-01  -1.5134201e-02  -3.0539571e-03  -2.9399558e-03
   1.6678697e-01   3.0217680e-01  -7.1721489e-01  -1.4550368e-02  -2.9219564e-03  -2.9568637e-03
   1.7538856e-01   3.0229066e-01  -7.6025072e-01  -1.4750116e-02  -3.0950298e-03  -3.0030908e-03
   2.1862744e-01   3.2058977e-01  -6.8990835e-01  -1.4360284e-02  -3.9074947e-03  -3.4029725e-03
   2.0970406e-01   3.0721733e-01  -7.0963786e-01  -1.4296508e-02  -3.9319979e-03  -3.3327393e-03
   2.1414698e-01   3.2314473e-01  -7.5728344e-01  -1.4777287e-02  -4.1211195e-03  -3.5328606e-03
   2.2357198e-01   3.1082344e-01  -7.4490245e-01  -1.5012333e-02  -4.2756087e-03  -3.6880106e-03
   2.3570409e-01   3.2567859e-01  -7.0602459e-01  -1.4393693e-02  -4.2818345e-03  -3.6874134e-03
   2.2527914e-01   3.3711626e-01  -8.0594757e-01  -1.4950128e-02  -4.2146748e-03  -3.6280938e-03
   2.3104178e-01   3.3667952e-01  -7.5566029e-01  -1.4733295e-02  -4.2792319e-03  -3.7155450e-03
   2.2537240e-01   3.2960685e-01  -7.9352735e-01  -1.4936741e-02  -4.1437098e-03  -3.5576036e-03
   2.3104544e-01   3.2710982e-01  -7.7580343e-01  -1.4125666e-02  -4.2813830e-03  -3.7220478e-03
   2.3815957e-01   3.1029696e-01  -7.1243801e-01  -1.3760364e-02  -4.5632157e-03  -3.7180942e-03
   2.4846711e-01   3.4524938e-01  -7.8783324e-01  -1.4831002e-02  -4.4904270e-03  -3.7896884e-03
   2.4138831e-01   2.9799594e-01  -8.3475916e-01  -1.4514842e-02  -4.7467799e-03  -3.5180507e-03
   2.4196061e-01   3.2113372e-01  -8.1721457e-01  -1.5067512e-02  -4.7306302e-03  -3.6566406e-03
   2.4667130e-01   2.9549404e-01  -7.7519627e-01  -1.3964288e-02  -4.6076142e-03  -3.6993759e-03
   2.5756967e-01   2.9568132e-01  -7.9919121e-01  -1.4280982e-02  -4.5208814e-03  -3.7517760e-03
