   0.0000000e+00   0.0000000e+00  -7.1054274e-15  -1.3877788e-17  -1.7347235e-18  -2.4074124e-35
   4.9728113e-02  -6.7819289e-02   1.3001797e-01   9.4278061e-04   3.5189951e-06   3.8376317e-04
   2.1551771e-02   9.8799879e-02   2.7514797e-01  -6.9586670e-04   6.0011215e-04  -4.8643579e-04
   3.2135404e-02   6.7812961e-02   4.6867784e-01  -1.5497526e-03   6.4031124e-04  -1.4343864e-03
   2.3682358e-02   5.4024988e-02   3.9091971e-01  -1.4022483e-03   1.0005886e-03  -7.9531907e-04
   6.4806093e-02   7.8518063e-02   2.3874139e-01  -3.1784969e-04  -4.2624551e-04  -9.9534900e-04
   3.6061668e-02   8.7769117e-04   3.9480747e-01   1.0668733e-03   1.3167408e-03  -7.3417299e-04
   4.7185970e-02   6.9031744e-02   3.7802875e-01   2.9375612e-04   6.4456654e-04  -7.7108936e-04
   7.9975892e-03   6.4625350e-02   5.0353049e-01  -9.6730223e-05   1.2620015e-03  -9.1935503e-05
  -5.1479256e-02   1.5798912e-01   6.2428363e-01  -1.1736413e-03   2.1773000e-03   8.4491378e-04
  -2.7529591e-02   6.6539268e-02   7.2194609e-01   3.7130177e-04   1.1247394e-03   1.2663141e-03
   1.7414990e-02   6.9289037e-02   4.3017675e-01   1.7172137e-03   1.3441622e-04   9.0808511e-04
   6.7933060e-02   1.0662638e-01   5.5867292e-01   7.6161085e-05   9.8166498e-04   1.0570462e-03
   4.3461574e-02   6.6697813e-02   5.0783818e-01   1.4452542e-03   1.3463171e-03   1.1122046e-03
   5.4254318e-02   6.6857283e-02   5.0348705e-01   2.4985264e-03   1.9875801e-03   8.3871107e-04
   7.7014515e-03   1.0656860e-01   5.5455446e-01   1.7432810e-03   2.2545612e-03   1.4920705e-03
   1.0655878e-02  -1.7620584e-02   5.0598941e-01   1.9759263e-03   1.0819356e-03   2.2228996e-03
  -1.0999477e-02   1.7635856e-01   6.0157816e-01   5.4500286e-04   1.6977465e-03   2.7636266e-03
  -2.1808380e-02   6.9354034e-02   6.1499940e-01   1.2950165e-03   1.5790177e-03   2.8803448e-03
  -4.1277610e-02   1.5772613e-01   6.5933710e-01   5.1603222e-04   3.1771830e-03   2.5584158e-03
  -1.2794102e-02   2.2788629e-02   5.9900280e-01   1.0596968e-03   3.0501389e-03   2.5397493e-03
  -5.4562510e-02   1.9844112e-01   5.9167847e-01   7.1148414e-04   3.5527194e-03   2.7243875e-03
  -8.0430284e-02   9.6009220e-02   4.9653844e-01   2.9821983e-03   2.5349814e-03   3.1906424e-03
  -6.0499303e-03   3.4396006e-02   5.0263737e-01   2.6013142e-03   1.9607717e-03   2.9860050e-03
  -6.1820244e-03   1.0370124e-01   5.3948738e-01   2.0125834e-03   1.5297738e-03   2.6827476e-03
   1.6855982e-02   5.6059007e-02   6.3150379e-01   2.3665311e-03   7.0838628e-04   1.8459895e-03
  -4.6261896e-02   4.5106669e-02   4.0036142e-01   4.1429377e-03   2.2704174e-04  -2.1095372e-05
  -2.5314229e-02   1.7649812e-02   3.8968221e-01   4.8401263e-03   6.6649389e-04   1.9829875e-04
   3.5921023e-02  -4.5245132e-02   3.9713256e-01   4.7442255e-03   1.5958421e-03   9.7865361e-04
  -1.0809916e-02   7.6947392e-02   4.4939578e-01   2.1555829e-03   1.5642483e-03   1.3756309e-03
   7.4048811e-03   3.8431994e-03   4.0045920e-01   4.4596056e-03   5.6789602e-04   1.7996830e-03
  -1.0292993e-02   8.0611023e-02   5.0809007e-01   3.7832228e-03   4.0414554e-04   2.1869337e-03
   1.2216435e-02   6.3111150e-02   5.5854020e-01   3.2793899e-03   6.0369322e-04   2.4809072e-03
  -4.2963900e-02   1.4655471e-01   5.1528011e-01   3.7692258e-03   2.0446593e-03   2.8751583e-03
  -2.1759673e-02   3.0639921e-02   5.4971466e-01   3.8002364e-03   1.1907772e-03   2.4183139e-03
  -1.4974498e-02   1.8086701e-01   5.6415656e-01   3.4974829e-03   9.4856950e-04   2.5058267e-03
   6.0337408e-03   5.0200127e-02   5.9234469e-01   3.6381210e-03   5.7530526e-04   2.2312708e-03
   7.4222716e-03   2.0072729e-01   5.4776136e-01   2.8848205e-03   1.2155071e-03   2.5139794e-03
   3.1096701e-02   1.9506981e-02   4.9274570e-01   3.2480773e-03   6.7570826e-04   2.0999249e-03
   1.7630362e-03   1.3695852e-01   5.7036551e-01   2.7329363e-03   1.5446764e-03   2.8408197e-03
  -1.1031030e-02   7.1656355e-02   5.5616529e-01   2.7689116e-03   1.5504740e-03   2.4924569e-03
  -8.1388881e-03   1.5843363e-01   6.2691701e-01   2.3864702e-03   9.3123610e-04   2.6141178e-03
   5.5453522e-03   1.0575074e-01   6.1721305e-01   2.4688752e-03   3.3067444e-04   2.0574264e-03
  -2.4076209e-02   1.8228893e-01   4.2261331e-01   5.7693460e-03   1.8115466e-03   2.3497490e-03
  -3.5509822e-02   7.5474865e-03   3.9772500e-01   8.4026066e-03   2.7030566e-03   2.2252067e-03
  -8.9415131e-03   2.3025141e-02   5.1177105e-01   5.9899197e-03   3.7053170e-04   1.5388239e-03
  -2.7313470e-02   1.5636284e-01   5.9248684e-01   6.2643360e-03   6.0308011e-04   2.2034019e-03
  -3.1816182e-02   4.0454269e-02   6.9641795e-01   5.8564429e-03   4.0244961e-04   2.1089812e-03
  -4.8046975e-02   1.2360157e-01   6.9373045e-01   5.9652723e-03   7.4217992e-04   1.7130826e-03
  -3.2819041e-02   6.3951075e-02   6.5288695e-01   5.3084059e-03   5.0588383e-04   1.8619236e-03
  -8.2933258e-02   2.0320938e-01   8.4346835e-01   3.1425065e-03   3.0347878e-03   1.9129407e-03
  -1.1908935e-01   1.8520587e-01   7.4947750e-01   5.2699780e-03   3.2450486e-03   2.5139960e-03
  -4.4761412e-02  -1.6747830e-01   4.3814233e-01   8.2556042e-03   8.5984066e-04   1.3876512e-03
   3.1384623e-02   4.1886349e-02   2.5745982e-01   7.0112817e-03  -1.3284509e-03   1.8500361e-03
  -1.0045447e-02   8.8269197e-02   1.7916048e-01   8.6839635e-03  -4.8091821e-04   1.5151261e-03
  -3.1624617e-03   8.0635993e-02   2.7733980e-01   1.0169926e-02  -1.6668699e-03   1.6012414e-03
  -3.6077240e-03   1.0140447e-01   2.6379814e-01   9.7482521e-03  -1.5218023e-03   1.2536584e-03
  -1.7363682e-02   9.3012036e-02   4.8528370e-01   8.5557695e-03  -1.2868746e-03   2.1849202e-03
  -2.1070230e-02   1.1564216e-01   4.7835571e-01   7.8101199e-03  -8.2605395e-04   2.4464017e-03
   1.0379942e-02   1.0232779e-01   4.3894854e-01   7.1476438e-03  -4.7929142e-04   1.8256099e-03
  -2.9659438e-02   8.8813500e-02   6.0774496e-01   6.8257454e-03  -2.0168571e-04   1.9104967e-03
  -2.4360577e-02   1.0684353e-01   4.7739566e-01   7.5432534e-03  -8.3077100e-04   1.9560054e-03
  -3.5014352e-02   8.0439432e-02   5.6424913e-01   7.8198684e-03  -2.8445241e-04   1.8301132e-03
  -1.5805606e-02   1.4154356e-01   5.2340637e-01   7.3910720e-03  -8.0374472e-04   1.7868949e-03
  -2.0417241e-02   7.8343916e-02   6.2650236e-01   6.2820903e-03   2.3951106e-04   1.7539212e-03
  -4.6410455e-02   1.6539175e-01   5.9443849e-01   6.0855509e-03   8.6178817e-04   2.3020651e-03
  -4.4094531e-02   4.1356062e-03   6.4405456e-01   5.9607401e-03   3.2860309e-04   2.1624890e-03
  -4.9167027e-02   1.2017854e-01   6.6963832e-01   6.3778200e-03   7.1707857e-04   2.2735894e-03
  -4.8911361e-02   5.2483300e-02   6.5147832e-01   6.4456404e-03   5.2126116e-04   2.0337412e-03
  -6.2045698e-02   9.5928623e-02   6.3701378e-01   6.7599023e-03   7.5684307e-04   2.0105442e-03
  -5.3288649e-02   3.5197726e-02   6.6767677e-01   6.3679463e-03   6.7354617e-04   2.0691807e-03
  -5.7581274e-02   9.0697476e-02   6.8896564e-01   6.5137718e-03   2.6587240e-04   2.1812798e-03
  -6.3248574e-02   1.1081717e-01   6.9714212e-01   5.8886967e-03   3.5724814e-04   2.4547681e-03
  -1.5052624e-02   8.4691477e-02   6.4375157e-01   6.6272405e-03  -1.5758359e-04   2.5661909e-03
  -1.8406493e-02   1.7788558e-01   6.0398356e-01   6.0327642e-03   7.7509524e-04   2.6308563e-03
  -1.9123749e-02   2.8868034e-02   4.3991898e-01   8.7631499e-03   1.2719575e-03   2.7173222e-03
   6.2128420e-03   1.6446451e-01   5.5119829e-01   5.7193547e-03   1.4783898e-03   3.2498451e-03
   1.7128233e-02   7.8192370e-02   4.1008561e-01   6.6515230e-03   1.8147558e-03   4.0044590e-03
   1.0222525e-02   1.5452235e-01   4.6250819e-01   6.5297061e-03   1.3128505e-03   3.7263546e-03
  -1.8128929e-04   9.6171443e-02   5.7165816e-01   6.4365863e-03   1.6745378e-03   3.7066603e-03
   5.8136465e-03   9.5133912e-02   5.7358352e-01   7.1052323e-03   3.5533429e-04   3.4765403e-03
   1.0682465e-02   8.8798646e-02   5.8167008e-01   7.0363622e-03   1.7596905e-03   3.4908745e-03
   1.8115614e-03   1.0640503e-01   5.9401795e-01   6.7979550e-03   1.4533496e-03   3.5716704e-03
  -2.3616232e-02   6.4656618e-02   6.7534944e-01   6.3800720e-03   1.8775517e-03   3.8023543e-03
   7.0083710e-04   1.3084899e-01   5.7823208e-01   5.5762579e-03   9.3374448e-04   3.8661557e-03
   7.2243598e-04   8.0319451e-02   7.0289444e-01   5.5506213e-03   9.8029598e-04   3.8247509e-03
   1.0420046e-03   1.5918806e-01   8.0585626e-01   4.2180571e-03   1.0549467e-03   3.7262219e-03
  -1.2753043e-02   7.2637248e-02   8.2147796e-01   4.7658458e-03   1.4511376e-03   3.6697464e-03
   1.3316258e-02   9.3549002e-02   7.1025255e-01   5.5431176e-03   1.1434748e-03   3.7378820e-03
   1.0901202e-02   4.0656564e-02   7.8720819e-01   5.4558628e-03   1.2575118e-03   3.6850352e-03
   2.0908340e-02   1.2170613e-01   8.0912198e-01   4.9515819e-03   6.6660100e-04   3.6771687e-03
   3.7963205e-02   3.0776431e-02   7.9652482e-01   5.1280684e-03   6.1703656e-04   3.7969874e-03
   3.1301786e-02   1.4022891e-01   8.0621175e-01   5.0424463e-03   4.1800734e-04   3.5753264e-03
   2.7326125e-02   4.9964017e-02   8.3959654e-01   4.9461277e-03   4.0800022e-04   3.5239830e-03
   2.5900564e-02   1.0906680e-01   7.5218757e-01   5.2298102e-03   2.2825507e-04   3.6640883e-03
   4.4728359e-02   6.3381692e-02   8.3330305e-01   4.7701640e-03   3.1693199e-04   3.8491555e-03
   2.1939109e-02   1.4699085e-01   8.0104580e-01   4.9008403e-03   6.2982304e-04   3.7093495e-03
   3.9970296e-02   6.2752881e-02   7.1154929e-01   4.7456547e-03  -2.4624275e-04   3.5261672e-03
   1.4614958e-02   1.1044112e-01   7.8792208e-01   5.7539467e-03   2.5557410e-04   3.6135863e-03
  -2.3801242e-03   1.1026068e-01   6.1061079e-01   6.5078156e-03   1.5794865e-04   3.2418653e-03
   2.1283347e-02   5.6990531e-02   5.5926877e-01   6.6032857e-03   6.9697076e-04   3.0153723e-03
   4.8777619e-03   1.0902515e-01   4.6230316e-01   7.2625999e-03   9.7777786e-04   3.3335072e-03
   1.7448298e-02   7.6794836e-02   4.6863160e-01   7.0733875e-03   6.9895676e-04   3.0066391e-03
   9.2547669e-03   7.8673084e-02   4.7755749e-01   7.9259868e-03   3.7281779e-04   2.9725871e-03
   2.0433698e-02   1.2448256e-01   5.4394322e-01   7.9187935e-03   3.4185317e-04   3.1736672e-03
   9.8959804e-03   6.4322224e-02   5.7336534e-01   8.5907680e-03   6.2736292e-04   3.0475178e-03
   1.8318852e-02   1.2152157e-01   6.0673247e-01   8.1890949e-03   2.2514027e-04   3.2072239e-03
   1.3717320e-02   6.3973475e-02   7.3076223e-01   7.5236325e-03   3.7210623e-04   3.3905479e-03
   8.8016550e-03   1.6304699e-01   7.7882624e-01   6.2661777e-03   6.3708892e-04   3.3153184e-03
   2.4500711e-02   7.3672245e-02   7.7868017e-01   5.7315590e-03   4.2374036e-04   3.2322078e-03
   2.1122997e-02   1.0214245e-01   8.1128917e-01   5.9514299e-03   6.4053540e-04   3.3464310e-03
   2.3015687e-02   1.0295818e-01   7.6120221e-01   5.8501644e-03   4.3660056e-04   3.4204413e-03
   1.6052310e-02   9.2604201e-02   7.9467578e-01   5.6543505e-03   9.5235995e-04   3.2489870e-03
   1.4073345e-02   1.3637875e-01   8.1186890e-01   4.9925958e-03   3.5606145e-04   3.2778119e-03
   1.4637935e-02   1.0300158e-01   8.6228827e-01   4.6034996e-03   5.3623103e-04   3.5582862e-03
   1.2507791e-02   1.6280111e-01   7.5324823e-01   5.1345489e-03   3.2633306e-04   3.4836113e-03
   9.7830889e-03   9.1840896e-02   8.0353761e-01   5.4387500e-03   9.7450195e-04   3.4022989e-03
  -1.3168607e-02   1.2298310e-01   7.1563486e-01   5.8094835e-03   1.2886708e-03   3.1423742e-03
  -1.6462195e-02   2.6910157e-02   7.3144021e-01   6.1228306e-03   8.2231146e-04   3.4748567e-03
  -5.6651813e-02   1.2955680e-01   6.9785337e-01   7.1231214e-03   8.4246991e-04   3.9164101e-03
  -1.5832429e-02   3.0303488e-02   6.6615184e-01   7.8438382e-03   5.1198662e-04   3.7068447e-03
  -4.7911726e-02   1.0362121e-01   8.3619260e-01   7.0280107e-03   9.1932547e-04   3.4392929e-03
  -2.7610980e-02   1.2469264e-01   7.6527334e-01   7.0456928e-03   1.4759443e-04   3.6951089e-03
  -1.7783362e-02   8.8133810e-02   7.8026792e-01   6.7807844e-03   7.0912027e-04   3.5146881e-03
  -9.7366721e-03   1.4107072e-01   7.1706850e-01   5.0926249e-03   6.2059211e-04   3.6967877e-03
  -2.6968385e-02   6.8420374e-02   7.4964918e-01   5.7049214e-03   1.1452002e-03   3.5752618e-03
  -2.7671578e-02   1.4368390e-01   7.0834567e-01   5.3071287e-03   8.1866651e-04   3.3350888e-03
  -2.6595589e-02   8.3540890e-02   7.3991117e-01   5.7072859e-03   7.5934476e-04   3.4008135e-03
  -2.2504227e-02   9.3758223e-02   6.8535605e-01   5.6111403e-03   7.5443031e-04   3.4201213e-03
