   0.0000000e+00   0.0000000e+00   0.0000000e+00   0.0000000e+00   0.0000000e+00   0.0000000e+00
  -5.5293225e-02  -1.3647816e-02   6.3570628e-02   5.6315548e-04  -9.3098623e-05  -5.5622769e-04
  -6.1937940e-02  -2.4344951e-02   9.1249612e-02   6.4167381e-04  -1.2659134e-04  -6.5672313e-05
  -3.6974446e-02  -1.9918513e-02   1.1262612e-01  -7.0085530e-05   2.5364297e-04  -4.1941490e-04
  -4.0382739e-02  -1.9511596e-02   1.1073734e-01  -7.2004959e-05   4.0867506e-04  -3.9035096e-04
  -1.6456133e-02  -3.0578765e-02   1.2702601e-01  -4.4661007e-04   8.1498042e-04   4.9141110e-04
  -9.7923357e-02  -1.4990467e-02   1.3143127e-01   1.5569050e-04   6.1431625e-04  -1.9268837e-03
  -9.0498649e-02  -7.9446455e-02   1.3157325e-01  -1.4459012e-03   2.4550420e-04  -1.8311950e-03
  -1.1042525e-01  -4.4703228e-02   1.0817478e-01  -1.9412032e-03   1.2605919e-04  -1.9235871e-03
  -1.2147264e-01  -4.2766840e-02   1.5415551e-01  -1.7780447e-03  -2.2278934e-04  -1.7735928e-03
  -1.8335309e-01  -2.7960864e-02   1.7250943e-01  -9.1101163e-05  -3.9617320e-04  -2.3894233e-03
  -1.6585918e-01  -6.0238898e-02   1.2473632e-01  -2.6148730e-03  -1.3379575e-03  -6.2405300e-04
  -1.9829791e-01  -3.6916943e-02   2.7208804e-01  -1.1530976e-03  -1.6696048e-03  -1.4202813e-03
  -2.0433400e-01  -8.2642057e-03   2.4442555e-01  -5.6124054e-04  -1.6082886e-03  -1.6318365e-03
  -1.8973221e-01  -6.4798620e-02   2.3748465e-01  -1.3804702e-03  -1.5164183e-03  -1.3711588e-03
  -2.0144008e-01  -5.0644634e-02   2.9393368e-01  -2.9773772e-05  -2.3126018e-03  -1.6747420e-03
  -2.0745485e-01  -4.5459605e-02   3.1262527e-01  -2.3059855e-04  -1.2886404e-03  -1.5687790e-03
  -2.0009502e-01  -4.8825062e-02   2.6571992e-01  -4.9444184e-04  -1.2383348e-03  -5.7347371e-04
  -2.1232782e-01  -3.1204673e-02   3.3135889e-01   2.3038201e-04  -1.5456944e-03  -1.2489997e-03
  -1.9194951e-01  -2.4896965e-02   3.6432938e-01   1.9863629e-03  -2.2925095e-03  -4.9217150e-04
  -2.0308228e-01  -2.3953592e-02   4.0186778e-01   1.2485677e-03  -2.4025691e-03  -1.1035615e-03
  -1.8305271e-01  -1.9144737e-02   3.9784318e-01   1.0092716e-03  -1.4315506e-03  -4.2446289e-04
  -1.7140857e-01  -2.3165274e-02   4.4637037e-01   1.3029162e-03  -2.1679875e-03  -8.7527367e-05
  -1.8968779e-01   4.3116011e-03   4.2894378e-01   1.4680247e-03  -1.6211201e-03  -8.2303678e-04
  -1.8296360e-01  -2.9424410e-02   4.0390389e-01   8.5737128e-04  -3.0515009e-03  -1.2460917e-04
  -2.0192296e-01   2.1089311e-02   5.4061154e-01   1.2518496e-03  -1.3350506e-03  -5.8255155e-04
  -1.6883343e-01  -2.9171870e-02   3.6711908e-01  -9.9233187e-04  -1.4816096e-03  -5.6168861e-04
  -1.5609600e-01  -6.3754534e-02   2.8423109e-01  -2.6504008e-03  -1.8249728e-03   2.5262896e-04
  -1.5967042e-01  -4.5351624e-02   4.0336847e-01  -1.4042547e-03  -2.0780670e-03   3.5555302e-04
  -1.8512663e-01  -4.0350784e-02   4.9186104e-01  -2.8634152e-04  -1.4763841e-03  -6.2689614e-04
  -2.0106598e-01  -4.8322304e-02   4.7376788e-01   3.1748955e-05  -7.6965550e-04  -5.5515603e-04
  -1.8098570e-01  -5.0726457e-02   5.3412033e-01   9.1400887e-04  -1.2988380e-03   1.2203898e-03
  -1.9702980e-01  -3.0373909e-02   5.9095011e-01   1.7353727e-03  -8.5645979e-04   5.4629560e-04
  -1.7834891e-01  -4.6320574e-02   5.4722489e-01   1.0259450e-03  -1.6093162e-03   1.3822460e-03
  -2.0216844e-01  -2.3363014e-02   5.8176644e-01   1.4440546e-03  -1.3492122e-03   6.3445967e-04
  -1.7328550e-01  -4.0823322e-02   5.6230520e-01   1.2733123e-03  -2.2754299e-03   1.3141019e-03
  -1.7516845e-01  -1.8350843e-02   6.7491024e-01   2.1125736e-03  -1.4123101e-03   1.0308691e-03
  -1.6122994e-01  -3.6421877e-02   6.5958599e-01   2.8352312e-03  -1.4545948e-03   6.3963972e-04
  -1.4965320e-01  -3.6185260e-02   6.4622485e-01   1.4549710e-03  -2.2350871e-03   1.6907323e-03
  -1.4951354e-01  -1.1721900e-02   6.8328673e-01   3.0649690e-03  -1.9094507e-03   1.2429401e-03
  -1.8002371e-01   1.9321827e-02   8.6608754e-01   3.6409269e-03  -1.5333293e-03   6.8197833e-04
  -1.5837876e-01   4.3923891e-02   7.8922626e-01   3.2633522e-03  -9.9184183e-04   1.2009379e-03
  -1.2973647e-01   2.6594175e-02   8.0494095e-01   2.8775131e-03  -1.9521134e-03   2.5662311e-03
  -1.4284502e-01   7.4615424e-02   9.8821283e-01   5.4144167e-03  -1.6108446e-03   1.7879451e-03
  -1.6960712e-01   1.4821267e-01   1.0322252e+00   5.9514116e-03  -2.0788565e-03   6.6395857e-04
  -1.4232822e-01   1.2645309e-01   1.0016726e+00   6.5785488e-03  -2.1391379e-03   1.3217362e-03
  -1.5976036e-01   1.3137043e-01   9.9763865e-01   6.3846654e-03  -3.5285934e-03   1.0534105e-03
  -1.4331730e-01   1.1386143e-01   1.0409326e+00   6.4124065e-03  -3.1299977e-03   7.4730749e-04
  -1.6522393e-01   1.3365684e-01   1.0915033e+00   7.0760980e-03  -2.1908879e-03   5.1238560e-04
  -1.4217867e-01   8.0120778e-02   1.0665500e+00   7.4417734e-03  -1.9369955e-03   7.7114504e-04
  -1.9400799e-01   7.3761738e-03   8.8014328e-01   5.0037076e-03  -2.2919227e-03   8.2300137e-04
  -2.0321153e-01   1.5133916e-02   7.1784085e-01   2.3402060e-03  -2.8475227e-03   4.3467194e-04
  -2.2747827e-01   7.8088540e-02   9.4172966e-01   6.4033291e-03  -2.2426870e-03   7.3949225e-04
  -2.9785139e-01   1.1882207e-01   1.0840544e+00   1.0601626e-02  -1.8143856e-03   1.8664665e-03
  -1.9915546e-01   1.4840063e-01   8.9431438e-01   7.3079954e-03  -2.3333336e-03   3.2333312e-03
  -1.8333725e-01   5.3719172e-02   9.1440087e-01   7.4425555e-03  -3.3130680e-03   3.4971818e-03
  -1.7688468e-01   5.6554295e-02   1.0066073e+00   8.2519734e-03  -2.9063524e-03   3.8867734e-03
  -2.1390250e-01   6.3077188e-02   9.3797372e-01   8.0950115e-03  -3.5638252e-03   2.1844410e-03
  -1.5485114e-01   7.3887501e-02   9.3296699e-01   7.7968075e-03  -3.8823227e-03   2.8052195e-03
  -1.5785047e-01   8.1040982e-02   9.8892423e-01   8.1601161e-03  -4.3151633e-03   3.1815094e-03
  -2.0594515e-01   1.3183760e-01   1.1644965e+00   8.2915018e-03  -4.2167119e-03   2.6239915e-03
  -1.8755361e-01   1.0074713e-01   1.0771096e+00   8.9393399e-03  -4.5423835e-03   2.9826515e-03
  -2.1765473e-01   1.2531214e-01   1.1753154e+00   8.4786328e-03  -4.8498178e-03   2.3897015e-03
  -2.4848425e-01   1.2279892e-01   1.1394437e+00   9.9411623e-03  -4.7841724e-03   1.2464584e-03
  -1.9396978e-01   8.0844858e-02   1.1799562e+00   9.9026582e-03  -4.9012496e-03   2.1304426e-03
  -1.9264569e-01   7.5016586e-02   1.1017679e+00   1.0047293e-02  -4.8144915e-03   2.4195936e-03
  -1.8523165e-01   2.8151284e-02   1.0901155e+00   9.2091581e-03  -3.6119362e-03   2.7448550e-03
  -1.9951362e-01   5.3482336e-02   1.0245217e+00   1.0263533e-02  -4.0961825e-03   2.7380882e-03
  -1.9955373e-01   4.9068483e-02   1.1172143e+00   1.0252234e-02  -4.3327998e-03   3.1553605e-03
  -2.1694655e-01   6.5097474e-02   1.0899429e+00   1.0779388e-02  -4.2033688e-03   2.6567670e-03
  -1.7366132e-01   4.5148377e-02   1.1136332e+00   1.0808601e-02  -5.2028009e-03   4.6872339e-03
  -1.6644422e-01   9.4251380e-02   1.1530368e+00   1.2018146e-02  -4.2532452e-03   5.1586085e-03
  -1.9587669e-01   8.2189623e-02   1.0988693e+00   9.8477231e-03  -3.8688741e-03   4.9964280e-03
  -1.9025394e-01   1.0921430e-01   1.1049843e+00   1.2446537e-02  -3.9745979e-03   4.9071526e-03
  -1.5370507e-01   2.5365164e-02   8.4865896e-01   3.2474261e-03  -4.3858243e-03   5.3946871e-03
  -8.4350272e-02  -6.6840354e-02   2.7497906e-01  -1.2246764e-03  -3.0419487e-03   5.3715764e-03
  -4.9284359e-02   2.9842763e-02   5.8932534e-01   3.1848245e-03  -3.4429335e-03   5.4858402e-03
  -8.6130563e-02   1.4466242e-02   7.1416076e-01   2.1124401e-03  -2.0729417e-03   5.1052173e-03
  -1.0189387e-01  -3.7505090e-03   4.9035862e-01  -1.4794677e-04  -3.8202957e-03   4.4392743e-03
  -1.3126690e-01  -6.0279888e-02   5.1655095e-01   5.8900913e-04  -3.9033365e-03   4.0796305e-03
  -1.7955069e-01  -4.3078714e-03   9.1153117e-01   5.3840805e-03  -3.6065552e-03   3.6755145e-03
  -1.5979186e-01  -3.0740972e-02   6.7920160e-01   2.5324274e-03  -2.6171595e-03   4.3194617e-03
  -1.3838239e-01  -5.1776882e-03   7.9518302e-01   5.1403205e-03  -4.0895126e-03   4.9832990e-03
  -1.3374242e-01   7.3442744e-03   7.8108696e-01   4.0513785e-03  -3.2482239e-03   3.7181695e-03
  -1.3121545e-01   1.1067338e-02   8.2996637e-01   6.1066980e-03  -3.8002983e-03   3.8102645e-03
  -5.5572296e-02   1.8586508e-02   3.5864678e-01   2.2339832e-04  -1.1621603e-03   4.1121196e-03
  -1.0500850e-02   2.4311033e-02   4.1689816e-01   3.1673524e-04  -1.1214619e-03   4.2433224e-03
  -3.0419600e-02  -2.9131851e-02   5.2719406e-01   8.8322958e-04  -2.0109875e-03   5.4376077e-03
  -5.3288500e-02  -2.2923827e-02   5.9284852e-01   2.3256778e-03  -2.3353382e-03   5.4774616e-03
  -7.1430667e-02  -2.3436829e-02   6.0813887e-01   2.2113540e-03  -2.2448626e-03   5.4499136e-03
  -8.0068387e-02   1.2082380e-02   1.0736499e+00   6.5924631e-03  -2.3709273e-03   5.5370681e-03
  -6.5174318e-02  -2.5127193e-02   1.1541000e+00   6.9806895e-03  -2.5449968e-03   4.8405270e-03
  -4.2087904e-02   1.0990335e-02   1.1031595e+00   9.0954546e-03  -4.0318294e-03   6.0845354e-03
  -8.0254347e-02   2.6166235e-01   1.2873625e+00   1.4809720e-02  -5.6932665e-03   6.2434804e-03
  -8.5913984e-02   2.5581995e-01   1.1918050e+00   1.2629725e-02  -5.3430591e-03   5.6927890e-03
  -9.4380920e-02   2.3533446e-01   1.2461183e+00   1.4441264e-02  -4.6950056e-03   5.5818051e-03
  -8.9531183e-02   2.2751084e-01   1.2841461e+00   1.6091949e-02  -4.1387967e-03   5.5645647e-03
  -8.9218457e-02   1.6993313e-01   1.2707317e+00   1.3783791e-02  -3.6725978e-03   5.5933977e-03
  -1.0425424e-01   1.5833484e-01   1.1337100e+00   1.3385948e-02  -4.0392421e-03   4.7044861e-03
  -6.8820876e-02   3.0477120e-02   6.7493090e-01   4.7407021e-03  -3.0757247e-03   4.4479382e-03
  -9.0890471e-02   8.9452806e-02   5.7805411e-01   5.6806826e-03  -4.7478191e-03   6.8018855e-03
  -6.7004293e-02   1.1227006e-01   5.7260519e-01   4.4963739e-03  -4.6558314e-03   7.0699802e-03
  -5.9412396e-02   1.3947604e-01   6.9271712e-01   3.7251797e-03  -2.8771348e-03   6.2485716e-03
  -1.3233119e-01   1.4680989e-01  -5.3101615e-01  -3.5616219e-03  -4.5542475e-03   6.3191356e-03
  -1.1303730e-01   1.1552453e-01   2.4658417e-01   8.4119370e-03  -3.5565280e-03   6.6552301e-03
  -1.2153391e-01   1.3801345e-01   5.8189414e-01   1.0116411e-02  -4.1118699e-03   7.5936825e-03
  -1.3309808e-01   8.9153839e-02   3.6857910e-01   7.6456581e-03  -4.9521672e-03   8.5720538e-03
  -1.8604512e-01   1.1774961e-01   5.8951497e-01   8.2231728e-03  -5.2908407e-03   9.2090301e-03
  -1.7914143e-01   1.0483028e-01   4.1890074e-01   7.3742468e-03  -4.8974206e-03   8.3538477e-03
  -1.6587566e-01   1.4725007e-01   9.4278384e-02   1.8454762e-03  -5.8141272e-03   8.0237940e-03
  -1.6007169e-01   7.0810857e-02   2.5031051e-02  -8.6936079e-04  -6.0065467e-03   8.2387342e-03
  -2.0101194e-01   8.1595359e-02   2.0381261e-01   6.0743011e-04  -6.9216852e-03   8.2262251e-03
  -2.0323702e-01   5.6559706e-02   1.7398569e-01  -1.3542419e-05  -6.4128020e-03   8.8945163e-03
  -2.1140387e-01   5.8345255e-02   3.8885102e-01   4.8162474e-04  -6.3583707e-03   8.3845531e-03
  -2.0216490e-01   4.4841913e-02   3.9023358e-01   4.8572185e-04  -6.1078131e-03   8.0330547e-03
  -1.9842459e-01   1.2806639e-02   5.3225759e-01   8.9701687e-04  -6.5249979e-03   7.9795131e-03
  -2.3178958e-01   2.8240454e-02   6.6891157e-01   1.1701084e-03  -6.7931017e-03   8.0366151e-03
  -2.5053682e-01   3.2612798e-02   7.3748461e-01   3.5733520e-03  -6.6698913e-03   7.8669281e-03
  -2.3561100e-01   4.9047237e-02   6.4962923e-01   3.4077906e-03  -7.6078791e-03   8.1057954e-03
  -2.2049053e-01   6.0116563e-02   7.4866921e-01   4.1494596e-03  -7.5386063e-03   8.7497028e-03
  -2.0893649e-01   7.3598490e-02   8.0931851e-01   4.3041890e-03  -6.2049170e-03   8.3954315e-03
  -2.0832188e-01   7.4798078e-02   8.3757008e-01   4.3263618e-03  -5.8704565e-03   8.5921836e-03
  -2.0725122e-01   7.5494865e-02   8.0508424e-01   4.4462107e-03  -5.6406615e-03   8.5677338e-03
  -1.9207174e-01   3.7521768e-02   7.7230847e-01   3.8474256e-03  -5.5960133e-03   8.5241101e-03
  -1.6564385e-01  -4.1197443e-03   7.1863891e-01   2.4554658e-03  -5.8704617e-03   8.7013183e-03
  -1.6201586e-01   9.9458992e-03   8.5910623e-01   3.6533479e-03  -5.6921866e-03   8.5250067e-03
  -1.8642015e-01   6.4131950e-02   8.4771958e-01   6.3561473e-03  -4.7426029e-03   7.6324101e-03
  -2.0486872e-01   2.2837819e-01   9.8671586e-01   8.6597487e-03  -4.9155860e-03   6.5276590e-03
  -1.7424739e-01   1.8148089e-01   8.7576598e-01   6.3507139e-03  -4.9355252e-03   6.5186233e-03
