   0.0000000e+00   0.0000000e+00   0.0000000e+00   0.0000000e+00   0.0000000e+00   0.0000000e+00
   7.2156610e-03   2.1278577e-02  -1.2168923e-02  -7.4816331e-04  -2.1673454e-04  -2.6258359e-04
   1.3594196e-02   1.3904226e-02  -3.2238260e-02  -1.2281827e-03   1.3605913e-05  -3.8366699e-04
   1.1704265e-02   3.5767087e-02  -4.6665124e-02  -1.5680702e-03  -4.6005728e-05  -4.3807169e-04
   9.1647840e-03   1.1632874e-02  -6.9828295e-02  -2.1878814e-03  -1.1155023e-04  -3.1633825e-04
   2.7405609e-02   7.1886828e-02  -1.2908426e-01  -3.4079178e-03  -9.7663190e-05  -7.5837779e-04
   1.8453209e-02   5.2814477e-02  -5.1083845e-02  -5.1408438e-04   4.9233168e-05  -2.8837703e-04
   2.4617395e-02   4.9710828e-02  -9.6949698e-02  -2.2596811e-03   1.9498214e-04  -4.8895079e-04
   3.3864395e-02   7.3294497e-02  -1.2891067e-01  -2.3267366e-03   3.0656745e-04  -5.4682727e-04
   3.7386260e-02   5.6518756e-02  -1.3951757e-01  -3.3664138e-03   3.7204216e-04  -7.2872852e-04
   4.7338957e-02   6.2253775e-02  -1.2654404e-01  -2.4806981e-03   2.3203489e-04  -8.8975580e-04
   4.7318407e-02   6.6611180e-02  -1.3487781e-01  -3.2575112e-03   8.7774696e-04  -9.1360803e-04
   6.1671648e-02   8.0062722e-02  -1.3653889e-01  -3.7815819e-03   7.2577655e-04  -1.0257202e-03
   7.5408720e-02   8.3205953e-02  -2.2129068e-01  -4.8019327e-03   9.8126066e-04  -9.8373016e-04
   7.5223934e-02   8.4572453e-02  -1.6250701e-01  -4.7068406e-03   1.3018268e-03  -9.9725713e-04
   1.0372437e-01   9.9368254e-02  -2.0114494e-01  -5.0354048e-03   1.1459110e-03  -1.1891831e-03
   1.0609726e-01   1.1775887e-01  -1.7841029e-01  -4.5811275e-03   1.2429293e-03  -1.1463727e-03
   1.0650172e-01   9.6669689e-02  -1.6925996e-01  -4.7244607e-03   1.2186523e-03  -1.1390457e-03
   1.1009939e-01   1.1712809e-01  -2.3573032e-01  -5.5369597e-03   1.4068501e-03  -1.0230592e-03
   1.1813005e-01   1.0451518e-01  -2.0580787e-01  -5.7311069e-03   1.2993067e-03  -9.1640680e-04
   1.2514703e-01   1.1867056e-01  -2.3929321e-01  -4.9944659e-03   1.3629777e-03  -1.1080160e-03
   1.1931120e-01   1.2714187e-01  -2.4919154e-01  -5.9137918e-03   1.2685601e-03  -1.0167455e-03
   1.1824555e-01   1.2557510e-01  -2.3698139e-01  -5.8325407e-03   1.5110601e-03  -1.0724725e-03
   1.2530724e-01   1.4222280e-01  -3.0001143e-01  -7.1561560e-03   1.1734279e-03  -1.1640135e-03
   1.2399232e-01   1.2209301e-01  -1.5320783e-01  -4.3735137e-03   1.6958463e-03  -9.9347775e-04
   1.2741542e-01   1.2225488e-01  -2.0158409e-01  -5.3638625e-03   1.4150398e-03  -1.0203729e-03
   1.2899187e-01   9.9235112e-02  -1.5606316e-01  -5.2186566e-03   1.5228797e-03  -1.1272200e-03
   1.6049647e-01   1.2345708e-01  -1.8514791e-01  -5.1098958e-03   1.5949355e-03  -1.3474262e-03
   1.4495687e-01   9.9925692e-02  -1.9185022e-01  -6.1684850e-03   1.0692992e-03  -7.5479352e-04
   1.5512031e-01   9.2180864e-02  -2.5176755e-01  -7.4599439e-03   1.1163424e-03  -1.0199423e-03
   1.1483626e-01   5.0944917e-02  -7.7355620e-02  -8.7122827e-04   9.1702012e-04   8.8561485e-05
   1.2575480e-01   1.2066728e-01  -6.3172368e-02  -2.6379001e-03   1.3196460e-03  -3.4084121e-04
   1.3751033e-01   1.2580382e-01  -1.6974338e-01  -5.2583416e-03   1.1198938e-03  -8.5720419e-04
   1.2150171e-01   1.0690025e-01  -9.3348804e-02  -3.9209553e-03   1.3485882e-03  -5.7629544e-04
   1.2275500e-01   1.1412744e-01  -1.1016366e-01  -3.8179848e-03   1.2297527e-03  -8.2612851e-04
   1.2471433e-01   1.1139624e-01  -6.5877942e-02  -2.8030900e-03   1.3620556e-03  -7.0509589e-04
   1.2629975e-01   1.3814972e-01  -1.4998122e-01  -5.2987331e-03   1.3123761e-03  -4.7401520e-04
   1.2827111e-01   8.9950814e-02  -1.1851891e-01  -4.2844518e-03   1.6653784e-03  -3.3182123e-04
   1.4277850e-01   1.1394894e-01  -1.6237472e-01  -4.9621809e-03   1.3121847e-03  -5.0405090e-04
   1.2946252e-01   1.1898780e-01  -2.0536505e-01  -5.1312844e-03   1.5137765e-03  -3.5497697e-04
   1.3167587e-01   1.2692312e-01  -1.5025541e-01  -5.1336165e-03   1.5434249e-03  -4.9712377e-04
   1.3377512e-01   1.3587080e-01  -1.9818791e-01  -5.1205915e-03   1.4583226e-03  -4.3628277e-04
   1.2912135e-01   1.3245106e-01  -1.5282466e-01  -5.2558958e-03   1.5585161e-03  -4.9562862e-04
   1.2128063e-01   1.2641468e-01  -1.5788647e-01  -4.7339673e-03   1.5518909e-03  -4.8374704e-04
   1.2654031e-01   1.3741898e-01  -1.8468422e-01  -5.8140268e-03   1.4513105e-03  -5.4324154e-04
   1.2458096e-01   1.1790195e-01  -1.8019013e-01  -4.9839658e-03   1.6075606e-03  -4.8756483e-04
   1.2301000e-01   1.3999152e-01  -2.2333249e-01  -5.5821501e-03   1.5925899e-03  -4.7444111e-04
   1.2996794e-01   1.4674717e-01  -1.8591349e-01  -4.8528701e-03   1.4719047e-03  -5.4421753e-04
   1.1179263e-01   1.7543839e-01  -1.6520924e-01  -4.3335116e-03   1.2682194e-03  -3.3068612e-04
   1.3025224e-01   1.4790772e-01  -1.3154487e-01  -4.5644327e-03   1.2801233e-03  -3.4979733e-04
   1.2203067e-01   1.5919743e-01  -1.8260582e-01  -4.7669754e-03   1.5858546e-03  -5.4349906e-04
   1.4435931e-01   1.3970381e-01  -1.4598089e-01  -5.1921767e-03   1.9786323e-03  -4.1356824e-04
   1.5951127e-01   1.6039091e-01  -1.9871762e-01  -6.8136525e-03   1.3614139e-03  -1.0240709e-03
   1.5554665e-01   1.6460252e-01  -2.3133820e-01  -5.5474820e-03   1.3022844e-03  -8.1193966e-04
   1.4008773e-01   1.5078934e-01  -1.3811007e-01  -5.2527704e-03   1.4492758e-03  -6.9253268e-04
   1.1181206e-01   1.2705126e-01   1.5608440e-02  -7.5877550e-04   1.3165127e-03   5.5137728e-06
   9.4751145e-02   1.3337748e-01   7.0634690e-02   1.3099127e-03   4.8992415e-04   2.8761585e-04
   1.1653660e-01   1.4086411e-01   2.3124468e-02  -2.2718325e-04   6.7323820e-04  -1.1791316e-04
   1.1575620e-01   1.8483504e-01  -2.3751083e-02  -1.2762484e-03   5.5214902e-04  -2.2925560e-04
   1.0672019e-01   1.6228218e-01   2.2840838e-02  -5.4357899e-04   7.4915027e-04  -2.5161136e-04
   1.0723068e-01   1.9541595e-01  -2.3883822e-02  -1.5707321e-03   5.6010623e-04  -2.1983502e-04
   1.0603686e-01   1.5228903e-01   3.0355085e-02  -7.8232626e-04   7.2930298e-04  -1.4920077e-04
   1.1696835e-01   1.8215733e-01  -6.2708764e-02  -2.0463800e-03   1.0651051e-03  -3.6171140e-04
   1.1689909e-01   1.9055534e-01  -4.2463027e-02  -1.3768868e-03   9.3978539e-04  -2.4611569e-04
   1.1151867e-01   1.9908784e-01  -2.9351966e-02  -1.2100174e-03   1.1897669e-03  -2.5296431e-04
   1.1025992e-01   2.0513644e-01  -4.7700773e-02  -1.6507403e-03   9.1828888e-04   5.9575628e-05
   1.1176794e-01   1.9366623e-01  -1.4698488e-02  -1.3497301e-03   1.1059868e-03  -1.0352093e-04
   1.1765012e-01   2.1348778e-01  -3.4546507e-02  -9.3112254e-04   1.2052249e-03   2.4851984e-04
   1.2277317e-01   2.1574649e-01  -5.3797739e-02  -1.7398406e-03   1.1290629e-03   4.9602540e-04
   1.1788535e-01   1.9710376e-01  -1.9035584e-02  -8.5069828e-04   1.4694260e-03   7.7176099e-04
   1.2989259e-01   2.4234271e-01  -9.8000327e-02  -1.7313572e-03   9.9748541e-04   4.8848629e-04
   1.0573443e-01   2.1949144e-01   3.6114569e-02  -2.7754317e-04   1.7964349e-03   1.1449880e-03
   8.1582769e-02   2.2974654e-01   4.3020816e-02   1.2720916e-03   8.1603330e-04   1.5936155e-03
  -7.2095116e-02   1.9778654e-01   4.7187291e-01   1.0020729e-02   1.8489450e-03   6.6351267e-03
   3.4035896e-02   2.5034560e-01   2.1865240e-01   4.0082950e-03   1.4238776e-03   4.0295511e-03
   8.7730942e-02   2.2134342e-01   7.9466374e-04   7.4490572e-05   9.0879022e-04   2.2336421e-03
   6.6411813e-02   2.1870824e-01   2.0178490e-01   2.9710225e-03   1.5458356e-03   3.1084737e-03
   8.2442075e-02   2.1333707e-01   1.2293519e-01   2.5665372e-03   1.4198015e-03   2.8672743e-03
   7.0120043e-02   1.9109119e-01   1.7537618e-01   1.8665366e-03   1.0221708e-03   3.3673605e-03
   5.9232403e-02   1.7192648e-01   1.4813674e-01   2.6423229e-03   9.9302154e-04   3.3392885e-03
   2.8865639e-02   1.9621450e-01   2.5617443e-01   5.4953150e-03   3.1064709e-04   3.3226569e-03
   2.6410440e-02   2.2848904e-01   3.0315581e-01   7.4826436e-03   7.6296677e-05   2.9296635e-03
   1.0380720e-02   2.3849668e-01   2.4838020e-01   6.7674868e-03   3.7487435e-04   3.1005935e-03
   2.4341115e-02   2.3456173e-01   2.7639291e-01   6.2490477e-03   4.4529258e-04   2.9362433e-03
   2.0172041e-02   2.4324476e-01   2.7439700e-01   6.1476045e-03   1.1027173e-03   3.0475202e-03
   1.2038674e-02   2.4673515e-01   3.4972694e-01   6.2154974e-03   7.4592886e-04   2.9629459e-03
   5.0357472e-03   2.2227184e-01   3.3295422e-01   6.0621381e-03   1.0251227e-03   3.0342956e-03
   2.1765345e-02   2.4063529e-01   2.5623228e-01   5.1807935e-03   9.8353827e-04   2.8615229e-03
   1.7925054e-02   2.5568955e-01   3.1227261e-01   6.0053913e-03   1.0325294e-03   3.0604162e-03
   2.9432554e-02   2.8213123e-01   3.0389102e-01   6.5893507e-03   9.2657824e-04   3.0419618e-03
   2.7570816e-02   2.7581352e-01   3.4871926e-01   6.5983276e-03   7.5954046e-04   3.1830592e-03
   2.5215940e-02   2.5591003e-01   2.8958990e-01   5.9556527e-03   8.6198927e-04   3.1631015e-03
   3.9972570e-02   2.6413579e-01   2.3970846e-01   5.6441787e-03   6.2976655e-04   2.9421005e-03
   3.6100059e-02   2.6681156e-01   2.5442718e-01   5.9912332e-03   7.1196230e-04   2.8779390e-03
   3.9962122e-02   2.8641482e-01   2.5040304e-01   5.9664418e-03   6.8543321e-04   2.8741618e-03
   4.1233697e-02   2.5469364e-01   2.2329141e-01   5.5270241e-03   6.1717701e-04   2.8004036e-03
   4.4650457e-02   2.5384317e-01   2.6801607e-01   5.9550741e-03   8.7203044e-04   2.6672944e-03
   4.5992479e-02   2.7407593e-01   2.5442713e-01   6.1232990e-03   8.6316432e-04   2.6863845e-03
   5.1972811e-02   2.7765116e-01   3.5090003e-01   7.3433190e-03   9.1686712e-04   2.9535910e-03
   5.2618885e-02   2.8447002e-01   3.2249092e-01   6.7954458e-03   1.0617115e-03   2.6704386e-03
   3.9006936e-02   2.3293424e-01   3.2605866e-01   5.9797692e-03   9.8376256e-04   3.0306911e-03
   4.5915283e-02   2.2736602e-01   2.7509682e-01   6.0045198e-03   1.1341602e-03   2.8474896e-03
   5.6492735e-02   2.6824892e-01   2.3607252e-01   5.3923569e-03   1.0032680e-03   2.8151779e-03
   4.5551365e-02   2.4158397e-01   2.9730984e-01   6.0249265e-03   5.8183391e-04   3.1074245e-03
   5.7184072e-02   2.5883054e-01   1.9508778e-01   4.4552744e-03   3.0611717e-04   2.8469888e-03
   6.4336311e-02   2.5563903e-01   2.0088096e-01   4.0785924e-03   6.1634085e-04   2.8970002e-03
   7.2724901e-02   2.6273378e-01   2.2224184e-01   4.3526224e-03   3.4387692e-04   2.9090938e-03
   6.5708728e-02   2.6233700e-01   1.7863326e-01   4.0882943e-03   3.4806597e-04   2.8536418e-03
   5.6009777e-02   2.4556812e-01   2.7296430e-01   4.1603875e-03   5.9742634e-04   3.0279007e-03
   5.6497204e-02   2.3668859e-01   2.2250684e-01   4.3678955e-03   4.9199636e-04   2.9566612e-03
   5.4928156e-02   2.5483635e-01   2.4875881e-01   4.5183645e-03   2.8135829e-04   2.7655531e-03
   5.5157270e-02   2.7895166e-01   2.4249831e-01   4.3787184e-03   5.2289606e-04   2.7827122e-03
   4.9832727e-02   2.6720921e-01   2.3485000e-01   3.9669002e-03   4.2699091e-04   2.9541253e-03
   5.8152410e-02   2.5311260e-01   2.2827816e-01   4.1139347e-03   7.0141784e-04   2.8875258e-03
   6.5751514e-02   2.7043167e-01   1.5670489e-01   3.9173232e-03   6.0465037e-04   2.9193967e-03
   6.5428171e-02   2.9796537e-01   2.1043730e-01   4.3515782e-03   6.8018745e-04   2.9639044e-03
   7.6238067e-02   2.7031228e-01   1.2064219e-01   3.0179503e-03   5.7233002e-04   2.7215771e-03
   6.2727819e-02   2.5735112e-01   1.6226361e-01   3.4622383e-03   7.2446116e-04   2.8974094e-03
   7.7499042e-02   2.6545900e-01   1.7056017e-01   3.8986939e-03   7.6320952e-04   2.8424452e-03
   8.7010292e-02   2.7975141e-01   9.6269776e-02   2.6649310e-03   5.5809964e-04   2.8683534e-03
   8.9446642e-02   2.6233328e-01   1.2848965e-01   2.9544200e-03   5.4479859e-04   2.9069084e-03
   9.3035928e-02   2.8334033e-01   9.6910130e-02   3.1394591e-03   5.4392161e-04   2.7763957e-03
   8.8186312e-02   2.7222672e-01   1.6884517e-01   3.7785770e-03   2.0969441e-04   2.9240487e-03
   9.4328242e-02   2.8550281e-01   8.9071920e-02   2.6319848e-03   2.3850734e-04   2.9682416e-03
   9.6120012e-02   2.6873209e-01   1.0490930e-01   2.1675986e-03   4.8021916e-04   2.9610246e-03
   1.1273110e-01   2.6917387e-01   5.7905331e-02   1.6138261e-03   2.0977042e-04   2.6428636e-03
   1.0796754e-01   2.9157456e-01   1.1106472e-01   2.3056550e-03   3.1189315e-04   2.6768810e-03
   8.2502493e-02   2.5681519e-01   1.6769702e-01   3.7712121e-03   8.7726113e-04   3.5061223e-03
   7.1471810e-02   2.4596086e-01   1.3558925e-01   1.8612482e-03   1.2171168e-03   4.1025011e-03
