   0.0000000e+00   0.0000000e+00  -3.5527137e-15   0.0000000e+00   0.0000000e+00   0.0000000e+00
  -1.4631390e-02   4.2306479e-02   2.1871557e-03   5.0217228e-04  -6.0034129e-06   4.6822698e-04
  -1.7216481e-02  -3.5248952e-03  -1.2874380e-02  -4.5136505e-04   2.7502460e-04   4.8617010e-04
  -5.0108775e-03   2.7411728e-02   2.6508077e-02  -9.6912706e-04   5.0186734e-04   1.9506955e-04
  -1.5651261e-03   2.0044044e-02  -1.9841023e-02  -1.5755863e-03   8.6707945e-04   1.1427321e-05
  -3.8315210e-03  -7.0366716e-03   1.1422759e-02  -1.3428245e-03   9.3202248e-04   2.3156469e-04
   6.5198594e-04   2.2495461e-02   6.2062808e-02  -1.2278211e-03   1.0295292e-03   3.1861071e-04
   1.4118933e-02   2.5764258e-02   1.8610099e-02  -1.8026349e-03   1.1057498e-03   3.9156036e-04
   8.4096506e-03   1.5017951e-03  -1.8666386e-02  -2.0189395e-03   1.0220631e-03   3.5651406e-04
   1.5986660e-02   7.4689860e-03  -8.3463114e-03  -2.0126250e-03   8.7681533e-04   3.7474531e-04
   2.8088441e-02   2.6526347e-02   3.6684098e-02  -1.9312576e-03   6.8629804e-04   4.4454165e-04
   3.3500904e-02   1.8180323e-02  -2.3223388e-02  -2.8848559e-03   6.2187609e-04   2.5171413e-04
   2.6905653e-02  -6.1953232e-03  -1.2562332e-02  -2.6320391e-03   8.8578570e-04   4.8376499e-04
   2.9227180e-02   3.5534757e-02   3.2798400e-03  -2.8819745e-03   9.8597201e-04   5.1853338e-04
   3.7674063e-02   3.8765854e-02   1.3822434e-03  -2.3893831e-03   1.0487604e-03   1.8614427e-04
   2.2657732e-02   1.9938607e-02  -4.2531111e-02  -2.8518493e-03   9.8841819e-04   3.5805409e-04
   1.7405114e-02   3.7990591e-03  -2.1217274e-02  -2.6691500e-03   1.1691453e-03   1.4412143e-04
   1.1467159e-02   2.5533798e-02  -1.3740798e-02  -2.7604454e-03   1.0981254e-03   1.1799294e-04
   2.7668536e-02   2.9753523e-02  -2.3498628e-02  -2.5944068e-03   1.0359941e-03   1.8606953e-04
   1.2662099e-02   1.7578207e-02  -7.0183271e-02  -3.2817519e-03   1.1493627e-03   2.7659705e-04
   1.2688003e-02   1.6763013e-02  -1.1422337e-02  -2.1950877e-03   1.3600126e-03   8.4723001e-05
   7.1808269e-03   4.7523042e-02  -2.9282299e-02  -2.7448885e-03   1.4469468e-03   9.8942912e-05
  -3.8812810e-03  -3.9557457e-02  -1.3489154e-01  -2.3141335e-03   1.4695495e-03   8.8501400e-04
   2.8440797e-03   6.8907790e-03   9.8646358e-03  -6.2220890e-05   1.2261662e-03   9.3899590e-05
  -5.1195470e-03   4.9621704e-02  -1.0108677e-03  -1.1252400e-03   1.6612195e-03   9.7538061e-05
  -9.5690209e-03   5.8884687e-02  -6.7961790e-05  -1.9344555e-03   1.9154490e-03  -1.0904198e-04
  -2.6910143e-02  -6.3343611e-02  -7.8811577e-02  -1.7751389e-03   2.3334935e-03   2.7675500e-04
  -1.0600877e-02   2.5795282e-02  -8.8878880e-02  -2.0105263e-03   2.5136085e-03  -1.9322201e-04
  -1.5966475e-02   7.8661528e-02  -3.9427521e-02  -2.7361400e-03   2.1831066e-03   2.4056944e-04
  -1.2326019e-02   6.5643641e-02  -9.7371718e-02  -2.3277278e-03   2.4597234e-03   2.5679579e-04
  -1.3755237e-02   3.3507020e-02  -1.8508946e-02  -3.0790275e-03   2.3229073e-03   5.3456720e-04
  -2.5261611e-02   1.3746370e-02  -1.2170897e-01  -2.4940430e-03   2.6728261e-03   1.4513927e-03
  -2.2288883e-02   7.3214642e-03  -4.5896869e-02  -7.1075330e-04   2.6382339e-03   3.9834708e-04
  -1.3935200e-02   5.4025386e-02  -3.4940570e-02  -2.5311243e-03   2.8463765e-03   2.5931845e-04
  -1.4899365e-02  -1.8162580e-03  -1.1304061e-02  -2.5745636e-03   3.2369857e-03   1.6075947e-04
  -1.0781749e-02   1.4631866e-02   7.5104267e-03  -3.0869529e-03   3.2654158e-03   3.0475685e-04
  -8.3847105e-03   1.2042807e-02  -6.3138448e-02  -3.6932054e-03   3.5009120e-03   1.5564398e-04
  -1.2408575e-02   9.2735028e-03  -4.8871855e-02  -3.3451007e-03   3.7448764e-03   1.2110365e-04
  -2.5181646e-02   3.1893595e-02  -3.1125457e-02  -2.9684786e-03   3.7014441e-03   2.8125026e-06
  -2.0462245e-02   2.8025508e-02  -5.8481078e-02  -2.8941346e-03   3.9163687e-03   4.8635209e-05
  -1.7917820e-02   3.8431219e-03  -4.1188229e-02  -3.2324771e-03   3.8211393e-03   4.0087972e-05
  -2.0174719e-02   1.0013058e-02  -4.5550270e-02  -3.3076740e-03   3.9368618e-03  -1.4392222e-04
  -2.0662235e-02   4.2152624e-02  -6.7976731e-02  -3.4975311e-03   3.9037399e-03  -8.1433808e-05
  -2.3061058e-02  -3.8525550e-03  -7.1719704e-02  -3.2958155e-03   4.1081726e-03  -3.6159672e-04
  -2.6780201e-02   4.6052302e-02  -3.7700044e-02  -3.1061760e-03   4.5547441e-03  -4.8453439e-04
  -2.9552457e-02   4.9324991e-02  -5.1410153e-02  -3.2094697e-03   4.7221967e-03  -4.4144472e-04
  -1.7111842e-02   6.6380944e-02  -6.9993635e-02  -3.2316347e-03   4.6847451e-03  -5.8336441e-04
  -2.5022606e-02   2.0745510e-02  -4.6467266e-02  -3.3153240e-03   4.8811909e-03  -4.5712218e-04
  -1.8294665e-02   4.2291482e-02   1.7606451e-03  -3.1668489e-03   4.9510160e-03  -6.2059822e-04
  -1.8613327e-02   6.2630857e-02  -6.7131842e-02  -3.9735654e-03   4.8931711e-03  -3.5500454e-04
  -2.5069699e-02   3.0791177e-02  -1.0951888e-01  -4.6905693e-03   5.1736760e-03  -3.6048577e-04
  -1.0798938e-02   6.1975597e-02  -8.0742872e-02  -5.2084139e-03   5.6513828e-03  -8.6571379e-04
  -8.5110731e-03   4.9126723e-02  -1.0632233e-01  -6.3337280e-03   5.3516126e-03  -5.3055476e-04
  -9.3728639e-03   2.2948895e-02  -1.3387878e-01  -6.2301474e-03   5.6778805e-03  -7.5098014e-04
  -8.9093686e-03   1.4778413e-02  -8.8758476e-02  -5.7218848e-03   5.6341730e-03  -6.2184859e-04
  -9.5185145e-03   2.3424617e-02  -7.5320406e-02  -5.3793331e-03   5.4689031e-03  -6.6102186e-04
  -8.6716056e-03   3.8698074e-02  -6.7352385e-02  -4.7410405e-03   4.8957365e-03  -6.8851735e-04
  -5.1579257e-03   1.3295695e-02  -9.4384791e-02  -5.0311885e-03   4.8790932e-03  -6.2829488e-04
  -9.7485412e-03   1.5639242e-02  -5.6168850e-02  -4.9250234e-03   5.1182155e-03  -5.9292861e-04
  -4.9038752e-03   3.8670017e-03  -5.5075251e-02  -4.9066644e-03   5.2886897e-03  -7.6359747e-04
  -6.9638568e-03   3.7060645e-02  -3.8055095e-02  -5.0230476e-03   5.2661379e-03  -6.6860714e-04
  -1.1621636e-02   3.5826043e-02  -1.0423034e-01  -5.1438950e-03   5.6273546e-03  -7.0626784e-04
  -1.1308313e-02   3.9124506e-02  -5.5751275e-02  -4.4331591e-03   5.5561471e-03  -7.3569887e-04
  -1.6810031e-02   4.5892636e-02  -6.8112850e-02  -4.6626178e-03   5.9110881e-03  -8.6988800e-04
  -1.0910623e-02   3.1625079e-02  -7.1494528e-02  -5.2859799e-03   5.5127692e-03  -6.7796020e-04
  -1.9077614e-02   2.8331450e-02  -1.1708796e-01  -5.4660799e-03   5.9857511e-03  -9.7778916e-04
  -1.9904120e-02   3.1493159e-02  -3.3257966e-02  -5.3257113e-03   4.5794550e-03   2.7749291e-04
   1.7639383e-02   5.8273597e-02   1.1366657e-01  -3.4955543e-03   3.0358723e-03   4.7876208e-04
   6.3068345e-03   4.2174806e-02   2.8054868e-02  -4.6388167e-03   3.7051005e-03   2.4105525e-04
   6.8778444e-03   3.9294006e-02   5.2538120e-02  -3.8447135e-03   3.7270190e-03   1.5466778e-04
   4.2084671e-03   1.0739065e-02   7.6851912e-02  -4.2630164e-03   4.1212266e-03   6.8392776e-05
   1.3299067e-02   4.5332132e-02   1.1290787e-01  -4.0517005e-03   3.9972514e-03   1.8217362e-04
   6.7652996e-03   3.9938257e-02   8.7138769e-02  -4.2220270e-03   4.0483405e-03   1.3152112e-04
   1.6691767e-02   2.2181294e-02   1.0404634e-01  -3.8012004e-03   4.0226741e-03   3.6408342e-05
   9.8010836e-03   2.1117365e-02   1.3468428e-01  -3.5190126e-03   4.0934634e-03   7.6685305e-05
   5.8111482e-03   5.8756490e-02   9.7904276e-02  -4.6716521e-03   4.1710497e-03   6.6088952e-05
   2.6556415e-02   8.3177651e-02   6.3330079e-02  -6.0798391e-03   3.9661230e-03   1.3981963e-04
   4.0304544e-02   4.5571866e-02  -1.9932829e-02  -6.1649522e-03   3.7727155e-03   7.4884599e-05
   3.4232188e-02   2.7136202e-02  -3.6432490e-02  -7.0202685e-03   4.3144641e-03   6.3967638e-05
   2.8961527e-02   2.9565164e-02   4.3759191e-02  -5.7048521e-03   4.2753435e-03   1.0298263e-04
   2.7228539e-02   3.0722937e-02   4.4562650e-02  -6.5223025e-03   4.2863927e-03   2.3483467e-04
   4.8537096e-02  -3.8953959e-02  -4.0566924e-02  -5.8558038e-03   3.6958238e-03   1.4443232e-03
   3.3639783e-02   1.2992548e-02   2.8980599e-02  -4.0737111e-03   3.7617889e-03   6.2708504e-04
   1.6265823e-02   7.0084319e-02   7.1336210e-03  -5.9164314e-03   4.4768714e-03   1.1982219e-04
   3.0592244e-02   9.1465456e-02   1.0488878e-02  -5.3239027e-03   4.7698413e-03  -1.6687474e-04
   3.6822150e-02   1.1013923e-02  -1.5825123e-02  -6.8032912e-03   4.8177200e-03   1.4067436e-04
   3.5930759e-02   2.6082671e-02   6.5269345e-02  -5.8887490e-03   4.7139465e-03   1.0116276e-04
   3.3144195e-02   4.0084761e-02   4.4915056e-02  -6.0813439e-03   4.8763059e-03   1.0416959e-04
   2.3127375e-02   3.8384730e-03   1.0884503e-01  -6.1385430e-03   4.7667110e-03   6.1073546e-04
   4.4272179e-02   3.0808660e-02   1.9938512e-01  -6.6669669e-03   4.0601978e-03   7.9813242e-04
   3.1416149e-02   3.8733779e-02   1.7496141e-01  -6.1989250e-03   4.7710186e-03   1.0109681e-03
   3.1441804e-02   3.0091297e-02   1.8773111e-01  -6.5322953e-03   5.0016987e-03   1.1913801e-03
   3.5736938e-02   2.8642503e-02   1.7551286e-01  -6.4047650e-03   5.2259753e-03   1.0417230e-03
   3.1157586e-02   5.6780164e-02   2.0133553e-01  -6.1595880e-03   5.3630610e-03   1.0484179e-03
   4.0679405e-02   5.5136727e-02   1.4185076e-01  -6.9979945e-03   5.7508729e-03   1.1544169e-03
   4.6444669e-02   3.4626035e-02   1.9583217e-01  -6.3422168e-03   5.6016503e-03   1.2726724e-03
   4.5239698e-02   5.1478116e-02   2.3188126e-01  -5.5734157e-03   5.7521656e-03   1.3078309e-03
   3.1247450e-02   3.4566969e-02   2.2578261e-01  -6.3315757e-03   5.7802935e-03   1.4336483e-03
   3.0495152e-02   1.7797625e-02   1.9395655e-01  -6.4893879e-03   6.0708151e-03   1.5257764e-03
   4.0381293e-02   6.9964693e-02   2.5566438e-01  -5.5072308e-03   6.0855467e-03   1.1631610e-03
   2.8722977e-02   3.8964779e-02   1.9087532e-01  -6.1257673e-03   6.0736660e-03   8.2489429e-04
   3.4995142e-02   1.9498080e-02   1.4351565e-01  -7.3483148e-03   6.3968945e-03   1.1229121e-03
   5.5664146e-02   2.4170495e-02   1.4318669e-01  -7.1936705e-03   6.3515827e-03   1.0903651e-03
   4.8353563e-02   7.0348436e-02   1.3144311e-01  -6.9415534e-03   6.2109639e-03   1.1235534e-03
   4.0376666e-02   3.9389107e-02   1.0834679e-01  -6.6923337e-03   6.5556180e-03   1.1662013e-03
   3.5102880e-02   1.4851283e-02   1.9777124e-01  -6.3231854e-03   6.6712362e-03   1.2384357e-03
   4.8196858e-02   2.0025176e-02   2.3753396e-01  -5.5723685e-03   6.3447838e-03   1.0885432e-03
   4.4605020e-02   5.6049166e-02   2.5534897e-01  -5.4164258e-03   6.6626974e-03   1.3257533e-03
   4.4676801e-02   2.8749540e-02   1.9577901e-01  -6.5158200e-03   6.5805535e-03   1.3604462e-03
   4.8357658e-02   6.2271189e-02   2.0704762e-01  -7.1133635e-03   6.8051179e-03   1.4543401e-03
   5.5477063e-02   6.0796717e-02   1.7707577e-01  -6.7154419e-03   6.7062918e-03   1.6120525e-03
   4.3220493e-02   5.0610443e-02   1.7794733e-01  -6.7345467e-03   7.0585725e-03   1.6471754e-03
   6.0290682e-02   2.1239152e-02   1.5296495e-01  -4.6699690e-03   6.6839598e-03   2.2348770e-03
   7.3938388e-02   6.3020610e-03   8.5724326e-02  -6.3326604e-03   6.0744101e-03   2.1172554e-03
   5.0097559e-02   6.8175009e-02   1.3534142e-01  -6.8067518e-03   6.7809862e-03   1.9484070e-03
   5.6176169e-02   2.9403788e-02   1.3451814e-01  -6.5962927e-03   6.7973669e-03   2.1903518e-03
   4.3007534e-02   5.9479607e-02   2.2892429e-01  -5.7923336e-03   7.4346014e-03   2.2431140e-03
   4.8941993e-02   4.2966062e-02   1.7040639e-01  -6.6982341e-03   7.6946616e-03   2.1622146e-03
   6.9652488e-02   4.8555691e-02   1.0369859e-01  -7.1967592e-03   7.5653548e-03   2.0094582e-03
   6.2867592e-02   4.5767350e-02   9.3787929e-02  -6.8569313e-03   7.7675117e-03   2.0950850e-03
   3.0832755e-02   9.1166983e-02   2.2741694e-01  -5.6421992e-03   6.8801728e-03   2.3293143e-03
   5.0524644e-02   9.2467389e-02   2.2643883e-01  -4.7446580e-03   6.9431013e-03   2.1212864e-03
   6.0953795e-02   6.5758385e-02   1.0598675e-01  -6.5472974e-03   7.6632294e-03   2.3009066e-03
   6.3628451e-02   7.5949743e-02   2.1941864e-01  -5.5651444e-03   7.2103629e-03   2.3085095e-03
   5.9683038e-02   6.6727263e-02   1.7631197e-01  -5.8996209e-03   7.5118621e-03   2.1659953e-03
   4.6024071e-02   4.0643758e-02   1.9985324e-01  -5.8430239e-03   7.5461373e-03   2.2077007e-03
   4.5109178e-02   4.6746492e-02   1.7562945e-01  -6.0635684e-03   7.4663100e-03   1.8840038e-03
   5.1097407e-02   3.7736731e-02   1.3826227e-01  -7.1644432e-03   6.6665567e-03   1.8576679e-03
   5.6878690e-02   1.7456245e-02   1.0086638e-01  -8.1490422e-03   6.9029759e-03   2.3297228e-03
