   0.0000000e+00   0.0000000e+00   0.0000000e+00   0.0000000e+00   0.0000000e+00   0.0000000e+00
  -9.1014818e-03  -2.4251283e-02   1.7201931e-02   9.4963341e-04  -1.4903265e-04  -2.5868959e-05
  -1.6453158e-02  -6.1849723e-03   4.6882974e-02   1.2766904e-03  -2.7380576e-04  -7.9119959e-05
  -2.3949470e-02  -2.2128986e-02   9.5651517e-02   1.2750017e-03  -1.6221612e-04  -4.7993498e-05
  -2.2756543e-02  -1.6755895e-02   8.8661748e-02   2.0284275e-03  -4.2316935e-04  -5.5915064e-05
  -2.3020262e-02  -2.0186763e-02   5.0491279e-02   3.9526036e-04  -7.6846740e-05  -5.6207168e-05
  -4.5704490e-02  -3.2136652e-02   2.0188396e-01   5.6102636e-03  -3.6998981e-04   3.1707180e-04
  -7.4718421e-02  -2.3062692e-02   3.2979154e-01   1.0259186e-02  -6.0772384e-04   3.6084748e-04
  -4.6400546e-02  -1.1961628e-02   3.1260085e-01   8.3703590e-03  -3.6791826e-04   3.9379462e-05
  -3.5908905e-02  -1.4778370e-02   2.9262960e-01   8.5029217e-03  -4.8307476e-04   1.6594174e-04
  -2.8231617e-02  -1.7498799e-02   2.5650482e-01   7.3937347e-03  -2.5569363e-04   1.3656258e-04
  -1.3578049e-02  -2.1097516e-02   2.7610305e-01   7.5936529e-03  -1.3384781e-04   1.1061929e-04
   8.3277529e-04  -3.4810036e-03   2.0672460e-01   6.4574643e-03  -1.4740811e-04  -1.2693386e-04
  -5.2814968e-03  -1.3284074e-02   2.2749793e-01   6.2066192e-03   3.8337673e-05   1.1299445e-04
   4.3686942e-03  -1.4504551e-02   1.9130950e-01   5.5125802e-03  -7.5947086e-05  -6.2020066e-05
   2.1447824e-03  -1.0388232e-02   1.8250599e-01   5.2408943e-03   5.3056270e-05  -3.6622833e-05
   3.5638540e-03  -9.4386736e-03   1.9705058e-01   5.2628008e-03   1.9196552e-04  -3.5871489e-05
   1.1778062e-02   9.5754258e-03   1.2593715e-01   4.0994417e-03  -3.7609083e-04   6.9389283e-05
   4.3681414e-03  -4.9372418e-03   1.5702295e-01   4.5350567e-03  -7.4125873e-05   5.1726972e-05
   1.7067870e-02   1.4687824e-02   1.1132360e-01   4.2350116e-03  -4.2946020e-04   1.6661577e-05
   6.4677350e-03  -1.6557368e-04   1.4322256e-01   4.5688994e-03  -1.6072059e-04   1.9270766e-04
   7.3922380e-03   1.3755959e-02   1.1291947e-01   3.9040999e-03  -9.5928412e-05   5.2326657e-05
  -4.4219081e-04   1.3296494e-02   7.1246253e-02   3.6057340e-03  -8.9931125e-05   1.0844693e-05
  -4.4141754e-03   7.2328006e-03   6.4099761e-02   3.3252306e-03  -1.4827420e-06  -1.7969365e-04
  -5.7913851e-03   3.3477205e-02   4.2310609e-02   2.8643030e-03  -1.5779378e-04  -2.1852989e-04
  -8.4046649e-03   2.9781717e-02   5.4306875e-02   2.3093974e-03  -4.4529361e-05   6.4890132e-05
  -3.6902408e-03   1.9251349e-02   4.9588526e-02   2.3762077e-03  -3.6820770e-04  -1.5484463e-04
   8.2806637e-03   5.2029373e-02   1.6073603e-02   2.2732342e-03  -3.2731445e-04  -1.3358085e-04
  -9.0092449e-05   2.1900256e-02   7.4809907e-02   2.7652981e-03  -5.1254096e-04   8.3177144e-05
  -9.3864220e-03  -6.2876383e-03   1.0871219e-01   3.5968498e-03  -4.6432260e-04   3.4030812e-04
  -7.0747474e-04   2.5249128e-02   1.4058673e-02   1.8603801e-03  -8.3840890e-05   1.2278810e-04
  -9.7710360e-03  -5.3482149e-03   4.5900390e-02   2.2943691e-03  -1.0740506e-04   8.7954847e-05
  -1.4286223e-02   1.4857767e-02   1.2059636e-03   2.1120074e-03  -2.7757923e-05  -1.3260357e-05
  -5.2039673e-03   1.2922213e-02   1.4680948e-02   2.1768892e-03  -3.3528617e-04  -1.8092142e-04
   1.4284989e-03   1.6932588e-02   1.7793724e-02   2.2555076e-03  -3.5825951e-04  -2.4661438e-04
   3.4424300e-03   1.0741419e-02   3.7933983e-02   2.4214443e-03  -3.8607886e-04  -2.1366582e-04
   2.4918836e-03   1.0974073e-02   5.7716806e-02   2.2007864e-03  -3.3179709e-04  -2.1350319e-04
   7.0890792e-03   2.2253994e-02   6.1429662e-03   1.9660681e-03  -5.4409068e-04  -2.1141814e-04
   6.5621129e-03   2.8588623e-02   3.5269504e-02   2.1790984e-03  -4.5760897e-04  -2.5028011e-04
   2.1230419e-03   3.6385514e-02   2.0718481e-02   2.1117137e-03  -3.8784540e-04  -2.8700999e-04
   8.9240595e-03   1.0999923e-02   4.6227999e-02   2.3428626e-03  -4.3716444e-04  -2.2008051e-04
   7.8651098e-03   3.8502210e-02   3.3347949e-02   2.1811143e-03  -2.3536702e-04  -1.9369645e-04
   1.1833103e-02   1.6464237e-02   3.0843383e-02   2.4134950e-03  -3.1824625e-04  -1.5114217e-04
   1.3696374e-02   3.4480794e-02   3.9079907e-02   2.1108240e-03  -4.8932427e-04  -2.5149251e-04
  -4.6211507e-03   2.7118342e-02   2.3053374e-02   1.3931612e-03  -2.4258128e-04  -1.3634011e-04
  -6.3208758e-03   3.3655918e-02   2.1094858e-02   1.5333721e-03  -4.1559126e-05  -4.1503560e-05
  -3.0426193e-02   5.5107764e-02   2.7495054e-02   1.2974223e-03   3.7914065e-04   2.7312395e-04
  -2.7292122e-02   4.0525282e-02   4.3896420e-02   1.6202044e-03   3.5828416e-04   2.5367131e-04
  -2.9005036e-02   5.2496851e-02   1.0125604e-03   8.8189837e-04   3.7680650e-04   3.2646500e-04
  -1.1732158e-02   5.7548583e-02   1.3702759e-02   8.1834457e-04   1.8733010e-04   1.4075820e-04
   1.5428500e-02   4.7054900e-02   3.7771852e-03   1.6550531e-03  -4.5825162e-04  -3.3190138e-05
   5.7359755e-03   3.4611702e-02  -8.9635470e-03   1.9982381e-03  -1.4095872e-04   2.1206391e-04
   1.1101985e-02   2.8557733e-02   2.2718333e-02   2.0281165e-03  -3.5008069e-04   1.4097792e-04
   1.2491142e-02   4.2964332e-02  -1.0188497e-02   1.6607506e-03  -4.5737558e-04   1.2757354e-04
   1.1939666e-02   2.7032929e-02   2.7387079e-02   1.5585084e-03  -3.7189412e-04   7.8123803e-05
   4.0681974e-03   2.7156246e-02   7.2404107e-03   1.8971882e-03  -2.4560354e-04  -3.1899274e-06
   3.6534124e-03   4.5893321e-02  -4.5118053e-02   1.4051123e-03  -4.8770281e-04  -6.9614347e-05
   4.1909739e-03   4.3906105e-02   1.5148945e-02   2.0483079e-03  -4.0117731e-04  -7.6199003e-06
   3.3891962e-03   5.0933683e-02   1.2121697e-02   2.1761899e-03  -4.1479198e-04  -1.8228645e-04
  -4.5301846e-03   3.0965965e-02   5.6644732e-02   2.5329018e-03  -2.8047388e-04  -4.4039943e-05
  -7.6026554e-03   3.9929848e-02   4.2259302e-02   2.5198671e-03  -2.1241599e-04  -1.6826854e-04
   4.7147580e-03   6.6847365e-02  -2.6154868e-02   1.3504652e-03  -5.3393032e-04  -9.2562087e-05
   2.2571367e-03   4.4070585e-02  -6.0335324e-03   1.8407880e-03  -4.1190722e-04  -1.8922851e-04
   1.4272583e-02   7.8623360e-02  -5.1078790e-02   1.7297659e-03  -6.3443778e-04  -3.4308753e-04
   1.7327498e-03   7.7013191e-02  -2.5744987e-02   1.9472396e-03  -4.3918882e-04  -2.0424808e-04
   3.1941368e-03   7.9346934e-02   5.7388888e-03   2.1922994e-03  -3.4601464e-04  -2.2129090e-04
  -8.6109783e-03   7.8736926e-02  -1.5310284e-02   2.1578389e-03  -5.3201808e-04  -3.4641201e-04
  -1.5021603e-02   7.3243784e-02  -7.1887688e-03   2.3042338e-03  -3.3935485e-04  -2.2458371e-04
  -1.2506830e-02   9.2486422e-02  -2.9245347e-02   2.0093575e-03  -7.3904938e-04  -4.4712733e-04
  -2.1151875e-02   8.4286964e-02  -1.2955629e-02   2.1015056e-03  -6.1284291e-04  -2.0545926e-04
  -1.6369974e-02   8.5702330e-02  -1.5535241e-02   2.0567384e-03  -6.8391397e-04  -4.4618340e-04
  -2.3387186e-02   9.4057881e-02  -1.5953036e-02   2.7018005e-03  -6.6004855e-04  -3.4754652e-04
  -2.1460312e-02   8.6014879e-02   2.3186958e-02   2.9647810e-03  -3.8762806e-04  -5.1322525e-04
  -1.7476383e-02   8.3068245e-02  -2.5933430e-03   2.6034930e-03  -8.0451208e-04  -3.3844651e-04
  -1.9498344e-02   5.7339302e-02   4.9840601e-02   3.3230620e-03  -4.9533618e-04   1.6531603e-04
  -2.0884844e-03   6.8462545e-02   1.1574488e-02   2.7088227e-03  -6.1522334e-04  -1.0791613e-04
   1.0128455e-02   8.4957502e-02   1.5681767e-02   3.5023985e-03  -5.7297677e-04  -3.9883999e-06
   1.4435477e-02   6.5951519e-02   5.3971752e-02   3.2365911e-03  -6.1054132e-04   1.9600083e-04
  -5.8494667e-02   2.5646835e-02   1.4636589e-01   8.4754494e-03  -1.0336642e-03   1.3082481e-03
  -1.2456977e-01  -8.3830578e-02   4.9863390e-01   2.0217432e-02  -5.4074432e-04   1.3554840e-03
  -1.0902488e-01   1.3827885e-02   5.2349016e-01   1.9639689e-02  -6.5103167e-04   1.1883496e-03
  -1.2221126e-01   2.6407227e-02   4.6064697e-01   1.8803896e-02  -9.7503761e-04   1.5037347e-03
  -1.2868188e-01   3.4636902e-02   4.0838865e-01   1.7312073e-02  -1.3844636e-03   1.2357012e-03
  -1.3398687e-01   2.4900882e-02   3.9495919e-01   1.6338114e-02  -1.3436995e-03   8.9051480e-04
  -1.3215123e-01   3.8732235e-02   3.8090615e-01   1.5806970e-02  -1.3815582e-03   8.5718417e-04
  -1.3295871e-01   2.8413072e-02   3.7879782e-01   1.5846705e-02  -1.2827961e-03   6.7356853e-04
  -1.2124797e-01   4.5332786e-02   3.5535611e-01   1.5006276e-02  -1.5242495e-03   4.6173181e-04
  -1.1531331e-01   4.9308923e-02   3.3829901e-01   1.5022095e-02  -1.3433470e-03   2.6511106e-04
  -1.1117295e-01   6.4339489e-02   3.3290307e-01   1.4388898e-02  -1.5066924e-03   1.6178544e-04
  -1.2502005e-01   4.0437682e-02   3.0922609e-01   1.4262857e-02  -1.3793810e-03   1.5759848e-04
  -1.1764461e-01   8.1268838e-02   2.9633885e-01   1.3580348e-02  -1.5693961e-03  -9.6504632e-04
  -1.0230783e-01   7.3917537e-02   2.5582809e-01   1.3061185e-02  -1.8174330e-03  -1.9653394e-03
  -1.1541228e-01   7.7038477e-02   2.6385484e-01   1.2627539e-02  -1.5150287e-03  -2.0605113e-03
  -1.0575056e-01   8.3403592e-02   2.3805618e-01   1.2696698e-02  -1.3546305e-03  -1.6076562e-03
  -1.0210396e-01   8.4224368e-02   2.4840692e-01   1.2443865e-02  -1.6298724e-03  -1.7138053e-03
  -1.1034556e-01   8.9612163e-02   2.4793619e-01   1.2876394e-02  -1.3276250e-03  -1.8387874e-03
  -1.0727909e-01   9.7414326e-02   2.8080462e-01   1.2672656e-02  -1.6100959e-03  -1.9069608e-03
  -1.2831097e-01   8.2122403e-02   2.8486566e-01   1.3172486e-02  -1.3547483e-03  -1.9150941e-03
  -1.2867970e-01   9.2490599e-02   2.5995684e-01   1.3020170e-02  -1.0339025e-03  -1.1845587e-03
  -1.0548392e-01   1.0969222e-01   2.6196690e-01   1.2451294e-02  -4.1331406e-04  -5.3996945e-04
  -1.0552750e-01   1.0741891e-01   2.4021380e-01   1.2088043e-02  -6.5639681e-04  -4.5579459e-04
  -9.8257502e-02   1.2093260e-01   2.6561751e-01   1.3140891e-02  -2.3426344e-04  -4.1544945e-04
  -9.4245362e-02   9.6174259e-02   3.2643249e-01   1.3104794e-02  -3.3086843e-04  -4.3662285e-04
  -9.7659639e-02   7.7524711e-02   2.8517623e-01   1.2264527e-02  -3.8332618e-04  -1.4178205e-04
  -8.2894514e-02   6.4841247e-02   3.1698130e-01   1.2952319e-02  -3.2141234e-04  -4.9608887e-04
  -8.5274442e-02   7.6344937e-02   2.0573870e-01   1.1094691e-02  -9.0172082e-04  -3.8081139e-04
  -8.3359873e-02   6.1902169e-02   2.2219463e-01   1.1631545e-02  -7.0527578e-04  -6.8861987e-05
  -7.0821115e-02   7.5564017e-02   1.9290135e-01   1.1922514e-02  -9.9090306e-04  -2.6153134e-04
  -7.0954665e-02   1.0475936e-01   1.7662742e-01   1.2042800e-02  -1.0061906e-03  -1.9405911e-04
  -7.4585087e-02   7.9294604e-02   2.3557444e-01   1.2255822e-02  -9.2295313e-04  -3.2487990e-04
  -7.7159119e-02   1.0446019e-01   2.4250390e-01   1.2251513e-02  -7.6788791e-04  -3.7234774e-04
  -8.6467415e-02   8.5834566e-02   2.5241285e-01   1.2133158e-02  -6.9142519e-04  -3.4599150e-04
  -7.6884417e-02   1.0635580e-01   2.3211823e-01   1.2097225e-02  -8.5552362e-04  -4.6324200e-04
  -8.0249288e-02   9.5442712e-02   2.4030422e-01   1.2052410e-02  -8.1896258e-04  -4.4478849e-04
  -8.5653934e-02   9.6901755e-02   2.5302372e-01   1.2227215e-02  -5.1149715e-04  -4.3316543e-04
  -8.2759579e-02   9.8460538e-02   2.4515972e-01   1.1941277e-02  -7.0887224e-04  -3.9353900e-04
  -8.5068610e-02   1.0556313e-01   2.5994774e-01   1.2038812e-02  -4.3737765e-04  -3.4488189e-04
  -6.8595714e-02   1.0842123e-01   2.0431341e-01   1.1747914e-02  -4.4402540e-04  -2.9584553e-04
  -6.2621077e-02   1.1196088e-01   2.4458842e-01   1.2016519e-02  -3.3953020e-04  -2.3917313e-04
  -5.6690020e-02   1.2360251e-01   1.8199130e-01   1.1558614e-02  -7.0765501e-04  -1.5495823e-04
  -5.2785543e-02   1.1532372e-01   2.5009484e-01   1.2127705e-02  -5.0028974e-04  -1.1315901e-04
  -4.7121120e-02   1.2389031e-01   1.8714006e-01   1.2009547e-02  -4.4625028e-04  -1.2824030e-04
  -4.2523310e-02   1.4822063e-01   2.6957435e-01   1.2599208e-02  -5.3447349e-04   2.8709684e-05
  -4.2382645e-02   1.0645161e-01   9.5574652e-02   1.3588995e-02  -1.2315020e-04   2.8210281e-04
  -3.8719280e-02   1.2930683e-01   6.5677186e-02   1.1168997e-02  -3.7936449e-04  -1.2259386e-04
  -3.8349146e-02   1.3489822e-01   1.4590953e-01   1.1036532e-02  -4.5261756e-04   9.6550059e-05
  -2.6637389e-02   1.1980048e-01   1.5688849e-01   1.1622753e-02  -2.2871048e-04   4.2829276e-05
  -1.6736266e-02   1.3610050e-01   1.3989376e-01   1.0600794e-02  -3.4794708e-04  -4.8192835e-05
  -2.2030097e-02   1.1753014e-01   9.3884239e-02   9.9481651e-03   5.2264825e-06   1.9309097e-04
