   0.0000000e+00   0.0000000e+00   0.0000000e+00   0.0000000e+00   0.0000000e+00   0.0000000e+00
  -1.8455302e-02   1.9355346e-02  -4.3098928e-02  -5.5885550e-04   3.6081503e-04   1.3680260e-04
  -2.2940995e-02  -3.0887315e-04  -3.5991363e-02  -9.0939921e-04   2.0078613e-04   2.6465630e-04
  -2.4900961e-02  -3.2251022e-02  -4.2205706e-04   7.6694468e-05   2.1706285e-04   3.9262108e-04
  -3.3681658e-03   5.7250436e-02  -8.6964634e-02  -1.5340463e-03  -8.9654209e-05   2.2605639e-04
  -3.1193078e-02  -1.0492874e-01   2.1887810e-01   5.0204263e-03   4.8222051e-04   6.2732005e-04
  -5.7666863e-02  -8.4681102e-02   5.3831501e-01   1.1196623e-02   2.2532209e-04   4.7620365e-04
  -5.1963073e-02  -2.9730193e-02   3.9451312e-01   6.6258270e-03   1.3115050e-05  -1.5547554e-04
  -7.1528456e-02  -7.2170595e-02   4.5238082e-01   7.9225431e-03   3.7182268e-04  -5.1744386e-05
  -7.5077545e-02   3.7379307e-03   3.9157782e-01   6.5886746e-03   3.3490836e-04  -1.4978344e-04
  -7.6105879e-02  -7.1067617e-02   4.3928660e-01   7.2022252e-03   4.7936067e-04  -6.9780576e-05
  -5.3664852e-02  -1.0177703e-02   3.9528123e-01   6.4856781e-03   6.5919990e-05  -3.3910432e-04
  -6.9525222e-02  -7.3977756e-02   4.2379240e-01   7.4105455e-03   2.0712488e-05  -2.1121175e-04
  -5.8191898e-02  -1.4289995e-02   4.0061597e-01   6.4017993e-03  -3.8721764e-04  -8.7977304e-04
  -6.2240682e-02   5.6288136e-03   4.3335531e-01   7.1296969e-03  -7.0446950e-04  -1.0316219e-03
  -6.1398782e-02  -2.6641246e-02   4.2080881e-01   6.6113491e-03  -1.1777723e-03  -1.1715283e-03
  -5.1304996e-02  -1.8986932e-02   4.3422841e-01   6.9088557e-03  -1.0596521e-03  -1.3659248e-03
  -4.5380676e-02   2.6533232e-02   3.7586682e-01   6.2223476e-03  -1.2631504e-03  -1.4140091e-03
  -4.4100789e-02  -3.5434724e-02   4.0357458e-01   7.0398510e-03  -1.2042927e-03  -1.2392220e-03
  -1.7909867e-02  -5.7017287e-02   3.7464852e-01   6.7980544e-03  -1.7358287e-03  -1.4523380e-03
  -3.0341928e-02  -2.7679782e-02   3.6280092e-01   7.3005929e-03  -1.5598041e-03  -1.3155840e-03
  -1.1175383e-02  -4.2427842e-02   3.1987477e-01   6.8405527e-03  -1.8610162e-03  -1.5688326e-03
  -1.5436357e-02  -6.4750776e-02   4.0095089e-01   7.2610058e-03  -1.7875697e-03  -1.3942468e-03
  -1.5696520e-02  -3.3267046e-02   3.5776498e-01   6.5186596e-03  -1.9766707e-03  -1.4844440e-03
  -3.1988590e-02  -2.9482110e-03   3.7840941e-01   7.1832005e-03  -1.7848923e-03  -1.3483941e-03
  -2.4317565e-02  -8.0495540e-02   2.9277616e-01   6.1877491e-03  -2.0533862e-03  -1.1714053e-03
  -1.8830775e-02  -6.0557710e-02   2.7072584e-01   6.1254364e-03  -1.8552144e-03  -9.9110191e-04
  -2.1926956e-02  -3.8847722e-02   2.9627540e-01   6.2306453e-03  -2.2720770e-03  -1.0514043e-03
  -1.9656951e-02  -6.5008940e-02   2.8834792e-01   5.6278039e-03  -2.1086534e-03  -1.1886941e-03
   8.8852866e-03  -1.4602851e-02   2.5035687e-01   4.8858318e-03  -2.5275447e-03  -1.4358044e-03
  -4.4555954e-02  -4.4600064e-02   3.5826167e-01   6.8347832e-03  -1.5459192e-03  -1.2629012e-04
  -4.1675081e-02  -4.2806396e-02   4.3144171e-01   6.6987733e-03  -1.3686427e-03  -6.1349597e-04
  -3.1744797e-02   1.5500393e-03   3.6202967e-01   5.8781544e-03  -1.6978069e-03  -1.0886047e-03
  -4.4379985e-02  -2.1051472e-02   3.7895599e-01   6.5386449e-03  -1.7695544e-03  -8.8047314e-04
  -5.3832871e-02   2.4309594e-03   4.0691194e-01   6.2812717e-03  -1.6354706e-03  -8.2012797e-04
  -6.5412963e-02   2.4676689e-02   3.8397756e-01   6.1956445e-03  -1.3914585e-03  -8.1614123e-04
  -6.3721769e-02   1.1201804e-03   3.7100385e-01   6.2041169e-03  -1.2789648e-03  -8.7176771e-04
  -7.2044165e-02  -3.4457594e-03   3.7522943e-01   5.9006939e-03  -1.1515639e-03  -6.7532314e-04
  -6.7191078e-02   3.9270549e-02   3.7202917e-01   6.0141105e-03  -1.3041956e-03  -8.7255948e-04
  -4.6861988e-02  -1.8562660e-02   3.8396941e-01   6.3274003e-03  -1.6228530e-03  -8.5145831e-04
  -5.4369877e-02  -1.2816355e-02   3.6649295e-01   5.9351001e-03  -1.4707243e-03  -8.8444236e-04
  -5.0954970e-02   2.2585845e-02   3.6710733e-01   6.0990738e-03  -1.6098466e-03  -9.3974746e-04
  -5.0132379e-02  -4.1887637e-02   4.2724580e-01   6.6862329e-03  -1.4713112e-03  -8.1299789e-04
  -5.6887121e-02   1.3784052e-02   3.8518538e-01   6.0212430e-03  -1.3523026e-03  -8.2502213e-04
  -7.8587820e-02  -4.1567515e-02   4.5035498e-01   8.4780262e-03   1.9374496e-05  -1.0068021e-03
  -9.7080399e-02  -6.7790077e-02   4.7605530e-01   8.3640297e-03   4.0505436e-04  -7.2097004e-04
  -9.1950501e-02  -2.2228891e-03   4.2603023e-01   7.5445909e-03   7.7246531e-05  -7.1475843e-04
  -7.6651558e-02   1.1542540e-02   4.0785431e-01   7.8948407e-03  -4.2935280e-05  -8.5784143e-04
  -8.9421981e-02  -1.6584578e-02   4.3012507e-01   7.8419718e-03   2.5836726e-05  -5.1207428e-04
  -6.0469844e-02  -1.0662399e-02   4.0246792e-01   7.3840300e-03  -2.6400266e-04  -8.8320825e-04
  -4.9624000e-02  -3.9665618e-02   3.0360331e-01   6.9250914e-03  -4.9056412e-04  -5.2950061e-04
  -8.6225107e-03  -1.1631284e-01   2.5768344e-01   8.2902196e-03  -5.6683295e-04  -1.4459563e-03
   3.1780122e-02  -1.5238152e-02   1.2595170e-01   3.8260456e-03  -1.6043280e-03  -1.7557286e-03
   1.6746029e-03  -2.4733709e-03   1.3967270e-01   3.8008785e-03  -1.3641098e-03  -1.0580760e-03
   9.3884984e-03   2.4039212e-02   1.9953375e-01   4.0387770e-03  -1.2868294e-03  -1.5275757e-03
  -3.0532514e-02   2.7520146e-02   3.6814707e-01   5.4510366e-03  -6.4937772e-04  -1.4107721e-03
  -3.2128149e-02   2.4508635e-02   3.5881570e-01   6.0120997e-03  -4.6782530e-04  -1.4487391e-03
  -4.4404455e-02  -3.2807030e-02   3.9669582e-01   6.1020647e-03  -2.2655674e-04  -1.1421995e-03
  -4.2189183e-02   1.9662329e-02   3.5834479e-01   5.6168842e-03  -3.5418301e-04  -1.4096182e-03
  -4.9556103e-02   1.0727055e-03   3.7639152e-01   5.8544220e-03  -3.3297956e-04  -1.2781161e-03
  -4.2309262e-02  -1.1242018e-02   3.9553248e-01   5.6532392e-03  -3.7749308e-04  -1.4234735e-03
  -5.5239991e-02   3.7175824e-02   3.6433266e-01   5.5952352e-03  -2.2279221e-04  -1.3741707e-03
  -3.8236978e-02   1.4094596e-03   3.9880634e-01   5.5669352e-03  -3.9909006e-04  -1.4458162e-03
  -4.3012168e-02   2.8236274e-02   4.0593829e-01   5.6394319e-03  -3.2015963e-04  -1.4903425e-03
  -5.3858450e-02  -3.8368338e-03   4.0002566e-01   5.7276465e-03  -3.1841783e-04  -1.1504326e-03
  -4.5890047e-02   1.9270373e-02   3.9832537e-01   5.7379582e-03  -3.6331764e-04  -1.3044246e-03
  -3.7065415e-02   1.9022252e-02   3.6801265e-01   6.0252595e-03  -6.3248027e-04  -1.4913747e-03
  -5.0351350e-02   2.6057530e-02   3.8077600e-01   5.6279766e-03  -3.7926442e-04  -1.4640784e-03
  -3.9137158e-02   4.4955263e-02   3.4506841e-01   5.7699651e-03  -6.6283670e-04  -1.5423970e-03
  -5.4493571e-02   1.5487002e-02   3.7454744e-01   5.7972751e-03  -4.8554644e-04  -1.4254670e-03
  -5.1878189e-02   5.3236658e-02   3.2870416e-01   5.3743102e-03  -3.0874384e-04  -1.6849843e-03
  -5.4700243e-02   2.6797319e-02   3.1942447e-01   5.9525614e-03  -4.1096855e-04  -1.4631200e-03
  -5.5114073e-02   2.6880480e-02   3.2067135e-01   5.5528458e-03  -3.7571796e-04  -1.3429527e-03
  -5.6742212e-02   3.1211438e-02   3.3517807e-01   5.9008501e-03  -3.0722476e-04  -1.2838497e-03
  -3.6112106e-02   4.6714972e-02   1.6436112e-01   4.3543164e-03  -2.0290775e-04  -8.5350609e-04
  -4.7424920e-02   3.4220788e-02   8.3447389e-02   3.5011804e-03  -1.7374270e-04  -9.1744266e-04
  -3.7211174e-02  -4.9362314e-03   1.2107973e-01   3.1748029e-03   2.5107253e-05  -1.2193588e-03
  -3.0402499e-02   8.3687583e-02   6.8256192e-02   2.6114064e-03   2.5411106e-04  -1.3555486e-03
  -3.6225230e-02   1.4685979e-02   9.8719172e-02   2.9363053e-03   1.0446232e-04  -1.4011102e-03
  -2.9748448e-02   2.9492962e-02   1.8771484e-01   4.1293907e-03   1.1506212e-04  -1.5658186e-03
  -3.9722725e-02   3.5436077e-02   2.6836364e-01   5.4280111e-03   3.7343995e-04  -1.6201598e-03
  -5.1342117e-02   3.8795647e-02   2.6481823e-01   3.9931119e-03   9.4887432e-04  -1.8077059e-03
  -4.7889828e-02   6.3537462e-02   2.5757105e-01   4.6007274e-03   8.0794446e-04  -1.8896217e-03
  -4.6064687e-02   3.7879378e-02   2.6598718e-01   4.3108864e-03   7.6757929e-04  -1.6947270e-03
  -5.2197354e-02   7.3740647e-02   2.8043766e-01   4.2893538e-03   9.4841576e-04  -1.7671591e-03
  -5.8267577e-02   6.8532230e-02   2.4658050e-01   4.1869418e-03   1.0040456e-03  -1.6485374e-03
  -6.2477450e-02   6.8668448e-02   2.5801401e-01   4.0429122e-03   1.2136979e-03  -1.6043254e-03
  -5.3230590e-02   9.4426482e-02   2.1431951e-01   3.9299435e-03   1.1018745e-03  -1.7279132e-03
  -5.6090692e-02   4.1027568e-02   2.6139558e-01   4.4701511e-03   9.0261115e-04  -1.5051967e-03
  -6.2390629e-02   6.5919463e-02   2.3643377e-01   3.8828446e-03   1.1894379e-03  -1.5700585e-03
  -4.8045949e-02   8.3384352e-02   2.2893112e-01   4.1669936e-03   8.8262817e-04  -1.7167833e-03
  -6.4100581e-02   5.0458031e-02   2.3813796e-01   3.8610617e-03   1.0857154e-03  -1.5173582e-03
  -5.5830103e-02   8.3562705e-02   2.4120432e-01   4.2638896e-03   9.2250492e-04  -1.6142814e-03
  -6.7290688e-02   8.2698348e-02   2.0759630e-01   3.9652665e-03   9.6755063e-04  -1.4632665e-03
  -7.2173765e-02   4.1285627e-02   2.3821115e-01   4.2912729e-03   1.0238769e-03  -1.5262409e-03
  -6.8128787e-02   1.1374092e-01   2.0435731e-01   3.7015847e-03   1.0229663e-03  -1.5342684e-03
  -5.6481351e-02   2.9113970e-02   2.6287483e-01   4.6256707e-03   6.9201786e-04  -1.3642774e-03
  -6.6146569e-02   8.3182921e-02   2.4810827e-01   3.5798309e-03   9.8991477e-04  -1.4610512e-03
  -4.5191150e-02   1.3347452e-02   2.0092171e-01   5.2021442e-03   1.5439006e-04  -1.1749808e-03
  -6.8295488e-02   2.5614872e-02  -7.6228205e-02   2.0386488e-03   2.7287363e-04  -4.4974649e-04
  -3.4872657e-02  -3.2049959e-02   3.9523841e-03   5.5914266e-03  -2.0892231e-04  -1.3405047e-03
  -7.4988380e-03   5.7280629e-03  -1.2551468e-01   1.3621009e-03  -2.1014303e-03  -7.8807181e-04
   5.5774875e-02   1.0216216e-01  -3.9093065e-01  -4.5953182e-03  -2.3652396e-03  -2.2233315e-03
   5.8571888e-02   1.1572307e-01  -3.1624390e-01  -2.6821985e-03  -2.2411736e-03  -1.8904424e-03
   1.5990091e-02   1.9607348e-03   1.0755846e-01   5.1407869e-03  -3.4471973e-03  -6.8877154e-04
   3.7620436e-02   4.8294593e-02   1.3601687e-01   4.8149383e-03  -3.4230954e-03  -1.4040387e-03
   1.3382134e-02  -1.0835998e-02   1.4861998e-01   4.6507910e-03  -3.3774613e-03  -1.1566246e-03
   1.0948773e-02   2.5593261e-02   1.5386358e-01   4.7375909e-03  -3.2114551e-03  -1.3676461e-03
  -1.0150300e-03   2.6209101e-02   1.5942958e-01   4.7418437e-03  -3.2028161e-03  -1.1828182e-03
  -1.1754362e-02   1.3790301e-02   1.8555152e-01   4.3444166e-03  -2.8910184e-03  -1.3454884e-03
  -1.1106898e-02   4.3427446e-02   1.5239146e-01   4.4638511e-03  -3.0657399e-03  -1.4340559e-03
   4.6996830e-03   1.3004595e-02   1.6794022e-01   4.7355230e-03  -3.2385905e-03  -1.6382967e-03
  -4.8120431e-03   4.9022998e-02   1.3251886e-01   4.1889038e-03  -3.3132971e-03  -1.6066226e-03
  -1.2105575e-02   9.0213915e-02   1.1743157e-01   4.2549080e-03  -3.2407907e-03  -1.6081690e-03
  -4.8765872e-03   8.2178091e-02   1.7641633e-01   4.0923211e-03  -3.2580859e-03  -1.6031010e-03
  -2.0427181e-02   7.5072659e-02   1.5228047e-01   3.9068032e-03  -2.8643411e-03  -1.6099755e-03
  -1.4135444e-02   6.0642565e-02   1.8561323e-01   4.2604786e-03  -3.1609769e-03  -1.5256542e-03
  -6.3000449e-03   8.0892771e-02   1.7279289e-01   3.9928045e-03  -2.9068486e-03  -1.7916172e-03
  -2.5083069e-02   9.6929440e-02   1.7203974e-01   4.1013651e-03  -2.8868800e-03  -1.4590710e-03
  -1.8494112e-02   5.0534158e-02   1.9484899e-01   4.2427331e-03  -2.8740787e-03  -1.5640131e-03
  -1.5047135e-02   1.0212121e-01   1.9664136e-01   4.3566246e-03  -2.9199989e-03  -1.7803899e-03
  -2.5003167e-02   8.2551402e-02   1.7031789e-01   3.8439590e-03  -3.0474638e-03  -1.6794231e-03
  -2.3384821e-02   5.3672358e-02   2.3360428e-01   4.6917220e-03  -3.5039967e-03  -1.5487675e-03
  -3.1645222e-02   4.4765814e-02   1.0349842e-01   3.9889074e-03  -2.9092992e-03  -1.1540649e-03
  -4.2388017e-02   8.5776099e-02  -4.4325303e-02   2.1445278e-03  -2.9619451e-03  -9.7049335e-04
  -3.4005481e-02   3.3933492e-02   6.3269743e-02   3.3028364e-03  -3.1069380e-03  -7.5494952e-04
  -2.7981042e-02   4.7553179e-02   5.1530258e-03   2.4658002e-03  -3.0607732e-03  -7.8320921e-04
  -1.2738065e-02   7.6473264e-02   1.9527711e-02   2.4342268e-03  -3.0450220e-03  -8.9576262e-04
  -1.7500158e-02   2.8763772e-02   1.0289887e-02   1.7242893e-03  -2.8553955e-03  -1.0044191e-03
