   0.0000000e+00   0.0000000e+00   0.0000000e+00   0.0000000e+00   0.0000000e+00   0.0000000e+00
   4.5653310e-03  -2.8090450e-02   3.8280355e-02   6.3455061e-04   3.6926100e-04  -4.4477360e-04
  -1.2288891e-04   7.2424467e-02  -3.2136458e-03   3.0803300e-04   1.7543028e-04  -2.1262363e-04
   1.1726674e-02  -5.4807535e-02   1.4830067e-02   5.5801468e-04   9.5151137e-05  -9.6751172e-05
   8.1316942e-03   3.5439737e-02   5.8496289e-03   2.6134369e-05   1.3149113e-04  -7.0116438e-05
   1.1725710e-02  -5.8797560e-02   3.4198524e-02   6.1112868e-04   3.5383445e-04  -2.9948346e-05
   5.9965161e-03   2.4594168e-02   1.6027014e-02   4.5894774e-04   2.7959423e-04   2.9181451e-04
  -8.4750682e-04  -6.0365962e-02   4.8407181e-02   5.6372751e-04   6.0266366e-04   3.8660989e-04
  -3.1871497e-03  -4.3838725e-04   2.2293269e-02   1.0071649e-03   3.7833481e-04   6.8892020e-04
  -9.3282370e-03  -5.2636078e-02   4.0564092e-02   7.1692881e-04   6.9226095e-04   9.4800848e-04
  -7.0625633e-03  -5.0219545e-04   3.0127668e-02   8.0247312e-04   5.6488819e-04   9.5642845e-04
  -2.2398672e-02  -4.8580924e-02   2.4547918e-02   3.9503218e-04   8.4930234e-04   1.4067720e-03
  -3.4496383e-02   4.9851290e-02   1.1844527e-02   4.9998339e-05   1.6281786e-03   1.7576870e-03
  -3.6990509e-02  -1.8612006e-02   1.8098346e-02  -4.7461772e-04   1.8035517e-03   2.3502391e-03
  -5.2534444e-02   5.2828176e-02   2.1797695e-02  -3.0308942e-04   2.5351331e-03   2.7991694e-03
  -5.9882086e-02   5.3347409e-03   2.0642373e-02  -1.8783097e-04   2.6920259e-03   3.0670852e-03
  -7.5757398e-02   8.1339210e-02   5.7412659e-02  -1.0776095e-03   3.4961695e-03   3.1409061e-03
  -6.5249551e-02   2.1884241e-02   1.4400700e-02  -9.8017117e-04   3.1209473e-03   3.5718044e-03
  -6.6491080e-02   4.9667728e-02   3.3763386e-02  -1.0498897e-03   3.3723776e-03   3.7306939e-03
  -5.1064240e-02   8.3660369e-02   9.6402295e-03  -8.9466110e-04   2.9935294e-03   3.7818713e-03
  -7.1893120e-02   3.8179133e-02   6.1878126e-02  -1.2675669e-03   3.7319511e-03   3.9311381e-03
  -8.2777178e-02   7.5204930e-02   1.0206964e-01  -8.3456123e-04   3.8292583e-03   3.6790650e-03
  -9.2160885e-02   5.5526231e-02   8.4199233e-02  -1.7120238e-03   3.9821027e-03   3.9091229e-03
  -9.7405993e-02   5.1269835e-02   6.6323231e-02  -1.5381783e-03   4.0453859e-03   3.7150740e-03
  -9.9738236e-02   1.0932890e-01   7.4021091e-02  -1.2617784e-03   4.0120980e-03   4.0630766e-03
  -9.1724872e-02  -1.1995008e-02   1.0966080e-01  -7.3008628e-04   3.8833636e-03   3.7726400e-03
  -8.1901806e-02   7.1649801e-02   1.2253554e-01  -1.7628450e-03   4.2773091e-03   2.7729287e-03
  -8.6455432e-02   3.1930964e-02   1.3665329e-01  -2.0331224e-03   3.4848930e-03   2.6375615e-03
  -9.1387575e-02  -1.3668978e-04   9.0121734e-02  -9.3871654e-04   3.3840716e-03   2.4755253e-03
  -8.1861026e-02   5.5064701e-02   1.1233111e-01  -1.6234830e-03   4.1123567e-03   1.5056367e-03
  -1.0065973e-01   1.4457549e-01   1.1083392e-01  -2.1916940e-03   4.5974855e-03   1.1703905e-03
  -9.3223797e-02   1.2093865e-02   1.0069642e-01  -1.8976945e-03   4.8931199e-03   1.8103207e-03
  -9.8706009e-02   1.2734903e-01   9.5682154e-02  -2.7501949e-03   5.1960016e-03   1.9362295e-03
  -1.0656703e-01   2.0320317e-02   9.7845150e-02  -2.4308080e-03   5.1576035e-03   2.2130701e-03
  -1.1145203e-01   8.6285897e-02   8.8458750e-02  -2.6295333e-03   5.4584002e-03   2.2259597e-03
  -1.0671652e-01   1.1498228e-01   1.1406655e-02  -2.5063750e-03   5.3545849e-03   2.5867347e-03
  -9.9109742e-02   1.1335495e-01   4.7265425e-02  -2.8824894e-03   5.4126386e-03   3.2097864e-03
  -8.6290315e-02   1.2345183e-01  -7.7126937e-03  -2.2331561e-03   5.4472718e-03   3.4747134e-03
  -8.6918824e-02   6.0660953e-02   5.6476319e-02  -2.6705771e-03   5.7744225e-03   3.7498086e-03
  -6.7154141e-02   8.2522919e-02  -2.7572425e-02  -2.4148333e-03   5.4680925e-03   3.8311606e-03
  -7.5911326e-02   9.4559726e-02  -5.6528148e-02  -3.2471958e-03   5.6153344e-03   4.0870320e-03
  -7.0174451e-02   6.0356304e-02  -7.6611950e-02  -2.9624238e-03   5.6538171e-03   4.1780188e-03
  -6.7193417e-02   1.3218770e-01  -1.1732122e-01  -3.5034441e-03   5.7153675e-03   4.2275544e-03
  -6.6745284e-02   5.5038442e-02  -1.0242532e-01  -3.3743533e-03   5.8224533e-03   4.4655611e-03
  -7.6437504e-02   1.1123639e-01  -1.1751781e-01  -2.9376849e-03   6.0262717e-03   4.5426365e-03
  -8.2286800e-02   6.2621376e-02  -1.3414268e-01  -2.9443852e-03   6.2278604e-03   4.8829247e-03
  -9.0798937e-02   1.2277351e-01  -8.5263299e-02  -3.1880204e-03   6.6113734e-03   4.7419358e-03
  -9.4723930e-02   1.1229352e-01  -1.2559202e-01  -3.3855150e-03   6.5138629e-03   4.7873064e-03
  -1.0185002e-01   8.2220115e-02  -7.7287417e-02  -3.4113658e-03   6.3887040e-03   4.9816180e-03
  -1.1107514e-01   1.6912438e-01  -1.1402789e-01  -4.2504268e-03   6.6401343e-03   4.8174093e-03
  -1.1874311e-01   4.7036743e-02  -3.5851376e-02  -2.3747357e-03   6.1697507e-03   4.2839389e-03
  -1.2330502e-01   7.5857779e-02   2.2195547e-02  -1.4472012e-03   6.9478527e-03   4.2599088e-03
  -1.4255611e-01   2.3356383e-01   3.4009690e-02  -4.3231190e-03   7.9724900e-03   3.5399998e-03
  -1.2682699e-01   2.0621333e-02  -3.5163708e-02  -2.6807880e-03   7.2831943e-03   4.1330649e-03
  -1.2215533e-01   1.9910876e-01   1.4394496e-01  -4.8825120e-03   7.6741800e-03   3.5852076e-03
  -1.1498408e-01   4.1054514e-02   2.0733710e-01  -2.2845203e-03   6.9039690e-03   3.4997592e-03
  -1.3524312e-01   1.7357875e-01   3.7613611e-02  -4.6292692e-03   7.6449899e-03   3.6077663e-03
  -1.4508878e-01   1.0656024e-01   6.7189752e-02  -3.4351597e-03   7.4011608e-03   3.8992160e-03
  -1.3772855e-01   2.3286464e-01  -2.7047227e-02  -5.6714314e-03   7.5352041e-03   4.1476120e-03
  -1.3550378e-01   1.4065024e-01   1.1099360e-02  -4.3221544e-03   7.3440564e-03   4.3037708e-03
  -1.3962772e-01   1.0951156e-01   5.7754047e-02  -3.6959928e-03   7.3429255e-03   4.7986474e-03
  -1.6135717e-01   1.7019246e-01   5.8196845e-02  -5.1748015e-03   8.0800014e-03   4.6317668e-03
  -1.6404415e-01   1.9341690e-01   7.5624233e-02  -4.5778809e-03   7.7651478e-03   4.6784919e-03
  -1.7407756e-01   1.5622870e-01   4.2563032e-02  -5.0622675e-03   7.6405585e-03   4.7700991e-03
  -1.7591243e-01   1.6508527e-01   6.0685217e-02  -5.1559677e-03   7.8822959e-03   4.9552678e-03
  -1.7875779e-01   2.0930793e-01   2.5200993e-02  -5.6557357e-03   7.9657224e-03   5.2556868e-03
  -1.8490761e-01   1.3317351e-01   7.4471379e-02  -5.5829403e-03   8.3864843e-03   5.2598248e-03
  -1.6755561e-01   1.8074242e-01   2.6392112e-02  -5.2270617e-03   7.9250610e-03   5.3242098e-03
  -1.7147470e-01   1.5395716e-01   5.8025160e-02  -5.8375708e-03   7.9810625e-03   5.5482613e-03
  -1.4422130e-01   1.5516048e-01  -1.6920218e-03  -4.8235172e-03   7.1695137e-03   5.4497779e-03
  -1.5292301e-01   1.9319456e-01  -2.3810320e-03  -6.1462010e-03   7.0382934e-03   5.4898950e-03
  -1.4680817e-01   1.4396126e-01   1.5143028e-03  -5.3763641e-03   6.7693187e-03   5.6395890e-03
  -1.4939638e-01   2.1584573e-01   8.4004178e-03  -6.3751586e-03   6.6791645e-03   5.6245408e-03
  -1.5747655e-01   1.4021147e-01  -3.2645906e-02  -5.4791932e-03   6.8902555e-03   5.5870620e-03
  -1.6363579e-01   2.6061746e-01   4.1520253e-02  -6.2506017e-03   6.4533879e-03   5.5404956e-03
  -1.6271978e-01   9.3289023e-02  -2.0061498e-01  -2.8819038e-03   7.0418067e-03   4.7904411e-03
  -1.6148908e-01   1.8754135e-01  -2.0893312e-01  -3.5448490e-03   8.7519662e-03   3.2424472e-03
  -1.9379356e-01   1.0419620e-01  -6.8503895e-02  -1.6457728e-03   8.8470862e-03   3.7590044e-03
  -2.1222107e-01   1.0702483e-01  -1.1565892e-01  -2.3701020e-03   9.3144761e-03   3.8082585e-03
  -2.1289078e-01   2.1859337e-01   3.9208046e-02  -2.4600784e-03   9.7574684e-03   4.2185270e-03
  -1.8795286e-01   1.0401611e-01  -1.2408305e-02  -2.4300690e-03   9.1824756e-03   4.4172690e-03
  -1.9237381e-01   2.0393638e-01   4.3306575e-02  -2.8588297e-03   9.6211273e-03   4.4815136e-03
  -2.0415555e-01   1.1627944e-01   3.1579172e-02  -3.2165137e-03   9.7398440e-03   4.7462197e-03
  -2.1645370e-01   2.2582502e-01   4.4487247e-02  -4.0390681e-03   9.7630866e-03   4.6304769e-03
  -2.0882472e-01   1.3389794e-01   2.5737496e-02  -3.9115103e-03   9.3980411e-03   4.9492667e-03
  -2.0871768e-01   2.3431512e-01   1.9435205e-02  -4.0828416e-03   9.5882465e-03   4.8632198e-03
  -2.0608743e-01   1.6578341e-01   9.0926326e-03  -4.0449682e-03   9.1658211e-03   5.1611046e-03
  -2.1069037e-01   2.2567550e-01   2.5848167e-02  -4.6173345e-03   9.8944175e-03   4.8612420e-03
  -1.9903384e-01   2.0485112e-01  -7.9692246e-03  -4.2052483e-03   9.3767078e-03   5.0219992e-03
  -1.9254464e-01   1.7921159e-01   2.4662753e-02  -4.8604782e-03   9.5326574e-03   5.1466673e-03
  -1.8961841e-01   2.0783647e-01   4.3293327e-03  -4.2273340e-03   9.4651232e-03   5.0238370e-03
  -1.8879431e-01   1.5961835e-01   2.2720495e-02  -4.5818349e-03   9.1600259e-03   5.2218915e-03
  -1.9143456e-01   1.9057972e-01   1.9382907e-02  -4.3856564e-03   9.1056557e-03   5.3833254e-03
  -1.9450828e-01   2.2858494e-01   5.8771644e-03  -4.4608967e-03   9.3463722e-03   5.1930710e-03
  -2.0147899e-01   1.7009221e-01   2.0049708e-02  -4.6453125e-03   9.5768340e-03   5.0726496e-03
  -2.0518336e-01   2.1655470e-01   2.0406895e-02  -4.3330127e-03   9.7588279e-03   5.0410828e-03
  -2.0907646e-01   1.8139750e-01   4.6159667e-04  -4.6350586e-03   9.7376181e-03   5.1569261e-03
  -2.0531370e-01   1.7559983e-01  -3.2978121e-03  -4.2504139e-03   9.9835499e-03   5.0304324e-03
  -2.0205410e-01   2.3259547e-01  -2.2688784e-02  -4.6482033e-03   9.4509687e-03   5.0517350e-03
  -1.9319736e-01   9.5600610e-02  -6.0711364e-02  -2.2863922e-03   9.3824214e-03   4.6116557e-03
  -2.0543818e-01   1.6346598e-01   3.0294986e-01  -2.9192255e-03   1.0462664e-02   4.0957223e-03
  -2.2127509e-01   2.6058181e-01   5.8298629e-01  -3.2565552e-03   1.1240467e-02   3.2768132e-03
  -2.2017786e-01   2.1991106e-01   2.9362442e-01  -3.6447167e-03   1.1271040e-02   3.3449982e-03
  -2.2278747e-01   1.5261774e-01   3.7556468e-01  -3.6369254e-03   1.1695781e-02   3.4407199e-03
  -2.1709642e-01   2.0880360e-01   2.5288824e-01  -3.5619454e-03   1.1736782e-02   3.4628144e-03
  -2.1693477e-01   1.1724483e-01   2.7306333e-01  -3.4419123e-03   1.1408189e-02   3.4584411e-03
  -2.2003876e-01   2.0801292e-01   2.0014636e-01  -3.3370043e-03   1.1660252e-02   3.3212400e-03
  -2.1917417e-01   1.6044951e-01   2.2849141e-01  -3.4173576e-03   1.1284705e-02   3.6510628e-03
  -2.1237332e-01   2.2374380e-01   1.9994866e-01  -3.2962841e-03   1.1177621e-02   3.6917982e-03
  -2.1653823e-01   1.8077962e-01   2.1101476e-01  -3.8982283e-03   1.0773070e-02   4.0911181e-03
  -2.0562125e-01   1.9463994e-01   1.8217423e-01  -3.4243488e-03   1.0864524e-02   4.1092005e-03
  -2.0185558e-01   2.2652661e-01   1.7122797e-01  -4.4242466e-03   1.0663530e-02   4.3682369e-03
  -2.0853869e-01   1.7530734e-01   2.0027261e-01  -3.9097492e-03   1.0926164e-02   4.3534229e-03
  -2.1180153e-01   2.3906994e-01   1.8594425e-01  -3.8110198e-03   1.1250802e-02   4.4527136e-03
  -2.2061782e-01   1.6281783e-01   1.8256813e-01  -3.8371823e-03   1.1737354e-02   4.4714564e-03
  -2.2946193e-01   2.1102051e-01   1.7120081e-01  -3.3631392e-03   1.1713655e-02   4.5397306e-03
  -2.3378042e-01   1.7602828e-01   1.2671252e-01  -3.4923749e-03   1.1809710e-02   4.6064330e-03
  -2.4179293e-01   2.3645532e-01   1.9675108e-01  -3.6565864e-03   1.1904819e-02   4.3186568e-03
  -2.3573412e-01   2.4684592e-01   1.4585230e-01  -3.8094665e-03   1.1562331e-02   4.5134026e-03
  -2.3219709e-01   2.1060263e-01   1.9899172e-01  -3.8267038e-03   1.1996347e-02   4.4780869e-03
  -2.2914503e-01   2.6604169e-01   1.3259779e-01  -3.9438533e-03   1.1646011e-02   4.3890205e-03
  -2.3524689e-01   1.9667026e-01   2.2094799e-01  -4.1961731e-03   1.1669225e-02   4.5170213e-03
  -2.3843524e-01   2.8043196e-01   1.4138107e-01  -3.7087035e-03   1.1773365e-02   4.5042206e-03
  -2.4159546e-01   1.7888153e-01   2.5772597e-01  -2.6746908e-03   1.1892870e-02   4.6061453e-03
  -2.4157945e-01   2.9353142e-01   1.4504102e-01  -4.0386729e-03   1.2767263e-02   4.0254179e-03
  -2.5766984e-01   1.6073988e-01   3.9825338e-01  -3.2379040e-03   1.2871891e-02   4.3918545e-03
  -1.7838521e-01   3.0179974e-01   2.1573568e-02  -3.9022982e-03   1.2345854e-02   2.6547343e-03
  -1.5429651e-01   1.3244914e-01   4.8529695e-02  -1.6355024e-03   1.2025174e-02   1.7586832e-03
  -2.1774156e-01   1.9097378e-01   3.9402750e-01   1.3523305e-04   1.2146610e-02   2.4895654e-03
