   1.4210855e-14   0.0000000e+00   0.0000000e+00   4.1761949e-53  -5.0269117e-88  -1.2037062e-35
   3.2890766e-03   4.9562859e-02   7.6578929e-02  -9.5232437e-04  -3.5135430e-04   2.1291131e-04
  -5.7174344e-03   4.5625678e-02   8.5760757e-02  -1.2602693e-03  -3.3964510e-04   3.5231517e-04
  -1.1487022e-02   5.9156613e-02  -1.5429252e-02  -2.0670407e-03  -3.2675659e-04   2.9520846e-04
  -1.3112968e-03   1.5419830e-01   1.3086742e-01  -2.7057648e-03  -9.0898998e-04   4.8011239e-04
  -1.0221814e-02   1.0060312e-01   9.4446912e-02  -2.6687112e-03  -6.9210393e-04   5.2460069e-04
  -1.7614060e-02   1.3599403e-01   1.5945959e-01  -2.6449752e-03  -6.8966756e-04   6.4020259e-04
  -3.0186754e-02   1.4256535e-01   1.5602567e-01  -3.0857902e-03  -4.4261599e-04   6.5859424e-04
  -1.3982200e-02   2.3570608e-01   2.5105004e-01  -3.9229587e-03  -5.1422632e-04   4.9928352e-04
  -5.0573452e-03   2.5651576e-01   3.4375358e-01  -3.4639683e-03  -3.5105434e-04   4.1139862e-04
  -2.2126053e-02   2.3439860e-01   2.6323116e-01  -3.9606746e-03  -1.7118129e-04   4.8212452e-04
  -1.4391339e-02   2.8223663e-01   4.4209049e-01  -4.6156703e-03  -2.0375401e-05   5.8328774e-04
  -3.6044778e-02   2.8190776e-01   3.6355934e-01  -5.2825716e-03  -3.6986916e-05   4.4540859e-04
  -2.8325511e-02   3.7229183e-01   5.0157489e-01  -5.6302373e-03  -5.6290448e-04   2.3948828e-04
  -3.5629030e-02   2.7207108e-01   4.2937382e-01  -5.6194942e-03  -1.8453344e-04   9.3358576e-05
  -9.4998204e-03   3.5444166e-01   5.1836934e-01  -6.3551951e-03  -4.7096665e-04   3.4219540e-04
  -9.9701668e-03   3.0043968e-01   4.7101005e-01  -5.9370389e-03  -1.6989599e-04  -5.3261353e-05
   1.9709666e-03   3.6297163e-01   4.9943351e-01  -6.2424109e-03  -1.1915108e-04  -2.4953765e-04
   6.2751059e-03   3.3359058e-01   4.7563118e-01  -6.0114443e-03  -4.9601106e-05  -3.1243689e-04
   6.4646141e-03   4.0089256e-01   5.2993446e-01  -6.8100392e-03  -8.3987685e-05  -1.5033640e-04
   5.3397974e-03   3.5418264e-01   5.1971477e-01  -6.4164020e-03  -3.7965106e-05  -3.6929731e-04
   6.7253659e-03   4.2477782e-01   5.5246935e-01  -7.2151528e-03  -1.1701548e-04  -1.5444645e-04
   1.4214842e-03   3.5106361e-01   4.9670605e-01  -6.5979517e-03   8.1550538e-06  -3.7037915e-04
   8.4343830e-03   4.2770203e-01   5.7385314e-01  -7.5136904e-03  -6.8156561e-05   2.1831588e-05
   3.1281064e-02   3.1313980e-01   5.2101113e-01  -6.1882143e-03  -9.2872226e-05  -6.1861101e-04
   2.1812818e-02   3.6095898e-01   5.3951955e-01  -5.9909020e-03  -3.5686276e-04  -6.3825894e-04
  -7.1974821e-03   2.5304123e-01   2.8849939e-01  -6.5558448e-03  -4.3129848e-04  -2.2026132e-04
  -1.4340358e-03   2.6742262e-01   3.3785794e-01  -6.1425312e-03  -7.3718776e-04  -9.8773888e-05
  -1.0585669e-02   2.5830007e-01   3.0553430e-01  -6.2294141e-03  -5.6380833e-04   2.3813697e-05
   8.2927853e-03   2.4461980e-01   2.8730819e-01  -5.9943302e-03  -4.3950715e-04  -1.0797518e-04
   1.3007347e-02   2.7299282e-01   2.9941737e-01  -6.4584321e-03  -4.6645207e-04  -9.4554955e-06
   1.2942154e-02   2.3341660e-01   2.3009161e-01  -6.2652299e-03  -4.5645832e-04  -2.7112637e-04
   7.7627804e-03   2.1225786e-01   2.5214677e-01  -5.1345163e-03  -4.6168371e-04  -3.0686058e-04
   1.8778846e-04   1.5860645e-01   1.5035618e-01  -4.7099425e-03  -4.4871979e-04  -2.2873912e-04
  -6.2700901e-03   1.7230768e-01   1.1536865e-01  -5.2428614e-03  -4.6267034e-04  -1.7466206e-05
  -2.0499539e-02   1.0575313e-01   2.6568869e-02  -4.5955759e-03  -2.4317945e-04  -1.5624391e-04
  -1.2176166e-02   1.9460653e-01   1.5537613e-01  -5.1362392e-03  -4.2820824e-04  -4.5002149e-05
  -7.3470445e-03   8.6869556e-02   4.5872423e-02  -4.4610573e-03  -3.5417848e-04  -6.1566151e-04
  -1.4141444e-03   1.6867678e-01   1.4564512e-01  -4.9723352e-03  -4.5861690e-04  -4.9291339e-04
  -6.1394402e-03   9.9079780e-02   9.3994334e-02  -4.3407925e-03  -1.9201056e-04  -6.9689916e-04
   3.1151775e-03   1.4865090e-01   1.1361254e-01  -4.9276365e-03  -2.6869579e-04  -6.5298853e-04
   7.0282287e-03   1.2841427e-01   9.3741846e-02  -4.5722490e-03  -3.7152536e-04  -7.5452285e-04
  -9.7463647e-04   1.3960139e-01   8.4723940e-02  -4.7011151e-03  -4.2802341e-04  -7.3437889e-04
  -1.3436415e-04   1.7200070e-01   1.2132771e-01  -4.4426633e-03  -4.2266612e-04  -5.6193509e-04
  -9.9501074e-03   1.3207600e-01   5.4747444e-02  -4.1878975e-03  -4.4824830e-04  -4.0206677e-04
  -1.0182431e-02   1.9019075e-01   9.5415296e-02  -4.3457328e-03  -3.6571420e-04  -2.5153008e-04
  -1.6722545e-02   1.4515919e-01   7.8903094e-02  -4.1103397e-03  -2.0934868e-04  -4.2220987e-04
  -1.2540682e-02   1.9634468e-01   8.8103949e-02  -4.0380031e-03  -1.6238648e-04  -5.1414912e-04
  -1.4690205e-02   1.4429716e-01   8.0401795e-02  -4.0587761e-03  -1.4673330e-04  -6.7698988e-04
  -8.7173507e-03   1.6176579e-01   6.8759974e-02  -3.2593846e-03   9.9425890e-05  -9.5543894e-04
  -2.8568800e-02   4.8555030e-02   5.0875241e-02  -6.9614409e-04   5.3980372e-04  -1.1439907e-03
  -3.6308167e-02   1.8265380e-01   6.5356464e-02  -2.8454375e-03  -2.7860665e-05  -8.1917068e-04
  -3.8013412e-02   3.1462090e-01   5.7198791e-01  -1.9155995e-03  -5.7188158e-04   3.0432609e-05
  -3.0732546e-02   2.5102254e-01   6.2489283e-01  -1.0307311e-03  -2.1051948e-04   2.1317170e-04
  -2.1413981e-02   1.4438796e-01   2.8760786e-01  -2.1994236e-03   5.4504013e-05  -5.4910330e-05
  -2.0409915e-02   1.3150698e-01   2.0256796e-01  -2.8417167e-03  -3.0034946e-05  -9.4539380e-05
  -1.1227338e-02   1.3662697e-01   1.8360139e-01  -3.1412355e-03   1.0089112e-04  -3.0125629e-04
  -1.8655666e-02   1.2186245e-01   1.6324423e-01  -3.5574406e-03   3.9650457e-04  -2.6037148e-04
  -1.4349609e-02   1.0046055e-01   1.7170148e-01  -3.6716698e-03   6.1030587e-04  -7.3986021e-04
  -1.8430758e-02   7.2262807e-02   1.5837978e-01  -3.8073264e-03   7.7135560e-04  -7.0844786e-04
  -2.2204536e-02   7.1467005e-02   1.5782048e-01  -3.8610356e-03   7.8878424e-04  -5.9938495e-04
  -2.8172549e-02   6.9411622e-02   1.1958492e-01  -3.9749808e-03   8.2202637e-04  -4.7202637e-04
  -3.5193129e-02   8.7204072e-02   1.0543778e-01  -4.1330079e-03   7.5539441e-04  -3.5394334e-04
  -3.8291542e-02   1.2998004e-01   1.2236170e-01  -4.0698166e-03   7.3387268e-04  -1.6913522e-04
  -3.0564856e-02   8.0270410e-02   5.9417454e-02  -3.9298942e-03   5.8013576e-04  -4.6863156e-04
  -2.4255813e-02   1.2437842e-01   1.0385086e-01  -3.4316313e-03   4.5619010e-04  -2.8705981e-04
  -3.0743705e-03   1.8947542e-01   2.0717397e-01  -3.3800543e-03   2.4058070e-04  -3.3942417e-04
  -1.3201658e-02   1.1435927e-01   5.5721555e-02  -3.6615445e-03   2.3456378e-04  -3.8398515e-04
  -1.2183803e-02   1.9661823e-01   6.1380307e-02  -4.2306714e-03   1.7517182e-04  -2.7479332e-04
  -9.8046522e-03   1.2154662e-01   6.3868624e-02  -3.4862396e-03   6.1915860e-05  -4.1005714e-04
  -1.9389361e-02   1.5450330e-01   7.8806639e-02  -3.7677132e-03   1.7595510e-04  -4.2310426e-04
  -1.4113874e-02   1.4713779e-01   1.1262949e-01  -3.3111669e-03   2.3436152e-04  -4.1474783e-04
  -1.2815678e-02   1.2946888e-01   8.9592391e-02  -3.7033399e-03   1.4444830e-04  -5.4988358e-04
  -1.5816466e-02   1.2405478e-01   1.2099173e-01  -3.0505264e-03   2.4058146e-04  -3.6128371e-04
  -1.5919117e-02   1.5478030e-01   5.4139967e-02  -4.7089529e-03   2.7907746e-04  -6.0509119e-04
  -1.6862385e-02   1.1295014e-01   2.3528651e-01   1.2327464e-03   6.9288535e-04  -6.9320605e-04
  -2.5369057e-02   2.8115858e-02   1.7543295e-01   3.1966481e-03   8.0527317e-04  -9.6305249e-04
  -2.4395834e-02   1.1656330e-01   1.8184358e-01   4.6458536e-04   6.4711022e-04  -7.9734559e-04
  -1.6816277e-02   4.2359225e-03   1.5696099e-01   2.4513911e-03   9.1828373e-04  -1.1968259e-03
  -1.2537886e-02   5.5394353e-02   1.1290960e-01   1.4948511e-03   7.6537269e-04  -1.1330625e-03
  -1.8345473e-02   2.4952572e-02   2.0429136e-01   2.5513095e-03   8.1805315e-04  -9.9779094e-04
  -3.1436766e-02   6.5014688e-02   1.8279356e-01   3.0627154e-03   9.8420306e-04  -1.0888710e-03
  -1.7310602e-02   4.6705255e-03   1.2501811e-01   3.6842387e-03   9.5477942e-04  -1.6323107e-03
  -7.1085432e-03   9.1372425e-02   2.4325103e-01   2.9910831e-03   8.3401677e-04  -1.5220870e-03
  -2.6586038e-03   9.4006774e-03   1.6018190e-01   3.3270738e-03   9.7165738e-04  -1.9340812e-03
  -1.3966498e-02   6.3889188e-02   1.8155704e-01   2.9773074e-03   9.8026050e-04  -1.7603923e-03
   1.2965447e-02   5.1352248e-02   2.6842913e-01   3.5430228e-03   6.8603090e-04  -1.8805031e-03
   4.6204964e-03   4.5333205e-02   1.9273115e-01   3.3050029e-03   8.4645711e-04  -1.9717111e-03
   1.7115901e-03   1.3137001e-01   3.5193199e-01   3.2647844e-03   6.0201198e-04  -1.4407647e-03
  -1.6880983e-02   4.3423750e-02   2.0023972e-01   3.3163609e-03   9.0339425e-04  -1.6639192e-03
   1.1797112e-02   9.2021352e-02   2.9333115e-01   3.2841367e-03   5.5761362e-04  -1.6859860e-03
  -4.4150433e-03   3.0401484e-02   2.6180561e-01   3.7283315e-03   8.9420484e-04  -1.7340917e-03
   8.1588147e-03   4.0660381e-02   2.7752330e-01   3.4364605e-03   8.0124315e-04  -1.7030936e-03
   8.3618256e-03   3.5903343e-02   2.9326004e-01   3.5883884e-03   9.3833816e-04  -1.7417367e-03
   1.0216495e-02   1.3684949e-02   2.7217264e-01   3.7040255e-03   8.1065467e-04  -1.8854101e-03
   1.2425071e-02   6.1501488e-02   3.2806542e-01   3.6227774e-03   7.8754241e-04  -1.9081322e-03
   4.5002263e-03  -1.7593982e-02   2.4384266e-01   3.9547060e-03   9.2761777e-04  -2.2948944e-03
   2.1666719e-03   6.6383115e-02   3.4008811e-01   3.6452050e-03   9.0917343e-04  -2.1114657e-03
   3.3695981e-03   6.8773813e-03   2.7456153e-01   3.8357303e-03   8.6085138e-04  -2.1990385e-03
  -1.5585847e-02   6.3069262e-02   3.1019648e-01   3.4035004e-03   7.7648239e-04  -1.6479029e-03
  -3.5959213e-02   3.9460482e-02   3.0216725e-01   4.7386222e-03   4.3022971e-04  -1.5646424e-03
  -5.4390627e-02  -2.5119444e-02   1.0204896e-01   5.1997120e-03   3.9967619e-04  -1.4941768e-03
  -5.2292753e-02   2.7979196e-02   1.1207212e-01   3.6171799e-03   4.3305930e-04  -1.2517917e-03
  -3.0399960e-02   5.4266545e-02   3.0249579e-01   4.5059931e-03   1.4623543e-04  -1.0481674e-03
  -3.8564870e-02   6.6856221e-03   1.8657982e-01   4.3691257e-03   4.1911445e-04  -1.3868372e-03
  -1.7820347e-02   6.5464445e-02   3.1845196e-01   4.8185794e-03   1.4294299e-04  -1.5003845e-03
  -1.3248240e-02  -1.1884108e-02   1.9187809e-01   5.4243370e-03   3.8735739e-04  -1.9569737e-03
  -1.7360480e-02   4.8071453e-02   2.3454004e-01   5.4260892e-03   1.3493700e-04  -1.6618216e-03
  -2.3168876e-02   2.9292060e-02   2.6057506e-01   5.6652218e-03   2.4712651e-04  -1.6623820e-03
  -1.4422495e-02   2.4714987e-02   1.7529185e-01   5.1462438e-03   5.7749188e-05  -2.0794718e-03
  -1.7447288e-02   7.9449203e-02   3.0269842e-01   5.6469057e-03   1.3440597e-04  -1.6381586e-03
  -1.6099585e-02   1.8348355e-02   1.6789673e-01   5.5222551e-03   1.1543779e-04  -1.9377569e-03
  -6.5380669e-03   9.7506734e-02   3.8435183e-01   5.9453721e-03  -3.1748217e-05  -1.6605930e-03
  -2.0376903e-02  -6.7970410e-04   2.1755637e-01   6.4220106e-03   9.4867954e-05  -1.9401919e-03
  -1.7156280e-02   8.4946539e-02   3.0868120e-01   5.9114065e-03  -9.9144550e-05  -1.6997649e-03
  -9.6420849e-03  -1.1890020e-02   2.3087928e-01   6.3623094e-03   2.6094857e-06  -2.1930132e-03
  -6.4367552e-03   6.0293263e-02   3.4286625e-01   6.2007499e-03  -1.3906773e-04  -2.0592270e-03
  -2.0787215e-02   3.6861419e-03   2.7238777e-01   6.5159664e-03   2.0844351e-04  -2.1374254e-03
  -8.5233266e-03   4.5983596e-02   3.2620202e-01   6.2668766e-03  -1.5198694e-04  -1.9134867e-03
  -2.0996624e-02   1.8761882e-02   3.0306806e-01   6.6380136e-03   1.5646543e-04  -2.0310918e-03
  -1.5778670e-02   2.2550823e-02   2.9936159e-01   6.1418677e-03   1.7721966e-04  -2.1399646e-03
  -1.7692083e-02   2.8334323e-02   3.1071999e-01   6.3547105e-03   2.2756659e-04  -2.0612778e-03
  -2.8823643e-02   4.2475147e-03   2.7158348e-01   6.7046571e-03   2.0800181e-04  -2.0666220e-03
  -3.7336614e-02   3.7984292e-02   3.9798750e-01   7.8124929e-03   4.1299086e-04  -1.7644984e-03
  -4.0989427e-02   5.0079724e-03   1.9187196e-01   6.0938042e-03   3.9046725e-04  -2.0074376e-03
  -3.6649593e-02   9.1156515e-02   3.9749795e-01   6.5830986e-03   1.2762429e-04  -1.5447900e-03
  -5.3080232e-02   2.5787637e-02   3.2999962e-01   6.7438441e-03   4.4017329e-04  -1.7433377e-03
  -4.4606904e-02   1.3150317e-02   2.4707553e-01   6.1609022e-03   2.3708081e-04  -1.8480327e-03
  -3.9965801e-02   7.1809081e-03   3.6388677e-01   6.5805534e-03   2.6879156e-04  -1.7126395e-03
