   1.4210855e-14   0.0000000e+00   0.0000000e+00   0.0000000e+00   0.0000000e+00   0.0000000e+00
   9.9423984e-04   4.7402882e-04  -5.3410642e-03  -1.7173464e-04  -2.1975357e-04  -6.1240046e-05
  -7.2825302e-03  -2.0106159e-02   4.1982107e-02   2.6142873e-04  -3.3196151e-04   3.4065066e-05
  -3.2973766e-03   1.0045248e-02   3.1861778e-02  -9.3680593e-05  -1.4363499e-04  -1.1849894e-04
  -3.4384697e-02  -2.6352366e-02   4.9677145e-02   2.8630568e-04  -4.5565599e-04   3.6670434e-04
  -7.7708920e-02  -7.5931728e-02   4.7526479e-03   2.2263026e-03  -7.4617638e-04   2.9209672e-04
  -4.8596069e-02   8.8110597e-03  -1.4674097e-01  -1.4436918e-03  -4.6578156e-04  -7.2932481e-04
  -4.9619122e-02   3.2929374e-02  -7.0575806e-02  -8.4983328e-04  -7.7919480e-04  -1.1067698e-03
  -4.8525193e-02   3.8155515e-02  -1.1742768e-01  -1.5050241e-03  -9.6030010e-04  -1.4439333e-03
  -6.5896880e-02   2.9557370e-02  -1.3662676e-01  -2.5661722e-03  -1.0223320e-03  -1.6139687e-03
  -4.1847548e-02   1.6803007e-02  -9.3035563e-02  -2.1324853e-03  -8.2628679e-04  -1.6133832e-03
  -2.9923804e-02   4.1454263e-02  -1.1333960e-01  -2.4645380e-03  -7.1711500e-04  -1.6147184e-03
  -3.1656604e-02   2.8185946e-02  -1.2907887e-01  -2.9422273e-03  -8.2052173e-04  -1.6272394e-03
  -3.2956950e-02   3.1968648e-02  -1.2193842e-01  -3.1154572e-03  -7.5103536e-04  -2.0078899e-03
  -3.2967690e-02   5.6562291e-02  -1.8164732e-01  -3.7925349e-03  -1.2763777e-03  -2.3642094e-03
  -4.4630384e-02   5.4505171e-02  -1.5425027e-01  -4.0448944e-03  -1.2091980e-03  -2.4360056e-03
  -3.7651129e-02   4.1609685e-02  -1.7757848e-01  -4.2639264e-03  -1.2212829e-03  -2.5136500e-03
  -3.4417758e-02   3.5571626e-02  -1.8721618e-01  -4.4164984e-03  -1.2602349e-03  -2.4851005e-03
  -3.4803543e-02   4.0206480e-02  -1.5565064e-01  -4.2829515e-03  -1.2528074e-03  -2.5724282e-03
  -2.9854811e-02   4.4822426e-02  -1.6674572e-01  -4.5127366e-03  -1.2791428e-03  -2.5949623e-03
  -3.0911035e-02   3.4414843e-02  -1.2437141e-01  -4.3515435e-03  -1.3910628e-03  -2.6064206e-03
  -3.1291600e-02   5.8211785e-02  -1.8631506e-01  -4.5797908e-03  -1.2066747e-03  -2.6225251e-03
  -3.7063602e-02   4.5808023e-02  -1.8962689e-01  -5.1858522e-03  -1.3661396e-03  -2.6663969e-03
  -3.4847781e-02   4.6612118e-02  -1.5155087e-01  -4.6379046e-03  -1.3651177e-03  -2.7517673e-03
  -3.3265046e-02   6.8529854e-02  -2.2612275e-01  -5.2217418e-03  -1.4158159e-03  -2.8575021e-03
  -2.2524086e-02   6.8637044e-02  -1.7666303e-01  -4.6318729e-03  -1.2691194e-03  -2.3353832e-03
  -2.2754178e-02   4.1863611e-02  -1.8293599e-01  -4.1392002e-03  -1.0589482e-03  -1.8873554e-03
  -6.4053216e-03   6.6219226e-02  -2.0770661e-01  -4.8694959e-03  -1.2985999e-03  -1.9059585e-03
  -8.0939295e-03   5.2048316e-02  -2.0696291e-01  -4.9486059e-03  -1.2299647e-03  -1.8173648e-03
  -1.1600827e-02   5.1654979e-02  -1.6406427e-01  -4.3069946e-03  -1.1389179e-03  -1.7603030e-03
  -1.6680728e-02   4.1952319e-02  -2.5318989e-01  -4.7476064e-03  -9.6170368e-04  -1.7239616e-03
  -4.5501948e-03   5.1955378e-02  -2.1469174e-01  -4.7407189e-03  -1.0348102e-03  -1.8531710e-03
  -3.2628338e-03   7.2229650e-02  -2.9204835e-01  -5.0839939e-03  -8.2627289e-04  -1.8048944e-03
  -3.1356051e-03   6.6022072e-02  -2.3604136e-01  -5.0559828e-03  -5.3988073e-04  -1.7922652e-03
   6.5686370e-04   6.9371323e-02  -3.4222455e-01  -5.8093173e-03  -1.5089382e-04  -1.8477199e-03
   1.0067553e-02   6.9125163e-02  -4.0432030e-01  -6.8003051e-03   2.1577397e-04  -2.2040330e-03
   1.5046146e-02   6.4893711e-02  -3.5396633e-01  -6.3610301e-03   1.5320979e-04  -2.2432355e-03
   1.0511823e-02   8.8097399e-02  -3.5931416e-01  -6.2689416e-03  -7.2697457e-05  -1.9694696e-03
   9.4983885e-03   7.1464141e-02  -2.8393690e-01  -5.3854257e-03  -2.7361725e-05  -1.7422395e-03
   1.5754384e-02   8.7647586e-02  -3.2804333e-01  -6.1188611e-03   1.1454065e-04  -1.8077255e-03
   1.6340854e-02   6.7712222e-02  -3.1987477e-01  -6.1334735e-03   1.7549608e-04  -1.8032665e-03
   1.2365333e-02   8.3050042e-02  -3.3413704e-01  -6.1099165e-03   3.7304062e-04  -1.8396811e-03
   1.5976268e-02   8.1891539e-02  -3.7003070e-01  -6.1700424e-03   3.2860462e-04  -1.7626773e-03
   1.7884847e-02   7.9026068e-02  -3.0997429e-01  -6.2761928e-03   4.6219424e-04  -1.7540662e-03
   1.9015968e-02   6.1218586e-02  -3.2967824e-01  -6.2234456e-03   4.2765958e-04  -1.7506108e-03
   2.5754050e-02   7.4353137e-02  -3.5546011e-01  -6.3232640e-03   2.5363358e-04  -1.9533246e-03
   2.1563137e-02   9.5237711e-02  -4.0441085e-01  -6.6592854e-03   2.6185546e-04  -2.1724101e-03
   1.6953101e-02   8.6619683e-02  -3.7229183e-01  -6.6191264e-03   4.2279502e-04  -2.0183482e-03
   1.7200189e-02   7.5966980e-02  -3.3251916e-01  -6.4854251e-03   4.8748927e-04  -2.0079287e-03
   2.4078194e-02   8.6971507e-02  -3.4359427e-01  -6.0212277e-03   2.9494148e-04  -1.9892064e-03
   1.2541121e-02   9.9247685e-02  -2.5163639e-01  -5.6765333e-03   2.8350992e-04  -1.9302929e-03
   1.4657467e-02   8.4088478e-02  -2.8766775e-01  -4.7869294e-03   4.5480689e-04  -2.0285007e-03
   1.7711885e-02   1.1575961e-01  -3.2258073e-01  -5.9723918e-03   2.4007158e-04  -1.6614966e-03
   1.9370949e-02   7.7092925e-02  -3.3157923e-01  -6.9627109e-03  -2.1544370e-04  -1.4571480e-03
   2.2861946e-02   8.8850312e-02  -3.5620560e-01  -6.8125277e-03  -2.2527088e-04  -1.6129889e-03
   2.6496173e-02   8.8030148e-02  -3.4232148e-01  -6.6698984e-03  -9.6164764e-05  -1.7020626e-03
   1.6777576e-02   9.6036912e-02  -3.3570697e-01  -6.3477008e-03  -1.1756586e-04  -1.7862534e-03
   1.9310925e-03   1.0834005e-01  -3.6577715e-01  -6.9492495e-03  -1.3775246e-04  -1.6894051e-03
  -2.5959016e-03   8.4710873e-02  -3.2035815e-01  -6.4606777e-03   1.0158750e-04  -1.7287601e-03
  -1.9727994e-03   1.0190704e-01  -3.3177707e-01  -6.1929905e-03  -9.3987102e-05  -1.8881092e-03
  -5.9188557e-03   1.1201596e-01  -3.2818441e-01  -7.1435555e-03  -3.6521616e-04  -1.9640811e-03
  -9.1440777e-03   8.5531092e-02  -2.8920292e-01  -5.9251272e-03  -1.1686697e-04  -1.9324773e-03
  -1.9116210e-02   9.7556699e-02  -3.0503003e-01  -6.2169345e-03  -3.8579813e-05  -1.9264331e-03
  -1.6623859e-02   8.2722392e-02  -3.0983045e-01  -6.6219501e-03  -7.6976937e-05  -1.9256415e-03
  -2.2298331e-02   1.0616826e-01  -3.2080275e-01  -6.4063915e-03  -1.1893583e-05  -2.0440003e-03
  -1.4427010e-02   1.0139892e-01  -3.3098328e-01  -6.4966727e-03  -2.1258581e-04  -2.0161765e-03
  -1.9008859e-02   9.9678443e-02  -3.5900955e-01  -6.7708479e-03  -1.1406442e-04  -1.9709657e-03
  -7.2371757e-03   9.4232513e-02  -3.5153285e-01  -6.6782782e-03  -1.3642927e-04  -2.0192599e-03
  -7.6039720e-03   1.0994143e-01  -3.7915077e-01  -6.6201791e-03  -6.5534011e-05  -1.9961402e-03
  -2.2313157e-03   1.4296178e-01  -3.7436195e-01  -6.4384384e-03  -2.1412915e-04  -1.8738125e-03
  -1.1185608e-02   1.1785748e-01  -3.3259332e-01  -5.7362652e-03  -1.3773533e-04  -1.8806958e-03
  -2.2487224e-02   1.4417496e-01  -3.6458957e-01  -6.3282450e-03  -5.5093787e-06  -1.6731421e-03
  -7.9742986e-03   1.1523410e-01  -3.9107003e-01  -7.1072663e-03  -1.5236265e-04  -1.9439236e-03
  -6.8566307e-03   1.4355712e-01  -3.6247904e-01  -5.9558927e-03   6.7026074e-05  -1.9173858e-03
   1.0162799e-02   1.4520228e-01  -3.4599627e-01  -5.3465483e-03   6.2807243e-05  -1.6791035e-03
   1.3274900e-02   1.2052940e-01  -3.1664606e-01  -6.5964459e-03   1.5127289e-05  -1.5775401e-03
   2.8764288e-02   1.2927485e-01  -3.4737322e-01  -6.4559334e-03  -2.0117580e-04  -1.6665266e-03
   1.7518991e-02   1.3523845e-01  -3.4286383e-01  -6.4732293e-03  -2.6705385e-04  -1.4919670e-03
   6.6697752e-03   1.1969465e-01  -2.9768878e-01  -5.4850508e-03  -1.2815315e-04  -1.5326344e-03
   1.2933514e-02   1.3504965e-01  -3.5710875e-01  -6.7527931e-03  -4.1744584e-04  -1.5491769e-03
   1.3769559e-03   9.9421493e-02  -3.1983775e-01  -6.0109889e-03  -2.3347242e-05  -1.4857316e-03
  -2.9620096e-03   1.3046696e-01  -3.4831419e-01  -6.4906359e-03  -1.8751793e-04  -1.6063639e-03
  -2.5195173e-03   1.1704395e-01  -3.2149553e-01  -6.0335052e-03  -2.1300381e-04  -1.5524773e-03
  -6.8085311e-03   1.3672080e-01  -3.4731814e-01  -6.8720374e-03  -2.1901892e-04  -1.5493906e-03
  -3.5737511e-03   1.1094833e-01  -3.3430303e-01  -6.6081551e-03  -1.1288320e-04  -1.5175279e-03
   9.6807462e-03   1.3289893e-01  -3.6337361e-01  -6.5298166e-03  -1.9902253e-04  -1.6605351e-03
   3.1181087e-03   1.4762353e-01  -3.6393024e-01  -6.5388561e-03  -1.0896115e-04  -1.5843520e-03
  -4.0883639e-03   1.3183953e-01  -3.2916714e-01  -6.1302886e-03   1.5511596e-04  -1.6150146e-03
  -8.7756052e-04   1.5009888e-01  -3.7164496e-01  -6.2654904e-03  -9.6353761e-05  -1.6856436e-03
  -8.0243803e-03   1.3738808e-01  -3.3382410e-01  -6.3455150e-03   1.4082920e-04  -1.6455306e-03
  -1.3322286e-02   1.4224831e-01  -3.6730310e-01  -5.9812404e-03   2.4791288e-04  -1.6624866e-03
   6.3253771e-04   1.5700556e-01  -3.5819162e-01  -6.6739251e-03  -1.2326740e-04  -1.7880464e-03
  -5.2498672e-03   1.4375126e-01  -3.3687514e-01  -5.7730712e-03   7.7195075e-06  -1.5809009e-03
  -1.3743049e-02   1.6582256e-01  -3.4935178e-01  -6.2036335e-03  -1.8171214e-04  -1.6249199e-03
  -1.2113066e-02   1.4003568e-01  -3.3197040e-01  -5.7376643e-03   1.0231302e-04  -1.6218669e-03
  -1.2743189e-02   1.6737339e-01  -3.6800756e-01  -6.6880622e-03  -1.0314756e-04  -1.5224986e-03
  -5.5510430e-03   1.4473486e-01  -3.6836635e-01  -6.0282035e-03   4.0555955e-05  -1.5689128e-03
  -7.0869623e-03   1.8804770e-01  -3.8123803e-01  -6.5454326e-03  -1.4072765e-04  -1.6438478e-03
  -1.3850659e-02   1.4687394e-01  -4.0669054e-01  -5.4728101e-03   1.9897502e-04  -1.3979427e-03
  -5.8254454e-03   1.3088431e-01  -3.2002449e-01  -3.1593066e-03   4.7192913e-04  -1.0726613e-03
  -1.1839221e-02   1.8777002e-01  -3.2211849e-01  -6.3036368e-03  -3.8611909e-04  -1.4702190e-03
  -1.3580884e-02   2.1234415e-01  -3.1431669e-01  -5.5360015e-03   5.4769753e-05  -1.3987416e-03
  -2.0993006e-02   2.0198098e-01  -2.8557255e-01  -5.7924347e-03  -5.2182851e-05  -1.2176885e-03
  -2.1261865e-02   1.9790638e-01  -2.8284088e-01  -6.3683106e-03  -6.5056346e-07  -1.1506985e-03
  -2.1559966e-02   1.7364744e-01  -2.5939397e-01  -5.7502697e-03   1.9752196e-05  -1.1940404e-03
  -3.4834964e-02   1.8533681e-01  -3.2528470e-01  -6.2309934e-03  -1.8085223e-04  -1.4373417e-03
  -3.3846894e-02   2.0388854e-01  -2.4328428e-01  -4.6759166e-03  -6.0575687e-04  -1.6395730e-03
  -3.8356076e-02   2.0778294e-01  -2.8242332e-01  -5.3219576e-03  -5.4322640e-04  -1.5562948e-03
  -4.2001303e-02   1.9550557e-01  -2.4250795e-01  -5.5478569e-03  -5.7385456e-04  -1.7771949e-03
  -5.6554549e-02   2.1456430e-01  -2.8942526e-01  -5.3848260e-03  -4.1573647e-04  -1.8699870e-03
  -5.3725791e-02   2.2344281e-01  -2.4855257e-01  -5.2048576e-03  -3.9118647e-04  -1.9565652e-03
  -6.4129228e-02   2.1161346e-01  -2.6841582e-01  -5.4996730e-03  -6.1746264e-04  -2.0653851e-03
  -5.2926529e-02   1.9389278e-01  -2.7438831e-01  -5.7247670e-03  -6.8531309e-04  -1.9849984e-03
  -4.5037961e-02   2.1260592e-01  -3.1513562e-01  -5.8163792e-03  -3.2406887e-04  -2.0378458e-03
  -3.3985979e-02   2.3019636e-01  -3.3856884e-01  -5.8734004e-03  -7.3374434e-04  -2.0703247e-03
  -4.1422440e-02   2.2250215e-01  -2.9900916e-01  -5.5282445e-03  -5.0619599e-04  -1.9982720e-03
  -4.7652984e-02   2.3456150e-01  -2.6973035e-01  -5.1655586e-03  -4.1191446e-04  -1.9144505e-03
  -4.6309357e-02   2.2566571e-01  -3.0237061e-01  -5.7728684e-03  -4.6199201e-04  -1.9150249e-03
  -4.0124216e-02   2.1791669e-01  -2.7029378e-01  -5.2002016e-03  -3.0138129e-04  -1.9094201e-03
  -3.5186312e-02   2.4482698e-01  -3.1897638e-01  -5.5326071e-03  -5.6351246e-04  -2.0634125e-03
  -4.8319898e-02   2.2004834e-01  -2.5913377e-01  -5.2960750e-03  -3.5028379e-04  -1.8591951e-03
  -3.5349091e-02   2.3665864e-01  -3.1868154e-01  -5.5360853e-03  -4.3481204e-04  -2.0295221e-03
  -3.3385314e-02   2.3791671e-01  -2.7864831e-01  -5.0739930e-03  -5.5671618e-04  -1.8465623e-03
  -3.1497551e-02   2.0161266e-01  -3.2453986e-01  -3.6446608e-03  -2.5638792e-04  -1.7534712e-03
  -2.4762871e-02   2.3296267e-01  -3.7496079e-01  -5.8263205e-03  -6.8345893e-04  -1.8325089e-03
  -1.9527693e-02   2.5420562e-01  -3.0672407e-01  -5.6098096e-03  -4.5663316e-04  -1.9059286e-03
  -2.6314446e-02   2.4838427e-01  -3.0536376e-01  -4.8610617e-03  -4.9054049e-04  -1.8472471e-03
  -2.6601810e-02   2.5961677e-01  -2.8039873e-01  -4.9844494e-03  -5.1263046e-04  -1.7113179e-03
  -2.4745537e-02   2.2931163e-01  -2.2753157e-01  -4.0990110e-03  -2.0716640e-04  -1.6750422e-03
