   0.0000000e+00   0.0000000e+00   0.0000000e+00   0.0000000e+00   0.0000000e+00   0.0000000e+00
   4.6031323e-02  -3.7653246e-02  -2.3485664e-01   1.0824741e-03  -1.3234930e-03   4.4893412e-05
  -1.1598286e-02   1.2670205e-01  -1.0865298e-01  -1.2812955e-03   1.1762008e-03  -6.1976070e-04
   5.7833122e-02   2.4417377e-01  -1.0277299e-01  -3.4793930e-03   1.4791701e-04  -6.9494130e-04
   1.0396988e-01   6.1343493e-02  -9.0567578e-02  -1.9323365e-03  -6.4821098e-04   1.5500649e-03
   3.2353855e-02   7.5632386e-02  -1.6115828e-01  -1.0103730e-03   1.0391152e-03   2.3711168e-03
   4.1155288e-03   4.2443542e-02  -2.7716034e-01   1.5670135e-03  -3.5870247e-04   1.6635802e-03
   2.2447855e-03   2.8078761e-02  -2.3836199e-01   3.4659596e-03   1.1250721e-03   9.7588246e-04
   1.3440898e-02   7.8429709e-03  -3.0377542e-01   3.3963917e-03   3.5479512e-04   5.0011936e-04
  -8.8847694e-03   2.0612330e-02  -2.6493925e-01   3.9606677e-03   1.4368025e-03   2.1427418e-05
  -3.5762988e-02   7.0185290e-02  -3.1687814e-01   2.4069747e-03   1.3853538e-03  -1.6273823e-04
  -1.6675445e-02  -7.0789428e-03  -3.7735912e-01   3.0895045e-03   1.6153400e-03  -5.4023742e-04
  -2.8453246e-03   5.9720981e-02  -3.6787822e-01   3.7095116e-03   1.4530262e-03  -3.6845865e-04
   2.9530005e-02  -2.4159700e-02  -3.0165071e-01   3.2197030e-03   1.8937146e-03  -7.5268893e-04
   7.1731852e-03   9.1806334e-02  -2.6795594e-01   2.8681728e-03   2.2024380e-03  -9.6494119e-04
   1.0052293e-02  -4.0680353e-02  -3.1867428e-01   2.9756063e-03   2.1650736e-03  -1.2913611e-03
  -3.6628813e-03   2.0372969e-02  -2.2842442e-01   2.6851132e-03   2.8165461e-03  -1.3556430e-03
  -1.3343029e-02   1.0621698e-01  -1.2802366e-01   1.0838872e-03   3.4568510e-03  -1.8852371e-04
  -3.0307359e-02  -2.0012255e-02  -1.1519066e-01   2.0177409e-03   3.1496041e-03   7.8640455e-05
  -2.3529288e-02   3.4514536e-02  -1.3613085e-01   1.7141650e-03   2.4965574e-03   6.4250274e-05
  -1.1109711e-02   2.7461636e-02  -8.3367639e-02   1.0958412e-03   2.6972271e-03  -2.1846421e-04
  -1.6743711e-02   4.7834516e-02  -1.0002858e-01   9.9155700e-04   2.3312985e-03  -5.9044616e-04
  -1.3008028e-02   1.4504045e-02   3.9160114e-02  -4.1795559e-04   3.0011484e-03  -6.1737831e-04
  -4.5036539e-02   6.6925469e-02   6.6121057e-02  -7.8240270e-04   2.9375890e-03  -7.0504280e-04
  -6.0561995e-02  -3.6938998e-02   3.1634085e-02  -2.7614326e-04   2.1568547e-03  -8.4207439e-04
  -3.0570164e-02   6.6949058e-02  -9.4878290e-02   1.9827484e-04   1.9298032e-03  -7.6557562e-04
   1.4105318e-03   4.4627276e-02  -1.3830941e-01   8.8931656e-04   2.1624696e-03  -6.3122522e-04
  -7.3730114e-02   1.4505025e-01  -8.3176680e-02  -6.8351243e-04   2.9301385e-03  -8.9754782e-05
   1.8801616e-03   5.0672807e-03  -1.2023723e-01   4.5991417e-04   1.5482100e-03   2.7936565e-05
  -2.1721848e-02   1.2031251e-01  -3.8056309e-02  -2.3681417e-04   2.5135406e-03  -2.0750979e-04
  -2.3185100e-02  -1.6816049e-02  -6.3327461e-02   4.4853747e-04   1.2612670e-03  -4.9075278e-05
  -3.0991375e-02   1.5679032e-02  -4.8288616e-03   9.5783019e-04   2.1154669e-03  -1.5850482e-04
  -2.4046710e-02   1.7823982e-03   2.0280320e-02   2.3042409e-05   1.5669239e-03  -2.9658830e-04
  -4.5072611e-02   6.2143648e-02   1.5946290e-01  -7.4606914e-04   2.6326390e-03   2.4222705e-04
  -3.7849135e-02   3.9372864e-02   1.0518301e-01  -3.9740740e-04   1.8036391e-03  -8.6412140e-05
  -3.7438436e-02  -5.2362585e-02   1.4477312e-01   6.6623075e-05   2.0995283e-03  -6.2648249e-05
  -3.1948743e-02  -1.3124548e-02   3.5438734e-02   1.1799169e-03   1.2333629e-03  -6.4204635e-04
  -2.7428347e-02  -5.5435303e-03   7.0085230e-02   6.7915993e-04   2.5007067e-03  -1.0192166e-03
  -2.8426256e-02  -2.2600877e-02   3.4585368e-02   2.5396163e-03   2.4589635e-03  -6.5288866e-04
   4.6142242e-02  -8.0960290e-02  -4.1141656e-02   2.5862750e-03   2.3132123e-03  -5.6681761e-04
   4.0272953e-03  -5.4441215e-02   6.9106696e-02   3.4094170e-03   2.6061300e-03  -1.1400358e-03
   1.5237847e-02  -2.3155568e-02   1.1629446e-02   2.6457984e-03   2.1704528e-03  -1.1555365e-03
  -4.5517275e-03  -7.0344455e-02   1.0448710e-01   3.5849716e-03   2.2554939e-03  -1.6372018e-03
  -1.8882394e-02  -4.8755066e-02   3.3285079e-02   3.1466146e-03   2.1954184e-03  -1.9032926e-03
  -1.4606872e-02  -1.1306470e-01  -1.3476691e-01   5.3287348e-03   1.1184185e-03  -2.1810519e-03
  -2.7361002e-02  -8.9858256e-02  -1.7970035e-01   5.4709268e-03   1.1293957e-03  -2.6460332e-03
  -4.7654357e-02  -6.5900196e-02  -7.5220835e-02   5.6387864e-03   1.8095971e-03  -2.4518346e-03
  -2.8243427e-02  -8.7404894e-02  -1.3086771e-01   4.8328833e-03   2.5886549e-03  -2.5407137e-03
  -7.2189229e-03  -4.3784332e-02  -1.0905466e-01   5.3049760e-03   1.6917367e-03  -2.4019094e-03
   2.7907735e-03  -1.4448829e-01  -1.6521256e-01   4.4532872e-03   2.8042459e-03  -2.8277350e-03
  -6.7517061e-02   1.0542419e-01   1.7692114e-01   3.0417048e-03   3.7341508e-03  -6.6805987e-04
   3.5945145e-01  -6.1725645e-02  -1.3590874e-01   1.5223874e-03   7.0752377e-03   4.2060478e-03
   3.2565537e-01   4.3264022e-02  -6.0700985e-01  -1.3987708e-02   6.2572702e-03   1.8332204e-03
   2.5557512e-01   1.9962154e-01  -3.2908335e-01  -1.0559948e-02   7.0258816e-03   3.7183991e-03
   2.8035581e-01   1.6226666e-01  -4.0458230e-01  -9.9638138e-03   7.1986689e-03   3.1678167e-03
   2.7611101e-01   1.9162643e-01  -2.9969227e-01  -9.0620153e-03   7.0358953e-03   4.3488757e-03
   2.9944666e-01   1.1390940e-01  -2.6696389e-01  -8.5595210e-03   8.0895824e-03   4.3444378e-03
   3.1335112e-01   1.1655246e-01  -2.3695839e-01  -8.3792350e-03   8.4601594e-03   4.6825516e-03
   3.0560215e-01   6.9385418e-02  -1.4955445e-01  -8.2033977e-03   8.6481179e-03   4.8914736e-03
   2.9358227e-01   1.4984160e-01  -1.2483484e-01  -6.8795389e-03   8.5581762e-03   4.8870091e-03
   3.3983143e-01   3.8074593e-02  -9.7638054e-02  -7.7067185e-03   9.1020280e-03   5.5972960e-03
   3.3441952e-01   9.1009216e-02  -5.1664077e-02  -7.1850597e-03   9.7731548e-03   5.5845751e-03
   3.3319119e-01   6.7783330e-02  -9.3352527e-02  -7.6670839e-03   9.3082076e-03   5.4497573e-03
   3.4548361e-01   9.1849147e-02  -7.7905200e-02  -7.9046745e-03   9.2987056e-03   5.1974784e-03
   3.5379432e-01   1.8728150e-01   4.9413982e-02  -9.1268236e-03   9.1636012e-03   4.6471625e-03
   3.6890128e-01   3.5499921e-02   6.5759494e-02  -8.1105463e-03   8.4388001e-03   4.8277929e-03
   3.7066211e-01   1.1935720e-01   4.8633600e-02  -8.4522282e-03   9.0496183e-03   5.5600180e-03
   3.6937985e-01   1.0105583e-01   6.7397331e-02  -8.6445108e-03   9.1151856e-03   5.6546092e-03
   4.1919872e-01   5.7360198e-02   9.2180501e-02  -8.3708273e-03   9.5155774e-03   6.6244190e-03
   4.0066316e-01   1.4150644e-01   5.9839100e-02  -8.6245150e-03   9.4887107e-03   6.4737984e-03
   4.2167903e-01   2.8656334e-02   1.2077754e-01  -8.8096895e-03   9.6489537e-03   6.4323393e-03
   4.0886898e-01   1.0422278e-01   1.5222294e-01  -8.2486754e-03   9.5273458e-03   6.3645507e-03
   4.8248780e-01  -3.7555626e-03   1.9396746e-01  -8.5276886e-03   1.0613812e-02   7.1566692e-03
   4.2264323e-01   6.4082068e-02   2.1479027e-01  -8.0592917e-03   1.0642736e-02   6.4611534e-03
   5.5202339e-01   1.4934521e-01   2.4999635e-01  -1.0164968e-02   1.1476701e-02   7.8327590e-03
   6.2407310e-01  -2.7386977e-02   4.4058665e-02  -6.2706684e-03   1.0425487e-02   9.7528661e-03
   4.9390836e-01   1.2253313e-01   4.0891042e-02  -6.5171523e-03   8.6904703e-03   7.7565121e-03
   5.4905423e-01   1.0858301e-01  -1.3922996e-01  -8.0772336e-03   8.2386522e-03   8.1939809e-03
   4.7596442e-01   1.9850718e-01  -3.5093515e-02  -8.8695382e-03   7.2673706e-03   8.0959418e-03
   5.1758025e-01   5.6331462e-02  -4.0646001e-02  -5.5952200e-03   7.7546826e-03   8.9642011e-03
   5.2046780e-01   3.5450142e-02  -8.0066281e-02  -3.2850591e-03   8.2695420e-03   7.1421956e-03
   5.1042625e-01   2.4956416e-02   4.3083561e-02  -3.5650987e-03   8.3685993e-03   7.0754718e-03
   4.8424764e-01   4.2813048e-02   3.2278929e-02  -3.7099259e-03   7.8777664e-03   6.8177311e-03
   4.8012659e-01  -2.5286208e-02   6.9810136e-02  -3.7324028e-03   8.2851984e-03   6.1366283e-03
   4.3275310e-01   3.2815244e-02   6.7211116e-02  -3.1074256e-03   8.5235787e-03   6.2131194e-03
   4.4515188e-01  -2.4853752e-02  -8.0309565e-03  -3.0031261e-03   8.3981287e-03   6.1306035e-03
   4.4866107e-01  -5.3875311e-02  -7.4786486e-02  -1.5182951e-03   9.9042206e-03   5.5968313e-03
   4.7521338e-01  -1.4435098e-02  -6.8097549e-02  -2.8174306e-04   9.1273195e-03   5.7436484e-03
   4.9290604e-01  -3.2750527e-02  -8.4105074e-02  -2.4311700e-04   9.6436228e-03   6.0548402e-03
   3.9503056e-01   9.0210388e-02   1.9556548e-03  -7.1164678e-04   1.0120313e-02   6.4016329e-03
   4.7261720e-01  -1.1167892e-01   3.9740052e-02   2.1016578e-04   9.4287640e-03   6.5031432e-03
   4.7890650e-01  -4.0244850e-03   5.0272512e-02   3.7393209e-04   9.7920236e-03   6.6730134e-03
   4.7390573e-01  -6.0419581e-02   4.0356605e-02  -4.5510341e-05   9.1667158e-03   6.1084513e-03
   4.6453669e-01  -9.6913513e-03   1.4599963e-01   1.4799062e-05   9.5115821e-03   5.8418207e-03
   4.4650143e-01   1.8279192e-03   9.6684681e-02  -9.4853779e-04   8.7453785e-03   5.6102019e-03
   4.6230149e-01  -9.4478521e-02   1.5085412e-01  -5.7262942e-04   9.1556548e-03   5.5006493e-03
   4.4019639e-01  -1.9140936e-02   1.0732267e-01  -3.8122071e-04   8.2658476e-03   4.9725554e-03
   4.5643716e-01  -5.9739657e-02   1.3217347e-01  -6.0416204e-04   8.7561201e-03   5.1693647e-03
   4.4374366e-01  -3.3182483e-02   1.4439263e-01  -7.5508057e-04   8.7354801e-03   4.8316328e-03
   3.8495654e-01   9.6854759e-02   1.5649153e-01  -2.2719740e-03   1.0880940e-02   5.2502057e-03
   4.4680858e-01   8.8620682e-03   8.1622870e-02   1.1190832e-03   1.0168400e-02   7.0031058e-03
   4.5723504e-01  -1.7180042e-01  -1.3756214e-01   1.0309784e-03   7.7147381e-03   8.0040167e-03
   4.8572971e-01  -5.6072841e-02  -1.3955357e-01   2.4746026e-03   8.8445357e-03   8.7298306e-03
   4.8093929e-01   2.3225240e-02  -7.4658399e-02   1.4603725e-03   8.9114699e-03   8.6555287e-03
   4.7030940e-01  -4.4377647e-02  -5.6308733e-03   1.3818528e-03   8.8666314e-03   8.0018585e-03
   4.2857665e-01  -3.4585943e-02  -4.3682686e-02   9.8297613e-04   9.4308659e-03   7.5166113e-03
   4.4324895e-01  -1.0227247e-01  -1.0779021e-02   1.4166332e-03   9.1067523e-03   6.7362447e-03
   4.6035381e-01  -2.1992140e-02  -1.1088477e-02   9.2677056e-04   8.7146071e-03   6.4595702e-03
   4.1732963e-01  -4.6162315e-02   5.1193907e-02   7.5170722e-04   8.6731752e-03   6.3472461e-03
   3.9766421e-01  -4.2906447e-02   6.6035662e-02   1.8661540e-04   7.8388235e-03   5.6131164e-03
   3.9105653e-01  -2.2385358e-02   7.6822528e-02   1.2162852e-03   7.6813693e-03   5.3360260e-03
   4.1132515e-01  -3.9550274e-02  -7.7659260e-03   6.8168659e-04   6.7585421e-03   4.5006804e-03
   4.1751459e-01  -5.5280556e-02   4.5411849e-02   1.0576413e-03   7.3477682e-03   3.9274143e-03
   4.2699878e-01  -1.8555824e-03  -2.2697485e-02   9.2396261e-04   7.3990315e-03   3.3778801e-03
   4.3910959e-01  -7.6991865e-02   9.1868958e-02   7.2846279e-04   7.8456303e-03   4.2153736e-03
   4.5723893e-01  -7.2479181e-03   1.0465000e-01   4.1303717e-04   8.1881688e-03   4.6681606e-03
   4.1735605e-01   1.5493746e-02   6.7008681e-02  -3.4077723e-04   8.3630548e-03   4.2114257e-03
   4.3793830e-01  -4.6128349e-02   7.7769232e-02   2.3627127e-05   7.8926630e-03   4.1833120e-03
   4.6898265e-01  -2.1194385e-02   2.3624241e-02   8.5612174e-04   7.6742137e-03   4.1042136e-03
   4.8972537e-01  -4.6548003e-02   3.0750617e-02   2.1605305e-04   8.3079552e-03   4.8264533e-03
   4.1319534e-01   7.8978954e-02   4.9199146e-02   1.2109409e-04   8.9975387e-03   5.1038849e-03
   4.6489828e-01  -5.8724009e-02  -1.6003906e-01   1.6743736e-03   7.6586421e-03   4.8272400e-03
   4.5376966e-01   6.2769719e-02  -1.2580928e-01   2.8670966e-03   9.1533046e-03   5.0564691e-03
   4.7310490e-01  -5.6640432e-02  -2.4435203e-01   2.1392098e-03   6.8894406e-03   3.5892695e-03
   4.0110372e-01   8.5763939e-02  -2.0088680e-01  -2.9363995e-04   8.3313244e-03   4.8070892e-03
   3.3873693e-01   7.7097117e-02  -7.9121639e-02   1.3832316e-03   8.1156127e-03   5.7307607e-03
   3.8738757e-01  -2.0175113e-01  -4.2698140e-01   8.1412682e-03   5.6704870e-03   6.8490515e-03
   4.9881407e-01   3.0131699e-02  -9.6999373e-02   6.5183036e-03   7.3308959e-03   7.3415256e-03
   6.1268334e-01   1.3968215e-01  -5.1448661e-02  -2.8129414e-03   8.3945187e-03   6.6400885e-03
