   0.0000000e+00   0.0000000e+00   0.0000000e+00   0.0000000e+00   0.0000000e+00   0.0000000e+00
   2.7566439e-03   4.7145528e-02   3.0940253e-02  -3.2174735e-04  -2.5478863e-04  -1.7140576e-04
   6.2097963e-04  -6.0799346e-03   1.0636412e-01   1.7891070e-04  -1.7788455e-04  -1.1700351e-04
   1.7878849e-03   2.1736765e-03   6.2023539e-02  -5.5673516e-04  -2.7215160e-04  -2.9273563e-05
   3.0551932e-03  -1.9528412e-02   7.8404267e-02  -4.6197317e-04  -2.1111685e-04  -1.4936002e-04
   5.8660291e-03   3.3372234e-03   7.0662780e-02  -6.0662457e-04  -2.9303662e-04  -2.0666670e-04
  -5.0673110e-03   9.4011358e-03   6.7915981e-02  -7.2138562e-04  -1.9262521e-04   2.3671698e-05
  -9.9203868e-03   6.4290778e-03   5.9064842e-02  -6.3335303e-04  -2.4903541e-05   1.8290447e-04
  -4.5357038e-03   1.0551569e-02   5.6035574e-02  -4.3270042e-04   3.6165361e-05   2.8678741e-05
  -8.1417854e-03   3.1161152e-02   2.4885669e-02  -9.3396285e-04   2.5244618e-04  -3.8070992e-06
  -1.7515832e-03   4.6016796e-02   2.9021651e-02  -1.1355399e-03   1.3846498e-04   5.9548999e-05
  -6.3840190e-03   7.7410413e-02   1.5937856e-02  -1.2994346e-03   2.0091766e-04   1.4446639e-04
  -1.1986509e-02   2.5884177e-02   5.9446976e-02  -9.3718981e-04   3.1586960e-04   8.9688452e-05
  -9.2246542e-03   6.0356186e-02   3.4204963e-02  -1.3429939e-03   2.4938281e-04   5.3848443e-05
  -2.1833040e-02   3.9974019e-02   5.7544662e-02  -1.4213828e-03   1.8538284e-04   3.6729133e-04
  -1.5246536e-02   6.2492427e-02   2.8468195e-02  -1.6528905e-03   4.1121659e-04   9.6413860e-05
  -1.7223455e-02   2.7601505e-02   4.8235070e-02  -1.6554060e-03   2.9518474e-04   2.3764711e-04
  -6.8288029e-03   1.0154794e-01   3.5342142e-03  -1.6956539e-03   6.9364854e-04  -7.9026351e-05
  -1.0316192e-02   1.3044326e-01  -9.4989871e-03  -1.7406657e-03   8.2891675e-04   3.0012692e-06
  -2.9955909e-02   5.9512329e-02   2.2396486e-02  -2.1125639e-03   4.8514646e-04   5.8054851e-04
  -2.6660454e-02   6.4583306e-02   4.3684601e-02  -1.4308710e-03   9.6290808e-04   3.6069067e-04
  -2.6025309e-02   5.1063746e-02   2.6829308e-02  -2.1780925e-03   5.8992100e-04   5.8643818e-04
  -2.3148920e-02   3.9624884e-02   5.8302066e-02  -1.4160875e-03   9.4880832e-04   3.6189392e-04
  -2.6845172e-02   7.2327237e-02   2.3382590e-02  -2.2345122e-03   6.8711701e-04   5.4776328e-04
  -1.5900392e-02   6.2290344e-02   5.3094672e-02  -1.6223710e-03   7.4534873e-04   4.5120232e-04
  -3.1646302e-02   1.8748458e-02   6.3492538e-02  -1.4814250e-03  -1.4678555e-04   1.5207579e-03
  -2.5383530e-02   2.6043470e-02   9.2798796e-02  -1.3172161e-03  -6.0812649e-04   1.5363748e-03
  -7.7318367e-03   4.4190318e-02   6.9246239e-02  -2.3187578e-03   3.5509132e-04   3.4915672e-04
  -7.7579141e-03   1.6210705e-01   1.0094446e-01  -2.7037722e-03  -1.3476265e-04   3.8299067e-04
  -1.0797598e-02   5.4316670e-02  -9.9254866e-03  -3.8108303e-03  -3.1508887e-04   5.9625565e-04
  -4.2044083e-02   3.8475298e-02   1.3935634e-01  -1.2592977e-03  -2.8876400e-04   1.4145299e-03
  -5.9770534e-02  -1.9758751e-01   2.3942585e-01   6.6211738e-03   6.9690272e-04   1.9127250e-03
  -5.7324685e-02   7.2940542e-02  -4.3417701e-02  -3.4954049e-05   1.4310100e-03   1.0487242e-03
  -5.4750450e-02   3.7284126e-02   9.3030795e-02   9.4992446e-04   1.3890958e-03   9.5679556e-04
  -5.6907123e-02   2.1661893e-02   5.0975030e-02   2.8170079e-05   1.5167157e-03   9.4932347e-04
  -6.7649694e-02   2.6473765e-02   4.6776607e-02  -4.3304305e-04   1.5103657e-03   1.2866658e-03
  -6.6246476e-02   4.4390845e-02   7.9888066e-03  -9.7168771e-04   1.5651891e-03   1.1560869e-03
  -7.4973814e-02   4.5415736e-02   2.0899195e-02  -1.0438957e-03   1.7481273e-03   1.2446797e-03
  -6.9970773e-02   5.7844216e-02   5.6568110e-03  -1.6331352e-03   1.4210827e-03   1.2911124e-03
  -5.8969653e-02   7.8648170e-02  -2.4161924e-05  -1.6290474e-03   1.1811440e-03   1.2138993e-03
  -4.6087864e-02   1.1335574e-01  -3.9102567e-02  -2.1868708e-03   1.1586250e-03   9.5903272e-04
  -4.7357104e-02   1.0079660e-01  -2.7836872e-03  -1.6518533e-03   1.0844610e-03   9.8662461e-04
  -4.9610418e-02   1.0483818e-01  -3.8032362e-02  -2.3579770e-03   1.3356401e-03   8.3935586e-04
  -4.7737705e-02   1.1263644e-01  -1.5527942e-02  -2.2221286e-03   1.0566818e-03   8.9129391e-04
  -5.2099740e-02   1.0440693e-01  -1.4487353e-02  -2.5811203e-03   8.8399625e-04   8.5012591e-04
  -5.6458255e-02   1.2445235e-01  -8.9443669e-03  -2.4578695e-03   8.7924522e-04   1.0265332e-03
  -4.4844417e-02   1.0061127e-01  -1.1479817e-02  -2.6432706e-03   3.9082185e-04   1.0432155e-03
  -3.8857937e-02   1.1172969e-01  -1.6420497e-02  -2.6536383e-03   5.8871082e-04   8.8054076e-04
  -5.1434696e-02   1.1107684e-01  -2.7932630e-02  -2.9916530e-03   3.7779994e-04   1.1636745e-03
  -4.5690741e-02   1.2651440e-01  -1.8729628e-02  -2.6999207e-03   5.6045143e-04   1.1781893e-03
  -2.5011576e-02   1.6560595e-01  -2.4124358e-02  -2.7737347e-03   1.9748657e-04   1.1317667e-03
  -3.3602890e-02   9.3301535e-02   6.3545046e-02  -2.0181961e-03  -2.7864925e-04   1.5073439e-03
  -3.5910339e-02   8.6045338e-02   5.5408640e-02  -1.8476963e-03   1.5713927e-04   1.2845103e-03
  -3.8228470e-02   8.3510737e-02   4.7851511e-02  -2.0911056e-03   1.6569546e-04   1.2934871e-03
  -4.2227163e-02   1.1114053e-01   3.6957595e-02  -1.9455698e-03  -3.0434989e-05   1.5848124e-03
  -5.2536026e-02   8.8284745e-02   6.2576391e-02  -1.4540154e-03   2.2956700e-04   1.8612514e-03
  -4.7498443e-02   6.5415674e-02   6.0047457e-02  -1.1229604e-03   3.9713387e-04   1.6770175e-03
  -5.2617736e-02   1.0200058e-01   4.7545602e-02  -1.6520810e-03   5.5694971e-04   1.6528044e-03
  -5.4573000e-02   7.0405455e-02   6.3129410e-02  -1.4805315e-03   6.8978739e-04   1.7234938e-03
  -6.4726558e-02   8.8193820e-02   7.3020825e-02  -1.4484902e-03   6.6133519e-04   2.0276063e-03
  -6.0924142e-02   7.2770019e-02   7.4848765e-02  -1.2745598e-03   9.2570915e-04   1.7928101e-03
  -6.9956329e-02   9.3003068e-02   8.0018271e-02  -1.5556421e-03   9.3490681e-04   2.0409206e-03
  -7.3303021e-02   6.1928128e-02   8.4137845e-02  -1.2074831e-03   8.9816617e-04   2.1187569e-03
  -7.4212033e-02   8.1465599e-02   5.3923724e-02  -1.8185442e-03   1.0941340e-03   2.3403402e-03
  -7.6021688e-02   5.7454732e-02   8.0101045e-02  -1.0873493e-03   1.0978899e-03   2.4917573e-03
  -6.3764347e-02   1.0920356e-01   6.7270099e-02  -1.0913535e-03   1.1464126e-03   2.2694173e-03
  -7.0534218e-02   9.1864562e-02   5.1816077e-02  -1.8176838e-03   1.1405562e-03   2.4808543e-03
  -7.4948590e-02   8.9693026e-02   6.6848345e-02  -1.6620450e-03   1.4982609e-03   2.4523547e-03
  -7.3451535e-02   7.1535963e-02   6.8556689e-02  -1.9922603e-03   1.3044436e-03   2.4665810e-03
  -8.2250481e-02   9.2633289e-02   7.5363589e-02  -1.7414831e-03   1.1110295e-03   2.7832804e-03
  -7.7173111e-02   9.0415573e-02   5.6916671e-02  -1.9193649e-03   1.1874030e-03   2.4717868e-03
  -9.0961169e-02   1.2834910e-01   5.9115801e-02  -2.1195521e-03   1.2439905e-03   2.7849825e-03
  -8.1601397e-02   1.0517131e-01   3.9547720e-02  -2.3469047e-03   1.2546928e-03   2.6376205e-03
  -9.5537340e-02   9.6904738e-02   6.0671970e-02  -1.8854012e-03   1.4285597e-03   2.9769829e-03
  -8.7320284e-02   5.4243902e-02   9.4873960e-02  -8.8776545e-04   1.0935186e-03   3.2086259e-03
  -7.1434662e-02   4.8981817e-02   7.6988119e-02  -1.9171499e-03   9.4423902e-04   2.8855991e-03
  -7.2474649e-02   5.7420175e-02   4.3313831e-02  -1.4450637e-03   8.1302464e-04   2.8095489e-03
  -8.0879633e-02   1.0215966e-01   5.7616240e-02  -2.0794755e-03   8.5985459e-04   2.8242882e-03
  -6.8458414e-02  -4.6308598e-02   6.0424215e-02   1.2946809e-03   5.5335046e-04   2.9621903e-03
  -5.0341247e-02   4.8392180e-03   9.5609714e-02   2.1988485e-03   6.7591199e-04   2.7329518e-03
  -7.4891134e-02   1.1967321e-03   1.3958877e-01   1.1953328e-03   1.2387918e-03   2.5989455e-03
  -9.1160464e-02  -5.5525803e-03   1.0103135e-01   1.0362251e-03   1.3997961e-03   2.8732463e-03
  -9.6911347e-02   3.6927234e-02   5.5456684e-02  -5.9941538e-05   1.6905473e-03   2.8977491e-03
  -8.7520144e-02   2.2160376e-02   4.2994365e-02   1.3050698e-04   1.3206114e-03   2.9144224e-03
  -9.2987539e-02   4.5775604e-02   5.0260096e-02  -3.0333171e-04   1.3812986e-03   2.9168311e-03
  -8.1611049e-02   5.2274789e-02   5.4100797e-02   1.0176016e-04   1.2922521e-03   2.6992052e-03
  -9.3113992e-02   1.0964759e-01   1.8757254e-02  -1.0363648e-03   1.3533513e-03   2.9284541e-03
  -8.9679078e-02   7.1424290e-02   5.1594842e-02  -4.0862212e-04   1.4940848e-03   2.8558090e-03
  -9.9018302e-02   5.6205895e-02   7.9117914e-02  -1.6042713e-04   1.6406622e-03   2.9217610e-03
  -9.0301822e-02   4.2650006e-02   6.8776201e-02  -5.2642957e-04   1.3379309e-03   2.9256231e-03
  -9.5140397e-02   6.1349212e-02   7.4154079e-02  -4.8472449e-04   1.4712091e-03   2.8086995e-03
  -9.8636554e-02   5.7657991e-02   6.2242858e-02  -8.1517630e-04   1.5723462e-03   2.7914623e-03
  -1.0376259e-01   5.4797102e-02   7.7376424e-02  -6.7585412e-04   1.5229765e-03   2.9362681e-03
  -9.4049337e-02   7.2059930e-02   7.5193101e-02  -4.5749212e-04   1.6563693e-03   2.6863682e-03
  -1.0100629e-01   1.0136669e-01   3.0554780e-02  -1.2242584e-03   1.5737684e-03   2.9274258e-03
  -9.8315012e-02   6.3843830e-02   5.5734588e-02  -6.5854104e-04   1.8112132e-03   2.7338449e-03
  -1.0376550e-01   6.3706531e-02   5.9429770e-02  -5.4507275e-04   1.8069352e-03   2.8196186e-03
  -9.2595889e-02   7.2532090e-02   3.7015268e-02  -7.1568613e-04   1.7687428e-03   2.6532336e-03
  -1.0998850e-01   5.9768580e-02   4.6474752e-02  -8.4500084e-04   1.8531034e-03   3.1243466e-03
  -1.0666021e-01   1.4153654e-02   1.0409261e-01  -2.3455832e-05   1.6201536e-03   3.3269781e-03
  -8.4471074e-02   3.7225761e-02   8.2531933e-02  -7.9025014e-04   1.6169424e-03   2.6531323e-03
  -9.4140232e-02   2.7174634e-02   8.3112965e-02  -9.3921509e-04   1.4387256e-03   3.0195841e-03
  -8.9823113e-02   6.6313776e-02   9.6151597e-02  -6.8841459e-04   1.6288362e-03   2.7111731e-03
  -9.8539148e-02   5.3379603e-02   1.1259060e-01  -8.0630086e-04   1.6925996e-03   2.8194474e-03
  -1.0331338e-01   6.4013753e-02   1.1368623e-01  -6.0344165e-04   1.8778440e-03   2.7972909e-03
  -1.0901885e-01   3.1586976e-02   1.1469032e-01  -3.2457063e-04   1.9733208e-03   2.9691767e-03
  -1.0951688e-01   6.2672776e-02   1.0015544e-01  -5.0382001e-04   1.9519753e-03   3.0448625e-03
  -9.6887160e-02   6.7347392e-02   1.0104533e-01  -4.8061661e-04   1.9997704e-03   2.8526353e-03
  -1.0865748e-01   3.8478882e-02   1.3226136e-01   2.3068138e-05   2.3021918e-03   2.8598596e-03
  -1.1719267e-01   5.6273629e-02   1.0847366e-01  -2.6630826e-04   2.2403223e-03   3.0526104e-03
  -1.2566746e-01   5.5380768e-02   1.1903126e-01  -4.1995862e-04   2.3011519e-03   3.0706894e-03
  -1.2271120e-01   9.3603866e-02   1.0655520e-01  -6.7531935e-04   2.3627123e-03   3.0310755e-03
  -1.3384012e-01   4.8529126e-02   1.4218798e-01  -2.8438248e-04   2.4493382e-03   3.1364746e-03
  -1.2592536e-01   5.1618170e-02   1.2537626e-01  -1.8099286e-04   2.6259452e-03   2.9315241e-03
  -1.2352481e-01   5.9237222e-02   1.4462089e-01  -2.3132511e-05   2.5219322e-03   2.8714160e-03
  -1.3017545e-01   1.8977826e-02   1.5419173e-01  -1.9778411e-04   2.5879784e-03   3.0463457e-03
  -1.2989496e-01   3.5742151e-02   1.6167947e-01   4.0201602e-05   2.5491936e-03   3.1848187e-03
  -1.2950737e-01   3.2011763e-02   1.5043606e-01   2.0204052e-05   2.8927143e-03   3.1092064e-03
  -1.4159476e-01   3.8251597e-02   1.5919938e-01   1.1351131e-05   2.8293721e-03   3.3813387e-03
  -1.4929692e-01   7.5831904e-02   1.2040796e-01  -5.5904612e-04   2.8507870e-03   3.3097888e-03
  -1.4445175e-01  -8.2658274e-03   2.3799804e-01   1.6046941e-03   2.6871248e-03   3.1724939e-03
  -1.2757877e-01  -9.8962330e-02   1.9651534e-01   4.1923149e-03   2.1817465e-03   3.5800216e-03
  -1.2290429e-01   5.5168419e-02   9.0209875e-02   1.7300856e-03   2.5388422e-03   3.2885359e-03
  -1.1883133e-01  -4.0773226e-02   2.1048690e-01   3.1639275e-03   2.3358902e-03   3.3660989e-03
  -1.2150318e-01  -6.0960202e-03   1.2616239e-01   1.0115843e-03   2.0846021e-03   3.4632267e-03
  -1.2295114e-01   5.1207147e-03   1.5736289e-01   1.2559477e-03   1.9124064e-03   3.4852944e-03
  -1.1566020e-01   1.3701707e-02   1.3881700e-01   9.1861775e-04   1.8971034e-03   3.4289077e-03
  -1.2613762e-01  -2.0694044e-02   1.8629403e-01   1.5690791e-03   1.9630522e-03   3.5958983e-03
  -1.2403099e-01   2.5925807e-02   1.7614214e-01   1.0745282e-03   2.1933399e-03   3.6976465e-03
