   0.0000000e+00  -7.1054274e-15  -7.1054274e-15   1.3877788e-17  -4.3368087e-19   4.3368087e-19
   4.7651456e-03  -3.1139701e-02   8.1126313e-03  -1.5902489e-03   2.9430484e-05   3.0017796e-05
   7.2537620e-03   4.9414181e-03   7.9379001e-02  -2.2831301e-03   7.7182255e-04  -1.6604365e-04
   3.5282356e-03  -3.1244351e-02   4.7486751e-02  -2.7470597e-03   1.0047764e-03  -1.3190519e-04
   2.6349875e-03  -1.7387454e-02   5.3259913e-02  -2.9312707e-03   9.3272293e-04  -2.9520950e-04
   6.0561061e-04  -1.1171699e-02   5.1812255e-02  -2.6695911e-03   8.4023864e-04  -1.1801403e-04
  -8.5638581e-03  -4.7076222e-02   3.2879432e-02  -2.5588706e-03   7.2298860e-04   6.1747455e-05
  -1.0269594e-02  -3.2908554e-02   6.8927076e-02  -3.0929644e-03   3.3738118e-04  -9.7007190e-05
  -8.0956572e-03  -7.0311851e-02   3.1877777e-02  -1.5781204e-04   3.9749441e-04   2.6482722e-04
   9.1760355e-03  -4.5599037e-02  -1.6531146e-02  -1.4909555e-03   6.0474927e-04  -4.3529960e-04
   1.1634978e-02   2.5231054e-02   4.9744967e-02  -3.1092141e-03   1.1046455e-06  -1.3304197e-03
   1.1295262e-02   2.1163024e-02   1.3361997e-02  -2.4749668e-03   6.1696626e-04  -1.4283097e-03
  -2.2735821e-03  -7.1931329e-03   4.1661536e-02  -2.8592324e-03   2.6996224e-04  -7.0099077e-04
   2.5294083e-02   4.5603557e-02   2.7540190e-02  -1.8435869e-03   8.2709199e-04  -8.6439434e-04
   1.6598670e-02  -1.0019768e-02   1.8675357e-02  -1.4716669e-03   1.0737943e-03  -1.1569370e-04
  -1.2673629e-02   2.7740529e-02   3.6462264e-02  -2.8464038e-03   9.4170008e-04  -3.6457812e-04
  -9.5177363e-03  -2.9035410e-02   6.3610594e-02  -1.1684982e-03   1.0806834e-03  -3.7738858e-04
   1.5002533e-02  -8.5305936e-02  -8.5444526e-02  -5.1070926e-03   1.2638277e-03  -5.5130328e-04
  -6.1787726e-03  -1.2559585e-02  -7.5280102e-02  -5.0864734e-03   1.2937839e-03  -6.0233927e-04
  -1.1528622e-02  -1.1687812e-02  -5.2642215e-02  -4.9908558e-03   1.5015201e-03  -8.2827595e-04
  -1.5129965e-03   2.2254042e-02  -1.9878729e-02  -4.6147313e-03   1.2687226e-03  -8.4518136e-04
  -1.4325176e-02  -3.3037885e-02  -9.3473423e-02  -5.4765299e-03   1.7740522e-03  -9.0477160e-04
  -3.0494016e-02  -2.9371490e-02  -4.0697076e-02  -4.5445350e-03   2.0499635e-03  -1.0404903e-03
  -1.4691794e-02   3.3743919e-02  -6.0724269e-02  -5.0675082e-03   1.9708781e-03  -8.1607638e-04
  -8.3492094e-03  -4.1281561e-03  -2.5542953e-02  -4.4647566e-03   1.5705690e-03  -8.6326738e-04
  -9.5168465e-03   1.5184151e-02  -1.9664132e-02  -4.4199700e-03   2.0130101e-03  -1.0176820e-03
  -3.1692677e-02   1.9902397e-02  -1.1849202e-01  -4.7297865e-03   3.0329683e-03  -1.2477534e-03
  -3.2015002e-02   7.8412712e-03  -8.7911463e-02  -5.1610574e-03   2.6973165e-03  -1.0435381e-03
  -3.3475875e-02  -1.2286694e-02  -7.8453284e-02  -4.6568678e-03   2.4827225e-03  -5.1422613e-04
  -4.1649585e-03  -4.8980881e-02  -7.0643549e-02  -1.7164084e-03   2.5574942e-03   2.4222643e-04
  -2.4970314e-02   1.0796325e-03  -6.9867965e-02  -4.8610476e-03   4.1053868e-03  -3.8867996e-04
  -1.7872104e-02  -1.6433878e-02  -2.5749982e-02  -4.6935850e-03   3.5266634e-03  -1.2680472e-04
  -2.4701954e-02  -6.0525574e-04  -4.3315606e-02  -5.0024012e-03   3.8590294e-03  -5.6178611e-04
  -2.5310369e-02   9.9587528e-03  -2.1435374e-02  -4.6292322e-03   3.6434606e-03  -4.2141724e-04
  -2.2008800e-02  -1.8136168e-03  -6.0001245e-02  -5.1563900e-03   3.9247735e-03  -5.4838216e-04
  -3.0376758e-02  -1.3186446e-02  -2.6015156e-02  -4.6546694e-03   3.6573180e-03  -5.6139379e-04
  -3.7483425e-02   3.8134060e-03  -7.2612013e-03  -4.6238520e-03   3.7163511e-03  -1.1224379e-03
  -3.5747581e-02   3.6953685e-03  -7.7308271e-03  -4.2212486e-03   3.5738286e-03  -1.0204798e-03
  -4.8870161e-02   6.2737329e-03  -2.6774931e-02  -4.3026095e-03   3.8261164e-03  -9.4511916e-04
  -4.8219625e-02  -2.1994959e-02  -2.6191548e-02  -4.5580073e-03   3.9426644e-03  -9.2306715e-04
  -4.6567934e-02  -1.1627395e-02   8.7225103e-03  -4.8061269e-03   3.8406893e-03  -9.2916469e-04
  -3.6941037e-02  -3.7133052e-03  -5.4474598e-03  -4.4813262e-03   3.7046150e-03  -1.0170954e-03
  -3.4643842e-02  -1.0998490e-02  -3.3128755e-02  -4.7762318e-03   3.7287223e-03  -1.1212120e-03
  -4.8738235e-02  -2.6106688e-02  -1.5767487e-02  -4.6345005e-03   3.9357855e-03  -1.0686571e-03
  -5.6401855e-02  -8.7279303e-04   3.6260274e-03  -4.8727905e-03   4.0289424e-03  -1.3064285e-03
  -6.1042927e-02   1.0373883e-02  -4.1546833e-02  -4.5154552e-03   4.1117275e-03  -1.1135729e-03
  -6.5876149e-02   1.4081894e-02  -1.5788654e-02  -5.1355112e-03   3.9865893e-03  -1.1112804e-03
  -6.0447734e-02  -7.3443901e-02  -1.7508807e-01  -1.8660281e-03   4.3565353e-03   4.2965962e-05
  -5.8515921e-02  -1.3842583e-02  -1.6415361e-01  -8.8088277e-04   4.5270689e-03  -2.9173225e-04
  -6.6465823e-02   4.1564666e-02  -1.2163929e-02  -2.9391147e-03   4.4729261e-03  -6.4809028e-04
  -6.2595460e-02   4.1812714e-02  -2.6314095e-02  -2.0304086e-04   4.2696679e-03  -1.0359304e-04
  -4.7960679e-02  -4.2036728e-02  -1.2069870e-01   1.0095333e-03   4.5423661e-03  -6.3044158e-04
  -8.3971431e-02   5.0512851e-02  -2.3709151e-01  -2.2076850e-03   5.5653166e-03  -7.3512236e-04
  -8.4173276e-02   3.7304347e-02  -1.0264102e-01  -2.3164475e-03   4.9397456e-03  -4.0242196e-04
  -7.8885053e-02   4.9527257e-02  -1.4936817e-01  -2.3747791e-03   5.3889097e-03  -6.6303855e-04
  -8.4739456e-02   2.9088709e-02  -6.4180346e-02  -2.5640769e-03   5.1160280e-03  -3.7253102e-04
  -9.7058482e-02  -7.3262882e-02  -3.2213543e-01  -4.8285755e-04   5.9439220e-03  -4.9868283e-04
  -9.7142984e-02   4.1345804e-02  -2.2437332e-01   1.8124416e-03   6.4123814e-03  -1.4568033e-03
  -8.6335357e-02   8.0607483e-02  -1.4359831e-01  -5.3730131e-04   5.9343141e-03  -1.2249234e-03
  -8.4790631e-02   3.4366622e-02   5.1430110e-02   4.7640174e-03   5.0812565e-03   1.3751450e-03
  -7.8128390e-02   4.3387293e-02   1.1402618e-01   3.7742439e-03   4.4795512e-03   3.9531073e-04
  -6.9282738e-02   6.5322152e-02   3.3766179e-02   1.7550003e-03   4.5852058e-03   1.6099803e-04
  -7.6560179e-02   5.1362433e-02   3.2091067e-02   1.3760223e-03   4.6247547e-03   1.4741232e-04
  -7.5792087e-02   3.0528171e-02   4.3382879e-02   1.0155798e-03   4.5355031e-03   1.8649538e-04
  -8.0475341e-02   3.7613784e-02   1.5241533e-01   1.0783265e-03   4.3936039e-03  -1.4403997e-04
  -7.6183804e-02   6.1753335e-02   1.4385949e-01   7.9965996e-04   4.6231883e-03  -1.7899495e-04
  -7.6949775e-02   1.3648270e-02   1.4576004e-01   8.0923141e-04   4.4218184e-03   1.2374223e-05
  -6.8675927e-02   3.0897151e-02   1.2278029e-01   5.6613861e-04   4.6552280e-03  -1.5242034e-04
  -7.0391327e-02   5.1299588e-02   1.2391082e-01   9.2848490e-04   4.8178502e-03  -3.5346800e-04
  -8.2780288e-02   3.9671618e-02   8.4392543e-02   7.8216482e-04   4.9424713e-03  -5.0534316e-04
  -8.5659551e-02   3.6430576e-02   1.1220021e-01   1.0390498e-03   4.9652646e-03  -6.6654049e-04
  -8.5567933e-02   5.5674232e-02   1.2151380e-01   1.0355820e-03   4.7744066e-03  -6.9700350e-04
  -9.0703121e-02   4.7206691e-02   9.8432007e-02   1.0475720e-03   4.7193265e-03  -6.6096586e-04
  -8.5730749e-02   5.9480082e-02   9.6317852e-02   1.2460202e-03   4.4911340e-03  -9.1396291e-04
  -9.1689915e-02   3.6844322e-02   9.4347400e-02   3.4821371e-04   4.6917642e-03  -8.4861403e-04
  -9.6817211e-02   5.7268857e-02   9.5733993e-02   5.7621988e-04   4.9008227e-03  -9.9461442e-04
  -9.9559930e-02   7.0561715e-02   6.5118136e-02   7.9163659e-04   4.9510808e-03  -1.0395715e-03
  -1.0825460e-01   6.2175584e-02   5.8977505e-02   6.6302574e-04   5.1059920e-03  -1.0096105e-03
  -1.1268072e-01   5.8924721e-02   9.3565052e-02   8.9486813e-04   4.8856297e-03  -9.8189237e-04
  -1.1353213e-01   6.0426527e-02   8.6115366e-02   6.7972432e-04   5.1219277e-03  -1.0292994e-03
  -1.1193729e-01   4.9809996e-02   6.5980349e-02   6.6141874e-04   5.2977121e-03  -9.8792585e-04
  -1.2355839e-01   4.8309875e-02   4.3276064e-02   6.1254938e-04   5.7169396e-03  -1.1899221e-03
  -1.1089868e-01   7.1553501e-02   3.8540382e-02   5.8078289e-04   5.7360525e-03  -1.3526153e-03
  -9.9382404e-02   1.0324725e-01   8.4285496e-03   5.8354453e-04   5.6694362e-03  -1.4389401e-03
  -1.0611922e-01   5.9534706e-02  -2.5905807e-02   2.4408188e-04   5.6743459e-03  -1.2772209e-03
  -1.0536374e-01   6.2418578e-02   4.6801736e-02   4.7981861e-04   5.5405084e-03  -1.0708953e-03
  -1.0130770e-01   6.7196737e-02   6.0162510e-02   9.2645394e-04   5.4389258e-03  -1.1339380e-03
  -9.4991514e-02   8.9273691e-02   4.2698259e-02   4.4831911e-04   5.5385748e-03  -1.2314337e-03
  -8.8909979e-02   6.6626191e-02   1.9116584e-02  -2.5804916e-05   5.6393827e-03  -1.2125406e-03
  -8.8958123e-02   6.8569553e-02   8.1032626e-02   5.8719529e-04   5.6634868e-03  -1.2389280e-03
  -8.4976948e-02   3.7324617e-02   5.7188126e-02   1.3362110e-03   5.5726251e-03  -5.0000816e-04
  -8.3989090e-02   5.0787832e-02  -3.4551934e-02   1.8428019e-03   6.2520658e-03  -1.3495249e-03
  -8.4225906e-02   1.7458587e-01   2.6301151e-02   1.7850941e-03   6.3675667e-03  -1.3395481e-03
  -8.7469923e-02   7.7167906e-02   4.8041845e-02   1.4538040e-03   6.0306213e-03  -9.9990289e-04
  -7.7533635e-02   1.0134476e-01   1.0666346e-01   1.7492978e-03   5.7615905e-03  -1.0422543e-03
  -7.8743681e-02   9.7301680e-02   8.3272957e-02   1.5894594e-03   5.7590734e-03  -1.1029776e-03
  -8.2974609e-02   1.1547760e-01   6.9524855e-02   1.4724231e-03   5.7782268e-03  -1.0707936e-03
  -8.6136478e-02   9.6197281e-02   8.8652294e-02   1.5937207e-03   5.7756445e-03  -1.0254299e-03
  -7.2476297e-02   1.2113577e-01   1.3702586e-01   1.9191044e-03   5.5448262e-03  -1.0336702e-03
  -8.3859209e-02   1.3723735e-01   1.1080555e-01   2.1081887e-03   5.5590950e-03  -9.9768860e-04
  -9.4328758e-02   1.1480913e-01   7.2860134e-02   1.8669882e-03   6.1089234e-03  -1.1032661e-03
  -9.7375245e-02   1.0010162e-01   2.1662723e-02   5.9476566e-04   6.0677533e-03  -1.2172532e-03
  -8.6270393e-02   1.2676183e-01   1.8711008e-01   5.0767199e-03   6.7942761e-03   2.4699849e-04
  -8.6874067e-02   1.0765121e-01   2.6700569e-01   6.0946592e-03   6.4854978e-03  -6.9919479e-04
  -7.1990288e-02   1.0891273e-01   2.0333244e-01   3.7112237e-03   6.4076399e-03  -1.4574615e-03
  -7.8874622e-02   1.0434719e-01   2.1456522e-01   4.8451598e-03   6.5101486e-03  -1.0758257e-03
  -6.0244773e-02   8.6422394e-02   1.3559435e-01   4.0377538e-03   5.9592930e-03  -1.0975480e-03
  -7.6116808e-02   1.4760800e-01   1.0993414e-01   2.4725521e-03   6.4648435e-03  -1.3628337e-03
  -8.2648208e-02   1.2216741e-01   9.9637861e-02   2.0050704e-03   5.9827267e-03  -1.3787729e-03
  -8.3922084e-02   1.0771780e-01   1.4131938e-01   2.1616433e-03   6.3163300e-03  -1.4989120e-03
  -7.6843529e-02   1.2205424e-01   1.8523184e-01   2.5059190e-03   6.2304883e-03  -1.5437406e-03
  -7.3954375e-02   1.2923309e-01   1.4576081e-01   2.1857801e-03   6.3996116e-03  -1.5248738e-03
  -8.0403640e-02   1.2442883e-01   1.4121197e-01   2.2373791e-03   6.1447359e-03  -1.4077121e-03
  -7.4028244e-02   1.1839523e-01   1.4738779e-01   1.9953893e-03   6.2163628e-03  -1.0190809e-03
  -6.2847920e-02   1.2058382e-01   1.6947863e-01   2.1949566e-03   6.1752654e-03  -1.2876996e-03
  -6.5950303e-02   1.3053957e-01   1.7332697e-01   2.2804325e-03   6.4497640e-03  -1.1108216e-03
  -6.4724302e-02   8.7914888e-02   1.6602208e-01   1.8527785e-03   6.5819862e-03  -9.1139975e-04
  -5.7189055e-02   1.0964456e-01   1.6871359e-01   2.0272452e-03   6.3816400e-03  -1.3165568e-03
  -6.9409770e-02   1.3663935e-01   1.8036462e-01   2.2720849e-03   6.2772660e-03  -1.1687809e-03
  -8.0511143e-02   9.1573446e-02   1.5303706e-01   2.0435336e-03   6.3476071e-03  -1.1687761e-03
  -8.2876127e-02   9.5878038e-02   1.8842542e-01   2.1679962e-03   6.3434151e-03  -1.2043961e-03
  -7.6053976e-02   1.1675653e-01   1.8935381e-01   2.2559616e-03   6.4003824e-03  -1.3267213e-03
  -7.6336826e-02   1.2285632e-01   1.4940157e-01   1.8387553e-03   6.3213084e-03  -1.2559568e-03
  -8.1511324e-02   1.2972757e-01   1.7922259e-01   1.8443246e-03   6.4430736e-03  -1.2930144e-03
  -8.7833212e-02   1.6485947e-01   1.7073166e-01   1.9824731e-03   6.4906146e-03  -1.4078622e-03
  -8.9240920e-02   1.4323997e-01   1.5581276e-01   1.8285144e-03   6.4733932e-03  -1.4138628e-03
  -1.0028890e-01   1.0431724e-01   8.6537702e-02   5.6027617e-04   6.7768424e-03  -1.5038547e-03
  -9.8140799e-02   1.2260083e-01   1.7305538e-01   1.8182352e-03   6.6802739e-03  -1.5488060e-03
  -9.8640472e-02   1.2367972e-01   1.6499674e-01   1.8038204e-03   6.5785761e-03  -1.4414044e-03
