   1.4210855e-14   0.0000000e+00   0.0000000e+00  -1.6704779e-52  -8.0430587e-87   4.8148249e-35
  -1.6234615e-02  -2.0219583e-02   6.1771100e-02   1.5568216e-03   5.0263438e-05  -6.2906960e-05
   8.8406173e-04   2.2208477e-02   1.4322385e-01   1.4037058e-03  -2.1023166e-04   3.9795184e-05
  -1.9451498e-02  -1.2977450e-01   3.3407500e-02   1.9817333e-03  -5.7919927e-04   9.0471343e-04
   1.8331236e-03  -4.9658387e-02   1.5764089e-01   3.2109352e-03  -1.2443689e-03   1.5117089e-04
  -1.5581950e-03  -4.6180229e-02   1.6313211e-01   1.0705743e-03  -8.0595999e-04   1.0689176e-04
   2.1558940e-02  -3.8177226e-03   3.7326550e-01   6.8805167e-04  -1.9213302e-03  -8.1209379e-05
   5.9117589e-02  -4.9752750e-02   4.9137490e-01   3.9365573e-04  -2.0259245e-03  -3.1308472e-04
   1.3639486e-01  -5.3695390e-02   6.0710693e-01   1.1343504e-03  -2.5999138e-03  -3.8296163e-04
   2.6993991e-01  -1.3102836e-01   8.6915303e-01  -1.7602746e-04  -3.7147864e-03   1.8470964e-04
   3.2223194e-01  -1.3145493e-01   9.7116084e-01   4.4539686e-04  -4.1365283e-03  -2.1038664e-05
   3.2502125e-01  -1.2206230e-01   9.7348248e-01   5.6261021e-05  -4.0815533e-03  -2.1537310e-04
   3.3912848e-01  -1.6270366e-01   8.7493895e-01  -6.8483197e-04  -4.3968485e-03  -4.4091381e-04
   3.8286944e-01  -1.2539876e-01   8.9817120e-01  -7.7070147e-04  -3.4283146e-03  -3.6375805e-04
   4.2609922e-01  -1.2306353e-01   8.9359463e-01  -1.7915060e-04  -3.5868903e-03  -7.7221123e-04
   4.0690356e-01  -1.4310201e-01   8.0090574e-01  -1.1250777e-03  -3.8108911e-03  -1.0460991e-03
   4.0968802e-01  -1.2516089e-01   8.0794832e-01  -7.7662676e-04  -3.8437220e-03  -1.1191355e-03
   4.1525080e-01  -9.9952997e-02   7.6321419e-01  -1.1914032e-03  -4.2722113e-03  -1.1465745e-03
   4.2084659e-01  -1.3708476e-01   7.1258670e-01  -1.2635585e-03  -4.6038322e-03  -1.1564368e-03
   4.0895618e-01  -1.2485378e-01   7.3454874e-01  -1.2661658e-03  -4.2562060e-03  -1.2059103e-03
   4.0797346e-01  -1.3351714e-01   7.3120904e-01  -1.3458463e-03  -4.8785973e-03  -1.2824395e-03
   4.2634322e-01  -1.5552149e-01   7.4089484e-01  -1.9054978e-03  -4.8076356e-03  -2.0032421e-03
   4.2105747e-01  -1.2202774e-01   8.1955435e-01  -1.4559218e-03  -3.9942579e-03  -1.8472137e-03
   4.1508212e-01  -1.1743661e-01   7.3450277e-01  -1.8143307e-03  -4.4727733e-03  -1.8824118e-03
   4.1967031e-01  -1.4638651e-01   7.2078693e-01  -1.7447031e-03  -4.3606791e-03  -2.1236372e-03
   3.1095663e-01  -5.6350721e-02   7.6090135e-01   2.5737237e-04  -4.7148854e-03  -1.5486164e-03
   2.4179881e-01  -6.9555702e-02   7.2688126e-01   1.3371585e-03  -4.7466993e-03  -1.2617423e-03
   2.4357155e-01  -1.1092707e-01   5.2549579e-01   2.5754293e-03  -6.3103013e-03  -1.2510649e-03
   2.2117084e-01  -4.9678532e-02   5.9463356e-01   2.2854930e-03  -6.3550690e-03  -1.1007996e-03
   3.0078138e-01  -9.3072375e-02   6.1445049e-01   1.6657783e-03  -5.1620013e-03  -1.0359703e-03
   3.4653731e-01  -5.7467401e-02   6.7449370e-01   2.3814852e-03  -5.0077979e-03  -1.3492565e-03
   3.7335574e-01  -7.4628944e-02   6.5987824e-01   2.3161710e-03  -5.3143017e-03  -1.7116538e-03
   3.8753537e-01  -8.8636718e-02   6.1346183e-01   1.3206394e-03  -5.3872078e-03  -1.8715791e-03
   4.3460553e-01  -6.7996866e-02   7.3783761e-01   2.4846484e-03  -5.2966329e-03  -1.6371653e-03
   4.8792842e-01  -4.7653857e-02   7.5741232e-01   3.1043148e-03  -4.6919437e-03  -1.6555187e-03
   5.6413563e-01  -1.1914683e-01   7.8051153e-01   2.4638405e-03  -4.4982603e-03  -2.0014039e-03
   5.8522950e-01  -7.2988736e-02   8.2335818e-01   3.0096108e-03  -4.0154302e-03  -1.9101801e-03
   6.1196918e-01  -1.0708484e-01   8.7633327e-01   3.0164364e-03  -4.4626752e-03  -1.8768249e-03
   6.7232942e-01  -1.2201640e-01   9.8420905e-01   3.5157504e-03  -4.1159976e-03  -2.1780543e-03
   6.6092749e-01  -1.2035494e-01   9.8323805e-01   3.3584867e-03  -3.7284989e-03  -2.0111802e-03
   6.8763689e-01  -1.5149743e-01   9.7666303e-01   3.3154990e-03  -4.0627393e-03  -2.1138259e-03
   6.9171129e-01  -1.4368654e-01   1.0322662e+00   3.5671074e-03  -3.3804494e-03  -1.9430748e-03
   7.5316648e-01  -1.2033462e-01   1.0169541e+00   3.7266821e-03  -2.7053371e-03  -2.5852361e-03
   7.4028625e-01  -1.6752039e-01   9.4222601e-01   2.8683311e-03  -3.2348370e-03  -2.5931835e-03
   7.7502240e-01  -1.0818616e-01   1.0243524e+00   3.1562755e-03  -2.4233569e-03  -2.3081518e-03
   7.7516837e-01  -1.1864478e-01   9.5002714e-01   2.8264852e-03  -2.2399106e-03  -1.7960926e-03
   8.5000837e-01  -1.2316378e-01   9.8533225e-01   2.9194614e-03  -1.4682039e-03  -2.1328788e-03
   8.7633649e-01  -1.1803645e-01   1.0143638e+00   3.1747038e-03  -7.4957569e-04  -2.0676325e-03
   9.4025576e-01  -8.3983263e-02   1.0606821e+00   3.8047226e-03  -5.3780729e-04  -2.4269911e-03
   8.1176459e-01  -1.3607103e-01   8.9902274e-01   2.6019771e-03  -1.6464781e-03  -1.5799103e-03
   2.5766183e-01   3.3950146e-03   7.0009341e-01   2.2681975e-03  -4.4751566e-03   5.7639868e-04
   2.4536508e-01  -3.3719076e-04   7.3338097e-01   1.9589923e-03  -3.6232548e-03   6.9613036e-06
   2.2303152e-01   1.1823813e-02   6.5703854e-01   7.4797071e-04  -3.5781790e-03   4.9975431e-04
   2.4464698e-01  -1.4515297e-02   7.2897319e-01   2.2987255e-03  -3.4885099e-03   6.6930300e-04
   2.4824449e-01  -7.3223553e-02   6.3984589e-01   5.1773699e-03  -3.5536216e-03   1.3488482e-03
   3.1854871e-01  -2.0434892e-03   6.8780959e-01   4.3076263e-03  -3.8921973e-03   5.8158327e-04
   3.3303998e-01  -1.1973819e-02   6.9052384e-01   2.2916072e-03  -2.7253410e-03   9.0246483e-04
   4.5269372e-01   1.6331649e-02   7.4857186e-01   3.1538045e-03  -2.4095496e-03   2.9177556e-04
   4.4538585e-01  -4.5465460e-02   7.6760078e-01   2.3340094e-03  -2.8979352e-03   6.9660418e-04
   4.7966454e-01   1.2227863e-02   7.7984353e-01   2.7430872e-03  -3.0002013e-03   5.6992432e-04
   4.8144085e-01  -4.2706871e-02   7.7282448e-01   1.8619087e-03  -3.7963383e-03   7.1813938e-04
   5.1566655e-01  -1.5442812e-02   8.3297453e-01   2.0719025e-03  -4.3014719e-03   8.2366071e-04
   5.4629837e-01  -7.9294702e-02   7.9158362e-01   1.5115003e-03  -4.4845059e-03   9.1978962e-04
   5.5844632e-01  -7.2011245e-02   7.8963372e-01   1.2414857e-03  -4.8580529e-03   6.4350925e-04
   5.5264401e-01  -6.1659497e-02   7.7512759e-01   1.0959176e-03  -4.2181288e-03   5.2203050e-04
   5.5444999e-01  -5.6853869e-02   7.7929733e-01   1.4470488e-03  -4.5009243e-03   2.6617172e-04
   5.3835172e-01  -7.6604301e-02   7.4075287e-01   1.0462826e-03  -4.6438310e-03   3.2770733e-04
   5.4809778e-01  -3.9742004e-02   7.9713810e-01   1.4467263e-03  -4.3946430e-03   3.0012097e-04
   5.3200929e-01  -4.3655866e-02   7.9234965e-01   1.3958171e-03  -4.5382841e-03   3.0879760e-04
   5.4984071e-01  -4.1828851e-02   7.8681015e-01   1.6256146e-03  -4.3978517e-03   2.2186099e-04
   5.2828379e-01  -6.3161323e-02   8.0652021e-01   1.5031400e-03  -4.7847465e-03   4.7668696e-05
   5.4592134e-01  -3.4609302e-02   8.1021578e-01   1.8339255e-03  -5.2582411e-03  -8.3133795e-05
   5.1489706e-01  -4.5035064e-02   7.8580996e-01   1.1922614e-03  -5.7234275e-03  -2.6087099e-04
   5.4511022e-01  -3.6300886e-02   8.2143712e-01   2.1242067e-03  -5.3779524e-03  -1.7824354e-04
   3.4588338e-01   1.7831294e-02   8.1111491e-01   2.9805052e-03  -5.7472004e-03   3.8939483e-04
   2.8376724e-01   3.2758951e-02   6.9472925e-01   2.8228133e-03  -5.3487096e-03   1.3524539e-04
   3.1261510e-01  -3.8491692e-02   6.9075383e-01   9.4641044e-04  -5.5698544e-03   8.0160148e-04
   2.6522599e-01  -8.5925395e-02   4.9765810e-01   2.7765663e-03  -5.7552538e-03   1.2985559e-03
   2.4617784e-01  -1.4326909e-02   5.8904462e-01   5.5686567e-03  -6.7428320e-03   1.2934599e-04
   2.4547327e-01   3.1537763e-02   6.5894252e-01   2.4421329e-03  -7.2348450e-03   9.2074706e-05
   2.8469210e-01   7.6976684e-03   6.8389793e-01   2.5217365e-03  -7.7172908e-03   2.0868559e-04
   2.9053323e-01  -1.6128351e-02   7.1244176e-01   1.8995217e-03  -7.9185692e-03   3.6009532e-04
   2.9131123e-01   1.0341131e-02   7.0246677e-01   2.7035642e-03  -8.7263448e-03   1.0654956e-04
   2.8423258e-01   1.9985097e-02   6.5936772e-01   1.7636510e-03  -8.7627639e-03  -1.0789380e-04
   2.9920899e-01  -7.7336349e-03   7.2551035e-01   2.5006299e-03  -8.9625876e-03   5.5520638e-05
   3.0598464e-01   2.0608146e-02   7.0767400e-01   1.8621795e-03  -8.9487474e-03   8.7186932e-05
   3.2482104e-01  -1.8503596e-03   6.4631730e-01   1.3107257e-03  -9.3992646e-03   1.3645796e-04
   3.6232447e-01  -7.6133310e-03   7.3243579e-01   1.5095118e-03  -9.7566219e-03   2.5268061e-04
   3.4037538e-01   8.1562722e-03   7.4102252e-01   1.8380383e-03  -9.6162845e-03   9.4677039e-05
   3.4512597e-01   1.1280613e-02   7.0814552e-01   1.4221588e-03  -9.9247234e-03   7.0595052e-05
   3.4716994e-01  -7.2171501e-03   6.8253554e-01   1.2738100e-03  -1.0220605e-02  -9.0238315e-05
   3.4333338e-01   5.9252825e-03   7.4597782e-01   1.8015104e-03  -9.9362585e-03   1.8642044e-04
   3.3265653e-01   1.2437977e-02   7.2774546e-01   1.9245676e-03  -9.7691442e-03   7.0507547e-05
   3.1823235e-01   2.0888973e-02   7.0328219e-01   1.9413166e-03  -1.0083520e-02   4.8700656e-06
   3.2904632e-01  -1.2618709e-02   7.2454665e-01   1.8940614e-03  -1.0357900e-02   9.5114801e-05
   3.1015478e-01   9.9030169e-03   7.5211579e-01   2.2757893e-03  -1.0003734e-02   3.4796464e-04
   3.0369282e-01   2.8448983e-02   7.1607159e-01   2.3205659e-03  -9.9679983e-03   1.4966383e-04
   2.9232147e-01   3.9767519e-02   6.6969722e-01   2.1832403e-03  -1.0218328e-02  -9.6230709e-05
   2.9424481e-01   1.3656200e-02   6.7886157e-01   2.0941085e-03  -9.8241713e-03  -4.2120701e-04
   1.8710540e-01   1.7509631e-02   7.3332273e-01   2.8828637e-03  -8.6976104e-03  -3.7108023e-05
   1.9632141e-01   8.2237495e-02   7.4839509e-01   3.1293684e-03  -8.3984033e-03  -5.3583303e-05
   2.1455826e-01   1.0948357e-02   7.0801700e-01   1.7623863e-03  -8.4007630e-03  -4.6005762e-04
   2.1680906e-01   3.3841658e-02   8.1428058e-01   3.1239946e-03  -8.3400325e-03  -3.1803027e-04
   2.1298047e-01   3.1251119e-02   7.8176405e-01   2.5515518e-03  -8.2545152e-03  -2.6550635e-04
   2.1315867e-01   1.3952179e-02   7.0539749e-01   1.4635214e-03  -8.2955589e-03  -6.2800494e-05
   2.1638788e-01   3.9142478e-02   7.4564856e-01   1.9353553e-03  -8.7568815e-03  -1.5265189e-04
   2.1679917e-01   5.7732685e-02   7.2510349e-01   2.3274807e-03  -8.4997899e-03  -4.5901120e-05
   2.3178960e-01   3.0601435e-02   7.4434048e-01   2.3122921e-03  -8.5214623e-03  -1.0041004e-04
   2.2630207e-01   3.3229671e-02   8.4621473e-01   3.1661268e-03  -8.6471361e-03   1.0337365e-05
   2.2529574e-01   4.5013769e-02   7.9795437e-01   2.7761273e-03  -8.2583027e-03  -1.7638389e-04
   2.2078465e-01   2.2381940e-02   8.1428511e-01   3.0291970e-03  -8.2172362e-03   1.4002416e-04
   2.0999812e-01   3.3418320e-02   8.6537007e-01   3.6201786e-03  -8.4487394e-03   2.7099690e-04
   2.1734802e-01   5.0521787e-02   8.2834662e-01   3.4515767e-03  -8.0945478e-03   2.0036779e-04
   2.1546644e-01   4.7421935e-02   7.9270536e-01   2.9843604e-03  -8.4545180e-03   2.4935753e-04
   2.3749162e-01   4.4355548e-02   8.3954525e-01   3.2150906e-03  -7.6634807e-03   2.0335303e-04
   2.5233844e-01   6.4137982e-02   9.1997607e-01   3.6348780e-03  -7.1919714e-03   8.7778831e-05
   2.5571190e-01   5.4245650e-02   8.4642074e-01   4.1221455e-03  -7.3479883e-03   1.1714505e-04
   2.5473242e-01   2.8325936e-02   8.3536274e-01   3.6232137e-03  -7.1471071e-03   8.1140854e-06
   2.5859437e-01   4.6240127e-02   8.6200700e-01   3.9912449e-03  -7.0971573e-03   8.0496556e-05
   2.3993790e-01   5.1643938e-02   8.6907259e-01   3.9733808e-03  -6.7632423e-03   1.3377597e-04
   2.5466428e-01   6.1688027e-02   7.7776030e-01   2.6702052e-03  -7.1613350e-03   3.6452730e-04
   2.3778882e-01   4.9469328e-02   7.7942617e-01   2.8291546e-03  -7.4857296e-03   3.9577381e-04
   2.3546521e-01   8.6168560e-02   7.7427424e-01   3.4056009e-03  -7.6266336e-03   2.4813961e-04
   2.0617899e-01   6.7349855e-02   8.5078803e-01   4.7492511e-03  -7.2634899e-03   2.4012289e-04
   1.5502404e-01   5.4251812e-02   8.7530563e-01   4.4317963e-03  -6.9290972e-03   4.1934506e-04
   1.9071900e-01   5.3046250e-02   8.6609919e-01   3.9726832e-03  -7.3150161e-03   4.6158163e-04
   1.7876605e-01   3.8735325e-02   8.1690339e-01   3.3471934e-03  -6.9452734e-03   4.1791072e-04
   1.8637604e-01   2.9440345e-02   8.4734333e-01   3.4274460e-03  -6.8907515e-03   4.2297730e-04
   1.8805863e-01   5.5531776e-02   8.1287476e-01   3.3793770e-03  -6.9407261e-03   4.0581124e-04
