   0.0000000e+00   0.0000000e+00  -7.1054274e-15  -2.7755576e-17  -2.1684043e-19  -6.0185311e-36
   1.0360846e-01  -4.0318025e-02   7.6278333e-01   3.0847743e-02   4.4982066e-03  -5.3669138e-03
   7.2886847e-02   1.6626999e-01   5.4212201e-01   2.1515477e-02   4.9779353e-03  -4.3626634e-03
   6.3533903e-02   9.0091940e-02   8.0004544e-02   7.4420384e-03   5.2384317e-03  -4.6014661e-03
   9.9368776e-02   1.3628534e-01   1.9278193e-01   1.0969913e-02   7.1725023e-03  -5.8150230e-03
   7.9373376e-02   1.5139300e-01   1.4309992e-01   7.9221441e-03   6.2797411e-03  -5.4125958e-03
   1.1015494e-01   1.1980384e-01   2.0245654e-01   9.0901187e-03   7.9970296e-03  -5.9569956e-03
   1.2970373e-01   1.0972721e-01   1.5321829e-01   7.5526447e-03   8.5554994e-03  -6.3748909e-03
   1.5988072e-01   1.3456646e-01   1.7263008e-01   8.6530264e-03   8.6464189e-03  -6.8563005e-03
   1.7411981e-01   1.0977794e-01   1.2177531e-01   7.8751177e-03   9.0464016e-03  -6.8529900e-03
   2.1027519e-01   1.3093717e-01   1.5546926e-01   8.5596971e-03   9.8230569e-03  -7.8529144e-03
   2.7818614e-01   1.6826093e-01   1.4073744e-01   8.4201659e-03   9.3485975e-03  -9.3198822e-03
   2.8231734e-01   1.5981299e-01   1.2982540e-01   9.0435090e-03   9.2072315e-03  -9.5901075e-03
   2.9052186e-01   1.6809259e-01   1.1899919e-01   8.6890105e-03   8.9169395e-03  -1.0041388e-02
   3.3649852e-01   1.9772511e-01   1.8475861e-01   9.3284022e-03   9.5259579e-03  -1.0660183e-02
   3.1700932e-01   1.3998541e-01   1.6139907e-01   9.2102900e-03   9.2787843e-03  -1.0212156e-02
   2.7151801e-01   1.5804862e-01   2.5454138e-01   8.3677292e-03   9.8220887e-03  -1.0362922e-02
   2.6096866e-01   1.6864657e-01   2.2152891e-01   8.8136600e-03   1.0678294e-02  -1.0097892e-02
   2.7991367e-01   1.4849916e-01   2.3670549e-01   9.0206746e-03   1.0004938e-02  -1.0185571e-02
   2.5214785e-01   1.5528923e-01   3.3084388e-01   1.0193987e-02   1.0720931e-02  -1.0775469e-02
   2.4176192e-01   1.8363778e-01   3.6271958e-01   1.0089785e-02   1.0538804e-02  -1.2419507e-02
   2.5167475e-01   1.6174021e-01   3.3618708e-01   1.0843351e-02   1.0254305e-02  -1.3018867e-02
   2.5642273e-01   1.6873089e-01   3.4180982e-01   1.0881271e-02   1.0146294e-02  -1.3195452e-02
   2.6922506e-01   1.5574486e-01   4.0249695e-01   1.2292956e-02   1.1164089e-02  -1.4119539e-02
   2.8280535e-01   1.9922750e-01   3.4509963e-01   1.1543485e-02   1.0692771e-02  -1.4341276e-02
   2.5121148e-01   3.9566645e-01   1.4254428e+00   2.0664047e-02   1.4938703e-02  -1.2499298e-02
   2.3976695e-01  -8.3378639e-02   3.1432886e+00   3.2604478e-02   1.8127000e-02  -1.5624832e-02
   2.4088171e-01  -1.0795452e-01   2.9574926e+00   2.9368571e-02   1.7515820e-02  -1.7114880e-02
   3.0704139e-01  -1.7458545e-01   3.0598930e+00   3.0353809e-02   1.8071772e-02  -1.7380829e-02
   3.4668845e-01  -9.5857572e-02   2.1699619e+00   3.1705519e-02   1.8041927e-02  -1.6431877e-02
   3.7281982e-01  -6.5733769e-02   1.8045638e+00   3.3639993e-02   1.8577085e-02  -1.6133413e-02
   4.2414415e-01  -3.1820435e-02   2.0795934e+00   3.2535999e-02   1.8566341e-02  -1.7242168e-02
   4.1275187e-01  -4.2074147e-02   1.9987982e+00   3.4032709e-02   1.8470636e-02  -1.7554592e-02
   4.1977442e-01  -2.5506348e-02   2.0286943e+00   3.3623229e-02   1.7793421e-02  -1.7983326e-02
   4.3719953e-01  -2.5837202e-02   1.9884094e+00   3.5198748e-02   1.7906303e-02  -1.8903474e-02
   4.1181224e-01  -4.2966360e-02   1.9894637e+00   3.4034533e-02   1.7405637e-02  -1.8962519e-02
   3.7686093e-01  -2.5069481e-03   1.9631198e+00   3.2312236e-02   1.6049892e-02  -1.8597864e-02
   3.8375810e-01   2.9402177e-02   1.8774203e+00   3.0498148e-02   1.5276271e-02  -1.8176119e-02
   3.8263908e-01   3.7094155e-03   1.9017473e+00   3.1821220e-02   1.5581913e-02  -1.9014410e-02
   3.9633830e-01   3.3563393e-02   1.8004365e+00   3.2552425e-02   1.4688725e-02  -1.9983388e-02
   4.2424903e-01   4.0829801e-02   1.8332486e+00   3.3925876e-02   1.4572084e-02  -1.9874050e-02
   4.1257197e-01   2.7851994e-02   1.7911966e+00   3.3905391e-02   1.4673894e-02  -1.9923322e-02
   4.0508265e-01   1.0859286e-02   1.8366777e+00   3.4597875e-02   1.4912538e-02  -2.0089082e-02
   4.0983820e-01   3.6029666e-02   1.8317781e+00   3.4195840e-02   1.4417824e-02  -2.0279390e-02
   4.1760247e-01   3.0414364e-02   1.8908132e+00   3.4948136e-02   1.4515180e-02  -2.0541398e-02
   4.1651194e-01   1.0062271e-02   1.8424055e+00   3.4594165e-02   1.4705313e-02  -2.0536132e-02
   3.9869097e-01  -1.0117573e-02   1.9091337e+00   3.5312629e-02   1.4310602e-02  -2.0298884e-02
   4.0342345e-01   2.7411984e-02   1.8383007e+00   3.4755138e-02   1.3452810e-02  -1.9769713e-02
   4.0233564e-01  -3.3056284e-03   1.9529080e+00   3.5022473e-02   1.2934159e-02  -2.0010943e-02
   3.9788513e-01  -2.0032796e-02   1.8500300e+00   3.4646583e-02   1.2741609e-02  -1.9962583e-02
   4.0218553e-01  -2.9729209e-02   2.0013063e+00   3.3920980e-02   1.1729497e-02  -2.0337673e-02
   3.7631134e-01  -9.2891003e-03   1.7248015e+00   3.3119470e-02   1.1543014e-02  -1.9434711e-02
   2.8473410e-01   1.2804095e-02   3.0419256e+00   3.4088023e-02   9.9839746e-03  -1.6468069e-02
   2.9076399e-01  -4.3238525e-02   2.5221801e+00   3.7545019e-02   9.4273054e-03  -1.5605992e-02
   3.3958035e-01   1.5510545e-02   2.0203668e+00   3.7790133e-02   1.1247748e-02  -1.6367651e-02
   3.9967349e-01   1.4974723e-02   2.2866408e+00   3.8537498e-02   1.1745324e-02  -1.6646767e-02
   4.3149994e-01  -3.9949894e-03   2.1278511e+00   3.9888320e-02   1.2578550e-02  -1.7522048e-02
   4.1643624e-01  -2.4855286e-02   2.3080715e+00   4.0493720e-02   1.2603796e-02  -1.7730921e-02
   4.1177397e-01   2.6667137e-03   2.2043992e+00   4.1125172e-02   1.3053813e-02  -1.8020411e-02
   4.1897047e-01  -4.4146245e-02   2.3669780e+00   4.1767464e-02   1.2716420e-02  -1.7984617e-02
   4.2049702e-01  -3.9079392e-02   2.3364593e+00   4.2967831e-02   1.3095248e-02  -1.8174576e-02
   4.3827853e-01  -9.6833153e-03   2.4554872e+00   4.3536588e-02   1.2760282e-02  -1.9008782e-02
   4.2395239e-01  -1.3422666e-02   2.3147236e+00   4.4218424e-02   1.3032823e-02  -1.8835842e-02
   4.2839970e-01  -4.9069870e-03   2.4301426e+00   4.3786032e-02   1.2881210e-02  -1.8917550e-02
   4.2999982e-01   3.1099174e-02   2.4339688e+00   4.4886299e-02   1.2948206e-02  -1.9420610e-02
   4.3459269e-01  -1.1791797e-02   2.4297320e+00   4.5308381e-02   1.2685110e-02  -1.9366793e-02
   4.6551394e-01   1.1855718e-02   2.4419607e+00   4.5804240e-02   1.3447764e-02  -1.9832364e-02
   4.4872410e-01  -1.2921292e-02   2.5049676e+00   4.4329352e-02   1.2652538e-02  -1.9827652e-02
   4.5079298e-01   2.8055863e-02   2.4278552e+00   4.4172900e-02   1.3047116e-02  -2.0241646e-02
   4.5459658e-01  -1.8049667e-02   2.4767113e+00   4.4526218e-02   1.3369149e-02  -2.0611824e-02
   4.4493998e-01   8.5757521e-03   2.4347874e+00   4.4674665e-02   1.3435824e-02  -2.0809871e-02
   4.6136251e-01   3.5224361e-02   2.5284901e+00   4.5135216e-02   1.3431941e-02  -2.0958529e-02
   4.6488813e-01   8.1140750e-03   2.5070883e+00   4.5191743e-02   1.4136218e-02  -2.0785606e-02
   4.7025987e-01  -3.1346285e-02   2.5556585e+00   4.3847342e-02   1.3682050e-02  -2.0914210e-02
   4.8292721e-01  -1.8613019e-02   2.5517420e+00   4.3902015e-02   1.3412278e-02  -2.0738131e-02
   4.9695762e-01   5.6056978e-02   2.7582108e+00   4.1933425e-02   1.2515672e-02  -2.1349306e-02
   4.2339050e-01  -7.9023528e-02   3.3889094e+00   4.1468868e-02   1.1110576e-02  -2.2981600e-02
   3.8791754e-01  -1.0449876e-01   3.6613111e+00   4.2369836e-02   1.0601862e-02  -2.2504733e-02
   3.7100784e-01  -1.1999615e-01   3.5869204e+00   4.1697793e-02   1.1028973e-02  -2.2839895e-02
   3.4889019e-01  -1.5741939e-01   3.5836681e+00   4.1714319e-02   1.2021433e-02  -2.2368773e-02
   4.3271979e-01  -1.3847894e-01   3.4974046e+00   4.2241516e-02   1.3414252e-02  -2.2683687e-02
   4.1232560e-01  -1.5193268e-01   3.5742604e+00   4.1934884e-02   1.2381055e-02  -2.3176768e-02
   3.7601506e-01  -1.2745153e-01   3.5973320e+00   4.2130361e-02   1.2749751e-02  -2.3453198e-02
   3.7232704e-01  -1.9898362e-01   3.6538009e+00   4.1989322e-02   1.2698305e-02  -2.3920619e-02
   3.5595795e-01  -1.5611574e-01   3.6395824e+00   4.2213898e-02   1.3097584e-02  -2.4101351e-02
   3.6540185e-01  -1.4669648e-01   3.7074402e+00   4.2029105e-02   1.2864500e-02  -2.4214781e-02
   3.7720851e-01  -1.6310358e-01   3.7510552e+00   4.0745549e-02   1.3078656e-02  -2.4652962e-02
   3.6196888e-01  -1.9124205e-01   3.7724334e+00   4.0129681e-02   1.3066279e-02  -2.5120322e-02
   3.5676661e-01  -1.7167839e-01   3.6529158e+00   3.9752745e-02   1.3441597e-02  -2.5566900e-02
   3.5211093e-01  -2.1503486e-01   3.7003429e+00   4.0125939e-02   1.3333618e-02  -2.5272678e-02
   3.6996766e-01  -1.6557118e-01   3.7122105e+00   4.0066889e-02   1.3813004e-02  -2.5512399e-02
   3.8422529e-01  -1.9979578e-01   3.7655004e+00   4.0430622e-02   1.3449237e-02  -2.5292999e-02
   3.9260166e-01  -1.9831172e-01   3.7834058e+00   4.0226896e-02   1.3856789e-02  -2.5654640e-02
   3.4294698e-01  -2.5858770e-01   3.9068797e+00   3.9624203e-02   1.3644006e-02  -2.5830438e-02
   3.6251324e-01  -2.2533843e-01   3.8358465e+00   3.9607794e-02   1.4063538e-02  -2.6123814e-02
   3.3192869e-01  -2.9148038e-01   3.9369148e+00   3.9737225e-02   1.3210658e-02  -2.6280123e-02
   3.1065284e-01  -1.6857100e-01   3.8079921e+00   3.9498005e-02   1.3171662e-02  -2.7236320e-02
   2.9720314e-01  -3.3603523e-01   3.9298253e+00   3.9078460e-02   1.2341126e-02  -2.7322787e-02
   3.0637814e-01   6.5960332e-03   3.3528282e+00   3.9551590e-02   1.3006751e-02  -2.7904080e-02
   3.4055198e-01   1.5089321e+00   2.7998935e+00   3.9595395e-02   8.5021324e-03  -2.5083164e-02
   1.5899764e-01   6.0407611e-01   3.4488592e+00   3.6603824e-02   6.5235808e-03  -2.1613693e-02
   1.4590047e-01   4.0288967e-01   3.1560895e+00   3.5532540e-02   7.7051818e-03  -2.1783889e-02
   1.2541662e-01   3.4786720e-01   2.6704650e+00   3.2518613e-02   9.4588225e-03  -1.9955476e-02
   1.5784771e-01   4.6235881e-01   2.7683192e+00   3.2811938e-02   1.0299219e-02  -2.0657755e-02
   2.5943307e-01   2.8314787e-01   2.6835685e+00   3.4623185e-02   1.1165316e-02  -1.9374023e-02
   3.1987599e-01   3.4819778e-01   2.6353963e+00   3.5445304e-02   1.2665385e-02  -1.9541999e-02
   3.2703123e-01   3.5179807e-01   2.7677104e+00   3.5214000e-02   1.2876999e-02  -1.9515651e-02
   3.6534740e-01   3.3195403e-01   2.8491684e+00   3.3983481e-02   1.2732390e-02  -1.9823353e-02
   3.6052809e-01   2.6622040e-01   3.1503266e+00   3.5304866e-02   1.2721262e-02  -2.0553733e-02
   3.6631407e-01   2.8754691e-01   3.0297595e+00   3.6143363e-02   1.3210506e-02  -2.1473690e-02
   3.8974054e-01   2.6975563e-01   3.1303674e+00   3.6851494e-02   1.3312291e-02  -2.1209703e-02
   3.8799896e-01   2.7016967e-01   3.2542249e+00   3.7299831e-02   1.2708645e-02  -2.1874387e-02
   3.8244998e-01   1.9332780e-01   3.4193131e+00   3.9148372e-02   1.2831267e-02  -2.2967192e-02
   3.9292695e-01   2.2170680e-01   3.3484965e+00   3.9179235e-02   1.4093203e-02  -2.3971115e-02
   3.5943970e-01   1.6736374e-01   3.5007639e+00   3.9978965e-02   1.4232381e-02  -2.4041896e-02
   3.4750017e-01   1.6431838e-01   3.5089056e+00   4.0169716e-02   1.4094105e-02  -2.4183225e-02
   3.4980100e-01   1.4403904e-01   3.7503759e+00   4.0166222e-02   1.2851026e-02  -2.3903637e-02
   3.1686940e-01   1.3764299e-01   3.4825541e+00   4.0429219e-02   1.3337760e-02  -2.4059215e-02
   3.1496993e-01   6.7397856e-02   3.6134694e+00   4.1434287e-02   1.3826387e-02  -2.3998439e-02
   3.2923731e-01   1.8160118e-01   3.5277674e+00   4.1752683e-02   1.3327919e-02  -2.4118999e-02
   2.7511632e-01   1.4649700e-01   3.7123810e+00   4.3352400e-02   1.3060841e-02  -2.4645640e-02
   2.5808422e-01   1.0921592e-01   3.4771602e+00   4.3415855e-02   1.3213707e-02  -2.3897507e-02
   2.4698910e-01   1.1905584e-01   3.8404677e+00   4.5178280e-02   1.3887926e-02  -2.4494754e-02
   2.8807157e-01   2.8830550e-01   2.7105856e+00   3.9917101e-02   1.1083245e-02  -2.2939456e-02
   2.0794905e-01   2.8195559e-01   2.4001862e+00   3.9003262e-02   7.8813209e-03  -1.9533599e-02
   1.7250163e-01   1.6926174e-01   2.7944478e+00   4.7125896e-02   9.9212514e-03  -2.0717534e-02
   2.0352934e-01   2.6491693e-01   2.5741953e+00   4.5298975e-02   8.8341035e-03  -2.1706154e-02
   2.2160632e-01   2.0314231e-01   3.0927321e+00   4.8883469e-02   9.5948090e-03  -2.2970515e-02
   2.4462875e-01   1.8221825e-01   3.0484775e+00   4.9501337e-02   1.0241658e-02  -2.4083422e-02
