   0.0000000e+00   0.0000000e+00   0.0000000e+00   0.0000000e+00   0.0000000e+00   0.0000000e+00
   1.4844509e-02  -8.4936741e-03   8.3995574e-03  -7.2584536e-05  -3.8243540e-04  -3.2931174e-05
   2.1520884e-02  -3.1230565e-03   3.8688232e-02  -3.8626155e-05  -5.3062298e-04   1.1087369e-05
   1.7394769e-02   5.5084851e-03   1.3567510e-02  -1.7052718e-04  -5.3450810e-04  -1.6542989e-04
   3.0119533e-02  -1.6836184e-04   5.2749300e-02  -1.5887860e-04  -5.6053813e-04  -2.5928834e-04
   3.0783864e-02   1.7350305e-03   2.7106923e-02  -1.4654786e-04  -7.4047967e-04  -2.8179210e-04
   3.0450423e-02   2.3311569e-02   4.8468758e-02  -2.8106624e-04  -2.4681629e-04  -4.4979805e-05
   5.5715520e-03   6.8354413e-03   1.1862492e-02   3.5218355e-04  -9.2132694e-05   3.6452198e-04
   1.2197436e-02  -5.1252111e-03  -3.3218394e-03   9.6820006e-04  -7.5259918e-04  -9.3865252e-05
   2.3003758e-02   7.9710948e-02   4.2691913e-02   4.7039126e-05  -5.8955243e-04  -9.0294106e-05
   2.4171295e-02  -1.4460935e-02  -6.9605918e-02   3.7641985e-04  -6.8397841e-04  -2.6154473e-04
   2.5471093e-02   9.8509489e-02   5.7384963e-02  -2.2207498e-04  -5.3827984e-04   3.3594237e-05
   5.3949287e-02  -1.4756339e-02  -5.4116109e-02   5.8585967e-04  -7.6360188e-04  -1.0314551e-03
   4.0055103e-02   5.5549741e-02   2.3211602e-02   7.3197062e-04  -7.2807266e-04  -6.3038044e-04
   5.3276392e-02   3.6413273e-02  -4.0466274e-03   6.1614678e-04  -7.8477961e-04  -4.6168111e-04
   5.8775099e-02  -2.5571679e-03  -7.7974907e-02   7.4791034e-04  -7.6384199e-04  -7.1906133e-04
   5.0721624e-02   8.7085884e-02   5.2375819e-02   2.9402146e-04  -5.9523783e-04  -4.4583817e-04
   3.9725304e-02   2.3706802e-03  -2.7184819e-02   7.8007386e-04  -5.3567770e-04  -7.3902988e-04
   4.4820564e-02   6.2607997e-02   2.5517441e-02   4.0874018e-04  -7.5956484e-04  -5.5108066e-04
   3.6055534e-02   1.7023874e-02   1.7556019e-03   8.2943976e-04  -6.9386742e-04  -3.5242301e-04
   4.8953049e-02   6.6785952e-02   2.7976760e-02   7.4351108e-04  -7.9962299e-04  -8.3581206e-05
   3.2462743e-02   2.0202805e-02   3.7939665e-02   1.1783032e-03  -5.2337225e-04  -7.1487552e-05
   4.0746356e-02   5.5630022e-02   1.8315203e-02   8.5671224e-04  -5.0435245e-04  -1.5231187e-04
   3.4718584e-02   3.4183344e-02   8.9423178e-02   1.5510072e-03  -6.6928874e-04  -2.7662130e-04
   5.3239773e-02   5.7392617e-02   3.8513041e-03   9.7518235e-04  -7.2489423e-04  -4.0508177e-04
   5.8482499e-02   5.3571391e-02   1.2525994e-01   1.4072566e-03  -9.0819940e-04  -4.0424076e-04
   3.9154486e-02   7.1981567e-03  -4.2825693e-02   1.2920072e-03  -6.0494048e-04  -4.6186696e-04
   4.7501058e-02   4.9013800e-02   1.8019813e-02   5.3031370e-04  -6.6265434e-04  -4.3236393e-04
   3.5644000e-02   6.6056117e-03   9.3055372e-03   1.0462288e-03  -7.9527915e-04  -5.3713049e-04
   5.2081415e-02   3.5267028e-02   1.2079329e-02   3.6266068e-04  -1.0032178e-03  -4.3140882e-04
   4.3351900e-02   2.3049795e-02   6.8247652e-02   7.7503094e-04  -8.4100074e-04  -2.4838878e-04
   6.6693384e-02   4.1272017e-02   2.0836591e-02   3.3190493e-04  -8.4480712e-04  -4.6738224e-04
   6.5395478e-02   5.1522866e-02   8.9904727e-02   9.6995030e-04  -1.0255307e-03  -4.6253182e-04
   6.6667574e-02   1.4901417e-04  -1.8770934e-02   1.1184442e-03  -8.2332952e-04  -8.2455220e-04
   6.7481757e-02   8.5358860e-02   1.0753372e-01   5.1379985e-04  -5.0355268e-04  -7.6593414e-04
   5.3198995e-02   3.7021511e-02   7.1777715e-02   9.7890165e-04  -1.3458390e-04  -8.8173841e-04
   7.4516516e-02   7.4557269e-02   1.0806433e-01   5.2298627e-04  -9.3902037e-05  -1.0087942e-03
   6.9433633e-02   4.3666120e-02   5.4399406e-02   3.2832101e-04  -1.0343284e-04  -7.4685007e-04
   7.7284427e-02   4.5755599e-02   1.0189099e-01   5.4800718e-04  -2.4358056e-04  -9.0492314e-04
   6.8716726e-02   5.2293026e-02   3.4000936e-02   1.9960921e-04  -1.2584567e-05  -1.0683696e-03
   8.1968147e-02   6.9729906e-02   4.1051522e-02  -1.8758682e-04  -4.8358309e-04  -1.1480137e-03
   5.7460381e-02   8.0250966e-02   3.2376036e-02   1.8292637e-04  -2.9538555e-04  -8.4039810e-04
   7.6483696e-02   7.5364625e-02  -2.8404250e-03  -1.1804998e-04  -6.0371768e-04  -1.0430255e-03
   8.1638498e-02   8.9211236e-02   6.4084516e-02   7.9892904e-05  -3.4666788e-04  -1.0306980e-03
   6.7880272e-02   7.7997476e-02  -8.9155320e-03   1.2256235e-04  -4.2537503e-04  -1.0136101e-03
   8.6336193e-02   8.8703374e-02   6.8984799e-02   1.2644801e-04  -6.4015055e-04  -1.1497283e-03
   8.0089565e-02   8.3991783e-02   6.1197801e-02   1.8214277e-04  -6.0303050e-04  -9.9983497e-04
   9.4635560e-02   8.3147678e-02   5.7417116e-02   8.7679765e-08  -7.2520921e-04  -1.0312476e-03
   7.9502452e-02   1.0952326e-01   7.7063337e-02  -1.7229626e-04  -6.5257243e-04  -1.1135353e-03
   8.3538353e-02   7.0684878e-02  -5.2377629e-02  -1.4307271e-04  -8.4322830e-04  -9.7951180e-04
   8.3104521e-02   5.6538038e-02   2.2223349e-02   2.6736991e-04  -9.0318755e-04  -1.0205686e-03
   6.4430345e-02   1.0165955e-01  -7.9795829e-02  -1.3741478e-03  -8.1759866e-04  -9.5843154e-04
   5.9036728e-02   8.9395097e-02  -1.4788285e-02  -1.1501480e-03  -8.1401162e-04  -7.4140687e-04
   6.7516350e-02   8.7553615e-02  -9.9234217e-02  -1.2449825e-03  -9.2331391e-04  -9.3619101e-04
   8.1397886e-02   8.8011281e-02  -7.0664879e-02  -1.8565621e-03  -1.0946926e-03  -1.0338061e-03
   6.9643479e-02   9.5069536e-02  -2.2799653e-02  -1.5006137e-03  -6.0875369e-04  -1.0191927e-03
   9.1694217e-02   8.0601298e-02  -7.0164318e-02  -1.5398710e-03  -1.0263566e-03  -9.8594105e-04
   1.1772843e-01   1.1404772e-01   2.4511888e-03  -1.1884222e-03  -1.0796385e-03  -1.2735678e-03
   9.2539219e-02   9.4871421e-02  -8.1854761e-02  -1.2211037e-03  -1.1357711e-03  -1.2188898e-03
   9.6423663e-02   1.1344741e-01   1.1587659e-02  -1.2678551e-03  -1.0154768e-03  -1.1748659e-03
   1.0365428e-01   9.7631244e-02  -3.1797084e-02  -1.2318544e-03  -1.0599582e-03  -1.1786303e-03
   9.8963512e-02   1.0897657e-01   3.3432348e-02  -1.2184543e-03  -1.0597844e-03  -8.9238765e-04
   8.9970904e-02   1.2868233e-01   3.6928599e-02  -1.1148692e-03  -1.0057959e-03  -8.8277617e-04
   1.1074720e-01   1.1124515e-01   4.0911580e-02  -8.0500734e-04  -1.2193984e-03  -1.0031248e-03
   1.0323664e-01   1.4834388e-01   3.3089640e-02  -1.3589236e-03  -9.9390066e-04  -9.1317037e-04
   1.1800401e-01   1.2260119e-01   8.8024142e-02  -1.1870196e-03  -1.1619102e-03  -1.0381869e-03
   1.0938265e-01   1.3415250e-01   1.5077688e-02  -1.1754052e-03  -1.0523009e-03  -9.3823967e-04
   1.1122193e-01   1.2035981e-01   7.6746874e-02  -1.0835328e-03  -9.3406682e-04  -1.0592011e-03
   1.0989290e-01   1.3313148e-01   3.6989538e-02  -1.2166485e-03  -1.0584284e-03  -9.1012765e-04
   1.0835069e-01   1.2345614e-01   4.3304041e-02  -1.2021278e-03  -1.1154191e-03  -6.1064152e-04
   1.1685845e-01   1.7243103e-01   6.9836061e-02  -1.4706496e-03  -1.2056021e-03  -5.8145162e-04
   1.2486592e-01   1.2569527e-01   6.4082680e-02  -1.1734050e-03  -1.3373417e-03  -8.0795412e-04
   1.0995098e-01   1.6975733e-01   5.7863139e-02  -1.4678039e-03  -1.1293528e-03  -6.5322882e-04
   1.0968936e-01   1.3215619e-01   5.3895718e-02  -1.7863673e-03  -1.3741103e-03  -6.1339010e-04
   1.0104444e-01   1.5954071e-01   8.0611837e-03  -1.4583097e-03  -1.0451157e-03  -6.8693446e-04
   1.0829133e-01   1.3657357e-01  -1.8734374e-02  -1.6472063e-03  -1.3389495e-03  -7.8684523e-04
   1.0080871e-01   1.6616204e-01   4.3428203e-02  -1.7776759e-03  -1.4213335e-03  -5.4573542e-04
   1.0548758e-01   1.3838169e-01  -7.3009788e-02  -2.0695733e-03  -1.3884734e-03  -5.2908956e-04
   1.2240030e-01   1.6263353e-01   6.0926073e-02  -1.9545974e-03  -1.3360375e-03  -7.2039309e-04
   9.5745008e-02   1.1677253e-01  -5.6752887e-02  -1.3527333e-03  -1.3087559e-03  -5.6047169e-04
   1.0952025e-01   1.5650019e-01  -1.8966086e-02  -2.3443404e-03  -1.2863078e-03  -3.1705044e-04
   1.0902794e-01   1.3136240e-01   3.2647900e-02  -1.4072035e-03  -1.3952690e-03  -5.2379795e-04
   1.1412453e-01   1.5496629e-01   2.7809364e-02  -1.6126569e-03  -1.5432029e-03  -3.4889295e-04
   1.1714620e-01   1.6913840e-01   2.2911680e-02  -1.5721065e-03  -1.4627148e-03  -5.4966965e-04
   1.1946715e-01   1.3993878e-01  -1.9721999e-02  -1.3628725e-03  -1.6105424e-03  -5.9779835e-04
   1.1397447e-01   1.9318978e-01   1.0752459e-01  -1.4524456e-03  -1.4128297e-03  -5.7182221e-04
   1.1434436e-01   1.3798027e-01   1.1563455e-02  -1.3624964e-03  -1.5396413e-03  -4.4071438e-04
   1.1718141e-01   2.2669850e-01   1.0024642e-01  -1.7347232e-03  -1.4963086e-03  -2.6474485e-04
   1.1122052e-01   1.2621481e-01   6.8047484e-03  -1.3120740e-03  -1.5227187e-03  -5.2910558e-04
   1.0927249e-01   2.2347177e-01   8.4343824e-02  -1.8253872e-03  -1.5906388e-03  -1.9030295e-04
   1.1447161e-01   1.1967979e-01  -8.2142996e-03  -1.4723437e-03  -1.8555116e-03  -2.8353754e-04
   1.0278293e-01   1.7563871e-01   5.6725772e-02  -1.4428579e-03  -1.6422118e-03  -1.1197872e-04
   1.1165230e-01   1.8771876e-01   4.7073679e-02  -1.7886904e-03  -1.6342263e-03  -7.9025990e-05
   1.0262084e-01   1.9021067e-01   1.0328375e-01  -1.6413528e-03  -1.5334290e-03   8.1085081e-05
   1.0913953e-01   2.1287567e-01   5.3755417e-02  -1.8380417e-03  -1.7580295e-03   3.5195518e-05
   1.1934963e-01   1.9398046e-01   1.0742721e-01  -1.5983206e-03  -1.8842990e-03  -1.6140067e-04
   1.1883839e-01   2.0748046e-01   3.0600740e-02  -2.1426291e-03  -2.0524162e-03   1.6820076e-04
   1.2465636e-01   2.0852767e-01   6.8783177e-02  -2.3160236e-03  -2.1921804e-03  -7.6520484e-05
   1.2472228e-01   1.7522361e-01   4.6898431e-02  -1.6585487e-03  -1.9639577e-03  -3.2707707e-04
   1.0903703e-01   1.9350212e-01   8.2759832e-02  -1.4073676e-03  -1.8954131e-03  -2.0973734e-04
   1.1476300e-01   1.9407939e-01   7.5456727e-03  -2.4428271e-03  -2.3683732e-03  -7.0062627e-05
   8.5019156e-02   1.2840248e-01  -8.7649776e-02  -3.9099142e-04  -2.3225504e-03  -2.7419254e-04
   6.5271162e-02   8.1647083e-02  -1.3176667e-01  -7.1864317e-04  -2.3284056e-03  -4.0564098e-04
   9.9236494e-02   1.7626648e-01   1.1888251e-01  -9.3965387e-04  -2.5555194e-03  -3.5622053e-04
   1.3437597e-01   1.0248380e-01  -1.8516794e-02  -1.3568168e-03  -2.5265030e-03  -2.3671155e-04
   1.2084605e-01   1.9335401e-01   2.1223290e-02  -2.1680943e-03  -2.4870914e-03   1.8295979e-04
   1.1209203e-01   1.3331143e-01  -1.2576083e-03  -1.5698014e-03  -2.7009864e-03   7.3327041e-05
   1.1207919e-01   2.2287022e-01   3.5977844e-02  -2.1833267e-03  -2.5170752e-03   2.3749047e-04
   9.6821901e-02   1.6035474e-01   1.0464109e-02  -1.8615366e-03  -2.4220880e-03   2.1306992e-04
   1.0121848e-01   2.0003804e-01   6.7249271e-02  -1.8016768e-03  -2.5998909e-03   3.6550408e-04
   1.0637701e-01   1.6861733e-01   4.8782686e-02  -1.5056880e-03  -2.5218656e-03   1.3874671e-06
   1.1298239e-01   1.8450763e-01   4.4530577e-02  -1.5739807e-03  -2.7602222e-03   1.0459941e-04
   1.0861425e-01   2.2165521e-01   4.9138059e-02  -2.1639530e-03  -2.5033129e-03   5.2030911e-05
   1.1932629e-01   1.8625777e-01   5.3100219e-02  -1.7017638e-03  -2.7247035e-03   3.8241081e-05
   1.1119229e-01   2.1954569e-01  -2.9293903e-04  -2.7754273e-03  -2.4621781e-03   1.2091757e-04
   1.0869715e-01   2.1539471e-01  -1.1981240e-02  -3.5560062e-03  -2.6911315e-03   1.6608030e-04
   1.1759184e-01   2.3975499e-01  -2.5457177e-02  -3.5869189e-03  -2.6455214e-03   2.4677592e-04
   1.2090027e-01   2.1842039e-01   8.3163650e-03  -3.5548986e-03  -2.8688399e-03   4.8925533e-04
   1.1118016e-01   2.3148104e-01   1.4620079e-02  -3.5133012e-03  -2.8283976e-03   5.6486833e-04
   1.1195835e-01   2.3831894e-01   3.3843164e-02  -3.5631600e-03  -2.7526363e-03   5.1531511e-04
   1.0910825e-01   2.6233664e-01   2.8932020e-03  -3.9868921e-03  -2.6232461e-03   6.4607859e-04
   1.1305931e-01   2.4876256e-01   2.4100975e-02  -4.0193607e-03  -2.8502734e-03   7.4126296e-04
   1.2309368e-01   2.5847176e-01  -1.2101762e-02  -4.2489194e-03  -2.9048374e-03   7.2748248e-04
   1.1730643e-01   2.5792423e-01   4.7283067e-02  -3.7682860e-03  -2.8080885e-03   2.9456114e-04
   1.2975850e-01   2.5795693e-01  -3.4179461e-02  -4.2621292e-03  -2.7447915e-03   1.0964733e-04
   1.3447629e-01   2.2633619e-01  -4.3951915e-02  -3.9489748e-03  -3.0106960e-03   7.0746143e-05
   1.3167541e-01   2.5802885e-01  -3.6823397e-02  -5.2520077e-03  -3.1212227e-03   2.6423303e-04
   1.4107262e-01   1.5701083e-01  -1.2433158e-01  -2.7020841e-03  -3.5670409e-03   6.9384099e-05
   1.3039431e-01   2.5150218e-01   1.4439631e-01  -3.7412953e-04  -3.8255893e-03   2.4393075e-05
