   0.0000000e+00   0.0000000e+00   0.0000000e+00   0.0000000e+00   0.0000000e+00   0.0000000e+00
   3.3372661e-03  -2.7778451e-02   6.2833925e-02   3.2179034e-04  -2.6255192e-04   1.5358489e-04
  -5.6476135e-03  -3.9575358e-03   1.2180523e-01   3.3306748e-04  -1.4862896e-04   1.8766305e-04
  -4.7983477e-03   9.2016714e-03   8.5672172e-02   6.0663088e-04   4.9327743e-06   1.6306577e-04
   5.0679138e-04  -3.7186979e-02   8.2130458e-02   6.8291285e-04  -1.1865644e-04   3.2448116e-04
  -9.2494221e-03  -2.2200746e-02   1.1478551e-01   9.1302649e-04  -4.2826796e-05   2.3521976e-04
  -1.0007556e-02   1.5686971e-02   1.2924594e-01   1.0797387e-03  -5.2327232e-04   2.9423853e-04
  -1.8297937e-02  -1.6288096e-02   9.2493659e-02   1.0342951e-03  -6.6259797e-04   2.5445069e-04
  -3.1373632e-02  -6.5384584e-03   1.2476107e-01   1.6158502e-03  -8.7522816e-04   3.2212970e-04
  -3.5976704e-02   2.3582236e-02   1.5820319e-01   1.6445614e-03  -1.2922999e-03   2.5340162e-04
  -4.0867279e-02   3.6942968e-02   1.3401074e-01   1.3807536e-03  -1.4632564e-03   2.7663191e-04
  -3.7530245e-02   2.3481852e-03   1.6225900e-01   1.8318239e-03  -1.5697711e-03   1.9708051e-04
  -4.9340156e-02   2.9412579e-02   1.3946942e-01   1.3264824e-03  -1.4732668e-03   2.8701441e-04
  -5.4314468e-02   2.6817074e-03   1.6240761e-01   1.7475854e-03  -1.8691410e-03   2.6680280e-04
  -3.4939907e-02   2.9301326e-02   1.9963785e-01   1.5535310e-03  -2.2001954e-03   4.6588216e-04
  -3.9665451e-02  -9.8086420e-03   1.7978689e-01   8.4113882e-04  -1.8553813e-03   2.9482451e-04
  -4.9910762e-02  -1.4862381e-02   2.1860714e-01   1.7682539e-03  -1.9695708e-03   3.4521335e-04
  -5.9243213e-02   9.2208033e-03   2.2360724e-01   1.7916500e-03  -1.8672056e-03   1.8042027e-04
  -6.8810208e-02  -8.3790378e-03   1.8665613e-01   2.1036413e-03  -1.9380034e-03   1.6292009e-04
  -8.2248209e-02  -5.9459277e-03   2.0779713e-01   2.3593981e-03  -1.4685661e-03   1.2059525e-04
  -7.7498753e-02   1.4017340e-02   2.4861578e-01   2.9661341e-03  -1.8288230e-03   1.3484488e-04
  -7.5882653e-02   2.7462911e-02   1.8680583e-01   1.6346673e-03  -1.4076394e-03   1.5816644e-04
  -7.9788652e-02  -8.5083723e-03   1.7160429e-01   1.6931021e-03  -1.4800860e-03   1.3323542e-04
  -8.9295979e-02   2.7150504e-03   2.1384558e-01   1.9865225e-03  -1.2888596e-03   9.0358054e-05
  -9.5132278e-02   1.9108006e-02   1.9218296e-01   2.2337045e-03  -1.2438649e-03  -1.9195047e-04
  -1.1863361e-01  -8.6429286e-02   8.0589058e-02   7.7835700e-04  -3.0214623e-04  -7.3647853e-06
  -9.8705500e-02  -5.9716403e-03   6.1866997e-02   4.1239350e-04  -4.3086880e-04  -3.1931199e-05
  -1.0265642e-01   4.6042858e-03   1.3108621e-01   1.3907853e-03  -4.3343138e-05  -1.4680011e-04
  -1.1820124e-01   8.2058179e-03   1.4378875e-01   1.7762219e-03  -1.7122929e-04  -1.0722292e-04
  -1.3002097e-01  -9.7424619e-02   6.4932497e-02   2.6987475e-04   4.2681125e-04  -1.4409531e-04
  -1.1454315e-01   2.6375100e-02   5.3950776e-02   5.0554583e-04   2.8041489e-04  -2.1415727e-04
  -1.1149099e-01   8.9987143e-02   9.8367162e-02  -3.9718995e-05   9.6661712e-04  -3.9644381e-05
  -8.7782690e-02   6.6952943e-02   1.0587463e-01   1.7270883e-03   2.3742784e-04   5.6714241e-04
  -4.2973463e-02   2.1340666e-02   7.4425536e-02   6.8048161e-03  -1.2785241e-03   8.8345058e-04
  -1.0099730e-01   9.2133965e-02   5.4625283e-02   2.9135709e-03   2.4643780e-04   3.7128893e-04
  -1.0691089e-01   6.9471951e-02   1.7306994e-01   3.6399336e-03   2.2336555e-04   2.2201399e-04
  -1.0176590e-01   8.1328429e-02   1.7001787e-01   2.7771374e-03   7.0710221e-04  -1.1347511e-04
  -1.0369048e-01   6.9532576e-03   1.7190966e-01   2.7227578e-03   5.4309538e-04   2.1414671e-04
  -1.0680879e-01   2.9325329e-02   2.1796473e-01   2.5396444e-03   7.4012443e-04  -5.7858954e-05
  -9.2000196e-02   4.0157186e-02   2.0064200e-01   2.7511997e-03   4.3234821e-04   8.4002440e-05
  -1.0150286e-01   2.5878408e-02   1.4896010e-01   2.1707486e-03   1.0429335e-03   1.2618721e-04
  -1.0191983e-01   3.8753661e-02   1.7508788e-01   2.2113886e-03   9.6218639e-04   2.3816872e-04
  -9.9684509e-02   4.6814292e-02   1.6773081e-01   2.4663162e-03   1.0277441e-03   1.1012571e-04
  -1.0576314e-01   4.5245528e-02   1.5388974e-01   2.2597763e-03   1.0003249e-03   2.2077223e-04
  -1.0766235e-01   1.9651216e-02   1.7694339e-01   2.5788946e-03   1.2349669e-03   1.8478164e-04
  -1.2222286e-01   3.1732162e-02   1.9801189e-01   2.3306863e-03   9.3575060e-04   2.5681695e-04
  -1.1080261e-01   5.5742500e-02   1.7298007e-01   2.3267127e-03   8.7320063e-04   1.2052403e-04
  -1.1672708e-01   5.4651881e-02   1.6089279e-01   2.5459849e-03   1.0326106e-03   1.8160073e-04
  -1.2592242e-01   2.5859206e-02   1.6913451e-01   2.5660117e-03   1.3633233e-03   1.5682177e-04
  -1.2206918e-01   4.6191921e-02   2.0146719e-01   3.0106023e-03   1.2368714e-03   1.1451569e-05
  -1.1568250e-01   5.2405160e-02   1.3832566e-01   2.7852181e-03   1.5043766e-03  -9.6092218e-05
  -1.0774666e-01   6.6080998e-02   1.4816712e-01   2.6932101e-03   1.6737007e-03   3.2566665e-04
  -9.5800087e-02   9.3667826e-02   1.6515456e-01   2.7362350e-03   1.5770684e-03   4.1302766e-04
  -1.2211191e-01   6.9922746e-02   1.4091294e-01   1.8319868e-03   1.6050374e-03   2.2243987e-04
  -1.3089115e-01   7.4385303e-02   5.3081078e-02   9.8336466e-04   1.6282082e-03   7.3313501e-05
  -1.2946361e-01   9.3827673e-02   6.8707840e-02   1.4353661e-03   1.6857321e-03   1.9942155e-04
  -1.1884347e-01   6.1274798e-02  -1.6205382e-02   5.3817488e-03   1.9204238e-03   5.2751403e-04
  -1.1398409e-01   1.1553359e-01   8.8115793e-02   4.6378323e-03   1.8247900e-03   1.8674762e-04
  -1.5075798e-01   1.2935124e-01   2.1337510e-01   3.9123698e-03   1.6803059e-03   4.1821313e-04
  -1.3883669e-01   8.5541031e-02   1.7693983e-01   3.9524540e-03   1.8705091e-03   2.4896620e-04
  -1.4896330e-01   7.9448024e-02   1.7703463e-01   3.1077953e-03   2.1209917e-03   3.5524007e-04
  -1.5419589e-01   6.2014758e-02   1.3267303e-01   4.0588121e-03   2.5467866e-03  -3.4904668e-05
  -1.5346336e-01   1.0576043e-01   1.6471622e-01   3.8479464e-03   2.1455968e-03   2.8389178e-04
  -1.5297557e-01   8.2497429e-02   1.6417857e-01   3.3325373e-03   2.2085174e-03   2.1638346e-04
  -1.5516365e-01   6.8564915e-02   1.7581674e-01   2.9677116e-03   2.3667526e-03   3.2811515e-04
  -1.3849504e-01   7.6385563e-02   1.6659881e-01   2.5744831e-03   2.2580890e-03   3.7652930e-04
  -1.3910537e-01   1.0039654e-01   1.7820346e-01   3.0126938e-03   2.1744182e-03   3.2380478e-04
  -1.4706983e-01   1.0367018e-01   1.7644596e-01   3.1765607e-03   2.2677694e-03   4.6682409e-04
  -1.5567034e-01   7.2843735e-02   1.8873080e-01   3.1351334e-03   2.5530650e-03   5.0466076e-04
  -1.6718551e-01   5.6445687e-02   2.5863763e-01   3.9892901e-03   2.7004641e-03   4.9991143e-04
  -1.8184480e-01   8.2826419e-02   2.3913198e-01   3.7267216e-03   2.8812493e-03   5.2074434e-04
  -1.4100526e-01   1.0121366e-01   1.6687021e-01   2.6983878e-03   2.2745405e-03   5.4123140e-04
  -1.4024973e-01   7.5219444e-02   1.7870923e-01   2.7904065e-03   2.3347364e-03   4.3383598e-04
  -1.5568147e-01   1.0767887e-01   2.3089482e-01   3.3185611e-03   2.2611970e-03   5.5724406e-04
  -1.4673496e-01   8.6084955e-02   2.2463866e-01   3.8151207e-03   2.3045869e-03   3.1757169e-04
  -1.3529135e-01   9.0323297e-02   1.9310835e-01   3.5733746e-03   2.2494146e-03   3.5551293e-04
  -1.2547263e-01   1.0207338e-01   1.6695213e-01   3.3946396e-03   2.6095751e-03   2.8311089e-04
  -1.3038618e-01   8.9854579e-02   1.2636245e-01   1.8508518e-03   2.5232964e-03   3.5870054e-04
  -1.4300630e-01   6.6734649e-02   1.0664941e-01   2.0134826e-03   2.4854044e-03   3.5286891e-04
  -1.4774917e-01   5.7691177e-02   1.7720961e-01   2.3823207e-03   2.4528674e-03   4.8091049e-04
  -1.4878102e-01   7.0377286e-02   1.7707993e-01   3.0649668e-03   2.6499824e-03   3.9368921e-04
  -1.4212447e-01   8.9553520e-02   2.2009430e-01   2.3602240e-03   2.0475991e-03   8.0028034e-04
  -1.1201979e-01   9.8449088e-02   1.3751503e-01   2.3803955e-03   1.9531672e-03   5.7299972e-04
  -1.1042962e-01   9.0281828e-02   9.4293437e-02   2.2609574e-03   2.3675379e-03   5.8623525e-04
  -1.2358549e-01   1.2130730e-01   1.8631172e-01   2.8961433e-03   2.1515889e-03   6.5257607e-04
  -1.1025080e-01   1.1781788e-01   1.2717647e-01   2.4301135e-03   2.1563678e-03   4.3975600e-04
  -1.1221520e-01   8.9744325e-02   1.2112283e-01   2.6080575e-03   2.0903632e-03   4.2713168e-04
  -1.1559995e-01   7.6093029e-02   1.3771744e-01   2.4263556e-03   2.1903507e-03   4.8686237e-04
  -1.0494244e-01   8.8798005e-02   1.8292729e-01   2.8714580e-03   2.1723933e-03   3.4514995e-04
  -9.9577417e-02   9.4495644e-02   1.2356259e-01   2.1572047e-03   2.1614823e-03   3.9142681e-04
  -9.8095787e-02   8.2121559e-02   6.3104267e-02   1.6972086e-03   2.0818066e-03   5.5444573e-04
  -1.0284120e-01   1.0521057e-01   1.0650422e-01   1.6181412e-03   2.1166969e-03   6.9856516e-04
  -1.0239850e-01   1.2782499e-01   1.3943126e-01   2.8187442e-03   2.3956428e-03   7.1085460e-04
  -9.4361397e-02   1.1368298e-01   1.2426825e-01   2.0307407e-03   2.4991906e-03   8.6525767e-04
  -8.7379358e-02   9.3767000e-02   1.6422461e-01   2.3818331e-03   2.8887520e-03   1.0471503e-03
  -8.3513919e-02   1.3858112e-01   1.9473556e-01   2.0823782e-03   2.7248970e-03   1.4216902e-03
  -7.3486047e-02   1.4323795e-01   8.0008809e-02   1.2460883e-03   1.6188515e-03   1.1808487e-03
  -6.9841957e-02   1.3041732e-01   3.8313180e-02   1.3329511e-03   1.5158994e-03   1.0257615e-03
  -6.5119410e-02   1.1382686e-01   1.3952857e-01   2.6834266e-03   1.6000204e-03   1.2728933e-03
  -5.5217590e-02   1.6800667e-01   1.8121688e-01   3.4474287e-03   1.6435966e-03   7.9260095e-04
  -4.4934621e-02   1.4007379e-01   4.1581890e-02   1.7319145e-03   1.5241579e-03   6.2655828e-04
  -5.2464844e-02   1.3647062e-01   5.9700370e-03   3.7565419e-04   2.1965338e-03   1.0377313e-03
  -6.1837672e-02   7.3973935e-02  -1.0774494e-01   2.9823407e-03   1.3889484e-03   2.7109351e-03
  -4.4839450e-02   1.1942461e-01  -1.2152773e-03   3.7996753e-03   1.3263662e-03   1.7664285e-03
  -5.0165390e-02   1.3206764e-01   3.2452858e-02   1.7570582e-03   1.6971639e-03   1.7064246e-03
  -4.2340311e-02   1.2371022e-01   1.9746958e-02   1.8985426e-03   1.5297499e-03   1.6879793e-03
  -3.8335779e-02   1.1281100e-01   4.3911674e-02   1.8502865e-03   1.6564721e-03   1.6965976e-03
  -3.7925372e-02   1.1164365e-01   8.9117943e-02   2.1726805e-03   1.3737545e-03   1.7838472e-03
  -4.2716609e-02   1.1970382e-01   8.2652130e-02   2.2164843e-03   1.1964019e-03   1.7334443e-03
  -5.3912810e-02   9.5146825e-02   3.7726175e-02   1.8295913e-03   1.5010669e-03   1.7816619e-03
  -6.8251208e-02   1.1020969e-01   5.2309594e-02   1.2524283e-03   1.4478817e-03   1.6007970e-03
  -8.6969731e-02   1.1970991e-01   8.8092083e-02   1.4508799e-03   1.5384481e-03   1.8261218e-03
  -8.2503905e-02   1.5516707e-01   9.6985026e-02   1.5615333e-03   1.4298734e-03   1.6503731e-03
  -9.3747942e-02   1.4840249e-01   9.5245846e-02   1.2908316e-03   1.0259545e-03   2.0265441e-03
  -9.2113533e-02   1.5666108e-01   8.4133280e-02   8.6913201e-04   9.0039144e-04   2.3620222e-03
  -6.6796924e-02   1.3599394e-01   5.3648172e-02   9.7799291e-04   8.0023068e-04   2.0076276e-03
  -7.0518789e-02   1.6025034e-01   1.0064643e-01   1.4783191e-03   1.1342167e-03   2.1775200e-03
  -7.1080402e-02   1.7704017e-01   1.4249192e-01   2.3043405e-03   1.1006874e-03   1.9296572e-03
  -7.9567548e-02   1.6215548e-01   1.2210999e-01   1.5981761e-03   1.1219012e-03   1.9548275e-03
  -6.2456802e-02   1.2510184e-01   1.1267289e-01   1.8974225e-03   1.1620480e-03   2.0288231e-03
  -6.6649093e-02   1.5620266e-01   1.7299949e-01   2.6168276e-03   1.1679826e-03   2.2530568e-03
  -7.2207751e-02   1.4083789e-01   1.6283705e-01   1.7872153e-03   1.4065497e-03   2.2282782e-03
  -5.6397923e-02   1.4182523e-01   1.3790059e-01   1.9547982e-03   1.0876635e-03   2.1346032e-03
  -5.0917713e-02   1.1977679e-01   1.3800701e-01   2.4501022e-03   1.1765322e-03   2.0130524e-03
  -5.1958581e-02   1.3382067e-01   1.3021944e-01   2.5374627e-03   1.2161450e-03   2.1028256e-03
  -5.8405157e-02   1.3516605e-01   8.1809852e-02   1.0567528e-03   9.5672120e-04   2.2035912e-03
  -6.2785132e-02   1.3995287e-01   3.3373291e-02   2.4348190e-04   9.5679656e-04   2.1154790e-03
  -6.3538496e-02   1.2943489e-01   1.0810178e-01   1.2301599e-03   1.0612416e-03   2.1892178e-03
  -6.8903408e-02   1.4365212e-01   1.0046705e-01   1.2019597e-03   1.1742713e-03   2.2070266e-03
