   0.0000000e+00   0.0000000e+00   0.0000000e+00   0.0000000e+00   0.0000000e+00   0.0000000e+00
  -2.7309077e-02  -2.5126333e-02   5.1769131e-02  -3.1962323e-04  -2.8386269e-04  -1.5971559e-04
   2.8961086e-03   1.2634745e-02   3.6641045e-02   4.1375142e-04  -8.9352268e-05  -2.1398690e-05
  -2.4571388e-03   3.6467807e-02   4.5964726e-02  -2.0051887e-04   4.4289800e-05   1.9426954e-04
   1.9180814e-02  -6.6964212e-03   4.0233218e-02  -7.7869047e-05  -1.0465885e-04   6.2000370e-04
   3.7824963e-02   3.5289951e-02   1.8619590e-01  -4.6297950e-04  -1.4917993e-03   7.5091175e-04
  -2.7487362e-02   6.9977620e-02   2.9386882e-01   3.6942261e-04  -1.0187408e-04   7.7253934e-04
  -1.8389079e-02   1.1378439e-01   2.3983851e-01  -3.9872125e-04   2.4278294e-05   1.6760438e-03
  -1.1981034e-02   1.7436542e-01   2.7941146e-01  -1.1575365e-03   1.0385463e-04   1.5094667e-03
  -1.2623034e-02   1.4909604e-01   3.4865039e-01  -1.0794955e-03  -9.7525425e-06   1.6901862e-03
   3.8911719e-03   1.8632744e-01   3.5115593e-01  -9.8432016e-04   3.1518072e-04   1.6666054e-03
  -2.4445598e-02   1.3663817e-01   3.1579270e-01  -2.0092026e-03   1.6772440e-04   2.0677708e-03
  -4.7883322e-02   1.4318327e-01   1.9280354e-01  -2.0736076e-03  -1.6150263e-04   2.7661802e-03
  -2.1754749e-02   1.6644126e-01   2.5949663e-01  -2.2371307e-03   5.8288012e-04   2.4692653e-03
  -3.4179605e-02   7.2865829e-02   1.6239567e-01  -3.4036942e-03   2.0085825e-03   4.5981784e-03
  -4.5787449e-02   9.1694507e-03   1.5677260e-01  -3.7102449e-03   1.8500436e-03   3.5654230e-03
  -6.2190754e-02   1.0076317e-01   2.8254097e-01  -3.9705980e-03   2.6365690e-03   3.6155173e-03
  -5.4950258e-02   4.0924444e-02   2.3413724e-01  -3.8019610e-03   2.3904491e-03   3.5607861e-03
  -4.1849719e-02   1.1264241e-01   3.0662220e-01  -3.8769081e-03   2.8278168e-03   3.4457687e-03
  -5.6540155e-02   4.7555852e-02   2.3092128e-01  -4.2666665e-03   2.5045262e-03   3.4950857e-03
  -4.6605461e-02   1.0869628e-01   3.5683913e-01  -3.6511020e-03   3.0537679e-03   3.3866946e-03
  -5.4729371e-03   1.8105788e-01   4.8556755e-01  -3.8811972e-03   1.2001241e-03   2.9318281e-03
  -7.3631369e-02   9.6513170e-02   3.4411550e-01  -4.1016002e-03   1.7121007e-03   3.2720034e-03
  -6.0024438e-02  -1.7663550e-01   1.8722210e-01  -4.4384078e-03  -3.2257425e-04   3.0965723e-03
  -2.3105050e-02   1.0582364e-01   1.9582590e-01  -3.1759067e-03  -1.1239470e-03   2.3241961e-03
  -5.6332964e-02   7.1133616e-02   1.8887293e-01  -2.5281873e-03   7.3042087e-04   2.8576970e-03
  -6.2826122e-02   8.6656970e-02   2.4938262e-01  -2.0937939e-03   8.0563617e-04   2.5237608e-03
  -8.5745061e-02   2.8744744e-02   1.9989817e-01  -1.6024188e-03   9.5082617e-04   2.9457153e-03
  -1.2751107e-01   9.2376283e-02   2.2276253e-01  -1.0999153e-03   1.5798385e-03   3.7545094e-03
  -4.3367840e-02  -1.0882961e-01   2.7252967e-01   3.5765171e-05   1.4302397e-03   2.2548816e-03
   2.9825169e-02  -4.3951619e-01   6.4174991e-02  -5.5850326e-03   1.5024561e-03   1.8576879e-03
  -2.6309296e-02  -4.2251976e-01   8.1395243e-02  -6.3853432e-03  -1.8487120e-03   6.8606037e-03
  -5.3560128e-03  -1.4583424e-01   1.1154567e-01  -3.0834570e-03  -1.7872052e-03   2.0056475e-03
  -7.4389361e-02  -3.2705203e-01   1.7101935e-01  -8.4288092e-04  -7.1345069e-04   3.9424858e-03
  -1.6921387e-02  -2.5741949e-01   9.3232759e-02  -1.7640737e-03  -1.9344295e-03   3.5178626e-03
  -9.9400498e-02   4.9446352e-02   1.7320822e-01  -1.7545901e-03   5.9013029e-04   3.5159739e-03
  -5.3388263e-02   2.3236342e-02   2.1061441e-01  -1.7708160e-03   1.3117714e-03   2.6871739e-03
  -1.4076607e-01   2.1511741e-02   2.5256826e-01  -2.4537170e-03   1.6916796e-03   3.7240162e-03
   6.5869007e-02   9.9396561e-02   2.8222049e-01  -7.7507873e-04   2.3292846e-03   1.7372229e-03
   6.8356998e-01   3.0981371e-01   1.7141273e+00  -1.1026911e-02   6.7912812e-04  -1.8086086e-04
   9.1756690e-03   2.0076949e-01   8.5285931e-01  -4.6907747e-03  -1.7212500e-03   2.9460159e-03
   1.7197450e-02   1.5882921e-01   3.9328375e-01  -2.0920617e-03   2.0429577e-03   2.9100433e-03
  -1.7583687e-02   1.7161324e-01   5.3728779e-01  -3.8469002e-03   1.7501629e-03   3.9683980e-03
  -3.8586878e-03   1.4705554e-01   3.3037073e-01  -3.3692728e-03   2.7878428e-03   3.6075065e-03
  -4.7201109e-03   1.6523602e-01   5.1392661e-01  -4.0020417e-03   1.7730691e-03   3.8936446e-03
  -3.2298581e-03   1.8610883e-01   3.6719939e-01  -3.1945032e-03   2.5250182e-03   3.8065549e-03
  -1.5249296e-02   1.8091783e-01   4.5554754e-01  -4.4077270e-03   2.2902503e-03   3.9355425e-03
   7.8052714e-03   1.5498928e-01   3.9223782e-01  -3.6941941e-03   2.9221355e-03   4.3006402e-03
  -1.8846035e-02   1.5510338e-01   5.0583326e-01  -4.9118739e-03   1.8240575e-03   3.8333780e-03
  -4.0180810e-02   1.0898656e-01   3.4822685e-01  -4.4972179e-03   3.2608319e-03   4.3320962e-03
  -2.0042777e-02   2.7917126e-01   1.0284478e+00  -5.1568651e-03   1.9340804e-03   4.6691875e-03
  -1.4887449e-02   3.0079553e-01   1.0321238e+00  -5.7202306e-03   2.5449818e-03   5.1513922e-03
  -2.8804795e-02   2.2712042e-01   7.0351575e-01  -6.0751216e-03   2.7956548e-03   5.0599984e-03
   3.1310623e-02   2.4699711e-01   9.8702944e-01  -5.7706451e-03   2.1532715e-03   6.1738393e-03
  -1.1887901e-01   1.2294377e-01   1.4636394e+00  -2.4511795e-03  -8.6807615e-04   7.6303295e-03
  -1.1639150e-01   4.2927868e-02   9.5407814e-01  -3.5865135e-04   1.0513032e-03   7.9169088e-03
  -1.2000009e-01   1.5399028e-01   7.9213530e-01  -2.2161853e-03   2.5513777e-03   6.6606412e-03
  -1.0466977e-01   1.5387610e-01   8.7997935e-01  -2.6557414e-03   2.9490194e-03   6.4579827e-03
  -1.0706376e-01   1.6060371e-01   8.5678007e-01  -2.5295344e-03   2.8240200e-03   6.4501278e-03
  -1.1573879e-01   1.2642669e-01   9.5305117e-01  -3.5409379e-03   3.3945990e-03   6.8107736e-03
  -1.0859136e-01   6.5367609e-02   9.2722939e-01  -1.7689378e-03   3.1477338e-03   6.6237851e-03
  -1.0581263e-01   8.5789356e-02   8.7944387e-01  -4.8690385e-03   3.4846277e-03   6.6412973e-03
  -8.9414618e-02   2.3052294e-01   9.1066576e-01  -6.5814142e-03   3.2621230e-03   5.9281819e-03
  -4.0622138e-02   1.9847170e-01   7.5516959e-01  -5.5917592e-03   3.3306016e-03   6.5289287e-03
  -8.7314634e-02   1.1714458e-01   5.5593805e-01  -5.1051794e-03   3.9448152e-03   8.2472164e-03
  -9.4951791e-02   1.2287959e-01   5.7055168e-01  -4.5673577e-03   4.5768822e-03   6.8438403e-03
  -9.7228325e-02   1.3936650e-01   5.4537060e-01  -4.8516310e-03   4.2902810e-03   7.4210908e-03
  -9.6539103e-02   1.8137225e-01   5.4708892e-01  -4.4957896e-03   4.8932401e-03   7.4632083e-03
  -1.0459231e-01   2.2555682e-01   5.4894962e-01  -4.7786327e-03   5.6227292e-03   7.6721293e-03
  -1.0701197e-01   1.6393500e-01   5.4433920e-01  -4.8855604e-03   6.0216959e-03   7.3822714e-03
  -9.5515763e-02   1.8089934e-01   5.5210175e-01  -4.9917468e-03   6.1863639e-03   7.5421133e-03
  -1.0018121e-01   1.2848985e-01   5.8993963e-01  -4.9891347e-03   6.3855385e-03   8.0532754e-03
  -1.1356219e-01   1.4591343e-01   6.2805563e-01  -5.2294027e-03   5.9406685e-03   8.1554759e-03
  -1.2721869e-01   1.3437480e-01   5.6452750e-01  -4.7013459e-03   6.2398425e-03   8.0455471e-03
  -9.0424240e-02   2.4079115e-01   6.1064680e-01  -4.2022788e-03   5.2577989e-03   7.5693287e-03
  -9.5111664e-02   2.6004671e-01   5.8806394e-01  -4.2782024e-03   4.8684010e-03   7.2970023e-03
  -1.4898383e-01   3.8139206e-01   1.2391386e+00  -7.2234699e-03   4.3675872e-03   8.2609352e-03
  -1.8843132e-01  -1.9830979e-01   2.9088188e+00  -4.7439680e-03   5.9456463e-03   1.4782047e-02
  -8.4094024e-02   3.2458369e-02   2.0075052e+00   9.0961921e-03   6.5987186e-03   1.0400507e-02
  -1.9141098e-01   8.2632557e-02   3.7669631e+00  -1.8741087e-02   1.1174092e-02   1.0894572e-02
  -1.4831790e-01   1.7189250e-01   2.0164822e+00  -7.8884177e-03   1.0403716e-02   1.3789583e-02
  -8.9720640e-02   3.9252285e-01   1.9164434e+00  -8.2258725e-03   1.3177731e-02   1.3859255e-02
  -6.1639878e-02   3.1261129e-01   2.0503153e+00  -8.7759438e-03   1.2576875e-02   1.4327146e-02
  -1.9659586e-02   2.2857330e-01   1.9779145e+00  -6.2823375e-03   1.4733989e-02   1.4636365e-02
  -4.9044414e-02   2.8514252e-01   2.0430013e+00  -8.4519064e-03   1.3795795e-02   1.4781287e-02
  -5.1025350e-02   3.5818058e-01   2.0272721e+00  -8.8193612e-03   1.4875123e-02   1.4993830e-02
  -1.1926265e-02   3.4026707e-01   2.0167467e+00  -1.0862809e-02   1.4274000e-02   1.5419671e-02
  -4.1997369e-02   3.2581633e-01   1.8939529e+00  -9.6992555e-03   1.5552465e-02   1.5315118e-02
   1.1264888e-01   3.8714318e-01   2.3268726e+00  -1.2192556e-02   1.0965501e-02   1.5159656e-02
   1.7171175e-01   5.3175576e-01   2.1649181e+00  -1.0515567e-02   8.6330361e-03   1.3189185e-02
   7.3897989e-02   3.5242353e-01   1.6928019e+00  -1.0151297e-02   1.1220113e-02   1.2801328e-02
   1.1809650e-01   5.1089958e-01   1.9126953e+00  -9.7639324e-03   1.1529499e-02   1.3604116e-02
   8.4123329e-02   3.8981589e-01   1.5587802e+00  -8.3755237e-03   1.1771262e-02   1.3237363e-02
   1.2775110e-01   5.0769285e-01   1.9174613e+00  -8.0753186e-03   9.9795080e-03   1.3179758e-02
   7.5272532e-02   3.6781885e-01   1.8773912e+00  -1.1347235e-02   1.0845990e-02   1.4209851e-02
   5.1171213e-02   1.6914274e-01   1.8163723e+00  -1.1635218e-02   9.2198756e-03   1.4920557e-02
   4.8243982e-02   2.9638640e-01   1.7766982e+00  -1.2355171e-02   1.0488433e-02   1.4201167e-02
   4.9481651e-02   2.8529544e-01   1.7566622e+00  -9.9206289e-03   1.1959467e-02   1.5064263e-02
   7.7109681e-02   2.9958353e-01   1.6966920e+00  -1.3410600e-02   1.1099303e-02   1.4498286e-02
   5.4059027e-02   2.8604517e-01   1.9128461e+00  -8.7301790e-03   1.0757056e-02   1.5464672e-02
   2.7736130e-01   3.6037669e-01   1.3591533e+00  -3.6575778e-02   8.5376537e-03   1.4982694e-02
   3.7447764e-01   5.8048138e-02   3.9201535e-01  -6.2311102e-02   1.0067481e-02   1.3093443e-02
   2.9286358e-01   1.5711923e-01   7.2287887e-01  -5.1888324e-02   9.7073982e-03   1.4418914e-02
   2.9204910e-01   1.6841379e-01   8.2354803e-01  -4.9167650e-02   1.0537441e-02   1.7942580e-02
   2.5178133e-01   8.4332042e-02   8.8576555e-01  -3.8792771e-02   9.0877811e-03   1.7492864e-02
   1.3883211e-01   3.6865016e-01   1.3058809e+00  -2.6777135e-02   7.5645785e-03   1.2407186e-02
   1.2585839e-01   4.6013145e-01   1.5719178e+00  -2.6709247e-02   1.0573381e-02   1.4928014e-02
   1.3856582e-01   4.4097170e-01   1.4275933e+00  -2.5557774e-02   1.0843199e-02   1.4467397e-02
   1.0712178e-01   4.3924801e-01   1.4275002e+00  -2.4672683e-02   1.2639395e-02   1.5912681e-02
   1.2549515e-01   4.6690446e-01   1.4684667e+00  -2.5115882e-02   1.2151549e-02   1.6172483e-02
   1.2954598e-01   4.6533762e-01   1.4523480e+00  -2.3971417e-02   1.3693689e-02   1.6653733e-02
   1.2409644e-01   4.6713494e-01   1.4417585e+00  -2.5776391e-02   1.3353456e-02   1.6763629e-02
   1.1270743e-01   4.4837398e-01   1.4756884e+00  -2.4107341e-02   1.3296742e-02   1.6775816e-02
   1.3959117e-01   4.5457147e-01   1.5420323e+00  -2.4424125e-02   1.3176583e-02   1.6750641e-02
   1.3503161e-01   4.4221000e-01   1.4630842e+00  -2.3885347e-02   1.3570801e-02   1.6605826e-02
   1.4644921e-01   4.4092059e-01   1.5085292e+00  -2.4704329e-02   1.3272779e-02   1.6455895e-02
   1.0566032e-01   4.2905070e-01   1.3384281e+00  -2.4196799e-02   1.3731171e-02   1.6777138e-02
   1.4472276e-01   4.6262570e-01   1.4776991e+00  -2.4955646e-02   1.3105877e-02   1.6657386e-02
   1.1991068e-01   4.5163115e-01   1.3870076e+00  -2.4112296e-02   1.3783014e-02   1.6580013e-02
   1.2965339e-01   4.5995524e-01   1.2640964e+00  -2.4618091e-02   1.3494771e-02   1.6250069e-02
   1.3092644e-01   4.5454513e-01   1.3520888e+00  -2.4277007e-02   1.3567863e-02   1.6518013e-02
   1.2644710e-01   4.4824737e-01   1.3407741e+00  -2.4438009e-02   1.3282471e-02   1.6441916e-02
   1.2096391e-01   4.5663119e-01   1.3258853e+00  -2.4264790e-02   1.3715930e-02   1.6475833e-02
   1.4064982e-01   5.3612864e-01   1.3025620e+00  -2.3795122e-02   1.3162616e-02   1.6113744e-02
   1.3095855e-01   5.3295811e-01   1.3429622e+00  -2.2782008e-02   1.2493983e-02   1.6832160e-02
   1.4106222e-01   5.3716213e-01   1.2905066e+00  -2.4067007e-02   1.2243967e-02   1.6671240e-02
   1.4093092e-01   4.9836838e-01   1.2868702e+00  -2.3387751e-02   1.2574930e-02   1.6639282e-02
   1.4300544e-01   5.2031632e-01   1.2775082e+00  -2.4621137e-02   1.2514992e-02   1.7183581e-02
   1.0977284e-01   4.6275392e-01   1.2518451e+00  -2.3192763e-02   1.2988506e-02   1.7240464e-02
