   0.0000000e+00   0.0000000e+00   0.0000000e+00   0.0000000e+00   0.0000000e+00   0.0000000e+00
  -1.2489467e-01   3.6355177e-02  -7.4461497e-02   1.7009053e-03  -5.5349640e-04  -1.3645857e-03
  -1.2965180e-01   1.1343072e-01  -3.6457817e-01   5.9732833e-03  -7.4844601e-04  -1.7090177e-03
  -9.9974125e-02   1.7227510e-01  -3.0720642e-01   8.9876939e-03  -1.0619871e-04  -1.0370988e-03
  -1.1941587e-01   2.0914537e-01  -3.3710450e-01   6.8706084e-03   1.4369189e-04  -9.0102596e-04
  -1.1409036e-01   2.2310678e-01  -2.9808180e-01   8.0722202e-03   3.7892279e-04   5.7579725e-05
  -1.2885287e-01   2.5170334e-01  -3.7164439e-01   9.6030913e-03   3.5125210e-04   5.3864459e-04
  -6.7444076e-02   3.5469738e-01  -5.1412399e-01   1.3108202e-02   8.8531771e-04   1.0235306e-03
  -4.6317771e-02   4.4900659e-01  -4.6198926e-01   1.4222018e-02   1.0032895e-03   4.6258283e-04
  -9.4972311e-03   4.8703131e-01  -5.3598955e-01   1.4927097e-02   1.1585114e-03   9.0471374e-04
   3.0603487e-03   5.1275063e-01  -5.7912320e-01   1.6281225e-02   1.2444974e-03   1.2390863e-03
  -3.0936086e-02   5.9412184e-01  -5.9727860e-01   1.6270371e-02   1.0862733e-03   1.2569032e-03
  -6.6689540e-02   6.3029437e-01  -5.5502588e-01   1.7001867e-02   1.1166231e-03   1.3578345e-03
  -3.5288525e-02   6.7210886e-01  -6.6703531e-01   1.8796591e-02   1.7806741e-03   2.4088696e-03
  -1.3468478e-02   6.4027580e-01  -7.2439507e-01   1.9376663e-02   2.4300571e-03   2.6201313e-03
   7.5024373e-03   6.9626211e-01  -6.6732285e-01   1.8944066e-02   2.8479280e-03   2.1603112e-03
  -3.3144269e-03   6.6721235e-01  -7.0977957e-01   2.0485645e-02   3.0056540e-03   1.9128063e-03
   3.1757810e-02   6.9687076e-01  -6.8844697e-01   2.1460656e-02   3.4274836e-03   2.4374698e-03
   4.7457580e-02   7.0920963e-01  -7.0114840e-01   2.1784468e-02   3.7792427e-03   2.2780803e-03
   8.4316595e-02   7.4850437e-01  -6.5877645e-01   2.1723210e-02   4.1008504e-03   2.2551702e-03
   1.1506119e-01   7.6073190e-01  -6.3346851e-01   2.1493448e-02   4.7838816e-03   2.8287129e-03
   9.7201229e-02   6.8125544e-01  -6.6073972e-01   2.2222240e-02   4.7999707e-03   2.9709279e-03
   4.8379099e-02   6.4523186e-01  -6.3687533e-01   2.3620483e-02   4.4989515e-03   2.1365231e-03
  -6.6344127e-02   6.4242603e-01  -5.7890139e-01   2.2634462e-02   3.7294469e-03   1.2840179e-03
  -9.3586131e-02   6.1821075e-01  -5.9324030e-01   2.1731894e-02   3.4959267e-03   1.3610135e-03
  -1.0260683e-01   5.2711217e-01  -8.5554705e-01   2.4104606e-02   4.7371407e-03   1.5675969e-03
  -1.2507708e-01   6.6960610e-01  -8.2357648e-01   2.4132753e-02   4.8125610e-03   1.7502342e-03
  -9.2390316e-02   6.1522170e-01  -9.2719618e-01   2.5330541e-02   5.0596183e-03   2.1160508e-03
  -4.6271285e-02   6.7027547e-01  -1.0103028e+00   2.3275525e-02   5.1171378e-03   1.6097743e-03
  -5.7090541e-02   7.2012766e-01  -1.0084682e+00   2.4580692e-02   3.7107553e-03   5.0016923e-04
  -6.5639891e-02   6.4550464e-01  -1.0687472e+00   2.6781479e-02   4.4666442e-03   1.7399604e-03
  -1.6682388e-02   6.8083666e-01  -1.0086795e+00   2.6023276e-02   5.2783845e-03   1.6167348e-03
   1.7630457e-02   6.2733947e-01  -1.0048942e+00   2.5984291e-02   5.4984234e-03   1.6774711e-03
   7.2269912e-03   5.7716777e-01  -9.8602040e-01   2.5834092e-02   5.3534374e-03   1.6636644e-03
  -2.3059482e-02   5.2623862e-01  -9.9213030e-01   2.5042494e-02   4.2451293e-03   5.6074186e-04
  -1.9244194e-02   3.3375196e-01  -1.0160861e+00   2.3961044e-02   3.4560578e-03  -2.0359318e-04
  -2.6928616e-02   2.9679578e-01  -9.9264844e-01   2.2492701e-02   3.6510110e-03   8.8383161e-04
  -4.3180963e-02   4.8082857e-02  -1.1204357e+00   1.7474288e-02   3.5173474e-03   1.2803084e-03
  -1.0064189e-01  -1.8915659e-01  -1.1764072e+00   1.6340563e-02   3.1014051e-03  -7.0788151e-04
  -7.9412771e-02  -2.1242064e-01  -1.1557190e+00   1.3946635e-02   3.3156905e-03  -1.4383801e-03
  -9.0405055e-02  -3.3275160e-01  -1.1136446e+00   1.3975968e-02   3.5384452e-03  -2.4431447e-03
  -5.0624522e-02  -5.2157296e-01  -1.2163020e+00   1.3457281e-02   4.6299223e-03  -2.6962059e-03
  -1.0369303e-01  -5.7279668e-01  -1.2480328e+00   1.4419332e-02   5.3675567e-03  -3.1316962e-03
  -5.7523372e-02  -6.5095708e-01  -1.3338426e+00   1.3935388e-02   6.8281617e-03  -3.0768900e-03
  -5.4928648e-02  -7.0459167e-01  -1.3858304e+00   1.4528219e-02   6.8904632e-03  -1.9725609e-03
   2.0511768e-02  -7.4973959e-01  -1.3492478e+00   1.4138053e-02   7.4424185e-03  -2.7842647e-03
  -3.9556394e-02  -8.2175968e-01  -1.3290450e+00   1.4505113e-02   6.9057836e-03  -3.0752143e-03
   9.1263106e-03  -8.6722629e-01  -1.2945110e+00   1.5469852e-02   7.1195912e-03  -3.7360006e-03
  -1.4187755e-02  -8.2243634e-01  -1.2668684e+00   1.7361215e-02   7.2006575e-03  -4.1559090e-03
  -3.7629244e-02  -7.8616100e-01  -1.2318356e+00   1.7168509e-02   6.2930511e-03  -4.0081875e-03
  -9.9247467e-02  -6.0504242e-01  -1.1766167e+00   2.0152590e-02   5.0111723e-03  -3.3203985e-03
  -1.5720544e-01  -3.1429183e-01  -1.0850504e+00   2.0630652e-02   4.6910225e-03  -3.8504133e-03
  -1.9481595e-01  -1.2795414e-01  -1.4618623e+00   2.2540123e-02   6.0699974e-03  -4.7246368e-03
  -2.0492904e-01  -3.2049347e-03  -1.3292786e+00   2.4850648e-02   6.6411506e-03  -5.0154472e-03
  -1.8166863e-01  -1.3229832e-01  -1.4495752e+00   2.3860866e-02   6.8863039e-03  -3.7484085e-03
  -1.4461930e-01  -1.9213335e-01  -1.3840582e+00   2.2484864e-02   7.2258064e-03  -3.9230627e-03
  -2.7385982e-02  -3.1404356e-01  -1.2802927e+00   2.2549571e-02   8.8923361e-03  -3.1326105e-03
   1.3566537e-02  -3.8913424e-01  -1.3815723e+00   2.0194355e-02   8.0367485e-03  -3.0542130e-03
  -2.3428983e-02  -4.9498531e-01  -1.4089721e+00   1.6200947e-02   7.3188538e-03  -2.9562636e-03
   1.8947059e-02  -6.3531857e-01  -1.3789042e+00   1.5988570e-02   7.5364703e-03  -3.4345425e-03
  -1.8061196e-02  -8.0664487e-01  -1.3788200e+00   1.3764892e-02   6.4981176e-03  -3.1680902e-03
   3.3872478e-02  -9.0007354e-01  -1.3868832e+00   1.3819057e-02   5.6721140e-03  -3.8709031e-03
   3.6964242e-02  -1.0269712e+00  -1.4657612e+00   1.3599840e-02   5.8845580e-03  -2.8978778e-03
   8.4903232e-02  -1.1394261e+00  -1.4330365e+00   1.5273959e-02   6.2270087e-03  -3.1138741e-03
   7.5881902e-02  -1.1920509e+00  -1.5583721e+00   1.5501817e-02   6.8018941e-03  -4.3943428e-03
   1.3555407e-01  -1.2739081e+00  -1.5302000e+00   1.5333832e-02   7.2609611e-03  -3.8073104e-03
   5.1045438e-02  -1.3365442e+00  -1.6216486e+00   1.3651030e-02   6.1793452e-03  -3.0775943e-03
   5.9177041e-02  -1.2794122e+00  -1.4524332e+00   1.4140661e-02   5.5773584e-03  -3.7341802e-03
   8.7388948e-02  -1.3756053e+00  -1.3742589e+00   1.4112188e-02   5.0868809e-03  -3.9440633e-03
   5.0842647e-02  -1.4430326e+00  -1.3412637e+00   1.4360526e-02   4.3026626e-03  -4.5859189e-03
   9.8640341e-02  -1.4759123e+00  -1.3693327e+00   1.4219048e-02   5.6088119e-03  -3.6952021e-03
   4.2587633e-02  -1.5006792e+00  -1.3593136e+00   1.4388997e-02   4.7413107e-03  -4.3266971e-03
  -2.3290965e-02  -1.5692345e+00  -1.4025514e+00   1.4026364e-02   5.7040938e-03  -3.8572058e-03
  -2.4488067e-02  -1.5847003e+00  -1.2506867e+00   1.4965610e-02   5.4150635e-03  -4.3089563e-03
   1.8612297e-02  -1.3685881e+00  -1.2738516e+00   1.9779056e-02   4.5383354e-03  -4.7121503e-03
  -2.0745175e-02  -1.0312893e+00  -1.2041952e+00   1.7529503e-02   3.2758646e-03  -5.5999123e-03
  -8.1685761e-02  -9.7222248e-01  -1.1701283e+00   2.0177386e-02   4.0886440e-03  -5.0722320e-03
  -1.1276783e-01  -7.4460919e-01  -1.4354996e+00   2.4946159e-02   4.7952931e-03  -3.2975632e-03
  -7.7905445e-02  -4.1203672e-01  -1.4456558e+00   2.6317619e-02   4.9801726e-03  -5.7348646e-03
  -1.4521793e-01  -4.0879305e-01  -1.4080380e+00   2.5353523e-02   5.3530045e-03  -5.7752589e-03
  -4.5223381e-02  -5.6748242e-01  -1.2588122e+00   2.3993917e-02   5.8063582e-03  -6.2648969e-03
   6.1484798e-02  -6.3144565e-01  -1.3724131e+00   2.4395650e-02   6.6770183e-03  -5.0928772e-03
   1.0401017e-01  -7.0108372e-01  -1.2502055e+00   2.2845557e-02   5.9759487e-03  -5.3608885e-03
   1.3991654e-01  -7.2914856e-01  -1.1487989e+00   2.5862598e-02   5.5595099e-03  -4.6592138e-03
   1.8359638e-01  -7.5201538e-01  -1.2672300e+00   2.3595850e-02   5.0253573e-03  -5.7096721e-03
   1.7168610e-01  -8.9035446e-01  -1.3366447e+00   2.2471505e-02   4.4945978e-03  -5.9217527e-03
   2.1663487e-01  -9.0943714e-01  -1.2679111e+00   2.3042347e-02   3.7877050e-03  -4.9828505e-03
   2.1840963e-01  -8.9613085e-01  -1.3990524e+00   2.3330968e-02   3.4010762e-03  -4.0534817e-03
   1.7893955e-01  -9.1334039e-01  -1.3391694e+00   2.1963414e-02   2.9503547e-03  -5.2446932e-03
   1.0870070e-01  -1.1066896e+00  -1.3944831e+00   1.9145079e-02   1.1344207e-03  -4.9756027e-03
   1.9730479e-01  -1.0790929e+00  -1.3517512e+00   1.8502266e-02   8.1934014e-04  -3.5117608e-03
   2.3559383e-01  -1.1374469e+00  -1.3477607e+00   1.9504911e-02   1.6389292e-03  -3.5778141e-03
   2.3870750e-01  -1.0462549e+00  -1.3584124e+00   1.9635235e-02   1.7358564e-03  -2.9514851e-03
   1.8948491e-01  -9.9969019e-01  -1.3462735e+00   2.1428375e-02   1.8256695e-03  -3.4819653e-03
   1.9982771e-01  -1.0407016e+00  -1.3490447e+00   2.1251189e-02   1.6909937e-03  -2.4707054e-03
   2.1704385e-01  -1.0502380e+00  -1.3176103e+00   2.3276281e-02   1.9012239e-03  -2.7974676e-03
   2.7454790e-01  -1.0389679e+00  -1.3083186e+00   2.2819156e-02   2.2791249e-03  -2.3179367e-03
   3.3019395e-01  -1.1310900e+00  -1.2364881e+00   2.3450072e-02   1.1101180e-03  -2.7108237e-03
   3.9463590e-01  -1.0448072e+00  -1.2813953e+00   2.5557063e-02   7.5742115e-04  -2.3206175e-03
   3.5848426e-01  -9.1559805e-01  -1.4177565e+00   2.8730805e-02   2.1881640e-03  -1.9597900e-03
   3.6812946e-01  -3.7198578e-01  -1.0974476e+00   2.6108437e-02   3.0201176e-03  -1.9740291e-03
   4.1349059e-01  -5.5534669e-01  -1.0184818e+00   2.4219397e-02   3.1039704e-03  -3.8032009e-04
   3.8843816e-01  -8.5799989e-01  -1.0817531e+00   2.7675389e-02   3.8564267e-03  -8.3582095e-04
   3.3052676e-01  -5.8562304e-01  -1.0424235e+00   2.5078303e-02   3.1095128e-03  -3.4787268e-03
   3.8920344e-01  -6.4985432e-01  -1.1486710e+00   2.4856373e-02   3.3418254e-03  -3.1585065e-03
   4.8047901e-01  -7.4755171e-01  -1.1271373e+00   2.2639628e-02   4.0562509e-03  -3.8097055e-03
   5.2290453e-01  -9.0270361e-01  -1.0531591e+00   2.0108683e-02   4.3147104e-03  -3.1090148e-03
   4.8202157e-01  -1.0980542e+00  -1.0686061e+00   2.0616398e-02   4.5922740e-03  -1.7912524e-03
   4.5340242e-01  -9.9729898e-01  -9.2517867e-01   1.8553560e-02   3.6831418e-03  -2.0651918e-03
   5.7008462e-01  -1.1347452e+00  -9.9500030e-01   1.6219315e-02   4.0545877e-03  -2.0624607e-03
   5.7771046e-01  -1.1991609e+00  -1.0011251e+00   1.6907066e-02   4.3654903e-03  -2.5071274e-03
   5.3517859e-01  -1.2360808e+00  -1.0496831e+00   1.6708917e-02   3.6637667e-03  -2.4392304e-03
   4.8252796e-01  -1.3681749e+00  -9.7451456e-01   1.4577858e-02   3.3291862e-03  -2.0554341e-03
   4.7558783e-01  -1.4974059e+00  -1.0784772e+00   1.5227503e-02   2.7040274e-03  -2.9338119e-03
   5.0674504e-01  -1.5364155e+00  -8.8393648e-01   1.4600886e-02   2.3595699e-03  -1.6202596e-03
   5.0874084e-01  -1.5535330e+00  -1.0563125e+00   1.4040688e-02   1.8134183e-03  -8.2723768e-04
   4.8765417e-01  -1.6293919e+00  -1.1175057e+00   1.5269886e-02   1.7847977e-03  -2.0518196e-03
   5.0439674e-01  -1.5622935e+00  -1.1360162e+00   1.4328044e-02   2.6807991e-03  -2.0144235e-03
   5.6287834e-01  -1.5106132e+00  -1.1361301e+00   1.8256858e-02   4.1237229e-03  -2.3623619e-03
   6.0318277e-01  -1.4910909e+00  -1.1353991e+00   1.6222905e-02   4.3890417e-03  -1.5689478e-03
   5.8737490e-01  -1.5594142e+00  -1.1123138e+00   1.5366244e-02   3.6530006e-03  -5.0714632e-05
   5.8501770e-01  -1.6327449e+00  -1.0561043e+00   1.6868383e-02   3.2688764e-03  -1.3335747e-03
   6.1163591e-01  -1.4725035e+00  -1.0827947e+00   1.8250248e-02   3.3309364e-03  -1.7355151e-03
   5.0611088e-01  -1.1319746e+00  -1.0474775e+00   2.2845598e-02   3.4864716e-03  -2.0789660e-03
   3.4214521e-01  -7.8720831e-01  -1.0474002e+00   2.1809636e-02   3.8106823e-03  -2.7785109e-03
   3.9122659e-01  -8.9933193e-01  -9.0174549e-01   2.0759398e-02   3.9827530e-03  -8.8937348e-04
   3.0498294e-01  -6.5279234e-01  -1.4647284e+00   2.0528394e-02   4.8142538e-03  -2.3987946e-03
   2.4523306e-01  -4.9578761e-01  -1.3740452e+00   2.0790097e-02   4.7464018e-03  -1.4583687e-03
