   0.0000000e+00   0.0000000e+00   0.0000000e+00   0.0000000e+00   0.0000000e+00   0.0000000e+00
  -2.3102652e-03   5.4006309e-02  -4.5264516e-02   1.7374112e-04   3.0646459e-05  -3.8835529e-04
  -1.9558113e-02  -4.4811345e-02  -2.2082496e-03   6.9851822e-04   2.2210266e-04  -8.4945942e-05
  -7.4625674e-03  -2.4263196e-02  -8.5353713e-03   2.5680493e-03   1.5845067e-04   9.7224813e-05
  -6.4414721e-03  -6.3270151e-02  -4.1761097e-03   2.0517852e-03   3.6144623e-04   1.6774155e-04
  -1.0882174e-02  -3.6604009e-02   3.2801250e-02   2.1388229e-03   5.0799907e-04   2.4888300e-05
  -2.8426449e-02  -6.7805449e-02  -1.1534528e-03   2.5434770e-03   1.0572960e-03   1.6263187e-04
  -4.4489704e-02  -3.8916118e-02   2.4299291e-02   2.7051235e-03   1.7309595e-03  -1.1854624e-04
  -4.6559502e-02  -1.2370753e-04   1.9750245e-02   2.7372579e-03   1.5374655e-03  -4.4078780e-05
  -4.0422100e-02  -4.6155945e-02   6.3517882e-02   2.8934930e-03   1.5681391e-03  -1.5210463e-04
  -4.3446250e-02   1.0365820e-02   5.9555725e-02   3.0026246e-03   1.4251304e-03  -8.5143089e-05
  -5.0524559e-02  -3.2750905e-02   8.4898061e-02   2.6177952e-03   1.6614377e-03   7.4847349e-06
  -6.3319575e-02  -1.2116064e-03   8.4751000e-02   3.1764360e-03   1.7844791e-03  -9.7847231e-06
  -7.0172715e-02  -1.5700376e-02   7.7504200e-02   2.8890102e-03   1.9184982e-03  -5.5989994e-05
  -5.6141785e-02  -7.8058442e-04   7.4397021e-02   3.1736996e-03   1.6834813e-03  -1.1335120e-04
  -4.9759038e-02  -1.0673205e-02   7.7115354e-02   2.3574859e-03   1.5747111e-03  -6.3668556e-05
  -4.3823686e-02  -7.5791792e-03   1.0582975e-01   2.6828109e-03   1.7096467e-03  -9.0966765e-05
  -4.7519403e-02  -8.5307438e-03   5.9427114e-02   2.4641944e-03   1.4582620e-03   2.1482285e-04
  -3.4933192e-02  -2.6989528e-02   1.1158870e-01   2.5670523e-03   1.8384521e-03   1.0954364e-04
  -4.3296483e-02   1.5091010e-03   6.2544885e-02   3.0048806e-03   1.9753786e-03   2.3290617e-04
  -4.3050969e-02  -6.1073029e-02   1.4404670e-01   3.8749758e-03   2.1929940e-03   3.6703000e-04
  -5.3965765e-02  -3.6390518e-04   3.1739892e-02   3.7755716e-03   2.4403472e-03   3.3595880e-04
  -6.2114205e-02  -4.3000950e-02   4.9234091e-02   3.3578555e-03   2.8670330e-03   4.5875301e-04
  -4.9517195e-02  -1.4934998e-02   1.7946434e-02   4.2973918e-03   2.6250686e-03   3.0489924e-04
  -5.8670133e-02  -1.9635420e-02   5.9440113e-02   3.3893559e-03   2.8929219e-03   4.7430613e-04
  -6.6008853e-02  -4.8076835e-02   6.2860961e-02   4.0557848e-03   2.8718033e-03   2.0027050e-04
  -9.5413261e-02  -2.5511031e-02   1.0294913e-01   4.0208992e-03   4.0626529e-03   4.5145143e-04
  -8.1343551e-02   6.5812848e-02   1.9312976e-01   3.7968579e-03   4.7114628e-03   1.6181679e-04
  -8.9745239e-02  -1.2321453e-02   8.8304437e-02   3.6340802e-03   4.2264939e-03   3.0532850e-04
  -9.8893494e-02   1.3840699e-03   1.3564985e-01   2.6951779e-03   4.6974838e-03   9.2768092e-05
  -9.6961748e-02   1.3894436e-02   1.0138245e-01   2.7381137e-03   4.4025971e-03   2.8045730e-05
  -1.0020770e-01  -3.8734315e-02   9.7501048e-02   2.2638256e-03   4.5133565e-03   2.6657748e-04
  -8.4574463e-02   2.4560916e-02   1.3056270e-01   2.6518873e-03   4.3745363e-03   2.0302234e-04
  -8.1101381e-02   3.8860770e-02   9.6166844e-02   2.3397173e-03   3.9592660e-03   3.9047127e-04
  -8.2822667e-02  -2.0585029e-02   1.5808806e-01   2.5247670e-03   4.1849859e-03   5.3183645e-04
  -7.3319122e-02   3.2563883e-02   1.0305654e-01   2.3348719e-03   3.9282761e-03   5.7072806e-04
  -7.6280867e-02  -2.9678113e-02   6.8270019e-02   1.9492849e-03   3.2789203e-03   8.5815135e-04
  -5.3148204e-02   1.6986065e-02   7.0076802e-02   1.7369918e-03   3.0176770e-03   1.0264865e-03
  -4.7250445e-02   4.0292601e-02   2.4787999e-02   1.4840946e-03   2.5462934e-03   1.1099319e-03
  -4.1723434e-02  -2.3834171e-03   5.9612199e-02   1.4980517e-03   2.5162252e-03   1.3692368e-03
  -4.8624539e-02   1.1271380e-02   2.6261958e-02   1.8231147e-03   2.6009557e-03   1.3929372e-03
  -4.5379612e-02  -1.1254910e-02   1.6139869e-02   1.1991194e-03   2.2367449e-03   1.4209187e-03
  -3.1555248e-02  -9.3786588e-03   8.1527398e-02   1.9179779e-03   2.4676081e-03   1.3956345e-03
  -3.9388780e-02   2.1937818e-02   2.2976309e-02   1.8103452e-03   2.3905714e-03   1.3762711e-03
  -3.9105148e-02   2.1137834e-03   6.7270174e-02   1.2996957e-03   2.1474123e-03   1.4794894e-03
  -4.9909757e-02  -2.7983656e-03   3.4142839e-02   2.3097715e-03   2.3084708e-03   1.4363844e-03
  -4.3553956e-02  -2.4604918e-02   4.8763495e-02   1.7445709e-03   2.5301894e-03   1.5335154e-03
  -5.1331575e-02   2.7783163e-02  -1.1667424e-02   1.2588101e-03   2.5562153e-03   1.3052260e-03
  -4.8470748e-02   2.6621054e-02  -2.2622488e-02   1.0392456e-03   2.0397565e-03   1.4565586e-03
  -5.6367649e-02  -1.7809377e-02  -4.7354708e-02   1.5660691e-03   2.0023114e-03   1.4030023e-03
  -4.1210466e-02   2.9305813e-03   1.6319856e-01   2.2117351e-03   2.5360564e-03   1.9303444e-03
  -9.8176055e-02   1.2799813e-01   1.7087976e-01   8.1849442e-04   4.6954678e-03   1.4315566e-03
  -2.3571816e-01  -1.9370332e-01  -3.1274471e-01   5.3281919e-03   5.2902740e-03   4.4862376e-04
  -1.4479027e-01   6.9491908e-02  -6.0395150e-02   4.0774651e-03   4.1230027e-03   7.2172532e-04
  -1.6234332e-01   4.2635005e-02   5.3068615e-02   3.0669423e-03   4.5252849e-03   5.2637983e-04
  -1.6790886e-01   5.3654197e-02  -7.7024324e-02   3.1806320e-03   3.8945017e-03   8.7309631e-04
  -1.6994746e-01  -3.0878256e-02   1.9415059e-02   3.3371202e-03   4.5696202e-03   7.1186674e-04
  -1.5506366e-01   8.5067433e-02   2.8702718e-02   2.9357536e-03   4.5088561e-03   4.8322035e-04
  -1.6358196e-01  -2.3282528e-02   2.4237873e-02   3.0187801e-03   4.6713273e-03   6.1530577e-04
  -1.5344372e-01   2.5770017e-02  -1.0149564e-02   3.5936543e-03   4.3513260e-03   6.3941638e-04
  -1.4147117e-01   1.4110373e-02  -3.2552169e-02   3.0628115e-03   3.8995686e-03   7.7947388e-04
  -1.3353312e-01   2.3505301e-02  -4.2245041e-02   3.1492786e-03   3.7559069e-03   7.2148690e-04
  -1.2757861e-01   7.1496275e-03  -6.2538295e-02   3.0647544e-03   3.3018338e-03   8.3502997e-04
  -1.1802580e-01  -5.1991509e-04  -1.6419811e-02   3.1204442e-03   3.5457416e-03   8.1230912e-04
  -1.2144212e-01   1.7561076e-02  -6.7329116e-02   3.3156478e-03   3.2810941e-03   8.9228698e-04
  -1.2255056e-01  -1.8538298e-02  -4.7247223e-02   3.4466734e-03   3.2866399e-03   1.0434321e-03
  -1.1631911e-01   4.1193556e-03  -5.3274339e-02   3.8060267e-03   3.4961764e-03   8.2246246e-04
  -1.3314843e-01   9.9826118e-03  -1.1495888e-01   2.8187712e-03   3.8472509e-03   9.6571038e-04
  -1.1752330e-01  -1.2047274e-02  -9.4262682e-02   3.4763790e-03   3.6032624e-03   7.9110652e-04
  -1.1155610e-01   4.0670480e-02  -1.6139854e-01   2.6787330e-03   3.1950054e-03   8.7362175e-04
  -1.0977664e-01  -1.5204651e-02  -8.8243332e-02   3.0597431e-03   3.0808308e-03   1.0059849e-03
  -1.1138797e-01   6.2107090e-02  -1.9485237e-01   2.8739004e-03   2.7224201e-03   1.0062689e-03
  -1.0943694e-01  -2.2813784e-02  -6.8587747e-02   2.5853016e-03   2.5829364e-03   1.1949334e-03
  -9.5082002e-02   2.9706132e-02  -2.0485741e-01   2.8382088e-03   2.0643117e-03   1.2870370e-03
  -9.5182377e-02  -2.6280690e-03   1.8058047e-01   3.4476706e-03   3.0383586e-03   1.2363237e-03
  -7.2980884e-02   1.6559933e-01   6.2364079e-01   2.5267171e-03   4.0706466e-03   6.7081879e-04
  -9.0169478e-02  -1.6104581e-02   3.2609891e-01   3.0626686e-03   3.5762734e-03   6.9820277e-04
  -1.1042323e-01   8.7521929e-02   2.5754188e-01   1.3043674e-03   4.0774140e-03   4.3198264e-04
  -1.0439915e-01   1.5596436e-02   1.8624201e-01   2.8404594e-03   3.9002863e-03   3.7470027e-04
  -7.9005229e-02   4.8387935e-02   1.7560318e-01   2.0303501e-03   3.4095349e-03   3.6364717e-04
  -8.4720915e-02  -1.9460188e-03   1.0287264e-01   2.3889102e-03   3.6596987e-03   3.7941613e-04
  -9.6767925e-02   4.4662320e-02   9.1951981e-03   8.0792385e-04   3.7531409e-03   3.1587606e-04
  -9.8188345e-02  -6.9301145e-03   2.5510106e-02   1.6458468e-03   3.7096975e-03   5.5276397e-04
  -7.3454833e-02   6.7450800e-02  -5.4844771e-02   1.5204394e-03   3.1014163e-03   5.2605772e-04
  -7.0053551e-02   5.6164642e-03  -7.9562153e-02   1.7461889e-03   1.8710997e-03   8.0048373e-04
  -6.4980395e-02   5.3913329e-02  -4.4432189e-02   1.6096889e-03   1.7913744e-03   9.0265689e-04
  -6.3493785e-02   4.9664186e-02  -1.4029430e-01   1.0880766e-03   9.4891314e-04   1.0551048e-03
  -7.4929810e-02   2.4146912e-02  -8.8557411e-02   1.4185746e-03   1.5371457e-03   9.1781161e-04
  -7.0533435e-02   6.8986813e-02  -1.5263237e-01   1.2439738e-03   1.1525341e-03   9.5312610e-04
  -6.5143389e-02  -9.2363649e-03  -1.1920704e-01   1.4431664e-03   7.3598336e-04   9.3785824e-04
  -7.4714405e-02   4.9573789e-02  -1.6667324e-01   1.5696156e-03   6.6487346e-04   8.9758866e-04
  -7.5931971e-02  -7.3364569e-03  -9.7532520e-02   1.4174538e-03   8.2203969e-04   8.3188628e-04
  -6.4145929e-02   5.2121567e-02  -1.4302370e-01   1.7743397e-03   1.9955067e-04   8.6807674e-04
  -6.7738848e-02  -4.9091053e-03  -9.6153325e-02   1.3994689e-03   3.5095480e-04   7.3474578e-04
  -7.9551307e-02   6.1551131e-02  -1.2131902e-01   1.3881392e-03   5.5752936e-04   5.3560147e-04
  -7.7771371e-02   1.4626416e-02  -1.2691169e-01   7.7097830e-04   4.4229575e-04   6.2734540e-04
  -7.7776552e-02   3.8189091e-02  -1.4819548e-01   1.6478594e-03   5.4277374e-04   6.0483612e-04
  -6.7141586e-02   5.6826666e-02  -1.4851598e-01   8.3364107e-04   2.3893392e-04   7.4435198e-04
  -5.5226977e-02   1.6658573e-02  -1.7425651e-01   1.8466434e-03  -2.3156628e-04   8.0873513e-04
  -6.5726480e-02   8.2320488e-02  -1.8072949e-01   9.5826860e-04   3.1319326e-04   6.7799942e-04
  -6.0940426e-02   1.0894353e-02  -1.6632500e-01   2.0236161e-03   5.5710728e-04   7.2100959e-04
  -4.6587855e-02   1.1909286e-01  -2.1908995e-01   2.0263342e-05   1.3863113e-04   7.6984192e-04
  -5.5643858e-02  -8.1423692e-02  -2.0224056e-01   3.5888878e-03   4.8912913e-04   6.1981327e-04
  -7.1160701e-02  -1.5807823e-03  -7.5764713e-02   3.1215095e-03   1.8569217e-03  -8.7803661e-05
  -8.3039741e-02   3.7829945e-02  -6.2873491e-02   3.0443283e-03   2.0074085e-03  -3.6260980e-04
  -8.1768477e-02   5.5496408e-02  -1.2551015e-01   3.0285469e-03   1.5481544e-03  -1.3505990e-04
  -7.6473507e-02   3.4156826e-02  -6.9344084e-02   2.7322178e-03   1.7681793e-03  -1.9201149e-04
  -7.9388909e-02   6.7331736e-02  -1.1699046e-01   2.7567880e-03   1.8795478e-03  -1.6579781e-04
  -8.0653743e-02   8.4490763e-03  -7.9301065e-02   2.6564530e-03   1.8578973e-03  -1.3872228e-05
  -7.5931806e-02   4.2131056e-02  -1.0665845e-01   3.4485553e-03   1.7029433e-03  -2.8315587e-05
  -7.4221710e-02   4.6352147e-02  -9.2841014e-02   2.5853924e-03   1.5704908e-03   9.2655417e-05
  -6.7229573e-02   1.5984628e-02  -1.2217842e-01   2.7239062e-03   8.3886698e-04   3.6653307e-04
  -6.9780470e-02   5.7518407e-02  -1.6137798e-01   1.7208035e-03   6.2231761e-04   4.9498883e-04
  -8.7238377e-02  -2.1405529e-02  -1.1149506e-01   3.0039231e-03   1.3554157e-03   4.0302201e-04
  -1.0419516e-01   7.8690548e-02  -1.4897982e-01   1.8170294e-03   1.6193255e-03   3.0626961e-04
  -9.7831823e-02  -2.1243130e-02  -1.1602921e-01   3.4832898e-03   1.8043689e-03   3.5957126e-04
  -8.9138979e-02   3.4129749e-02  -1.3328794e-01   2.7169482e-03   1.8017767e-03   5.3503103e-04
  -8.3787497e-02   1.6725546e-02  -1.2267828e-01   3.0720515e-03   1.0490107e-03   7.6838025e-04
  -8.1635743e-02   4.8928320e-02  -1.3525634e-01   2.9511465e-03   1.9828461e-04   9.5013408e-04
  -9.2303413e-02   1.3421929e-03  -1.0307129e-01   3.6136230e-03   1.1862069e-03   8.2431444e-04
  -9.0820488e-02   4.8786634e-02  -1.4002108e-01   3.9614966e-03   1.0684386e-03   9.5809572e-04
  -9.8696677e-02  -1.4259571e-02  -1.3565150e-01   3.1401079e-03   8.8721271e-04   1.0670067e-03
  -7.7321888e-02   7.9042798e-02  -1.4498359e-01   2.8190685e-03   7.1144729e-05   1.0912118e-03
  -9.1703534e-02  -8.0484929e-03  -1.0294381e-01   3.3486903e-03   6.5444433e-04   9.6754248e-04
  -9.8539318e-02   8.4752923e-02  -1.5954218e-01   2.2935728e-03   1.0617506e-03   7.3918860e-04
  -9.9968791e-02   1.9356770e-02  -1.4020326e-01   2.4156774e-03   1.0341135e-03   7.5062526e-04
  -9.6805610e-02   9.0650783e-02  -1.9957156e-01   1.7671737e-03   6.7289665e-04   6.4883986e-04
  -9.2144189e-02  -5.7637636e-04  -1.6904481e-01   1.8465964e-03   6.0878256e-04   7.9027270e-04
  -9.0558771e-02   7.8037430e-02  -1.8171303e-01   1.4909852e-03   1.0340133e-03   5.9908004e-04
