   0.0000000e+00   0.0000000e+00   0.0000000e+00   0.0000000e+00   0.0000000e+00   0.0000000e+00
  -1.0842585e-01  -2.5778904e-02  -3.1775647e-01   2.3523078e-03   1.2789364e-03   1.1231629e-03
  -1.0231169e-01   2.8718624e-01  -1.3964633e-01  -1.9587831e-03  -1.9122338e-03  -2.8476034e-04
  -2.0230666e-01   1.4417873e-01  -1.6404727e-01   3.3370283e-04  -6.3976745e-04  -9.1771822e-04
  -2.0101771e-01   2.1090957e-01   5.3129773e-02  -9.5741566e-04  -1.5617006e-03  -1.1041063e-03
  -2.4351080e-01   1.2921558e-01  -4.8038786e-03  -1.8023272e-03  -2.3642762e-03  -6.9505485e-04
  -2.3201336e-01   2.6251662e-02  -1.0075315e-01  -3.5046285e-03  -2.6024131e-03  -8.3071133e-04
  -2.0268559e-01   1.3604424e-01   8.3094436e-02  -3.0293888e-03  -2.5510109e-03  -6.0668516e-04
  -8.1347267e-02   8.5051515e-02   3.2270642e-01  -2.8098682e-03  -2.6711233e-03  -1.4556279e-03
  -3.9982190e-02  -5.8130814e-02   2.9703180e-01  -1.5542320e-03  -2.0037010e-03  -1.3710688e-03
  -5.2633605e-02  -2.1882319e-01   2.2599736e-01  -2.4986345e-03  -2.7490779e-03  -2.3822055e-03
  -3.5251410e-02  -3.2439848e-01   4.7070436e-01  -4.6247380e-03  -4.2584610e-03  -3.1304264e-03
   4.9367461e-03  -5.4362546e-01   3.4254933e-01  -4.4204955e-03  -5.8313802e-03  -3.4216866e-03
  -6.1202055e-02  -6.6931788e-01   3.1201732e-01  -6.1059562e-03  -7.5278588e-03  -3.0593436e-03
   3.0185852e-02  -6.9568374e-01   5.3429758e-01  -5.4938631e-03  -7.5368062e-03  -1.7226262e-03
   1.3122079e-01  -9.2234302e-01   5.8846434e-01  -5.8716123e-03  -7.5644520e-03  -9.5241801e-04
   1.8242419e-01  -9.1678132e-01   6.9670595e-01  -6.5961858e-03  -8.7000262e-03  -8.3155193e-04
   1.5751708e-01  -9.5045863e-01   6.9780983e-01  -6.3672626e-03  -1.0294237e-02  -2.1805576e-04
   1.6165003e-01  -9.4773780e-01   6.7026121e-01  -5.2925577e-03  -1.0371530e-02   1.9555335e-04
   1.4343136e-01  -1.0810975e+00   5.9289187e-01  -6.2070284e-03  -1.1527102e-02  -1.7348416e-05
   2.0151181e-01  -1.1395301e+00   6.6984108e-01  -6.2446551e-03  -1.2517488e-02  -5.1474371e-05
   2.2599929e-01  -1.1538409e+00   6.7209673e-01  -5.5560581e-03  -1.2329316e-02  -1.1709218e-03
   1.5599199e-01  -1.1845154e+00   6.6549392e-01  -6.1244122e-03  -1.4252933e-02  -1.9339011e-03
   8.8887083e-02  -1.1583141e+00   7.1378912e-01  -6.4607051e-03  -1.5503573e-02  -1.9974379e-03
   1.9627567e-01  -1.1657717e+00   7.3122185e-01  -4.8951598e-03  -1.4718687e-02  -7.9411300e-04
   7.9772200e-02  -1.2006742e+00   5.3264898e-01  -1.0107368e-03  -1.3942490e-02  -2.2040068e-04
  -7.4151481e-02  -1.0882286e+00   2.9836875e-01  -1.1035140e-03  -1.4083459e-02   4.2001139e-04
  -5.8095537e-02  -7.2240537e-01   3.2436938e-01   1.3843775e-03  -1.2978949e-02  -1.7042745e-03
  -9.3361536e-02  -7.6826221e-01   3.8135701e-03   6.3216690e-03  -1.2551666e-02  -1.0995797e-03
  -1.1342452e-01  -4.9083612e-01   2.2286838e-02   3.8149333e-03  -1.4018923e-02  -2.2098523e-03
  -1.2880814e-01  -3.9013509e-01   8.2535939e-02   3.2682862e-03  -1.3247471e-02  -1.9983973e-03
  -1.5995841e-02  -6.9261769e-01  -1.3325102e-02   8.5540026e-04  -1.3471388e-02  -1.1992954e-03
   4.8735650e-02  -7.1746603e-01   2.8461782e-01   2.6263077e-05  -1.4614452e-02  -1.0603920e-03
   1.1487027e-02  -9.2511420e-01   2.9507872e-01  -1.2751522e-03  -1.6322749e-02  -2.4441396e-03
   3.5425509e-02  -1.0589061e+00   2.5656454e-01  -4.9552879e-04  -1.6085338e-02  -2.4066247e-03
   5.2110370e-02  -1.0169179e+00   3.9080713e-01  -1.6465655e-03  -1.6484316e-02  -2.3545687e-03
   9.3481026e-02  -1.1300912e+00   5.1536483e-01  -1.1962324e-03  -1.7470098e-02  -1.7706917e-03
   7.1690660e-02  -1.2207218e+00   3.2242826e-01  -1.8591915e-03  -1.7654234e-02  -1.5969516e-03
   6.3235707e-03  -1.1673135e+00   2.7883968e-01  -7.6507744e-04  -1.8701285e-02  -1.2532989e-03
  -9.2110155e-02  -1.1072471e+00   1.6246890e-01   3.7843428e-04  -1.9792536e-02  -2.4524706e-03
  -8.6243465e-03  -1.1786361e+00   1.5391066e-01  -3.9766137e-04  -1.9555949e-02  -2.7691402e-03
  -2.2996443e-02  -1.0993227e+00   1.9479528e-01   2.0711323e-03  -2.0017202e-02  -2.9129986e-03
  -7.1359847e-02  -9.8332693e-01   3.3169739e-01   3.3116703e-03  -2.0622079e-02  -2.9777359e-03
  -9.3047275e-02  -1.0417966e+00   2.2023884e-01   2.8261128e-03  -2.1151444e-02  -4.3086196e-03
  -1.0080378e-01  -1.0046758e+00   1.4673872e-01   3.5444052e-03  -2.1085467e-02  -4.7970257e-03
  -1.3508383e-01  -9.5736913e-01   1.3472339e-01   2.5194484e-03  -2.1416021e-02  -4.9472598e-03
  -1.0712251e-01  -8.5749161e-01   1.2343369e-01   1.9640477e-03  -2.1937702e-02  -5.9117426e-03
  -1.2495577e-01  -1.0466743e+00   6.5110424e-02   2.3163198e-03  -2.1556904e-02  -5.1288426e-03
  -1.2900526e-01  -9.5168445e-01   7.8972328e-02   1.0858832e-03  -2.2153162e-02  -7.1975648e-03
  -2.1434911e-01  -9.1473212e-01   1.0802180e-01   3.1883117e-03  -2.2070736e-02  -6.3716468e-03
  -2.8187642e-01  -9.0821178e-01   2.3634781e-01   2.0830734e-03  -2.2104685e-02  -4.7234813e-03
  -2.2500178e-01  -7.9987819e-01   4.7652307e-01   2.0254060e-03  -1.9341708e-02  -5.2620941e-03
  -2.6892091e-01  -8.7235593e-01   1.3683730e-01   2.5269156e-03  -1.8042093e-02  -4.1659748e-03
  -2.4933518e-01  -6.6354327e-01   1.5548895e-01   5.4902936e-03  -1.8559314e-02  -5.1230769e-03
  -3.5952371e-01  -7.2720329e-01   1.3177667e-01   4.7613510e-03  -1.7744609e-02  -5.2384267e-03
  -3.1082278e-01  -6.5265528e-01   1.5577534e-01   1.5571729e-03  -1.9205208e-02  -6.8864137e-03
  -3.5524711e-01  -9.7355473e-01   2.3972028e-01   2.1438547e-04  -2.0666911e-02  -8.3881193e-03
  -4.0393366e-01  -9.8526699e-01   2.6626291e-01  -1.8200015e-03  -2.1771341e-02  -9.0092281e-03
  -3.7518827e-01  -9.5167437e-01   3.8312932e-01  -3.7201335e-04  -2.1638939e-02  -8.1726556e-03
  -4.4685609e-01  -9.9544974e-01   3.3456895e-01  -2.7820997e-03  -2.3110348e-02  -9.6268715e-03
  -5.2412159e-01  -1.0309950e+00   4.2926380e-01  -3.0973090e-03  -2.4561364e-02  -1.0987563e-02
  -6.5527853e-01  -1.0116015e+00   3.7012438e-01  -2.9467465e-03  -2.6790836e-02  -1.1689465e-02
  -7.3916154e-01  -1.1692438e+00   3.4905818e-01  -5.2840238e-03  -2.7121039e-02  -1.3949326e-02
  -7.8234865e-01  -1.0534336e+00   2.9038538e-01  -4.7341176e-03  -2.7174393e-02  -1.3693315e-02
  -7.8938191e-01  -9.9788683e-01   2.9309978e-01  -4.0589552e-03  -2.6458610e-02  -1.3244760e-02
  -7.3760811e-01  -1.0176586e+00   3.0438832e-01  -4.0569307e-03  -2.6289283e-02  -1.2024904e-02
  -7.1088156e-01  -8.5431092e-01   4.7630685e-01  -5.2773345e-03  -2.7120012e-02  -1.1457990e-02
  -6.9249370e-01  -1.0526872e+00   4.6204093e-01  -6.1365634e-03  -2.7094118e-02  -1.1739814e-02
  -7.2192250e-01  -1.0833698e+00   4.4089546e-01  -1.0091686e-02  -2.8086344e-02  -1.1880133e-02
  -8.0736819e-01  -1.0683940e+00   5.2291479e-01  -1.1578324e-02  -2.9830193e-02  -1.2394304e-02
  -7.8588431e-01  -1.0417448e+00   5.5843130e-01  -1.1207716e-02  -3.0560661e-02  -1.2587628e-02
  -8.1709713e-01  -1.1330853e+00   5.6249599e-01  -1.3148197e-02  -3.0603739e-02  -1.2885341e-02
  -8.7128555e-01  -1.2479645e+00   5.1853558e-01  -1.5787583e-02  -3.1256573e-02  -1.2763686e-02
  -8.4047009e-01  -1.2178111e+00   5.6100241e-01  -1.4937640e-02  -3.0543267e-02  -1.2093343e-02
  -8.5893342e-01  -1.1473748e+00   3.7997628e-01  -9.3860052e-03  -2.9343360e-02  -1.1909121e-02
  -6.5192314e-01  -7.8698117e-01   6.8592466e-01  -7.9973325e-03  -2.4150500e-02  -1.0270333e-02
  -6.4544169e-01  -6.4738521e-01   2.9270696e-01  -1.1091135e-02  -2.1286421e-02  -9.9864125e-03
  -6.9718999e-01  -5.6857055e-01   1.9481421e-01  -9.3893719e-03  -2.2481566e-02  -1.1756249e-02
  -7.1975676e-01  -5.7095068e-01   5.1065770e-01  -6.6911754e-03  -2.2231120e-02  -1.1213593e-02
  -7.2987613e-01  -4.4304030e-01   5.3985950e-01  -9.7386963e-03  -2.2535301e-02  -1.2006278e-02
  -6.3209261e-01  -5.8030190e-01   7.3047483e-01  -1.0999684e-02  -2.1042635e-02  -1.0379562e-02
  -6.6443606e-01  -5.7231615e-01   6.9328437e-01  -1.1407849e-02  -2.3450258e-02  -1.0917130e-02
  -7.5374834e-01  -5.1384256e-01   7.6019896e-01  -9.3708875e-03  -2.4342060e-02  -1.1786918e-02
  -7.6539035e-01  -5.9050187e-01   7.1181294e-01  -1.1526275e-02  -2.5692935e-02  -1.1416858e-02
  -7.4883505e-01  -5.9994880e-01   6.9987097e-01  -9.1088362e-03  -2.5468836e-02  -1.0492066e-02
  -6.6412243e-01  -5.7035528e-01   6.7047739e-01  -8.8568261e-03  -2.5387824e-02  -9.7889863e-03
  -6.8468420e-01  -6.1147347e-01   6.2276022e-01  -8.9865028e-03  -2.5822181e-02  -1.0605445e-02
  -5.5664957e-01  -5.6020131e-01   6.3410461e-01  -9.0737515e-03  -2.6320610e-02  -9.6923131e-03
  -4.8579069e-01  -5.7556036e-01   7.5803931e-01  -9.9920551e-03  -2.6616099e-02  -8.9645829e-03
  -4.8280636e-01  -6.7877233e-01   6.0784230e-01  -9.7120695e-03  -2.6416590e-02  -9.2741249e-03
  -4.4499213e-01  -5.8640468e-01   6.6694128e-01  -8.4532250e-03  -2.6609195e-02  -9.4917730e-03
  -4.3754064e-01  -5.3594827e-01   6.1497290e-01  -8.4321225e-03  -2.6935848e-02  -1.0000796e-02
  -3.9358436e-01  -4.4969958e-01   7.1161348e-01  -8.7153128e-03  -2.7168228e-02  -9.2667702e-03
  -4.4937447e-01  -5.9854734e-01   6.5871485e-01  -9.9646821e-03  -2.8522347e-02  -1.0650421e-02
  -4.6029900e-01  -5.5866050e-01   8.6791747e-01  -9.1297267e-03  -2.9943793e-02  -1.1137917e-02
  -4.3577316e-01  -5.8151738e-01   7.3682298e-01  -1.0599332e-02  -3.0479111e-02  -1.1148288e-02
  -5.0800611e-01  -5.9975281e-01   8.8745201e-01  -1.0270070e-02  -3.0413831e-02  -9.8605704e-03
  -4.8489518e-01  -6.4769759e-01   7.4896580e-01  -1.1067730e-02  -3.1853968e-02  -9.4437152e-03
  -5.0978350e-01  -5.8699273e-01   8.6901042e-01  -8.9714553e-03  -3.1880948e-02  -9.9939792e-03
  -4.6056515e-01  -7.4405405e-01   7.0088469e-01  -4.3140259e-03  -2.8963233e-02  -8.0459088e-03
  -5.2314421e-01  -8.5251923e-01   9.9078979e-01  -9.0392564e-03  -2.7720869e-02  -8.2673534e-03
  -4.9171921e-01  -4.8049286e-01   4.2541611e-01  -4.9709444e-03  -2.5790748e-02  -8.1110088e-03
  -4.8668205e-01  -7.1035075e-01   7.0247208e-01  -5.1393676e-03  -2.3410329e-02  -8.3275937e-03
  -5.4383327e-01  -5.9093561e-01   1.0320014e+00  -8.5287907e-03  -2.4080884e-02  -9.0179417e-03
  -3.7607856e-01  -5.1196334e-01   9.6921433e-01  -1.1418043e-02  -2.1687666e-02  -7.3252135e-03
  -1.2912994e-01  -6.4801072e-01   1.1587335e+00  -1.0573600e-02  -1.8986686e-02  -3.9102341e-03
   2.8719601e-02  -7.9373333e-01   1.1093920e+00  -1.1170143e-02  -1.7223742e-02  -2.4086319e-03
   1.1432109e-01  -9.6434166e-01   1.0937056e+00  -1.2850542e-02  -1.7413492e-02  -2.0254387e-03
   2.0923421e-02  -1.1724287e+00   9.9418621e-01  -1.4022651e-02  -1.8601969e-02  -2.5250947e-03
  -1.4935395e-02  -1.3126540e+00   1.0053894e+00  -1.4200462e-02  -1.8468725e-02  -4.1830349e-03
  -1.4046454e-02  -1.2885279e+00   1.0794576e+00  -1.3744008e-02  -1.8907417e-02  -4.5885188e-03
   7.0268564e-03  -1.2874442e+00   1.0686404e+00  -1.3789440e-02  -1.8643829e-02  -5.0255665e-03
  -6.2810386e-02  -1.1936601e+00   1.1136444e+00  -1.2458752e-02  -1.9023283e-02  -5.7319301e-03
   2.3353638e-02  -1.1672111e+00   1.1507663e+00  -1.5280119e-02  -1.7432700e-02  -6.1244110e-03
   6.7841159e-02  -1.2223284e+00   1.2085745e+00  -1.5481095e-02  -1.7008906e-02  -6.6964624e-03
   6.9338022e-02  -1.1780511e+00   1.3103050e+00  -1.4030378e-02  -1.5902688e-02  -4.5730079e-03
  -6.7099106e-03  -1.4259699e+00   9.9344625e-01  -1.6359547e-02  -1.6907502e-02  -5.1202330e-03
  -5.4395824e-02  -1.2530256e+00   1.1425600e+00  -1.4424035e-02  -1.7784785e-02  -5.9532601e-03
  -7.8199080e-02  -1.2944394e+00   1.1235977e+00  -1.4461643e-02  -1.7240826e-02  -6.5545948e-03
  -8.9060362e-02  -1.2000172e+00   1.1536430e+00  -1.3375869e-02  -1.7580232e-02  -7.3182150e-03
  -6.4059853e-02  -1.2197956e+00   1.1680793e+00  -1.4104868e-02  -1.7068118e-02  -6.4420896e-03
  -8.9780455e-02  -1.1596802e+00   1.1650491e+00  -1.5308657e-02  -1.8098007e-02  -6.4914616e-03
  -6.5739743e-02  -1.2404220e+00   1.3154379e+00  -1.3640965e-02  -1.6890391e-02  -6.5578555e-03
  -1.1231923e-01  -1.2986174e+00   1.1389993e+00  -1.1183436e-02  -1.7492495e-02  -5.7881974e-03
  -2.7230507e-01  -1.1810422e+00   1.1314909e+00  -1.1687795e-02  -1.5584844e-02  -7.8825867e-03
  -4.0811781e-01  -1.1987776e+00   6.9423814e-01  -5.3204036e-03  -1.4141596e-02  -7.1929150e-03
  -3.6901008e-01  -8.0839402e-01   1.4723929e-01  -5.9242670e-03  -1.6117889e-02  -7.4475582e-03
  -3.8260602e-01  -5.9540288e-01   3.4060371e-01  -5.1510502e-03  -1.6665012e-02  -9.7182684e-03
