   0.0000000e+00  -7.1054274e-15   0.0000000e+00   0.0000000e+00   0.0000000e+00  -8.6736174e-19
  -1.2245642e-02   3.8232231e-02   2.2362076e-02   2.9248689e-04   8.2911150e-05   1.5587317e-04
  -8.5156056e-03   2.5997027e-02   2.4066897e-02   4.1206047e-04  -1.5783456e-05   2.5770455e-05
  -8.6995139e-03   2.0225577e-02   3.3309695e-02   6.2387363e-04  -1.2807330e-05  -1.5411646e-04
  -1.5724607e-02   4.2382182e-02   4.4933631e-02   8.6084297e-04  -6.6652447e-05  -2.6962952e-04
  -1.5890623e-02   4.3901322e-02   2.0660990e-02   7.4029168e-04  -1.1498331e-04  -3.5857282e-04
  -1.5114072e-02   3.8271348e-02   5.9367524e-02   6.9892197e-04  -2.3499625e-05  -5.0823297e-04
  -2.1924968e-02   1.3246884e-02   7.8573440e-02   8.4972524e-04   1.2805503e-04  -2.2711857e-04
  -3.4860505e-02   1.6550646e-02   4.6538823e-02   6.3664425e-04  -1.6444671e-04  -2.2366494e-04
  -2.9533603e-02   3.3253530e-02   2.5364300e-02   4.4454380e-04  -3.7951005e-04  -6.2763470e-04
  -3.2303733e-02   3.7149892e-02   1.0933916e-02   3.5323366e-04  -4.7704547e-04  -9.0636048e-04
  -2.9159526e-02   2.6381023e-02   2.6210549e-03   5.9959035e-04  -9.4071008e-04  -9.0261506e-04
  -4.2471259e-02   5.8186489e-02  -1.1817693e-03   6.4383308e-04  -8.0981649e-04  -6.5046387e-04
  -6.2400330e-02   5.8603810e-02   2.0494120e-02   1.3437529e-03  -8.2826409e-04  -2.0050323e-04
  -7.4842668e-02   7.5271100e-02  -1.3192556e-02   1.0881068e-03  -1.2269586e-03   2.6326844e-04
  -8.1226866e-02   6.8726363e-02  -4.8232513e-03   1.4898469e-03  -1.0339693e-03   3.0933113e-04
  -8.1048308e-02   7.4743847e-02  -4.8521360e-03   1.5397811e-03  -1.1996496e-03   1.3439424e-06
  -6.7176706e-02   5.8573078e-02   3.1296995e-02   1.4808825e-03  -1.3656907e-03  -4.8701549e-04
  -7.3753565e-02   7.1083300e-02   1.6940837e-02   1.3454374e-03  -1.4377586e-03  -8.8737821e-04
  -6.0857291e-02   1.9747937e-02   5.5686730e-04   1.6003332e-03  -1.8112026e-03  -1.0999346e-03
  -8.1498051e-02   3.4055082e-02   3.3438958e-02   1.4717459e-03  -1.9746819e-03  -1.0328911e-03
  -9.9365422e-02   3.3039496e-02   7.3002431e-02   1.8964183e-03  -1.7656154e-03  -1.0685326e-03
  -9.8031355e-02   1.1196982e-02   5.8779242e-02   1.9043027e-03  -2.4344537e-03  -1.4059924e-03
  -9.4926401e-02   1.0800377e-02   1.1138430e-01   1.8562316e-03  -2.1436300e-03  -1.9043480e-03
  -9.8476223e-02   2.2229817e-02   1.3040908e-01   2.0547594e-03  -2.4742381e-03  -2.5335913e-03
  -9.1793356e-02   1.6315847e-03   1.4241918e-01   1.9573777e-03  -2.3332581e-03  -2.8796076e-03
  -8.5202615e-02   2.2146435e-02   1.1381348e-01   1.8828310e-03  -2.0824228e-03  -2.8841115e-03
  -9.0643750e-02   1.1570742e-02   9.8434746e-02   2.4324880e-03  -2.3191898e-03  -3.0958025e-03
  -8.6444512e-02   2.8909063e-02   8.8242163e-02   2.5096791e-03  -2.5728166e-03  -3.4597175e-03
  -9.0399308e-02   5.0876231e-02   5.9081550e-02   2.6551943e-03  -2.5211921e-03  -3.7027948e-03
  -8.8672376e-02   3.9595364e-02   8.4267096e-02   2.8956145e-03  -2.5759414e-03  -3.8738259e-03
  -9.0024788e-02   3.9692401e-02   9.5380788e-02   3.3033026e-03  -2.7199674e-03  -3.9350184e-03
  -9.7887289e-02   6.2402667e-02   7.7161388e-02   2.6009213e-03  -2.6588088e-03  -3.9968691e-03
  -9.8624239e-02   2.1043403e-02   5.2769683e-02   2.9201974e-03  -2.7587597e-03  -3.8564541e-03
  -1.0109313e-01   5.7519981e-02   5.2178384e-02   2.7319346e-03  -3.0430831e-03  -4.1340596e-03
  -1.1328935e-01   8.5797537e-02   4.3973959e-02   2.6066871e-03  -2.8114382e-03  -4.3412431e-03
  -1.1796555e-01   5.1387591e-02   4.6376368e-02   2.6955688e-03  -2.7231017e-03  -4.5098898e-03
  -1.1243576e-01   6.1439696e-02   6.5765511e-02   2.6146878e-03  -2.8339722e-03  -4.6535999e-03
  -1.1838390e-01   7.2656213e-02   5.6522703e-02   2.2843919e-03  -2.8577625e-03  -4.9255697e-03
  -1.1828898e-01   4.3915947e-02   2.9793990e-02   2.1499886e-03  -2.8242753e-03  -5.6499191e-03
  -1.1347049e-01   5.9543114e-02   3.2145250e-02   2.6045675e-03  -2.8881422e-03  -5.9621389e-03
  -1.1637571e-01   9.2058764e-02   2.6832090e-02   2.5591159e-03  -2.9471036e-03  -6.1314190e-03
  -1.1409724e-01   4.7337418e-02   2.9533421e-02   2.8170341e-03  -3.0021025e-03  -6.2808361e-03
  -1.0673883e-01   4.7877737e-02   2.9416723e-02   3.0177044e-03  -2.8738404e-03  -6.4242796e-03
  -1.2504218e-01   6.4464205e-02   6.1590903e-02   2.7615030e-03  -2.7662008e-03  -6.1734667e-03
  -1.2609613e-01   7.4626696e-02   1.0184907e-01   2.4016709e-03  -2.9186048e-03  -5.6735951e-03
  -1.0039182e-01   3.8005659e-02   1.0665260e-01   2.7662421e-03  -2.8019905e-03  -6.1188367e-03
  -9.4038391e-02   7.8555899e-02   7.3207756e-02   2.2123893e-03  -2.9203263e-03  -6.2375685e-03
  -8.1839695e-02   3.3706164e-02   8.5128573e-02   2.3956658e-03  -3.1246622e-03  -6.5079077e-03
  -9.5115799e-02   3.4053270e-02   9.4859356e-02   2.7505639e-03  -3.0963792e-03  -6.3271481e-03
  -1.0761244e-01   4.2262193e-02   5.8941908e-02   2.7490048e-03  -3.0168739e-03  -6.1442086e-03
  -1.0351697e-01   3.4069132e-02   4.7707761e-02   3.0637023e-03  -3.2067921e-03  -6.5835167e-03
  -9.5763075e-02   3.9843994e-02   7.4832925e-02   3.5610120e-03  -3.2528101e-03  -6.7125399e-03
  -9.1906878e-02   5.6481988e-02   7.4471440e-02   3.6752391e-03  -3.2490859e-03  -6.9838841e-03
  -8.6164402e-02   3.4319597e-02   8.0565397e-02   4.2129285e-03  -3.4918225e-03  -7.4372931e-03
  -9.0108614e-02   5.9526101e-02   3.5334241e-02   4.0657351e-03  -3.8518229e-03  -7.8792641e-03
  -8.9987949e-02   4.9737233e-02   4.5513453e-02   3.9814087e-03  -3.9438764e-03  -8.3715540e-03
  -8.3205989e-02   5.9645527e-02   3.6587194e-02   3.6770794e-03  -3.8758387e-03  -8.7742165e-03
  -9.2279642e-02   3.2019504e-02   2.4256545e-03   3.7407836e-03  -4.1421668e-03  -9.2324122e-03
  -9.2050524e-02   3.6925414e-02  -8.6579358e-04   3.4403220e-03  -4.4489376e-03  -9.7175309e-03
  -1.1060739e-01   5.5049062e-02  -3.6035092e-02   3.1072801e-03  -4.5180460e-03  -1.0255415e-02
  -1.2371730e-01   4.2065552e-02  -4.3400667e-02   2.6768900e-03  -4.5099442e-03  -1.0803936e-02
  -1.1442026e-01   1.1934290e-02  -4.7534199e-02   2.9873089e-03  -4.6881035e-03  -1.1129999e-02
  -1.2293665e-01   4.0162233e-02  -4.9306976e-02   2.8585648e-03  -4.7114612e-03  -1.1177334e-02
  -1.3076380e-01   2.5231156e-02  -6.2617432e-02   2.6878454e-03  -4.4742353e-03  -1.1318080e-02
  -1.3911161e-01   3.4755011e-02  -8.0142010e-02   2.5959902e-03  -4.8634423e-03  -1.1433234e-02
  -1.3726017e-01   2.5288946e-02  -7.0852545e-02   2.3252546e-03  -4.8292401e-03  -1.1783699e-02
  -1.5580912e-01   3.5820598e-02  -7.5964890e-02   1.8732256e-03  -4.7998173e-03  -1.2578441e-02
  -1.4913565e-01   9.9795406e-03  -9.1571541e-02   1.9647011e-03  -4.7726150e-03  -1.2324876e-02
  -1.5866969e-01   3.4903413e-02  -8.0583215e-02   1.8327300e-03  -5.0193762e-03  -1.2058089e-02
  -1.5764768e-01  -2.7780309e-03  -2.8384349e-02   2.8441330e-03  -4.1447951e-03  -1.1533634e-02
  -1.5662770e-01  -1.8430724e-03  -5.6668947e-02   3.3078068e-03  -3.0465371e-03  -1.1969243e-02
  -1.6492522e-01   2.4407822e-02  -6.0895673e-02   3.5260770e-03  -3.0241211e-03  -1.2467646e-02
  -1.6346237e-01  -3.2160087e-02  -4.9628172e-02   4.0390331e-03  -3.5002597e-03  -1.2661302e-02
  -1.6161191e-01  -3.5591318e-03  -3.2659292e-02   3.5242981e-03  -2.8354870e-03  -1.2771284e-02
  -1.6350923e-01  -2.4208100e-02  -6.1330707e-02   3.7110431e-03  -2.9572858e-03  -1.3068682e-02
  -1.6422659e-01  -1.2492212e-02  -1.1081252e-01   3.5702689e-03  -3.3504232e-03  -1.2970914e-02
  -1.7366277e-01   2.0504483e-02  -8.5732845e-02   3.3974006e-03  -3.0794252e-03  -1.3026292e-02
  -1.6487328e-01   5.7027259e-03  -1.1315122e-01   2.7819069e-03  -2.7639994e-03  -1.3199073e-02
  -1.5083474e-01  -1.1267893e-02  -1.0078540e-01   2.7917411e-03  -2.9063726e-03  -1.2697653e-02
  -1.5459204e-01   1.3410859e-02  -6.2928411e-02   2.9100597e-03  -3.0337803e-03  -1.3158439e-02
  -1.6425317e-01   1.8323227e-03  -7.6664960e-02   3.1398880e-03  -2.7496197e-03  -1.2701611e-02
  -1.5592143e-01  -2.6397979e-02  -7.7181074e-02   3.9107085e-03  -3.2354109e-03  -1.2619196e-02
  -1.6453732e-01  -4.8891127e-03  -8.1211766e-02   3.4015834e-03  -3.1465243e-03  -1.2520699e-02
  -1.7768609e-01  -3.6973554e-03  -1.0212612e-01   3.5589610e-03  -3.3567840e-03  -1.2184557e-02
  -1.7940642e-01  -9.8318489e-04  -1.2008831e-01   3.5728004e-03  -3.6323299e-03  -1.2357645e-02
  -1.7469989e-01   5.1733542e-03  -9.1219777e-02   3.4851620e-03  -3.4805749e-03  -1.2519045e-02
  -1.8222475e-01  -2.1355374e-02  -1.0903457e-01   3.5536619e-03  -3.6822790e-03  -1.2441249e-02
  -1.6852439e-01  -2.0310944e-02  -1.0618899e-01   3.5818417e-03  -3.7701776e-03  -1.2668748e-02
  -1.6064660e-01  -3.5760944e-04  -1.1146408e-01   3.1370391e-03  -3.5504853e-03  -1.2673504e-02
  -1.6871345e-01  -2.8227381e-02  -1.1085431e-01   3.4217913e-03  -3.9906711e-03  -1.2621212e-02
  -1.8750083e-01  -8.0526750e-03  -1.3741646e-01   3.3401483e-03  -4.1441356e-03  -1.2745679e-02
  -1.8932467e-01   2.4848363e-03  -1.1102943e-01   3.3957478e-03  -3.8958930e-03  -1.2737418e-02
  -2.0454602e-01  -3.8418690e-02  -9.4496833e-02   3.8881196e-03  -4.1171356e-03  -1.2560152e-02
  -2.0696185e-01  -1.3360625e-02   8.2218097e-02   3.8390442e-03  -3.5792871e-03  -1.1697255e-02
  -1.9095101e-01  -1.6188014e-02   5.7222148e-02   3.8200676e-03  -3.3293490e-03  -1.1996646e-02
  -2.1422514e-01  -3.3012208e-02  -6.7377687e-02   3.6420272e-03  -3.9328004e-03  -1.2720449e-02
  -2.2965008e-01  -2.1717141e-03  -7.5660608e-02   3.6650910e-03  -4.5265783e-03  -1.3633474e-02
  -2.2870617e-01  -1.4389423e-02  -6.1014199e-02   3.8783135e-03  -4.0536631e-03  -1.3935464e-02
  -2.2833393e-01  -4.7431175e-02  -8.3094492e-02   4.0280875e-03  -4.0919371e-03  -1.3686996e-02
  -2.3701858e-01  -4.4120352e-02  -1.1646901e-01   4.2677426e-03  -3.9041755e-03  -1.4089799e-02
  -2.2795661e-01  -3.3786119e-02  -1.0110759e-01   4.2966073e-03  -3.4653226e-03  -1.4207627e-02
  -2.2244777e-01  -4.7369924e-02  -1.1190458e-01   4.4727381e-03  -3.3132326e-03  -1.4195037e-02
  -2.1560090e-01  -5.1833322e-02  -1.0489072e-01   4.4372891e-03  -3.4469392e-03  -1.4049392e-02
  -2.2951011e-01  -7.5658719e-03  -8.3301560e-02   4.6453046e-03  -3.1873843e-03  -1.4043960e-02
  -2.5057409e-01  -3.6572852e-02  -7.7721659e-02   4.6710925e-03  -3.1068695e-03  -1.4209889e-02
  -2.5006077e-01  -6.4304420e-02  -8.5990987e-02   4.4611255e-03  -3.4330358e-03  -1.4825141e-02
  -2.6324858e-01  -5.2278500e-02  -8.8123551e-02   4.7678428e-03  -3.1600810e-03  -1.5233892e-02
  -2.8311865e-01  -5.2170662e-02  -9.3855232e-02   4.7237937e-03  -3.3796692e-03  -1.5082832e-02
  -2.7545294e-01  -5.5722994e-02  -5.8687052e-02   4.4037058e-03  -3.4704723e-03  -1.5512606e-02
  -2.8255072e-01  -5.7034690e-02  -4.4688945e-02   4.3073176e-03  -3.2871180e-03  -1.5934580e-02
  -2.7405983e-01  -6.3434197e-02  -7.9498242e-02   3.8036003e-03  -3.3765739e-03  -1.6082047e-02
  -2.6707787e-01  -7.7821116e-02  -9.5012727e-02   3.7831796e-03  -3.6115358e-03  -1.6392596e-02
  -2.9531971e-01  -5.5059617e-02  -1.2560914e-01   3.5068503e-03  -3.9820470e-03  -1.7057594e-02
  -3.0514278e-01  -4.9115689e-02  -1.1064896e-01   3.6961672e-03  -4.1257041e-03  -1.6996040e-02
  -3.2056608e-01  -5.9604911e-02  -1.0459419e-01   4.2852208e-03  -4.4474760e-03  -1.7180841e-02
  -3.2319878e-01  -6.2010264e-02  -9.1842626e-02   4.2475386e-03  -4.5177512e-03  -1.7242691e-02
  -3.2876772e-01  -5.0983844e-02  -9.8589727e-02   3.9335160e-03  -4.4583384e-03  -1.7476325e-02
  -3.2345044e-01  -7.1793248e-02  -8.1256811e-02   4.1927360e-03  -4.4159113e-03  -1.7370117e-02
  -3.1299100e-01  -7.5391594e-02  -5.6527325e-02   3.9770586e-03  -4.8330997e-03  -1.7315291e-02
  -3.0764998e-01  -5.4100492e-02  -6.1068108e-02   3.8683592e-03  -4.1823879e-03  -1.7356212e-02
  -2.8540691e-01  -5.8731672e-02  -6.3174216e-02   3.5848848e-03  -4.7980147e-03  -1.7183069e-02
  -2.9671124e-01  -4.9639324e-02  -7.0914807e-02   3.7514911e-03  -4.6958603e-03  -1.7591906e-02
  -2.9933915e-01  -1.9563310e-02  -1.0472875e-01   3.7190300e-03  -4.9397159e-03  -1.7529727e-02
  -2.7987543e-01  -2.8389483e-02  -6.9969153e-02   4.0762549e-03  -4.3227788e-03  -1.7141166e-02
  -2.9092808e-01   1.8981224e-02  -1.0567650e-01   3.4174520e-03  -4.7353170e-03  -1.6850912e-02
  -2.6820697e-01  -6.4722353e-02  -9.5876866e-02   3.9035415e-03  -3.1760882e-03  -1.6693341e-02
  -2.7343853e-01  -2.6718833e-02  -8.2973154e-02   4.1460368e-03  -1.7549916e-03  -1.6073674e-02
  -2.8341427e-01   2.0282614e-02  -1.5928359e-02   3.0395191e-03  -1.2971266e-03  -1.5907894e-02
