   0.0000000e+00   0.0000000e+00   0.0000000e+00  -1.3877788e-17  -3.4694470e-18  -4.8148249e-35
   4.4127466e-03   1.1484858e-01   1.2764195e-02  -1.2984016e-03   9.0651979e-05  -4.1909080e-04
   1.4598398e-02   7.2520453e-02  -1.5419159e-02  -4.9072403e-04   5.3334671e-05  -5.3016261e-04
  -6.8246580e-03   4.9764849e-02   5.8344601e-02  -1.9573128e-04  -3.5411209e-04  -9.4180704e-05
   1.1472827e-02   1.0103922e-01   7.6820874e-02  -4.0640367e-04   2.3268754e-04  -1.5168457e-04
   2.5928273e-03   2.6884793e-02   8.0583876e-02  -1.9332776e-04   1.9731513e-04  -3.4613592e-04
   2.0755873e-02   1.7131117e-01   1.5388931e-01  -1.4422814e-03   2.6030824e-04  -2.0310122e-04
   3.8129952e-02   1.8320033e-01   7.1391686e-02  -2.8166906e-03  -5.6130989e-05  -6.6222712e-04
   4.4554397e-02   8.7433972e-02   1.1452807e-01  -4.0295591e-03   1.4303890e-04  -6.9296103e-04
   4.8215720e-02   6.2418399e-02   1.6539635e-01  -5.4911454e-03   3.4658658e-04  -7.7965174e-04
   5.7138891e-02   7.5078271e-02   1.8274229e-01  -6.5809978e-03   9.0463897e-04  -7.7826729e-04
   8.2709167e-02  -5.9533315e-02   1.9300724e-01  -7.1396992e-03   1.1352399e-03  -7.9817801e-04
   7.6877799e-02   1.0134586e-01   1.7105820e-01  -8.3773817e-03   9.5478994e-04  -6.3406413e-04
   9.4551367e-02   1.4729036e-02   1.1938432e-01  -8.8347424e-03   1.4385502e-03  -1.0076944e-03
   9.4386000e-02   4.3487260e-02   1.3578229e-01  -9.8465113e-03   1.2723800e-03  -1.4033690e-03
   1.3244225e-01  -3.2311158e-02   1.3724607e-01  -1.1105871e-02   1.0617556e-03  -1.5145339e-03
   1.4873130e-01  -2.1258104e-02   1.4051845e-01  -1.2160966e-02   7.7251202e-04  -1.8011679e-03
   1.7028436e-01   6.8216206e-03   7.8659845e-02  -1.3218791e-02   3.5921251e-04  -2.0955360e-03
   2.0062269e-01   4.6108977e-02   6.8521742e-02  -1.3533734e-02  -4.6205957e-04  -2.1132196e-03
   2.0241444e-01  -1.6003370e-02   4.7534902e-02  -1.4376106e-02  -8.8394525e-04  -2.4466202e-03
   2.2975232e-01  -1.1859279e-01   9.4648551e-02  -1.4303228e-02  -7.9352857e-04  -2.5237612e-03
   1.8964708e-01   9.6667705e-02  -7.4852773e-02  -1.4854316e-02  -4.3562188e-04  -2.9788770e-03
   2.0023013e-01   1.2912808e-02  -4.1111200e-02  -1.4237070e-02  -9.2040814e-04  -3.3204898e-03
   2.0301445e-01  -9.5604359e-02   2.5863798e-02  -1.6885516e-02  -1.3052859e-03  -3.1702039e-03
   1.9179519e-01   6.7639242e-03   3.2846215e-02  -1.5669048e-02  -1.3804079e-03  -3.0171190e-03
   2.1432484e-01  -8.4283789e-02   1.7537509e-02  -1.6829763e-02  -1.1406276e-03  -3.1701766e-03
   1.9631758e-01  -1.3600497e-01   3.0926192e-02  -7.6030818e-03  -1.6618820e-03  -2.6047531e-03
   1.1605451e-01   1.0475510e-01   4.7253150e-02  -3.2588134e-03  -2.1559549e-03  -2.0905129e-03
   1.3460701e-01   5.1212602e-02  -4.0397913e-02  -7.2132215e-03  -1.7603037e-03  -2.0607002e-03
   1.3088290e-01  -6.8522359e-02   1.1731646e-01  -1.2822042e-03  -1.4278442e-03  -8.3516367e-04
   1.2269872e-01   1.6765340e-02   7.0759455e-02  -5.5009249e-03  -1.9471553e-03  -1.5670805e-03
   1.1323939e-01   7.6748761e-02   2.8296341e-02  -1.0928694e-02  -2.4515326e-03  -3.4373415e-03
   1.2970104e-01  -1.0662983e-01   8.7671748e-02  -1.2818783e-02  -2.4705942e-03  -3.4607419e-03
   1.7218003e-01  -8.7906223e-02   1.5947383e-01  -1.3640657e-02  -2.7642982e-03  -2.7493600e-03
   1.8489725e-01  -7.1137179e-02   1.0243805e-01  -1.4552443e-02  -2.5884519e-03  -2.3722309e-03
   2.0793919e-01  -2.0618185e-01   1.9310293e-01  -1.4299246e-02  -2.8111202e-03  -1.6088382e-03
   2.0470934e-01  -7.9854618e-02   1.4010637e-01  -1.5566360e-02  -3.1153591e-03  -1.4715247e-03
   2.1591509e-01  -1.2869456e-01   1.0765086e-01  -1.6102980e-02  -3.1759268e-03  -1.4675398e-03
   2.2276388e-01  -2.4519931e-01   1.0715955e-01  -1.6182664e-02  -3.3955238e-03  -1.4019562e-03
   2.2397679e-01  -2.3235070e-01   7.1664987e-02  -1.6994642e-02  -3.8541611e-03  -1.1158672e-03
   2.1976361e-01  -6.6916412e-02   2.6841523e-02  -1.7888584e-02  -3.9217947e-03  -8.7858133e-04
   2.5195567e-01  -2.2342436e-01   3.2797842e-02  -1.7265819e-02  -4.5308773e-03  -7.7446894e-04
   2.6042908e-01  -1.7151854e-01   4.0931734e-02  -1.7774919e-02  -4.8408371e-03  -5.7512442e-04
   2.6658077e-01  -8.9995118e-02  -2.4744831e-02  -1.8239745e-02  -5.3319999e-03  -7.8722452e-04
   2.5220215e-01  -2.5322449e-01   3.7920350e-03  -1.7913398e-02  -5.9902143e-03  -5.7545654e-04
   2.1893173e-01  -1.5202506e-01   9.8751242e-02  -1.7070872e-02  -6.3508562e-03   3.8840970e-05
   2.0076103e-01  -7.9129791e-02   4.6941698e-02  -1.7537960e-02  -6.3865180e-03   1.1492170e-04
   2.0679856e-01  -2.3945386e-01   6.9088340e-02  -1.7378848e-02  -6.6320692e-03  -6.2539841e-04
   1.7721757e-01  -1.3394101e-01   7.7908866e-02  -1.7746580e-02  -7.3578878e-03  -3.5094617e-04
   1.7217198e-01  -9.4220569e-02   1.7656129e-02  -1.8107117e-02  -7.6665105e-03  -7.5054494e-05
   1.7927629e-01  -1.9692381e-01  -2.7489164e-02  -1.5126115e-02  -6.6962568e-03  -4.1191346e-04
   1.6220856e-01  -1.6219265e-01  -4.7472417e-02  -1.3372431e-02  -5.9765219e-03  -1.3458557e-04
   1.7165829e-01   9.2248714e-03  -8.7613327e-02  -1.4455035e-02  -5.7399638e-03   8.7639748e-05
   1.8890294e-01  -5.2147714e-02  -6.7933691e-02  -1.4005446e-02  -5.5331894e-03  -4.3780521e-04
   1.9209529e-01  -1.9488747e-01  -5.1069574e-02  -1.4187790e-02  -5.9296989e-03   1.5165264e-04
   1.8082657e-01  -1.1827167e-01  -8.5745644e-02  -1.4924653e-02  -5.9625668e-03  -4.2161470e-05
   1.5682894e-01  -2.3191643e-02   1.0644369e-02  -1.5447905e-02  -6.0895464e-03  -2.9752215e-04
   1.6492034e-01  -1.7947813e-02  -2.1092457e-02  -1.4946671e-02  -6.0787562e-03  -7.5674455e-04
   1.9090052e-01  -1.7680663e-01   6.6510989e-02  -1.5084439e-02  -5.8002501e-03  -9.3101359e-04
   1.6383987e-01  -7.6312884e-02   3.4765219e-02  -1.6127439e-02  -6.1064036e-03  -1.1194240e-03
   1.6035492e-01  -1.7982010e-02  -1.4174624e-02  -1.6527159e-02  -6.0488327e-03  -1.3751666e-03
   1.8822419e-01  -1.4995878e-01   2.0766429e-02  -1.5853138e-02  -6.0663025e-03  -1.7333032e-03
   2.0661615e-01  -1.9547781e-01   6.8064625e-02  -1.6477633e-02  -6.2676260e-03  -1.7721891e-03
   1.9692950e-01  -6.7351779e-02   1.1309531e-02  -1.6711788e-02  -6.0972745e-03  -1.9062172e-03
   2.3194379e-01  -2.1030468e-01   3.1240316e-02  -1.6571757e-02  -6.1665087e-03  -2.0657552e-03
   2.3569124e-01  -1.6768567e-01   5.8978764e-02  -1.6917075e-02  -6.5045517e-03  -1.9672568e-03
   2.3541813e-01  -8.6732884e-02   1.9658839e-03  -1.7479449e-02  -6.0297029e-03  -1.7984980e-03
   2.8002506e-01  -2.3015137e-01   9.4390221e-03  -1.6833432e-02  -5.9411375e-03  -2.2105344e-03
   2.7920452e-01  -1.4944363e-01   3.9399875e-02  -1.7464067e-02  -6.2006339e-03  -1.6704529e-03
   3.1215639e-01  -2.2980453e-01   3.2013879e-02  -1.7033748e-02  -5.7601265e-03  -1.9723757e-03
   3.2047611e-01  -1.7574655e-01   5.9053864e-02  -1.7385805e-02  -5.6942927e-03  -1.5501181e-03
   3.5593854e-01  -1.6833272e-01  -1.5069253e-02  -1.7406573e-02  -5.3857623e-03  -2.1739389e-03
   3.9770887e-01  -2.8718661e-01   6.9355168e-02  -1.7225399e-02  -5.6480569e-03  -1.8440246e-03
   3.7645563e-01  -1.4363407e-01   4.7772905e-02  -1.7906172e-02  -5.6243475e-03  -2.2716608e-03
   4.4016304e-01  -2.4610779e-01   5.1516209e-02  -1.6860742e-02  -5.1279214e-03  -3.1089097e-04
   5.0935305e-01  -2.7377378e-01   8.3847067e-02  -1.2560690e-02  -6.0261957e-03  -1.1347751e-03
   4.5051079e-01  -5.1174885e-02   1.7959762e-02  -1.4483698e-02  -7.2944408e-03  -1.5929586e-03
   4.4639592e-01  -1.4072248e-01   5.7967329e-03  -1.5384284e-02  -8.1863386e-03  -9.5261047e-04
   4.5415773e-01  -2.3173141e-01   8.5242324e-02  -1.5493075e-02  -7.8492967e-03  -1.3821683e-03
   4.5059721e-01  -9.8360169e-02   6.5962654e-02  -1.6429643e-02  -7.7928295e-03  -1.0025121e-03
   4.8919639e-01  -2.0025145e-01   7.1800164e-02  -1.5429285e-02  -8.0820577e-03  -1.0037266e-03
   4.9146477e-01  -2.0622303e-01   6.9935386e-02  -1.6157531e-02  -8.4180664e-03  -9.4314565e-04
   4.6410693e-01  -4.5880736e-02   5.0864790e-02  -1.5627072e-02  -8.2664741e-03  -1.1052907e-03
   5.1006656e-01  -1.5847798e-01   3.4502943e-02  -1.5580027e-02  -8.7520009e-03  -1.4078120e-03
   4.9468309e-01  -2.1275817e-01   1.0207168e-01  -1.5607865e-02  -8.8740670e-03  -1.5082957e-03
   4.7141607e-01  -7.5313177e-02   4.9656482e-02  -1.5714995e-02  -8.7551329e-03  -1.8706807e-03
   5.0053923e-01  -2.4018722e-01   4.1090543e-02  -1.5567277e-02  -8.9522054e-03  -2.3241760e-03
   4.9576187e-01  -1.0776307e-01   5.1725761e-02  -1.6054181e-02  -9.3528977e-03  -2.1565523e-03
   5.2898806e-01  -2.2936597e-01   2.3974685e-02  -1.5585350e-02  -9.2045574e-03  -2.6057377e-03
   5.0778599e-01  -1.7194713e-01   8.9342049e-02  -1.6048859e-02  -9.4708449e-03  -2.6489336e-03
   5.2228265e-01  -1.2139767e-01   1.1023808e-02  -1.5912220e-02  -9.0238431e-03  -3.0171452e-03
   5.3272501e-01  -2.3206013e-01   6.7270902e-02  -1.5331242e-02  -8.9764348e-03  -3.3527515e-03
   5.3065920e-01  -9.3443343e-02   7.6525374e-02  -1.5788672e-02  -8.6629839e-03  -3.6159099e-03
   5.5000061e-01  -6.8012675e-02  -2.4488870e-02  -1.5810164e-02  -8.7743353e-03  -4.0057296e-03
   5.8318164e-01  -1.8505835e-01   4.0617282e-03  -1.5820421e-02  -8.8531565e-03  -4.3410198e-03
   6.5953172e-01  -1.5236741e-01   1.2809552e-01  -1.6248422e-02  -8.2600688e-03  -5.0084818e-03
   6.9917630e-01  -1.4427390e-01   1.2292252e-01  -1.5414796e-02  -7.3197113e-03  -5.6183225e-03
   7.9008084e-01  -2.5903411e-01   1.9758234e-01  -1.5249354e-02  -7.0958092e-03  -6.4140157e-03
   7.5552195e-01  -1.5731305e-01   1.8086920e-01  -1.4864519e-02  -6.6309050e-03  -6.9730881e-03
   6.3497309e-01  -8.9216166e-02  -1.9258822e-02  -1.2320940e-02  -7.1711120e-03  -5.9351507e-03
   6.3385349e-01  -1.9496687e-02   1.0722380e-02  -1.1356540e-02  -5.8951033e-03  -5.9091816e-03
   6.1577158e-01  -9.9251966e-02   9.1342286e-03  -5.1923895e-03  -6.8004551e-03  -6.0414583e-03
   5.8553527e-01   2.0495675e-02  -7.9494911e-03  -9.0866667e-03  -7.1125470e-03  -6.7378644e-03
   6.1104883e-01   4.9075663e-02   6.8162206e-02  -9.8928233e-03  -6.7135559e-03  -6.0652405e-03
   6.4506562e-01  -1.2740994e-01   7.9017162e-02  -1.2155947e-02  -6.7307435e-03  -6.7518558e-03
   6.4086762e-01  -3.5070861e-02   9.9973910e-02  -1.2583364e-02  -7.0447441e-03  -6.7601198e-03
   6.5816705e-01  -2.1083205e-05   2.5709815e-02  -1.3365923e-02  -7.0298846e-03  -6.7119740e-03
   7.1961174e-01  -1.5713672e-01   1.1637531e-01  -1.2590473e-02  -6.4686476e-03  -6.4163346e-03
   7.2868180e-01  -6.1078279e-03   1.0795191e-01  -1.4460365e-02  -6.5315965e-03  -5.9373538e-03
   7.5684473e-01  -1.2090392e-01   1.2680477e-01  -1.3263862e-02  -6.4426540e-03  -6.6196405e-03
   7.7623736e-01  -8.7316174e-02   1.9689627e-01  -1.3500045e-02  -6.2201795e-03  -6.7716054e-03
   7.7436517e-01  -1.0836124e-01   1.6469134e-01  -1.3369540e-02  -6.5117113e-03  -6.5969404e-03
   8.0925535e-01  -1.4574544e-01   2.3062723e-01  -1.3891558e-02  -6.3141112e-03  -6.6421569e-03
   8.1531316e-01  -5.6831843e-02   1.2356968e-01  -1.3814552e-02  -5.9353659e-03  -6.5281402e-03
   8.1542958e-01  -1.9226778e-01   2.3049702e-01  -1.3315215e-02  -6.0948348e-03  -6.0094500e-03
   8.4159087e-01  -7.2935770e-02   1.8693593e-01  -1.3945428e-02  -5.9416434e-03  -5.9600699e-03
   8.4265208e-01  -1.6230336e-01   2.1416774e-01  -1.3652890e-02  -5.5689349e-03  -6.1706781e-03
   8.6165667e-01  -1.1755083e-01   2.0808360e-01  -1.3625521e-02  -5.5869850e-03  -6.3556270e-03
   8.8042662e-01  -2.0484747e-01   2.4892966e-01  -1.3366926e-02  -5.5552090e-03  -6.4223197e-03
   8.8638704e-01  -1.1811678e-01   2.3764671e-01  -1.3589791e-02  -5.2449850e-03  -6.2594262e-03
   9.0745638e-01  -1.7817203e-01   2.4003978e-01  -1.3454354e-02  -4.9510095e-03  -6.3364211e-03
   8.8911494e-01  -6.2128466e-02   2.0962736e-01  -1.3454676e-02  -4.5933356e-03  -6.0061116e-03
   9.1159379e-01  -1.7141806e-01   2.0221565e-01  -1.3287723e-02  -4.5587254e-03  -6.2591344e-03
   8.9762834e-01  -1.4070245e-01   2.4790681e-01  -1.3125757e-02  -4.4814555e-03  -6.3085758e-03
   8.4105721e-01  -1.7778087e-01   2.6803195e-01  -1.2650900e-02  -4.1766152e-03  -6.2298172e-03
   8.4891940e-01  -9.6333541e-02   3.1031411e-01  -1.2075986e-02  -4.3588201e-03  -6.4453248e-03
   8.4222650e-01  -1.6875802e-01   2.8234118e-01  -1.2258504e-02  -4.4923600e-03  -6.4314175e-03
   8.4154197e-01  -1.0244056e-01   3.1131419e-01  -1.2056447e-02  -4.4638933e-03  -6.4201541e-03
   8.2716066e-01  -2.2108591e-01   2.8498119e-01  -1.1820697e-02  -4.6535438e-03  -6.2754284e-03
