   0.0000000e+00   0.0000000e+00   0.0000000e+00   0.0000000e+00   0.0000000e+00   0.0000000e+00
  -4.3420673e-03  -5.2757187e-01  -1.3826573e-01   1.4166184e-04   5.0548190e-03   1.0927387e-02
  -2.4852732e-02   6.6107311e-02  -4.3400152e-01   3.0477063e-03   1.2271349e-02   1.3959824e-02
  -7.3546094e-02   1.8803238e-01  -2.7388436e-01   1.1893586e-03   1.4998557e-02   1.5369863e-02
  -5.4085281e-02   1.3638194e-01  -3.7804177e-01   1.4719675e-03   1.4802511e-02   1.5319582e-02
  -6.4164859e-02   1.4802244e-01  -2.0979995e-01   1.3307458e-03   1.4645817e-02   1.5680596e-02
  -6.5317100e-02   9.9066212e-02  -3.4651872e-01   1.5423518e-03   1.4997037e-02   1.5985712e-02
  -6.0927809e-02   1.6750298e-01  -2.5019762e-01   9.3341639e-04   1.5057631e-02   1.6038916e-02
  -6.4337441e-02   1.3199830e-01  -4.1625397e-01   1.3682890e-03   1.5393904e-02   1.6156967e-02
  -6.2821748e-02   1.6586690e-01  -2.8296959e-01   6.1491209e-04   1.5499700e-02   1.6349859e-02
  -6.3388589e-02   1.1622661e-01  -4.3778190e-01   1.1232168e-03   1.5766829e-02   1.6478055e-02
  -4.8909647e-02   1.7673071e-01  -3.0658014e-01   1.6044563e-04   1.5873320e-02   1.6743315e-02
  -5.6017210e-02   1.2229136e-01  -4.5181220e-01   8.7307542e-04   1.6230417e-02   1.6793587e-02
  -5.2512474e-02   1.9560434e-01  -2.7775218e-01   2.1076487e-04   1.6627639e-02   1.7008634e-02
  -5.6208858e-02   1.1434018e-01  -4.5422212e-01   6.7513509e-04   1.6985402e-02   1.6859574e-02
  -4.5452492e-02   1.9294976e-01  -2.8509679e-01   3.5253304e-05   1.6978214e-02   1.6778149e-02
  -4.9937372e-02   1.1433137e-01  -4.8000303e-01   8.3140245e-04   1.7294355e-02   1.6900283e-02
  -2.9989763e-02   1.9732149e-01  -2.3907057e-01  -2.6180164e-04   1.7515009e-02   1.7279676e-02
  -4.1759060e-02   1.3635705e-01  -4.4882552e-01  -3.9877531e-04   1.7963873e-02   1.7691108e-02
  -3.0692678e-02   2.1146198e-01  -1.9893752e-01  -8.4147079e-04   1.8073123e-02   1.8056258e-02
  -5.2688113e-02   1.5053527e-01  -5.6789607e-01  -4.1475172e-04   1.8792746e-02   1.8114623e-02
  -2.3301903e-02   2.2386074e-01  -2.0508810e-01  -1.4760218e-03   1.8619248e-02   1.8473036e-02
  -5.3105402e-02   9.9110606e-02  -5.8185851e-01  -2.9211884e-04   1.9224658e-02   1.8902321e-02
  -3.2108511e-02   2.2865444e-01  -6.9959320e-02  -1.1693826e-03   1.8712091e-02   1.8490049e-02
  -7.1086509e-02   2.4379603e-02  -7.7822425e-01  -4.3506186e-05   1.9648115e-02   1.9146350e-02
  -3.6211532e-03   2.8593381e-01   9.3478571e-02  -1.6424676e-03   1.9243182e-02   1.8995680e-02
  -1.9904074e-01  -7.1426352e-01  -3.2101223e+00   4.8567704e-03   2.8056186e-02   1.2445671e-02
  -3.1190489e-01  -7.5884103e-01  -2.8201969e+00   4.0668201e-03   2.3490223e-02   1.9470401e-02
  -1.8924919e-01  -7.3446431e-02  -2.0585684e+00   1.6301130e-02   2.2556463e-02   1.3456677e-02
  -1.0109208e-01  -6.7495519e-02  -3.7983166e-01   5.7442769e-04   1.8976422e-02   1.4046293e-02
  -1.9759968e-01  -2.5338255e-01  -4.5636895e-02  -1.2915242e-03   1.5425615e-02   9.6816711e-03
  -2.9263593e-01  -3.6249577e-01  -1.4760874e+00   6.9069028e-03   1.8377278e-02   1.1239115e-02
  -1.8014559e-01   7.5370313e-02  -8.0598510e-01   4.4420583e-03   1.9692029e-02   1.4762538e-02
  -2.2786819e-01  -4.0283316e-02  -1.2194958e+00   6.0053615e-03   2.0298110e-02   1.4700261e-02
  -1.7085629e-01   8.5174148e-02  -8.1585996e-01   4.2427587e-03   1.9913130e-02   1.4858170e-02
  -2.1070164e-01  -6.3211559e-03  -1.1608571e+00   5.1552762e-03   2.1174962e-02   1.5312921e-02
  -1.7503840e-01   7.4824276e-02  -8.9663415e-01   3.7888567e-03   2.0585681e-02   1.5615732e-02
  -1.9742878e-01  -2.2128766e-02  -1.1629294e+00   4.7735211e-03   2.1136476e-02   1.5504518e-02
  -1.6488402e-01   6.9535964e-02  -8.8060873e-01   3.8809694e-03   2.0819939e-02   1.5806090e-02
  -1.8538607e-01   2.2256208e-02  -1.1086321e+00   4.6839620e-03   2.1299931e-02   1.5890719e-02
  -1.4973770e-01   8.1006185e-02  -9.2252408e-01   3.6250887e-03   2.0929553e-02   1.7341896e-02
  -1.7257982e-01   2.0603311e-02  -1.1426351e+00   3.9291364e-03   2.1537380e-02   1.7176832e-02
  -1.5567146e-01   8.6431693e-02  -9.7363529e-01   3.1526753e-03   2.1146895e-02   1.6921297e-02
  -1.8421781e-01   3.7317823e-02  -1.1032744e+00   3.8716306e-03   2.1563196e-02   1.6333453e-02
  -1.7837424e-01   6.6127865e-02  -9.3927079e-01   3.4572083e-03   2.1279448e-02   1.6375330e-02
  -1.9100581e-01   4.1992852e-02  -1.0835683e+00   4.1012868e-03   2.1496898e-02   1.6178320e-02
  -1.8978685e-01   8.3777961e-02  -9.9062463e-01   3.2782493e-03   2.1491494e-02   1.6506955e-02
  -1.8590854e-01   3.7340115e-02  -1.0915438e+00   3.9654276e-03   2.1592202e-02   1.6302775e-02
  -1.7816562e-01   6.6562611e-02  -9.2987631e-01   3.3800069e-03   2.1335780e-02   1.6535988e-02
  -1.8953543e-01   2.9614387e-02  -1.0311823e+00   4.0878953e-03   2.1710489e-02   1.6437576e-02
  -1.8802295e-01   4.8452287e-02  -9.6697882e-01   4.2345046e-03   2.2049671e-02   1.5673598e-02
  -2.1895024e-01   2.3275887e-02  -1.1121154e+00   3.2480608e-03   2.2149629e-02   1.5858689e-02
  -2.0833845e-01   4.8895586e-02  -1.0504870e+00   2.8748683e-03   2.2310358e-02   1.6082350e-02
  -2.1386322e-01   5.0690251e-02  -1.1160925e+00   3.4735222e-03   2.2255231e-02   1.5911945e-02
  -1.8878684e-01   8.0974668e-02  -9.9831329e-01   3.2852585e-03   2.1260116e-02   1.6366600e-02
  -1.9043657e-01   5.8762085e-02  -1.0902013e+00   3.3426340e-03   2.1918045e-02   1.6614872e-02
  -1.7786101e-01   1.0937716e-01  -1.0322284e+00   3.4401260e-03   2.1834040e-02   1.6682398e-02
  -1.8283757e-01   1.0396984e-01  -1.0929105e+00   3.3109016e-03   2.2103692e-02   1.6734972e-02
  -1.6475577e-01   9.3565525e-02  -9.7661180e-01   3.0839918e-03   2.1839519e-02   1.6865527e-02
  -1.6477157e-01   7.8781505e-02  -1.0102010e+00   3.8950487e-03   2.1943722e-02   1.7093102e-02
  -1.6554482e-01   9.4238156e-02  -9.5657035e-01   3.3166798e-03   2.1914361e-02   1.6914030e-02
  -1.7200240e-01   1.0050978e-01  -1.0283931e+00   3.2268463e-03   2.2257224e-02   1.7024336e-02
  -1.6349956e-01   9.5107947e-02  -1.0019225e+00   3.0342042e-03   2.2361796e-02   1.7096961e-02
  -1.6463730e-01   9.4716366e-02  -1.0291963e+00   2.8778491e-03   2.2167318e-02   1.7062845e-02
  -1.6400375e-01   8.9023636e-02  -9.6602820e-01   3.2841418e-03   2.2096510e-02   1.7028253e-02
  -1.7140561e-01   8.1705775e-02  -1.0366471e+00   3.6085538e-03   2.2583070e-02   1.7234722e-02
  -1.7224350e-01   1.1022931e-01  -1.0049561e+00   3.0768053e-03   2.2342042e-02   1.7125307e-02
  -1.8317079e-01   9.2703936e-02  -1.0553566e+00   3.4004026e-03   2.2520277e-02   1.7100201e-02
  -1.8192366e-01   8.9085687e-02  -1.0162426e+00   2.4103220e-03   2.2275554e-02   1.7205119e-02
  -1.8130190e-01   8.4850039e-02  -1.0336606e+00   3.0430210e-03   2.2416303e-02   1.7081059e-02
  -1.8359490e-01   1.0657936e-01  -1.0688214e+00   2.3609977e-03   2.2558566e-02   1.7418525e-02
  -1.7196548e-01   1.4400353e-01  -9.7771666e-01   1.3407405e-03   2.2452196e-02   1.7237346e-02
  -1.6734925e-01   1.6003051e-01  -8.2658022e-01   1.2285402e-03   2.2101290e-02   1.7228063e-02
  -1.7261411e-01   1.5547574e-01  -9.4081355e-01   1.8234136e-03   2.2268729e-02   1.7158048e-02
  -1.5965029e-01   1.5187744e-01  -9.1392899e-01   2.6046029e-03   2.2297462e-02   1.7038315e-02
  -1.7825970e-01   1.4070002e-01  -9.8524990e-01   2.0053043e-03   2.2475533e-02   1.7237446e-02
  -1.8325341e-01   1.4574885e-01  -9.5359301e-01   1.6653187e-03   2.2325723e-02   1.7318510e-02
  -1.6511945e-01   1.2404425e-01  -1.0080837e+00   2.4056447e-03   2.2631695e-02   1.7032025e-02
  -1.7668596e-01   1.2937022e-01  -9.9450219e-01   1.5005065e-03   2.2290179e-02   1.7231872e-02
  -1.7598949e-01   1.5591961e-01  -1.0033268e+00   1.9998492e-03   2.2200360e-02   1.7423574e-02
  -1.7292341e-01   1.3036839e-01  -9.9663121e-01   1.6522612e-03   2.2194324e-02   1.7590915e-02
  -1.4967237e-01   1.7139821e-01  -9.9394827e-01   2.3034136e-03   2.2584609e-02   1.7595754e-02
  -1.8044486e-01   1.3542258e-01  -1.0059862e+00   1.6874519e-03   2.2452954e-02   1.7791911e-02
  -1.5273723e-01   1.9565223e-01  -9.6444869e-01   2.0231508e-03   2.2872626e-02   1.7551385e-02
   2.3314611e-01   3.4696020e-01  -9.1358714e-01   1.2655015e-04   2.3434827e-02   1.7490811e-02
  -8.0624094e-02   2.4389264e-02  -1.2251390e+00   4.5170192e-03   2.2180714e-02   1.7749807e-02
  -9.9629405e-02   2.5039644e-01  -9.3025084e-01   4.7965275e-03   2.2311587e-02   1.7390214e-02
  -2.3787761e-01   1.8568301e-01  -1.0699723e+00   4.7341628e-03   2.2041666e-02   1.4769857e-02
  -2.0593738e-01   2.4054953e-01  -1.0208533e+00   4.7672029e-03   2.2142944e-02   1.5797750e-02
  -1.3326359e-01   2.0693677e-01  -1.0316293e+00   5.1692588e-03   2.1267091e-02   1.6319149e-02
  -1.1476746e-01   2.3559283e-01  -1.0028355e+00   4.3276420e-03   2.1914084e-02   1.6963379e-02
  -1.1754559e-01   2.1776657e-01  -1.0240405e+00   4.6497136e-03   2.2641567e-02   1.7091528e-02
  -1.0821624e-01   2.6760725e-01  -1.0590756e+00   3.6561521e-03   2.2819979e-02   1.7292129e-02
  -1.1639207e-01   2.2827563e-01  -1.0878942e+00   3.5970563e-03   2.2786053e-02   1.7486653e-02
  -1.1311118e-01   2.3811686e-01  -1.0232974e+00   3.3902604e-03   2.2843935e-02   1.7367368e-02
  -1.1343968e-01   1.9875092e-01  -1.0348085e+00   4.1404152e-03   2.2677191e-02   1.7418324e-02
  -1.1775768e-01   2.1229764e-01  -1.0146263e+00   4.1794500e-03   2.3104614e-02   1.7364098e-02
  -1.1346076e-01   2.1489892e-01  -1.0808714e+00   3.3144178e-03   2.3081385e-02   1.7655926e-02
  -1.0754616e-01   2.2545665e-01  -1.0790609e+00   3.4600856e-03   2.3055699e-02   1.7502727e-02
  -1.1574922e-01   2.3163872e-01  -1.0670270e+00   3.6869931e-03   2.2897610e-02   1.7544097e-02
  -1.2208404e-01   2.1507463e-01  -1.0233641e+00   4.1109765e-03   2.2742314e-02   1.7475101e-02
  -1.2222777e-01   2.2324768e-01  -1.0687976e+00   4.2628989e-03   2.2815249e-02   1.7420654e-02
  -1.3248012e-01   1.9426463e-01  -1.1082613e+00   3.8355851e-03   2.3233974e-02   1.7533814e-02
  -1.3748899e-01   1.4086965e-01  -1.2177788e+00   3.3498583e-03   2.3083164e-02   1.7789793e-02
  -1.4325204e-01   1.4922325e-01  -1.1851225e+00   3.8080424e-03   2.3299353e-02   1.7678744e-02
  -1.3916422e-01   1.6903172e-01  -1.2350179e+00   3.7985085e-03   2.3281157e-02   1.7699500e-02
  -1.4270932e-01   2.0687987e-01  -1.2776012e+00   4.1270051e-03   2.3387477e-02   1.7633387e-02
  -1.4001874e-01   1.9465249e-01  -1.2660800e+00   4.3396550e-03   2.3079287e-02   1.7578637e-02
  -1.3601336e-01   1.6496989e-01  -1.2301514e+00   4.5328874e-03   2.3370157e-02   1.7580692e-02
  -1.2867914e-01   1.8039538e-01  -1.1829799e+00   4.5406397e-03   2.2849202e-02   1.7592607e-02
  -1.2745962e-01   1.5555204e-01  -1.2258450e+00   4.3622055e-03   2.3585749e-02   1.7858062e-02
  -7.8381172e-02   2.4762285e-01  -1.0854735e+00   4.7454468e-03   2.2301284e-02   1.7402765e-02
  -7.4215204e-02   2.5132101e-01  -1.1434450e+00   6.1633123e-03   2.1663992e-02   1.6584618e-02
  -1.2104197e-01   1.2956977e-01  -1.3905129e+00   5.5898564e-03   2.3157864e-02   1.7773337e-02
  -1.1116669e-01   1.8461896e-01  -1.3365674e+00   5.6035163e-03   2.2978931e-02   1.6670114e-02
  -1.4602587e-01   1.4674618e-01  -1.3723051e+00   5.4596624e-03   2.3304749e-02   1.6482455e-02
  -1.1921426e-01   1.7865691e-01  -1.3024518e+00   5.5517213e-03   2.2725652e-02   1.7171898e-02
  -1.3758512e-01   1.3774471e-01  -1.3431224e+00   5.7117191e-03   2.3270471e-02   1.7360332e-02
  -1.2827912e-01   1.9096192e-01  -1.3411767e+00   5.6414618e-03   2.3072557e-02   1.7508035e-02
  -1.3331800e-01   1.2525629e-01  -1.3530231e+00   5.8290482e-03   2.3420171e-02   1.7444697e-02
  -7.4160248e-02  -1.7744448e-01  -1.4108794e+00   3.3778784e-03   2.2925987e-02   1.8384000e-02
  -9.1466300e-02   1.0167072e-01  -1.4034135e+00   4.9865651e-03   2.1769603e-02   1.7754876e-02
  -9.8482218e-02   1.1890643e-01  -1.3617322e+00   6.0842012e-03   2.1559159e-02   1.7393498e-02
  -1.1128968e-01   1.4747803e-01  -1.3882461e+00   6.4240370e-03   2.1989224e-02   1.7281415e-02
  -8.6810329e-02  -7.2601031e-02  -1.3737269e+00   8.0895537e-03   2.0995778e-02   1.8473394e-02
  -1.1599811e-01  -5.5465637e-02  -1.4378583e+00   7.0507430e-03   1.9905780e-02   1.7559417e-02
  -1.2219984e-01  -1.3097734e-02  -1.3672320e+00   6.8434461e-03   1.9832772e-02   1.7126284e-02
  -1.2732007e-01  -4.4780794e-02  -1.3895068e+00   6.8545170e-03   2.0412494e-02   1.7379181e-02
  -1.2712777e-01   3.8106954e-03  -1.3109563e+00   7.2442837e-03   2.0374132e-02   1.7541899e-02
