   1.4210855e-14   0.0000000e+00   0.0000000e+00   0.0000000e+00   0.0000000e+00   0.0000000e+00
  -2.0904676e-02  -2.9041794e-02   2.0337342e-02   4.0379166e-04   5.1177031e-04   4.5773911e-04
  -2.6039056e-02  -2.9097102e-02   5.1911096e-02   5.4925584e-04   1.1579037e-03   1.9742972e-04
  -4.6211425e-03  -1.8039574e-02   5.0641912e-02   5.8191508e-04   6.5424673e-04   5.3001070e-04
   5.6299246e-03  -3.2218190e-02   2.1907660e-02   1.1769506e-03   4.3579636e-04   1.5748698e-03
   9.8696744e-03   6.9820592e-03   5.9221658e-02   9.7313204e-04   5.0790920e-04   1.1481460e-03
  -1.2945593e-02   1.3942632e-02   8.4481672e-02   6.1529838e-04   8.3138384e-04   9.7323697e-04
  -1.4131746e-02   1.5918987e-02   6.3547448e-02   7.1153597e-04   7.7624947e-04   5.8041403e-04
  -2.1112477e-02   2.2040677e-02   7.4021365e-02   9.9049637e-04   8.2656539e-04   6.5294952e-04
  -7.8611925e-03   2.9985251e-02   3.2437417e-02   4.8052451e-04   8.6947164e-04   9.0394112e-04
  -1.4665074e-02   2.2200949e-02   2.2348243e-02   6.6742370e-04   9.0104887e-04   8.3491468e-04
  -2.5770117e-04   1.8891426e-02   6.0364867e-02   5.6968640e-04   7.4758472e-04   8.4748288e-04
   7.5899337e-03   1.0639308e-02   9.0796320e-02   7.9108203e-04   1.1992584e-03   1.0343382e-03
   9.6943448e-03   1.3506062e-02   5.7219280e-02   4.7205127e-04   1.1531731e-03   8.9984258e-04
   1.2344201e-02   1.4454346e-02   3.8778741e-02   7.9410927e-04   1.5174124e-03   1.4905171e-03
   2.1164939e-02   3.7894711e-03   5.4193098e-02   2.1444659e-04   1.1561068e-03   1.3550558e-03
   3.5340555e-03   1.2168670e-02   1.0507913e-01   6.6906365e-04   1.1378655e-03   1.0672897e-03
   1.1875331e-02   2.4963615e-02   4.6792231e-02   2.8114698e-04   1.0548869e-03   9.4390338e-04
  -5.5581099e-03   2.0918636e-02   1.1144320e-03   5.9848289e-04   1.0611250e-03   1.0756805e-03
   2.2271149e-04   2.9023680e-02   1.6541860e-03   3.8323801e-04   7.6218787e-04   1.0281105e-03
  -4.6499433e-03   9.0553077e-03   3.7024386e-02   7.7764508e-04   1.0493206e-03   1.1817944e-03
   1.4473795e-02   2.0025823e-02   4.4244547e-02   3.4639149e-04   7.9085662e-04   1.1425957e-03
   3.4400145e-03   1.6313211e-02   5.8895233e-02   8.8475511e-04   1.3133051e-03   1.4528843e-03
   7.6212200e-03   6.6856508e-02   1.1381303e-02   1.9900393e-04   1.1054517e-03   1.3833497e-03
  -7.0990766e-03   7.6047177e-02   2.7533707e-02   8.9464211e-04   1.3877427e-03   1.5751723e-03
   9.1425579e-03   7.0351439e-02   3.9876653e-02   8.4985153e-04   8.0730514e-04   9.2458330e-04
  -3.7304400e-02   3.6643486e-02   5.7671697e-02   1.6294913e-03   4.1643194e-04   3.2475533e-04
  -6.5791236e-02   6.1610503e-02   1.4862869e-02   7.5635350e-04  -1.0161892e-04  -1.1703467e-03
  -4.5021771e-02   9.3079601e-03  -7.9057505e-02   7.2764976e-04   3.6488862e-04   2.1315100e-04
  -3.5589128e-02   3.9941151e-03  -6.5863598e-02   3.7052567e-04  -1.6359659e-03  -6.5238693e-04
  -1.1928087e-02  -6.3217319e-03   2.3059546e-02   1.7006156e-03  -3.3012153e-03  -2.0822823e-03
  -2.9122198e-02   5.7109982e-03  -4.2458565e-02   8.6652583e-04  -2.3446853e-03  -1.7215273e-03
  -2.6406159e-02   6.4098011e-03  -1.5160994e-02   1.5069569e-03  -1.9882380e-03  -1.4503625e-03
  -1.2419494e-02   8.9387392e-03  -2.1522170e-02   6.7975585e-04  -1.5858528e-03  -1.0106514e-03
  -1.6126253e-02   1.1997561e-02   3.0947468e-02   1.5542046e-03  -1.1195205e-03  -8.7445519e-04
  -1.0985593e-02   5.7144010e-02  -2.5244257e-02   3.5267025e-04  -1.2201915e-03  -9.5012960e-04
  -2.8934254e-02   3.1623914e-02  -4.9753956e-03   1.2751419e-03  -8.2379304e-04  -6.4189633e-04
  -2.5092974e-02   3.4631385e-02  -1.0192811e-02   1.7249130e-04  -1.5473357e-03  -1.2162014e-03
  -3.4579133e-02   2.2699955e-03   7.2718901e-02   1.5813661e-03  -7.7113163e-04  -6.7216010e-04
  -3.8189248e-03   3.8364821e-02  -7.0084046e-03  -1.1279511e-04  -1.3812726e-03  -1.1185208e-03
  -4.4778083e-02   2.7235994e-02   5.5777334e-02   2.4488428e-03  -3.1567492e-04  -3.1856704e-04
  -9.3015843e-03   8.2528964e-02  -4.2560906e-02  -3.5681511e-04  -1.9012243e-03  -1.1694725e-03
  -2.6495884e-01  -2.6206026e-01   1.2634255e+00   4.2300265e-02  -1.4367280e-03  -3.1332903e-04
  -2.5292266e-02  -2.1987387e-02   9.0777908e-01   3.0314015e-02  -7.7265488e-03  -4.8240765e-03
   1.1052734e-01   5.7981354e-02  -2.0728115e-02   2.7613016e-03  -8.5130301e-03  -9.0591675e-03
  -6.7551186e-02   3.1029740e-02   1.8213813e-01   8.8137865e-03  -2.8084440e-03  -3.8577243e-03
   9.0458945e-03   3.5531118e-02   2.8759403e-02   4.5898192e-03  -4.1339021e-03  -5.2642812e-03
  -3.7084573e-02   2.2631188e-02   1.0722443e-01   6.8829768e-03  -2.7124927e-03  -3.8053498e-03
   1.8369145e-02   6.8764935e-02   4.6710625e-02   4.7728387e-03  -2.2454552e-03  -2.0324886e-03
  -6.5346148e-03   6.4316983e-02   9.4206019e-02   6.3321042e-03  -1.6748551e-03  -1.7777847e-03
  -8.7013708e-03   8.2868063e-02   2.7071734e-02   5.2582220e-03  -3.1097128e-03  -3.0146850e-03
  -3.4043866e-02   9.7677251e-03   1.0627050e-01   5.9435672e-03  -3.0875510e-03  -2.9948121e-03
  -7.7303341e-03   2.7510183e-02   2.0616175e-02   3.7015258e-03  -3.0264045e-03  -2.8820655e-03
  -1.7746038e-02   2.8386996e-02  -4.9517592e-03   4.7427414e-03  -2.6859141e-03  -2.5500316e-03
  -4.5188137e-04   5.5869565e-02  -1.0172307e-02   3.7908034e-03  -3.3051244e-03  -2.8498514e-03
  -1.9071855e-02   4.2149678e-02   3.4514793e-02   5.0851936e-03  -2.7170800e-03  -2.7719467e-03
  -1.2247631e-02   6.3437435e-02   2.8021310e-02   4.5793126e-03  -2.9765742e-03  -3.1603383e-03
  -1.5718722e-02   4.5782679e-02   4.2298991e-02   5.3537252e-03  -2.2625758e-03  -2.7541555e-03
  -6.9684320e-03   7.3483564e-02   1.5055577e-02   4.2636696e-03  -2.8047986e-03  -2.2897436e-03
  -1.1130062e-02   4.8758033e-02   5.3608955e-02   4.9977638e-03  -2.4138905e-03  -2.5813338e-03
   1.3986153e-04   5.7626581e-02   6.2381181e-02   4.2307834e-03  -2.5896343e-03  -2.7960567e-03
  -9.9593254e-03   6.8074692e-02   6.0034457e-02   5.0605454e-03  -2.2729692e-03  -2.5492007e-03
  -7.7610658e-03   7.0974799e-02   4.5890402e-02   4.3172040e-03  -2.3669643e-03  -2.6527308e-03
  -2.8739000e-02   4.0836730e-02   2.5891111e-02   4.6255085e-03  -2.1434745e-03  -2.4789759e-03
  -1.6309003e-02   6.3790609e-02   2.2192288e-02   4.0350552e-03  -2.5888577e-03  -2.7663063e-03
  -2.8050929e-02   6.7961712e-02   1.5137760e-02   4.5115372e-03  -2.6085462e-03  -2.8413732e-03
  -3.2369419e-02   8.7201677e-02  -3.6450363e-02   4.2212949e-03  -2.8896797e-03  -3.1797567e-03
  -3.9818230e-02   9.5129894e-02  -7.1769924e-02   4.6460359e-03  -2.6253635e-03  -3.1227967e-03
  -2.7323174e-02   9.5356485e-02  -3.8999883e-02   4.3022914e-03  -2.7370794e-03  -3.2447388e-03
  -3.2073755e-02   9.3380969e-02  -8.1695843e-03   4.7390259e-03  -2.3384621e-03  -3.1507708e-03
  -2.5666891e-02   1.0920329e-01  -1.8162151e-02   4.5487646e-03  -2.4864855e-03  -3.2510953e-03
  -3.7235939e-02   9.3356409e-02  -5.8290812e-02   4.4059403e-03  -2.1653372e-03  -2.9370905e-03
  -2.5513881e-02   1.0092661e-01  -4.5370326e-03   4.2703750e-03  -2.3284811e-03  -3.1360691e-03
  -2.6252545e-02   6.5769070e-02   2.9780178e-02   5.0218219e-03  -2.1854911e-03  -3.0925692e-03
  -2.8959064e-02   7.5639302e-02  -1.6681757e-02   4.5382091e-03  -2.1939024e-03  -3.1137163e-03
  -3.3592600e-02   7.0327451e-02  -4.2641672e-02   4.7861791e-03  -2.6578129e-03  -3.1073599e-03
  -3.2220677e-02   6.8209224e-02   2.3668679e-02   5.0755748e-03  -3.3160422e-03  -3.6622777e-03
  -2.8800286e-02   5.1022374e-02  -2.8062788e-02   4.5641488e-03  -2.5505379e-03  -3.2982708e-03
  -2.3982210e-02   5.8135124e-02  -7.1807299e-02   3.4314896e-03  -2.8175464e-03  -3.0947413e-03
  -2.6332308e-02   5.8678204e-02  -8.2888139e-02   4.0867719e-03  -2.7299894e-03  -3.0630472e-03
  -1.5567319e-02   9.7215928e-02  -3.7047690e-02   4.2878030e-03  -2.7997835e-03  -3.3614070e-03
  -2.6130934e-02   7.8853265e-02  -1.4814437e-02   5.1840940e-03  -2.3941629e-03  -3.3239189e-03
  -2.4107620e-02   9.2247422e-02  -2.4143644e-02   4.7714181e-03  -2.4715608e-03  -3.3171905e-03
  -2.1463105e-02   5.6856596e-02  -1.5572398e-02   5.4325978e-03  -2.5221135e-03  -3.2499226e-03
  -5.7004574e-03   6.8954172e-02   1.9285651e-02   5.2757849e-03  -2.8063316e-03  -3.4591847e-03
  -1.6351392e-02   5.7256693e-02   1.9776487e-02   5.3807976e-03  -2.5736134e-03  -3.3176735e-03
  -1.7397307e-02   7.8524795e-02  -2.8705568e-02   4.3273486e-03  -2.5060263e-03  -3.1694074e-03
  -1.6751497e-02   6.1408162e-02  -3.7542004e-02   4.7555626e-03  -2.7236159e-03  -3.0873960e-03
   4.8119026e-04   1.0743493e-01   8.9926396e-03   4.8806030e-03  -2.9040649e-03  -3.4310453e-03
  -8.8580226e-03   9.5562572e-02  -1.6860235e-02   5.1808945e-03  -2.6898083e-03  -3.3622990e-03
  -1.4248046e-02   9.3652108e-02  -5.2244054e-02   3.6060432e-03  -2.6381845e-03  -3.2284271e-03
  -2.3569762e-02   7.7125234e-02  -7.9621934e-02   4.1267396e-03  -2.6086457e-03  -3.0727559e-03
  -1.8869073e-02   1.1305343e-01  -3.8049431e-02   4.2909432e-03  -2.8242998e-03  -3.4282575e-03
  -2.6967450e-02   8.0519926e-02  -2.1898684e-02   5.1029063e-03  -2.5207546e-03  -3.3861205e-03
  -1.5348284e-02   1.2261753e-01   5.5691232e-03   5.3407636e-03  -2.5811486e-03  -3.4003466e-03
  -1.4657280e-02   7.4612035e-02  -7.4304975e-03   5.0861248e-03  -2.5467924e-03  -3.1723216e-03
  -1.6681981e-02   9.8118188e-02   6.1355803e-02   4.1331612e-03  -2.3263292e-03  -3.2187521e-03
  -1.8070627e-02   8.1468231e-02  -7.0217760e-02   4.9377015e-03  -2.5018500e-03  -3.1361779e-03
  -3.2098774e-04   1.4927016e-01  -7.0953229e-02   4.2531099e-03  -2.6155625e-03  -3.2187004e-03
  -1.8077286e-02   5.2008660e-02  -8.4809239e-02   5.7281031e-03  -2.7937779e-03  -3.1751560e-03
   1.2030390e-03   1.2285132e-01   1.1201434e-01   4.8091696e-03  -2.8738143e-03  -3.4963950e-03
  -5.5534177e-02  -1.0977259e-01  -4.6738969e-01   4.6626312e-03  -2.5343971e-03  -2.3982419e-03
  -4.3994008e-02  -3.4890703e-01  -7.9487896e-01   1.1641082e-02  -4.3104391e-03  -1.7202449e-03
   2.1500208e-03   1.3365810e-01  -6.1318216e-02   6.7574172e-03  -2.8392816e-03  -3.1282357e-03
  -1.8288895e-02   1.2949127e-01  -1.3736929e-01   5.0901183e-03  -3.0535401e-03  -3.1085933e-03
  -2.7799313e-02   2.8744640e-02  -2.6832580e-02   1.0029394e-02  -1.6322868e-03  -3.2495815e-03
  -6.2017688e-02   8.0391004e-02  -8.3209385e-02   8.4393038e-03  -8.0344505e-04  -2.6471848e-03
  -2.5292536e-02   1.6200225e-01   2.7996841e-02   6.4934748e-03  -1.5841375e-03  -2.7592954e-03
  -2.3975053e-02   9.6641370e-02  -2.1481806e-02   7.6184299e-03  -1.0137220e-03  -2.3349560e-03
  -2.4984456e-02   1.3701956e-01   2.9379775e-02   6.7678032e-03  -1.1832921e-03  -2.2722849e-03
  -2.3226877e-02   8.5392388e-02   3.0898638e-02   6.8224680e-03  -1.1366153e-03  -2.3055114e-03
  -2.1335316e-02   1.4220446e-01   1.3127394e-02   6.5460652e-03  -1.3638475e-03  -2.5562609e-03
  -2.6500463e-02   1.4669218e-01  -4.9535482e-02   6.9823070e-03  -9.8583513e-04  -2.3920371e-03
  -5.0053212e-02   1.5420797e-01  -3.5014815e-02   6.4347220e-03  -1.0660805e-03  -2.4832110e-03
  -4.8143464e-02   1.4148564e-01  -1.8743882e-02   6.0059453e-03  -7.1381222e-04  -1.7720791e-03
  -2.1552925e-02   1.5616995e-01  -1.3526074e-02   5.8353415e-03  -9.1649064e-04  -2.3419211e-03
  -2.8221196e-02   1.9172550e-01  -7.1173081e-02   6.2182197e-03  -7.9051187e-04  -2.1213153e-03
  -2.6495932e-02   2.1753656e-01  -5.2817769e-02   6.1667497e-03  -6.9338484e-04  -2.2466926e-03
  -2.8163594e-02   1.7840745e-01  -2.8918165e-02   5.7847740e-03  -4.9552618e-04  -2.0203338e-03
  -2.0507529e-02   1.7003509e-01  -6.4748031e-03   6.0785583e-03  -8.3059134e-04  -2.3322195e-03
  -1.0508393e-02   1.9747154e-01  -7.6723623e-02   5.7185689e-03  -5.2261858e-04  -1.8885852e-03
  -1.9784972e-02   1.9397243e-01  -5.4087900e-02   6.4602430e-03  -1.0899519e-03  -2.3926876e-03
  -2.2700979e-02   1.5976339e-01  -3.1176860e-02   5.6998971e-03  -1.2117317e-03  -2.0841377e-03
  -4.8421508e-03   1.6280755e-01  -7.6144912e-02   4.8886549e-03  -9.3320188e-04  -1.8984149e-03
   1.3834428e-02   1.4822204e-01  -1.1941414e-01   5.3951212e-03  -1.4772065e-03  -1.6590008e-03
   8.6409587e-03   1.6656444e-01  -1.2843607e-01   4.6045157e-03  -1.6901450e-03  -1.8532200e-03
  -5.9659193e-05   1.6395116e-01  -1.3014343e-01   4.6933340e-03  -1.5328296e-03  -2.1952057e-03
  -5.2744525e-03   1.4915249e-01  -9.0256251e-02   4.7651562e-03  -1.4674462e-03  -1.9842715e-03
  -1.9375579e-03   1.2108930e-01  -4.5726643e-02   5.6647951e-03  -1.3342073e-03  -2.0462810e-03
  -5.8616251e-03   1.2780935e-01  -3.1311882e-02   6.3554905e-03  -1.0559692e-03  -2.0995795e-03
