   0.0000000e+00   0.0000000e+00   0.0000000e+00   0.0000000e+00   0.0000000e+00   0.0000000e+00
  -6.4465630e-03   7.4104993e-02   9.8290420e-02  -9.7185853e-04  -3.4174519e-04   4.2793188e-04
  -7.2599324e-03   8.5555438e-02   1.4731168e-01  -4.8756604e-04  -4.4460762e-04   6.0779046e-04
   2.0842021e-04   6.0079238e-02   9.0627790e-02  -5.7976090e-04  -4.5288698e-04   3.0224141e-04
   3.6488194e-03   4.6341257e-02   7.8402276e-02  -3.2628696e-04  -5.4318397e-04   2.3817905e-04
   7.8702960e-03   5.4652711e-02   6.0626384e-02  -5.9888641e-04  -6.4975272e-04   1.2091742e-04
   6.2353435e-03   4.3031291e-02   5.8916660e-02  -2.1105976e-04  -4.9310553e-04   9.5642109e-05
   6.2965990e-03   2.4701329e-02   7.6530132e-02   2.6423031e-04  -3.6711165e-04  -1.0965521e-04
   6.3339084e-03   5.8857529e-02   3.6012532e-02  -2.0532594e-04  -4.8016613e-04  -1.6882692e-04
   6.6491459e-03   5.6662196e-02   6.1960044e-02   4.3481544e-04  -5.7390213e-04  -2.2830056e-04
  -7.1053625e-04   8.1484376e-02   5.8896763e-02   1.2669160e-04  -3.9315385e-04  -1.7119859e-04
  -6.5633549e-03   1.5315005e-01   1.8154867e-01  -9.8364939e-05  -7.5923292e-04   3.9221717e-04
   7.9807722e-03   7.9478567e-02   3.4056575e-03  -1.4616609e-04  -7.6191315e-04   9.5242104e-05
   2.1715177e-02   1.6133060e-01   7.5081808e-02  -8.8307641e-04  -1.2561263e-03   3.4819900e-04
   2.1915516e-02   1.0597694e-01   1.0554932e-01  -1.3417844e-04  -1.2136178e-03   1.3149374e-04
   4.9906483e-02   1.2573747e-01   5.9309827e-02  -3.6507827e-04  -1.7331498e-03  -3.1292389e-05
   5.6759022e-02   1.4285937e-01   1.1756246e-01  -3.2530396e-04  -2.0051143e-03  -8.8821395e-05
   6.2228841e-02   1.1214700e-01   5.0350647e-02  -1.3383544e-04  -1.8116070e-03  -4.7446287e-04
   7.6893058e-02   1.7305307e-01   1.1770287e-01  -4.5988475e-04  -1.9611182e-03  -4.4292961e-04
   7.9261261e-02   8.8861888e-02   2.2050121e-02  -3.7804428e-04  -1.7478126e-03  -8.4922837e-04
   8.9504739e-02   1.5766656e-01   8.4521655e-02  -9.7300114e-04  -2.1372481e-03  -6.7215535e-04
   1.0635966e-01   9.5061072e-02   1.1920710e-02  -4.8866403e-04  -2.4074533e-03  -7.7740895e-04
   8.1720375e-02   1.6919158e-01   6.4599465e-02  -9.0258329e-04  -2.4328192e-03  -4.9875385e-04
   8.8108467e-02   1.1225534e-01   1.2160068e-01  -3.5117495e-04  -2.2668091e-03  -8.3208810e-04
   6.4421168e-02   1.1279785e-01   6.8573421e-02  -6.5409519e-04  -2.0488162e-03  -6.2070585e-04
   4.7758966e-02   2.0622116e-01   1.4234790e-01  -1.3623094e-03  -2.3857462e-03   9.3812821e-05
   4.1782254e-02   1.5143563e-01   6.7844317e-02  -9.6522336e-04  -1.9387238e-03  -3.2054926e-04
   2.1364060e-02   1.1539014e-01  -1.1837729e-01  -2.1081580e-03  -1.6275716e-03  -4.9228555e-04
   2.2461561e-02   1.0812759e-01  -1.2165172e-01  -1.5659732e-03  -1.8938416e-03  -2.8533844e-04
   4.3100234e-02   1.5551024e-01   4.4720911e-02  -1.4037735e-03  -2.2300059e-03  -2.4113344e-04
   5.8284380e-02   1.0819950e-01   3.2132507e-02  -1.2806682e-03  -2.1108379e-03  -5.2447838e-04
   6.8924214e-02   1.3018257e-01   1.1894434e-02  -1.9810575e-03  -2.2539207e-03  -6.0808948e-04
   7.2433690e-02   1.5155854e-01   1.1168589e-01  -1.4499810e-03  -2.5016561e-03  -3.6799513e-04
   8.0200631e-02   1.0598659e-01  -3.8354256e-02  -1.4243154e-03  -2.4192326e-03  -9.2734423e-04
   8.0382446e-02   1.9828301e-01   9.1139753e-02  -1.7489485e-03  -2.6143746e-03  -5.0438703e-04
   7.2405263e-02   1.7370980e-01   8.4701606e-02  -1.4259449e-03  -2.4228849e-03  -5.7634418e-04
   7.1381862e-02   1.2373544e-01   7.3419950e-02  -1.1252706e-03  -2.2862998e-03  -8.7541390e-04
   6.2572359e-02   1.0924050e-01   3.0427321e-02  -1.4034085e-03  -2.0713218e-03  -1.0531894e-03
   6.2041176e-02   1.2306328e-01   4.9475565e-02  -1.4853819e-03  -2.2139155e-03  -8.5446769e-04
   5.9556248e-02   1.7922075e-01   8.6432668e-02  -1.8903065e-03  -2.3125806e-03  -4.3317747e-04
   5.9409177e-02   1.7607095e-01   1.2389931e-01  -1.8134716e-03  -2.3814822e-03  -5.4383772e-04
   5.6066769e-02   1.0439206e-01   2.5928313e-02  -1.4380502e-03  -2.0071751e-03  -9.1149140e-04
   5.8528318e-02   2.0112261e-01   1.2325297e-01  -1.9351630e-03  -2.2056057e-03  -4.8714894e-04
   5.8340621e-02   1.2856982e-01   4.3361387e-02  -1.3393011e-03  -1.9817639e-03  -6.6119857e-04
   6.3021675e-02   1.9473114e-01   1.1131833e-01  -1.6646596e-03  -2.1882794e-03  -4.5094552e-04
   5.5851767e-02   1.6003664e-01   3.1694084e-02  -1.5226840e-03  -2.1042243e-03  -4.8395794e-04
   4.3541373e-02   1.8078197e-01   2.4915279e-02  -1.7833257e-03  -2.0554345e-03  -4.1669409e-04
   4.5597859e-02   1.8448620e-01   5.6460706e-02  -1.2858654e-03  -2.1591002e-03  -4.3527419e-04
   7.0200141e-02   1.7949385e-01   8.3696725e-02  -1.1982273e-03  -2.2111457e-03  -1.0340347e-03
   7.5370639e-02   1.7270821e-01   7.2684668e-02  -5.3196618e-04  -2.3352685e-03  -9.1359666e-04
   7.8970149e-02   1.5093265e-01   5.9759656e-02  -6.7804162e-04  -2.4067419e-03  -1.0351607e-03
   6.5312882e-02   2.2123167e-01   7.2099807e-02  -1.9642048e-03  -2.5199061e-03  -8.2727930e-04
   6.1917110e-02   1.4716397e-01  -3.8059138e-02  -1.6765966e-03  -2.2322165e-03  -1.0404753e-03
   8.6040954e-02   2.2490833e-01   1.0958347e-01  -1.7353392e-03  -2.7747330e-03  -7.4260289e-04
   9.2408220e-02   1.1733654e-01  -3.5029878e-02  -1.7322009e-03  -2.4466542e-03  -1.1522793e-03
   8.9818090e-02   2.0449780e-01   9.9017716e-02  -1.7421662e-03  -2.6092895e-03  -8.2054657e-04
   9.6968014e-02   1.7748594e-01   4.2206607e-02  -1.9365382e-03  -2.4905058e-03  -9.7999301e-04
   1.0058763e-01   1.7804583e-01   2.4642542e-02  -1.6074349e-03  -2.4546093e-03  -1.0419859e-03
   1.0660005e-01   2.0067523e-01   1.0192395e-01  -1.4653784e-03  -2.5897110e-03  -1.0380139e-03
   1.0599379e-01   1.6626283e-01   4.1172587e-02  -1.4331252e-03  -2.3442181e-03  -1.1599387e-03
   1.1709654e-01   2.1735139e-01   1.1912188e-01  -1.2746449e-03  -2.7557422e-03  -1.1589239e-03
   1.1969115e-01   1.5448482e-01   7.0840660e-02  -1.0639895e-03  -2.5049738e-03  -1.5369199e-03
   1.3329373e-01   1.9090187e-01   1.2670167e-01  -1.0656715e-03  -2.6366235e-03  -1.5301797e-03
   1.3579638e-01   1.8382762e-01   1.4480710e-01  -7.2274832e-04  -2.5863066e-03  -1.6306152e-03
   1.5745038e-01   1.4754881e-01   5.1288526e-02  -4.8413554e-04  -2.8565394e-03  -1.7659409e-03
   1.5283381e-01   2.2146380e-01   1.8644043e-01  -8.0952764e-04  -3.2972999e-03  -1.6317861e-03
   1.4063621e-01   1.3142576e-01   1.2794381e-01  -2.6061600e-04  -2.7026083e-03  -1.9253954e-03
   1.3710351e-01   1.8289411e-01   1.6866746e-01  -3.9674073e-04  -2.9507374e-03  -1.7337967e-03
   1.4006208e-01   1.7556239e-01   1.0022386e-01  -4.9185787e-04  -2.9371624e-03  -1.6569082e-03
   1.2913517e-01   1.7210611e-01   9.1784232e-02  -3.9256799e-04  -2.9723213e-03  -1.5937220e-03
   1.2847230e-01   1.9900557e-01   1.2898534e-01  -3.5677863e-04  -3.0709659e-03  -1.5158269e-03
   1.3168584e-01   1.6224105e-01   5.9934804e-02  -3.5123086e-04  -2.9322892e-03  -1.5735213e-03
   1.3847689e-01   1.9253619e-01   1.7590351e-01   9.9908097e-05  -3.3125397e-03  -1.6593067e-03
   1.5514558e-01   1.7392251e-01   1.2357584e-01  -4.9266165e-05  -3.3044190e-03  -2.0651610e-03
   1.5818264e-01   2.2193270e-01   1.7340007e-01   8.0104901e-06  -3.4023036e-03  -1.8282957e-03
   1.6079675e-01   1.5720466e-01   6.9382045e-02   4.3683123e-04  -3.0825238e-03  -1.9258729e-03
   1.6214001e-01   2.2842107e-01   1.8610515e-01  -2.1213812e-04  -3.3701262e-03  -1.8255385e-03
   1.5953430e-01   1.6342864e-01   8.7905777e-02   1.5626629e-04  -3.2002036e-03  -2.0281273e-03
   1.4056453e-01   2.2540183e-01   1.7533769e-01   2.1410451e-06  -3.4634912e-03  -1.8439379e-03
   1.4379624e-01   1.7671454e-01   1.8470886e-01   2.8069879e-04  -3.2674459e-03  -2.1176612e-03
   1.6188947e-01   2.2342503e-01   2.2354441e-01   1.7430209e-04  -3.4326795e-03  -2.1150213e-03
   1.6427199e-01   1.7555780e-01   2.1857810e-01   8.8229176e-04  -3.3727282e-03  -2.3830097e-03
   1.6300111e-01   2.0821073e-01   2.3499377e-01   8.3516437e-04  -3.3922887e-03  -2.2879615e-03
   1.6550037e-01   2.0179858e-01   2.5087159e-01   7.3284574e-04  -3.4814893e-03  -2.2430983e-03
   1.6213651e-01   1.9260762e-01   2.5207984e-01   8.4940426e-04  -3.2567294e-03  -2.3623611e-03
   1.6149980e-01   2.1386375e-01   2.4915162e-01   9.0396524e-04  -3.3414131e-03  -2.2234667e-03
   1.7464923e-01   1.9651204e-01   2.2888002e-01   8.1327443e-04  -3.3462841e-03  -2.6514130e-03
   1.7272195e-01   2.0472192e-01   2.5026638e-01   1.2365403e-03  -3.5326656e-03  -2.5063956e-03
   1.7560352e-01   2.0681837e-01   2.1682296e-01   1.1659940e-03  -3.4184832e-03  -2.7719825e-03
   1.8413613e-01   2.2018432e-01   2.6618512e-01   1.2654681e-03  -3.5717395e-03  -2.6974319e-03
   1.8683178e-01   2.1324171e-01   2.3622638e-01   1.3178098e-03  -3.5719889e-03  -2.6381241e-03
   1.8341982e-01   2.2515222e-01   2.7873822e-01   1.2234291e-03  -3.7449474e-03  -2.4757305e-03
   1.6585475e-01   2.3915054e-01   2.3674945e-01   1.1009329e-03  -3.5058547e-03  -2.4893538e-03
   1.7278267e-01   2.3447084e-01   2.8006187e-01   1.6179728e-03  -3.6672697e-03  -2.4323128e-03
   1.7646176e-01   2.4600794e-01   2.5771461e-01   1.7510668e-03  -3.6350322e-03  -2.6027389e-03
   1.8706961e-01   2.4621627e-01   3.1594154e-01   1.8220950e-03  -3.6015438e-03  -2.6483790e-03
   1.8619717e-01   2.2991161e-01   2.7148683e-01   2.0387792e-03  -3.3098255e-03  -2.8752439e-03
   2.0278828e-01   2.4914060e-01   3.1106280e-01   1.9105849e-03  -3.5768582e-03  -3.0528006e-03
   1.8827075e-01   2.5043599e-01   2.8990013e-01   1.6708276e-03  -3.1685683e-03  -3.1675448e-03
   1.9459493e-01   2.8324505e-01   3.4724738e-01   1.4280553e-03  -3.2292104e-03  -3.0914129e-03
   1.6619401e-01   3.5028756e-01   4.9433372e-01   1.3459264e-03  -3.3211257e-03  -2.0566406e-03
   1.8136501e-01   1.9267224e-01   2.9892330e-01   1.6134234e-03  -3.0666420e-03  -2.7621576e-03
   1.9234005e-01   1.9990547e-01   2.7262298e-01   1.6190889e-03  -3.3004121e-03  -2.8565284e-03
   1.9752510e-01   1.6212388e-01   2.6431851e-01   1.4771490e-03  -3.3155395e-03  -3.0321161e-03
   1.8506410e-01   1.9908752e-01   3.4433148e-01   1.4590634e-03  -3.2440574e-03  -2.8518969e-03
   1.9010032e-01   2.0970991e-01   3.8584821e-01   1.4572629e-03  -3.2165901e-03  -2.9880232e-03
   1.9171254e-01   1.6052516e-01   3.0951884e-01   1.9729539e-03  -3.0251881e-03  -3.2804520e-03
   1.9802060e-01   2.0747874e-01   3.4371763e-01   1.6373783e-03  -3.0811237e-03  -3.3706500e-03
   1.9048767e-01   1.8309920e-01   3.4504653e-01   2.0331528e-03  -3.0112201e-03  -3.2884784e-03
   1.9734651e-01   1.5206744e-01   2.9445264e-01   2.1361534e-03  -3.0379559e-03  -3.4478705e-03
   1.9388341e-01   1.8496390e-01   3.3826411e-01   1.9101820e-03  -3.0722010e-03  -3.1842123e-03
   1.8938624e-01   1.8200961e-01   3.2528324e-01   1.7072451e-03  -3.0854757e-03  -3.2019559e-03
   1.7818668e-01   2.0687428e-01   3.5006738e-01   1.4674708e-03  -2.9271756e-03  -3.0143085e-03
   1.7837793e-01   2.2739368e-01   3.5116537e-01   1.2655114e-03  -2.9293650e-03  -2.8426041e-03
   1.8816052e-01   1.7537224e-01   2.7650500e-01   1.9559498e-03  -2.9420800e-03  -3.2565824e-03
   2.0037238e-01   2.4524851e-01   3.6710355e-01   1.8521239e-03  -3.1358810e-03  -3.1134437e-03
   1.9471674e-01   1.9006161e-01   2.9968734e-01   2.1584891e-03  -2.9777290e-03  -3.3398074e-03
   1.9714171e-01   2.6800503e-01   3.4948810e-01   1.5002399e-03  -3.0438954e-03  -3.1794335e-03
   1.9264914e-01   1.9608624e-01   3.1108084e-01   2.2580619e-03  -2.8634372e-03  -3.3616890e-03
   2.0603015e-01   2.7022412e-01   3.4837178e-01   1.4416434e-03  -3.0275996e-03  -3.2886669e-03
   2.0588801e-01   2.0152633e-01   3.2182526e-01   2.3362728e-03  -2.9299288e-03  -3.4126182e-03
   2.1395379e-01   2.2735032e-01   3.6199919e-01   2.3183362e-03  -3.0685027e-03  -3.3971357e-03
   2.1020398e-01   2.1522627e-01   3.0535899e-01   1.6432033e-03  -2.9520012e-03  -3.3338300e-03
   2.1337142e-01   2.4098177e-01   3.4680875e-01   2.0270409e-03  -2.7722523e-03  -3.2552345e-03
   2.1670760e-01   2.2052725e-01   3.1830001e-01   1.8409871e-03  -2.9671745e-03  -3.3489290e-03
   2.1081280e-01   2.5379591e-01   3.2443854e-01   1.7419766e-03  -3.0992438e-03  -3.3606427e-03
   2.0738149e-01   2.2101676e-01   3.2959484e-01   1.8313977e-03  -3.1224192e-03  -3.3738520e-03
   2.0498204e-01   2.5394118e-01   3.2670240e-01   1.6686877e-03  -3.1307105e-03  -3.2410981e-03
   2.0540679e-01   2.1163525e-01   3.2906335e-01   1.8419056e-03  -3.3843593e-03  -3.2238134e-03
