   0.0000000e+00   0.0000000e+00   7.1054274e-15   2.7755576e-17   8.6736174e-19  -2.4074124e-35
   4.4290453e-03   5.8507349e-03   3.0621875e-02  -2.3602073e-04   1.2951888e-04  -4.8082232e-04
   1.8638420e-03   4.1706615e-02   4.5947394e-02  -1.4134398e-04  -4.2657940e-05  -4.4170337e-04
  -1.0406021e-02  -3.6392511e-02   6.8147275e-03  -6.5977199e-04  -1.0955769e-04  -4.7054358e-04
  -9.5559908e-04   5.7511092e-02  -2.4412069e-02  -1.0427149e-03   1.5524237e-04  -9.0025716e-04
  -1.2800738e-03   6.1261696e-02  -1.9118816e-02  -1.2448162e-03   3.3767375e-04  -2.5196770e-04
   1.4499113e-02   3.5580989e-03   2.7799172e-02   7.1200570e-05   3.4823741e-04  -7.8537636e-04
   1.7453644e-02   1.5893264e-02   5.4001207e-02  -6.0228818e-05   4.0486477e-04  -6.9318927e-04
   8.9948723e-03   1.5569465e-03   4.8461462e-02  -2.0499551e-04   2.4882006e-04  -1.0035876e-03
   1.8777936e-03   1.6449061e-02   5.2222310e-03  -1.2657577e-03   2.1873973e-04  -8.7180498e-04
   3.5017985e-03   4.5847078e-02   1.7873842e-02  -5.1989758e-04   5.1059751e-04  -6.1839255e-04
  -3.7729882e-03   3.0524278e-02   1.1873332e-02  -1.0148887e-03   6.9618250e-04  -3.2862291e-04
  -1.9637371e-03   1.6121671e-02   3.6230640e-02  -3.7357040e-04   7.8692514e-04  -5.9736996e-04
   4.9730171e-05   3.8238158e-02   1.0869560e-02  -1.0955879e-03   6.8817594e-04  -6.0464709e-04
  -7.3147926e-03   4.3270367e-02  -1.0695476e-02  -1.6365250e-03   4.5466279e-04  -3.8772159e-04
   5.1187101e-03   5.4415060e-02  -1.4228976e-02  -1.4601164e-03   1.1792051e-04  -3.7383210e-04
   1.5666158e-02   8.4877788e-03  -2.6883065e-03  -1.0554643e-03   1.3466746e-04  -6.1694327e-04
   1.1261065e-04   1.8427788e-02   3.0539987e-02  -8.6474397e-04   1.8245840e-04  -6.4365274e-04
  -6.6012824e-03   4.1802168e-02  -4.5983982e-03  -1.7480329e-03   2.3840607e-04  -7.6263289e-04
  -1.3742357e-02   1.3351599e-02  -7.3456500e-03  -1.1199530e-03   5.5740357e-04  -4.9268030e-04
  -7.3696540e-03  -2.2662536e-02  -8.2414117e-02  -4.0070842e-04   2.2161801e-04  -6.9067409e-04
  -7.2353914e-03  -1.8195004e-02  -7.1618706e-02  -5.9671308e-05  -3.0928189e-04  -6.6063548e-04
   6.2721974e-03   2.7501002e-02  -3.4542584e-02  -1.2000369e-03  -1.6028468e-04  -7.9332349e-04
  -1.5636478e-03  -3.4646371e-02  -1.7528651e-01  -1.4270558e-03  -2.5736615e-04  -8.3564436e-04
   2.9929801e-03  -8.5360198e-02  -2.1963862e-01  -1.2039763e-03  -5.3240116e-04  -1.0182307e-03
  -2.4808569e-03   2.4535331e-02  -2.1858661e-01  -1.3538068e-03  -2.8426058e-04  -7.9080353e-04
  -8.1987293e-03  -3.1591242e-02  -2.3920408e-01  -1.5950176e-03  -4.9152523e-04  -1.1912053e-03
  -9.5200725e-03  -1.3158022e-02  -2.5491398e-01  -2.4495885e-03  -1.5049182e-05  -1.2671334e-03
  -2.7575263e-02   3.6667116e-02  -2.3907977e-01  -1.4259359e-03  -1.2419085e-03  -1.5930617e-03
   3.5830618e-06  -7.8290324e-02  -2.8331845e-01  -2.7972032e-03  -5.4536065e-04  -1.8773239e-03
   1.2278794e-02   1.6111307e-02  -2.4597847e-01  -2.6617577e-03  -5.7133531e-05  -1.7249527e-03
   3.1108573e-02   3.8772041e-03  -2.1176196e-01  -1.7617461e-03   9.1427124e-05  -1.6113171e-03
   1.6084818e-02  -6.4457609e-02  -2.4166990e-01  -2.1944727e-03   9.6043384e-05  -1.6474534e-03
   1.4444614e-02   2.5244130e-02  -2.5010523e-01  -1.7874237e-03  -3.5028578e-04  -1.7602995e-03
   1.7882631e-02   6.1004074e-02  -2.6286060e-01  -2.2279944e-03  -2.0998479e-04  -1.7896405e-03
   1.7230092e-02   2.4077434e-02  -2.5413792e-01  -2.3422257e-03  -1.0550403e-04  -1.8873004e-03
   1.7326440e-02   1.1058355e-02  -2.5113102e-01  -2.5502131e-03  -1.2168946e-04  -1.9848587e-03
   1.4732165e-02   1.7238927e-02  -2.4571004e-01  -3.0118835e-03  -1.5287466e-04  -1.9341359e-03
   1.9170368e-02   3.2304156e-02  -2.2412588e-01  -3.0502369e-03  -3.2290309e-04  -1.7477654e-03
   1.0064988e-02  -2.8781684e-02  -2.5003305e-01  -3.2483836e-03  -9.7433926e-05  -1.6468594e-03
   2.1515613e-02   4.4637831e-02  -2.1964656e-01  -2.9047910e-03   1.1459162e-04  -1.9344574e-03
   9.4409151e-03   1.3034061e-02  -2.2197134e-01  -2.3702818e-03  -2.6592108e-04  -1.8359714e-03
   5.8375073e-03  -6.3098221e-03  -2.4002735e-01  -3.2150305e-03  -2.7962167e-04  -2.0339655e-03
   1.4397738e-02  -7.7345031e-03  -2.2614940e-01  -2.5800241e-03   2.5418799e-04  -2.3659817e-03
   2.4373516e-02   2.6521908e-02  -2.1242525e-01  -1.8603041e-03   5.6982421e-05  -2.3875390e-03
   2.4527650e-02   3.5875659e-02  -2.4749853e-01  -2.6496412e-03  -1.9522005e-04  -2.4450759e-03
   2.7177533e-02   4.9055787e-02  -2.4015066e-01  -2.1311593e-03  -4.5780397e-04  -2.4148282e-03
   2.1191855e-02   2.3060028e-02  -2.5573302e-01  -2.5525935e-03  -3.5999711e-05  -2.4902402e-03
   5.7942169e-02   9.5314097e-02  -1.8877827e-01  -2.2303612e-03  -3.9172277e-04  -2.6652990e-03
   7.0999779e-02  -4.2339023e-02  -2.3235724e-01  -2.1643835e-03  -9.5533265e-04  -2.6273912e-03
   8.5658305e-02   2.4570810e-02  -2.3949150e-01  -2.4698645e-03  -6.7817247e-04  -2.7591177e-03
   5.9261574e-02   4.4502282e-02  -1.8950563e-01  -2.5825666e-03  -6.5702972e-04  -2.7385358e-03
   6.6307376e-02   4.5481410e-02  -3.8195553e-01  -2.6881609e-03  -6.1637751e-04  -3.0809636e-03
   7.1922897e-02   3.2787668e-02  -3.4670105e-01  -3.2444238e-03   6.1731535e-05  -2.8847998e-03
   6.7964337e-02   6.6516561e-02  -1.9524777e-01  -3.8024329e-03  -1.6707149e-04  -3.0977716e-03
   6.1499947e-02   7.9595439e-03  -2.4511934e-01  -2.9648738e-03  -1.8720238e-04  -3.1496140e-03
   5.8854480e-02   6.2838025e-02  -2.0697175e-01  -3.8964107e-03  -3.1117440e-04  -3.3640049e-03
   4.5778146e-02  -2.0702753e-02  -2.3558012e-01  -3.0124142e-03  -4.6673916e-04  -2.9145216e-03
   5.5103870e-02   6.7771455e-02  -2.7018267e-01  -2.6538564e-03  -7.1496181e-04  -2.8411511e-03
   6.4210364e-02   7.3565324e-02  -2.2936724e-01  -3.3166211e-03  -2.7368913e-04  -2.7792705e-03
   6.8697274e-02   7.7946677e-02  -1.2525056e-01  -3.1882303e-03  -1.0095098e-03  -2.9616212e-03
   7.4222417e-02   3.9543844e-02  -3.0126694e-01  -4.8378161e-03  -9.7640094e-04  -3.0432766e-03
   6.9561109e-02   1.0406143e-01  -1.7296543e-01  -5.2595906e-03  -4.7081094e-04  -2.6358444e-03
   7.2753350e-02   4.1598876e-02  -2.1926030e-01  -5.1765877e-03  -7.8007592e-04  -2.9259562e-03
   7.9991296e-02   3.6577928e-02  -1.6424754e-01  -3.9297839e-03  -4.8399233e-04  -2.7527205e-03
   1.0550342e-01   1.0359697e-02  -1.4537623e-01  -2.8999711e-03  -5.9307240e-04  -2.8457619e-03
   1.2746492e-01   5.6097953e-02  -1.8947544e-01  -4.3325657e-03  -6.8053527e-04  -3.0098146e-03
   1.3616733e-01   7.5769751e-03  -1.2336376e-01  -2.6562254e-03  -1.0368962e-03  -2.8069407e-03
   1.3460967e-01   7.4836801e-03  -1.4050428e-01  -2.8690644e-03  -5.9737745e-04  -3.0950866e-03
   1.3925706e-01   5.2495797e-02  -1.3490088e-01  -3.1542029e-03  -8.9036561e-04  -3.1446313e-03
   1.0994361e-01   7.9452949e-03  -1.4816389e-01  -2.9211699e-03  -6.0632573e-04  -2.7803668e-03
   1.3265484e-01   1.6230606e-02  -1.1882678e-01  -3.6378339e-03  -1.0540376e-03  -2.8398016e-03
   1.3426190e-01   1.2673513e-02  -1.1631160e-01  -2.8725993e-03  -1.1117562e-03  -2.8020333e-03
   1.3879793e-01   1.0849857e-01  -1.6984030e-01  -3.6486666e-03  -1.7863906e-03  -3.2955363e-03
   1.4816247e-01  -6.0100488e-02  -1.9968465e-01  -3.6204304e-03  -1.8972059e-03  -3.0524545e-03
   1.6443299e-01   5.2553500e-02  -1.6522993e-01  -3.4248518e-03  -1.9324079e-03  -3.2726217e-03
   1.5631645e-01   4.7236387e-02  -1.1349642e-01  -2.2170626e-03  -2.0322391e-03  -3.1447419e-03
   1.5958573e-01   1.3992978e-02  -1.5653101e-01  -3.3403789e-03  -1.6644284e-03  -3.1768418e-03
   1.4876118e-01   4.3223207e-02  -1.2746202e-01  -3.0242785e-03  -1.5593795e-03  -2.9926714e-03
   1.4970335e-01   2.7761553e-02  -1.2557122e-01  -2.6594419e-03  -1.3856213e-03  -3.0127373e-03
   1.4580892e-01   2.0805094e-02  -1.2076708e-01  -2.2340467e-03  -1.3300461e-03  -3.0988088e-03
   1.4773717e-01   2.0183587e-02  -1.0224145e-01  -2.0128297e-03  -1.4572636e-03  -3.1258440e-03
   1.6625277e-01   4.3627148e-02  -1.0506213e-01  -2.0414032e-03  -1.5369102e-03  -3.3096810e-03
   1.6143907e-01   4.5667528e-02  -1.0218796e-01  -1.5444501e-03  -1.2976791e-03  -3.0496478e-03
   1.5834869e-01   1.5721185e-02  -1.2789908e-01  -2.6247791e-03  -1.3935700e-03  -3.0550418e-03
   1.6774646e-01   4.9261183e-02  -1.4168298e-01  -3.7567683e-03  -1.5353107e-03  -3.2733930e-03
   1.5407718e-01   4.8511377e-02  -1.2264669e-01  -3.0743340e-03  -1.4526423e-03  -3.2642037e-03
   1.7527611e-01   1.0502954e-01  -1.0584229e-01  -2.7246102e-03  -1.9518643e-03  -3.1997988e-03
   1.9270129e-01   4.7245373e-02  -2.0875220e-02  -1.4333401e-03  -2.4734459e-03  -3.7296936e-03
   1.8843011e-01  -5.6044065e-02  -3.0038272e-02  -2.5453056e-03  -2.1188023e-03  -3.0743966e-03
   2.1012311e-01   7.4449755e-02  -3.9843715e-02  -2.5670023e-03  -2.3945496e-03  -3.1559722e-03
   1.9889644e-01   1.0330248e-02  -4.2620147e-02  -1.7763563e-03  -2.4818665e-03  -3.0019684e-03
   2.0867922e-01   1.2105336e-01  -6.8350706e-02  -2.8451313e-03  -2.4816288e-03  -3.4673619e-03
   2.0051099e-01   7.4167106e-02   4.6516375e-03  -1.2646716e-03  -2.2751431e-03  -3.3343068e-03
   2.1414926e-01   6.9650749e-02   1.2066849e-02  -2.5312056e-03  -2.7594767e-03  -3.5750626e-03
   2.0032951e-01   6.2154112e-03   6.1544681e-02  -1.5292205e-03  -2.3365974e-03  -3.2954947e-03
   2.1656022e-01   9.6476748e-02   2.5564431e-02  -1.5749070e-03  -2.3973345e-03  -3.3825570e-03
   2.1415427e-01   5.2186714e-02  -1.7541030e-03  -2.3598214e-03  -2.7242093e-03  -3.5379264e-03
   2.1642193e-01   7.6417135e-02   1.0806239e-02  -2.0248901e-03  -2.4707513e-03  -3.7467069e-03
   2.0287954e-01   8.9221522e-02  -1.6015151e-02  -2.3728290e-03  -2.4597867e-03  -3.4321260e-03
   2.1459219e-01   7.5042420e-02  -7.8602024e-03  -2.5368555e-03  -2.6395881e-03  -3.6520112e-03
   2.0987146e-01   8.4507706e-02  -1.0106781e-02  -2.4149981e-03  -2.5475218e-03  -3.3930177e-03
   2.1168350e-01   1.1647674e-01   8.5923252e-03  -2.4806277e-03  -2.9132071e-03  -4.0734136e-03
   1.8456943e-01   8.6541259e-02   4.7463252e-02  -2.4258493e-03  -2.9940514e-03  -3.4097332e-03
   8.7098712e-02   1.9599462e-01   1.7390257e-01  -3.3096841e-03  -2.1779810e-03  -2.2746690e-03
   8.1505201e-02   2.2311291e-01   1.6397762e-01  -3.1138314e-03  -1.6835109e-03  -2.4878145e-03
   1.1549650e-01   2.2740892e-01   1.4854863e-01  -3.4499476e-03  -1.6880037e-03  -2.8901862e-03
   1.5590742e-01   1.2544664e-01  -9.8678562e-02  -4.3856310e-03  -2.5417202e-03  -2.8951019e-03
   1.7941402e-01   1.1696089e-01  -1.3777465e-01  -4.2321478e-03  -2.6141608e-03  -2.6241872e-03
   1.8942804e-01   2.2336680e-01  -8.6830688e-02  -2.1660903e-03  -2.7274634e-03  -2.3853510e-03
   1.9050995e-01   6.3392606e-02  -1.2382069e-01  -2.9579842e-03  -2.4156513e-03  -1.8627833e-03
   2.0119124e-01   8.7508005e-02  -2.2403760e-01  -4.3268406e-03  -2.2987905e-03  -2.1138814e-03
   2.0144508e-01   1.6032350e-01  -1.0346394e-01  -3.5594277e-03  -2.4241727e-03  -1.6257365e-03
   2.1919169e-01   7.8142668e-02  -2.2478864e-01  -4.1266684e-03  -2.4777955e-03  -1.6117487e-03
   2.3575796e-01   1.8332891e-01  -1.1081982e-02  -5.3380478e-03  -1.3172258e-03  -1.2304876e-03
   2.2800127e-01   2.7203507e-01   1.7419694e-01  -6.4169639e-03  -1.0435034e-03  -1.6180383e-03
   2.3203022e-01   1.8550081e-01   1.7222409e-01  -5.9588052e-03  -1.9253985e-03  -1.5352271e-03
   2.6434197e-01   1.6903552e-01   1.0246948e-01  -5.5166628e-03  -1.2932533e-03  -1.4313604e-03
   2.4425001e-01   2.7853320e-01   2.6584494e-01  -5.6479762e-03  -5.9502287e-04  -1.1804832e-03
   2.6647688e-01   2.4758719e-01   3.8657583e-01  -6.2223845e-03  -1.2646832e-03  -1.3555081e-03
   2.6803170e-01   2.6103110e-01   2.3692718e-01  -7.6063926e-03  -1.3186536e-03  -1.1544239e-03
   2.7918003e-01   2.5258791e-01   2.7808484e-01  -8.1361276e-03  -1.1388286e-03  -1.2548383e-03
   2.9315375e-01   2.3582325e-01   2.4267372e-01  -8.5444942e-03  -1.3797501e-03  -1.3460283e-03
   2.8352738e-01   2.2880978e-01   2.6306129e-01  -7.2062804e-03  -1.5558471e-03  -1.2573022e-03
   2.7679384e-01   2.5226137e-01   1.6714900e-01  -7.6709625e-03  -2.0939355e-03  -7.5978574e-04
   2.8174181e-01   2.1501781e-01   2.5514988e-01  -7.5212035e-03  -1.6718751e-03  -1.2619399e-03
   2.8691307e-01   2.3828112e-01   2.0499358e-01  -9.3367168e-03  -1.5892574e-03  -1.3795748e-03
   2.9313448e-01   2.3056939e-01   1.6377669e-01  -8.9390943e-03  -1.8980058e-03  -1.4375732e-03
   2.8527902e-01   2.4657602e-01   2.2660952e-01  -7.6667473e-03  -2.1167440e-03  -1.6234940e-03
