   0.0000000e+00   0.0000000e+00   0.0000000e+00   0.0000000e+00   0.0000000e+00   0.0000000e+00
  -1.2330652e-01   1.8700064e-01  -3.4989099e-01  -4.9962547e-03   2.2062431e-03  -8.4084666e-05
  -7.4598472e-02   6.7023504e-01  -2.9362765e-01  -2.8186900e-03  -5.8887746e-04   5.7813428e-05
  -1.8243569e-02   6.2748114e-01  -2.4047224e-01  -2.7085338e-03  -2.6529684e-03  -8.4675413e-04
  -1.1547791e-02   6.4294411e-01  -2.1733795e-01  -2.4374693e-03  -1.5693060e-03   2.2732386e-04
  -1.4324927e-03   6.3821382e-01  -2.4354583e-01  -2.3927681e-03  -1.7509922e-03  -3.8705263e-04
  -2.9583991e-02   6.3339176e-01  -1.6508673e-01  -3.3050536e-03  -1.6822768e-03  -4.1255819e-04
  -1.0768635e-02   6.2380696e-01  -1.4142133e-01  -2.2173415e-04  -6.8271488e-03  -5.0243429e-03
  -4.6914892e-02   6.2753076e-01  -4.4709866e-02   4.2232571e-03  -9.7484491e-03  -1.1228460e-02
  -5.5648969e-02   6.2537160e-01  -9.0862507e-02   2.0551295e-03  -5.6925687e-03  -7.2419378e-03
  -1.4342709e-01   6.3444649e-01  -8.5290745e-02   3.6688783e-03  -6.0527488e-03  -9.9808091e-03
  -8.8918060e-02   5.9848566e-01   2.4960366e-02   7.6307076e-03  -4.4697769e-03  -9.9810531e-03
  -7.9410392e-02   6.2014448e-01   3.3962088e-03   7.2122416e-03  -3.0132382e-03  -8.1069490e-03
  -1.4473645e-01   6.2106144e-01  -9.7455266e-02   6.9633124e-03  -3.1319475e-03  -8.5446182e-03
  -1.3792858e-01   6.4916923e-01  -1.3551773e-01   6.3465475e-03  -3.3149025e-03  -8.4541190e-03
  -1.1761991e-01   6.3231144e-01  -1.4218493e-01   6.8600269e-03  -2.4670629e-03  -7.2476451e-03
  -1.5650864e-01   6.3888731e-01  -1.0201816e-01   8.1331491e-03  -3.6281492e-03  -9.3950785e-03
  -2.3315195e-01   6.2882720e-01  -1.1430765e-01   8.0294191e-03  -4.2414176e-03  -1.1248833e-02
  -1.4554767e-01   6.5357764e-01  -1.4012711e-01   7.3069053e-03  -2.2346027e-03  -7.9685054e-03
  -1.4112531e-01   6.5038173e-01  -2.0186294e-01   7.2736526e-03  -2.4788382e-03  -7.5027755e-03
  -1.7358292e-01   6.5118819e-01  -2.0663940e-01   7.3107947e-03  -2.6124169e-03  -8.3250935e-03
  -1.3743932e-01   6.2820527e-01  -1.9198910e-01   7.6451141e-03  -2.7042732e-03  -8.4212444e-03
  -1.2918433e-01   6.5934339e-01  -1.7798681e-01   7.5708910e-03  -2.0722787e-03  -7.6999316e-03
  -1.3507193e-01   6.3170217e-01  -1.4209634e-01   8.8986331e-03  -1.9572779e-03  -7.2371733e-03
  -1.5968478e-01   6.6127037e-01  -2.2618602e-01   7.3504584e-03  -9.3425641e-04  -6.7878275e-03
  -4.7187682e-02   6.0114336e-01  -1.1349134e-01   7.8448164e-03  -1.4327486e-03  -3.1959235e-03
   2.9140128e-01   3.5837765e-02  -3.5513295e-01  -3.4608068e-03   1.1182124e-03   1.6414196e-03
   8.9339857e-02   4.6551669e-01  -3.6248418e-01  -3.3960723e-03   2.0313558e-03   1.0030985e-03
   1.0534583e-01   5.3715061e-01  -1.1430492e-01   1.1600440e-03  -5.9174582e-04   3.2723684e-04
   6.3000255e-02   5.5277108e-01  -2.3366838e-01   9.0674624e-04   1.5474433e-03   5.4157603e-04
  -3.1511355e-03   5.6792068e-01  -1.9029252e-01   6.7748794e-04  -1.3250966e-03  -2.1800009e-03
  -1.3407644e-01   4.3417989e-01  -5.2256855e-02   8.4809993e-03  -1.4146583e-03  -7.4536697e-03
  -6.2068928e-02   5.6255170e-01   3.0450978e-02   8.8957662e-03  -2.8673847e-03  -7.0888296e-03
  -1.9430261e-02   6.1707799e-01  -8.9981015e-02   5.8328489e-03  -3.0200294e-03  -6.0663229e-03
  -9.6701435e-02   5.7012106e-01  -8.0329177e-02   7.5637901e-03  -2.4930544e-03  -7.0749699e-03
  -5.9908419e-02   5.6974545e-01  -1.2952677e-01   6.5588791e-03  -2.2956714e-03  -6.5695004e-03
  -5.6576701e-02   5.6190189e-01  -8.0068710e-02   6.9736068e-03  -1.7255510e-03  -5.9252205e-03
  -1.2742507e-01   5.6045961e-01  -1.1571875e-01   7.4813028e-03  -2.5383658e-03  -7.9574832e-03
  -1.5054403e-01   5.6583263e-01  -7.1853627e-02   7.6950731e-03  -1.9946943e-03  -7.0848485e-03
  -1.2869578e-01   5.8145882e-01  -1.6555220e-01   6.8917228e-03  -1.0333818e-03  -6.5436614e-03
  -9.4932828e-02   5.6486085e-01  -1.7689566e-01   6.7971388e-03  -3.0898628e-04  -5.7878520e-03
  -9.3285460e-02   5.6534423e-01  -2.0161938e-01   6.8602100e-03  -7.7128122e-04  -6.3962213e-03
  -9.5811713e-02   5.4569029e-01  -1.4447531e-01   7.6414792e-03  -7.3227621e-04  -6.7907367e-03
  -8.4786033e-02   5.6946407e-01  -1.8114927e-01   7.3140392e-03  -3.6349543e-04  -6.0813082e-03
  -6.0932437e-02   6.0985785e-01  -1.5896319e-01   7.2172213e-03  -2.2692609e-04  -5.8820980e-03
  -3.4341229e-02   6.0735853e-01  -2.0921209e-01   7.4013919e-03   7.9429741e-04  -5.1340056e-03
  -4.4721711e-02   5.5699483e-01  -2.8198990e-01   8.1570157e-03   4.0933875e-04  -5.4649234e-03
  -6.4313315e-02   5.7213342e-01  -2.8639000e-01   8.0157903e-03   8.6601698e-04  -5.0375067e-03
  -4.6864999e-02   5.5784374e-01  -2.4097979e-01   8.0865231e-03   4.6836131e-04  -5.4485134e-03
  -2.7000368e-02   5.3616165e-01  -2.8489678e-01   7.7572751e-03   1.0676952e-03  -3.4955147e-03
  -3.5011534e-02   4.9537094e-01  -8.9547512e-01   1.4468214e-02   6.4324350e-04  -2.6536616e-03
   2.7558188e-02   3.9031011e-01  -7.2312373e-01   1.0168691e-02  -1.5952072e-03  -2.4738076e-03
  -9.9251893e-02   5.8636486e-01  -2.3016293e-01   8.8862890e-03  -2.3759018e-03  -3.2430576e-03
  -6.5474315e-03   7.2325224e-01  -6.2458811e-01   8.3590347e-03  -5.6443800e-04  -1.3557228e-03
  -9.2648993e-03   7.1730730e-01  -6.7815638e-01   9.0150359e-03  -1.8683009e-03  -3.0939115e-03
  -1.8995465e-01   6.9936094e-01  -6.3894102e-01   9.6307210e-03  -3.7624386e-03  -1.1190202e-02
  -1.4760366e-01   7.5071462e-01  -7.3471715e-01   7.7428528e-03  -1.2192932e-03  -6.5544355e-03
  -9.4373202e-02   7.6872059e-01  -7.0574992e-01   8.4958538e-03  -1.0926369e-03  -7.1192175e-03
  -1.3281885e-01   7.9330931e-01  -6.9857964e-01   7.7964100e-03  -6.5694414e-04  -6.6478797e-03
  -1.2894229e-01   7.4499211e-01  -6.8926466e-01   7.9234994e-03   2.0793294e-04  -6.3542586e-03
  -1.3067418e-01   7.5544117e-01  -6.7495578e-01   7.3190708e-03   3.2885122e-04  -5.5370217e-03
  -1.5365579e-01   7.7046205e-01  -7.0653409e-01   7.7058183e-03  -8.1808824e-04  -7.7352842e-03
  -1.6528698e-01   8.0232751e-01  -7.3862978e-01   6.7877723e-03  -2.6266870e-04  -6.8374288e-03
  -1.7278149e-01   7.7116783e-01  -7.7699309e-01   7.2198825e-03   1.7790896e-04  -6.9926938e-03
  -1.7003150e-01   7.7662504e-01  -7.2863812e-01   7.2578194e-03   1.0277273e-04  -6.3919472e-03
  -1.6218870e-01   7.6051942e-01  -7.6068569e-01   7.7877384e-03   3.7117158e-04  -7.5029993e-03
  -1.6480990e-01   7.8584757e-01  -7.6686067e-01   7.5805054e-03   2.7264010e-04  -6.9385708e-03
  -1.6603574e-01   7.7752435e-01  -8.0828235e-01   7.3821901e-03   4.4023738e-04  -7.4473536e-03
  -1.6039425e-01   7.8304789e-01  -7.6746561e-01   7.1284794e-03   9.9149058e-04  -6.4215549e-03
  -1.2315362e-01   7.8828455e-01  -8.1829192e-01   7.5007018e-03   1.2813317e-03  -7.3546681e-03
  -1.4339030e-01   7.7438502e-01  -7.6238642e-01   6.7612698e-03   1.4085701e-03  -6.3321140e-03
  -1.1836337e-01   7.6661822e-01  -7.9374465e-01   7.9148492e-03   1.6102849e-03  -7.3720414e-03
  -1.4702488e-01   7.7497257e-01  -7.0966612e-01   6.7640938e-03   1.6248591e-03  -5.6434042e-03
  -7.1003063e-02   6.8710485e-01  -1.1940093e+00   7.1846783e-03   1.4709266e-03  -7.3097216e-03
   1.0295755e-01   2.8689492e-01  -1.2732866e+00  -2.8332304e-03   2.1203619e-03  -1.9066930e-04
  -9.5824526e-02   2.6588850e-01  -1.5493065e+00  -1.2034536e-02   2.6282956e-03   8.1230555e-03
   2.4355614e-02   6.2790180e-01  -1.5100729e+00  -8.8847548e-03   3.8470718e-03  -2.0669936e-03
  -6.4414594e-02   8.4038468e-01  -1.4642255e+00  -8.6499783e-03   3.9775974e-03   1.6450502e-03
  -5.8774981e-02   8.5967691e-01  -1.5192229e+00  -9.3866403e-03   4.6192964e-03   8.2689285e-05
  -1.5210436e-01   8.3293562e-01  -1.4440481e+00  -7.4944245e-03   2.6288472e-03  -1.3324888e-03
  -5.6200190e-02   8.5253523e-01  -1.3459390e+00  -4.7165193e-03   1.0602862e-03  -2.9975819e-03
  -8.3937831e-02   8.4760338e-01  -1.3898217e+00  -4.9191935e-03   3.2013421e-03  -1.1578275e-03
  -6.0254590e-02   8.7480980e-01  -1.3941832e+00  -3.8991648e-03   2.3817650e-03  -2.5465383e-03
  -8.3743101e-02   8.3566552e-01  -1.3800917e+00  -3.5886607e-03   3.4886569e-03  -1.3803230e-03
  -6.8888246e-02   8.5433824e-01  -1.3401020e+00  -3.4657615e-03   3.2318947e-03  -2.0557355e-03
  -9.8409258e-02   8.3732915e-01  -1.3862590e+00  -3.5777052e-03   3.9095625e-03  -1.1076490e-03
  -8.1986270e-02   8.6405809e-01  -1.3734276e+00  -3.3127531e-03   3.6232301e-03  -1.7658245e-03
  -9.2848056e-02   8.3862954e-01  -1.4332073e+00  -3.7021490e-03   3.9321061e-03  -1.0865792e-03
  -1.4522860e-01   8.6361312e-01  -1.3378896e+00  -2.7562057e-03   1.5524708e-03  -4.2257952e-03
  -1.2233460e-01   8.4142348e-01  -1.3573512e+00  -3.0419143e-03   2.6071994e-03  -3.1871564e-03
  -1.0138306e-01   9.0710463e-01  -1.3037553e+00  -2.9593032e-03   2.0871055e-03  -3.9952638e-03
  -1.2494086e-01   8.6856060e-01  -1.3835804e+00  -2.7564845e-03   2.5244463e-03  -3.4636741e-03
  -9.0529791e-02   9.1266738e-01  -1.2643333e+00  -3.1548011e-03   2.5440658e-03  -3.7452485e-03
  -9.0400178e-02   8.3194394e-01  -1.3099879e+00  -2.5295197e-03   3.2622767e-03  -2.4876187e-03
  -6.2536607e-02   8.8893276e-01  -1.1433202e+00  -2.0516242e-03   2.8905754e-03  -3.0395645e-03
  -1.0981850e-01   8.2257922e-01  -1.3619665e+00  -3.0789280e-03   3.3891078e-03  -2.6793429e-03
  -3.7474753e-02   8.8700915e-01  -1.1195529e+00  -2.6224620e-03   3.1379891e-03  -2.7479697e-03
  -1.0352711e-01   7.7838011e-01  -1.3713497e+00  -2.6592664e-03   3.9875109e-03  -2.0926713e-03
   4.4080651e-04   9.5738463e-01  -9.5008485e-01  -1.9459021e-03   2.3509006e-03  -3.0398871e-03
  -2.3272784e-01   5.3492373e-01  -1.5465134e+00   2.6225935e-04   2.6305727e-03  -1.4332827e-03
  -2.7904850e-01   3.8031574e-01  -1.2018857e+00   5.7791537e-03  -1.6021992e-03  -1.0852907e-03
  -7.9177549e-03   9.4545873e-01   1.6376379e-01   9.7156716e-04  -5.3477450e-03  -5.5318792e-03
  -1.3818027e-01   8.2710115e-01   1.5844219e-02  -7.3640247e-04  -3.4913643e-03  -2.1710902e-03
  -5.1292604e-02   8.4896111e-01  -8.5832000e-02   3.1619688e-03  -1.2867615e-03  -1.6544954e-03
  -1.0585203e-01   8.8290744e-01  -5.5347049e-01  -4.5631814e-03   1.0200115e-03  -4.0197041e-03
  -5.4409267e-02   9.7063746e-01  -3.3636868e-01  -6.0163816e-03  -1.8457627e-04  -3.1629469e-03
  -8.2307910e-02   9.3029240e-01  -5.5642032e-01  -5.9741388e-03   1.7230883e-03  -3.0212014e-03
  -3.4036672e-02   9.6032489e-01  -2.2352546e-01  -5.9681304e-03  -2.4951412e-04  -3.7494805e-03
  -7.7061775e-02   8.4889422e-01  -5.2479750e-01  -4.5627513e-03   1.4947936e-03  -3.5876076e-03
   3.1648277e-02   8.8674728e-01  -3.0955272e-01  -3.1079655e-03   8.7132616e-04  -1.7858689e-03
   5.3238350e-02   9.3151413e-01  -2.5965025e-01  -3.8155938e-03   1.1257827e-04  -2.7065387e-03
   4.5808087e-02   9.6202989e-01  -2.8706688e-01  -3.1330325e-03  -1.7424388e-04  -2.9883249e-03
   3.7772003e-03   9.4411970e-01  -2.9097145e-01  -2.1244984e-03  -1.8535723e-03  -4.6232579e-03
   3.3232780e-02   9.6417210e-01  -2.3950619e-01  -2.2613601e-03  -9.7450248e-04  -4.1414036e-03
   2.3290227e-02   9.7888023e-01  -2.9393691e-01  -2.1620756e-03  -1.2289264e-03  -5.0409254e-03
   3.4621898e-02   1.0155012e+00  -2.2650457e-01  -2.1172746e-03   7.2976529e-05  -4.1584520e-03
  -3.9620354e-02   9.8625974e-01  -2.4886462e-01  -1.3493480e-03  -1.8047481e-03  -7.9944071e-03
  -1.0861064e-01   9.6904065e-01  -1.2880015e-01  -1.7433742e-04  -3.2877232e-03  -1.0016698e-02
  -1.9888347e-02   9.6159903e-01  -1.7404597e-01  -6.2630082e-04  -1.8446584e-03  -6.8917538e-03
   4.2771778e-04   9.7096147e-01  -1.3807169e-01  -4.9869813e-04  -2.2916055e-04  -6.3266664e-03
   4.3734561e-02   9.7778382e-01  -1.5771859e-01  -2.0668800e-04  -1.1348208e-03  -7.4036863e-03
  -4.6849693e-02   8.7786348e-01   4.0195613e-01   1.1547546e-02  -2.4725111e-03  -1.4669535e-02
  -6.7130128e-02   8.9666285e-01   2.3127195e-01   9.9679419e-03  -5.7893887e-04  -1.0915413e-02
   4.2180507e-02   9.3390353e-01   4.4375339e-02   6.3477138e-03  -2.4862985e-03  -7.8359841e-03
  -1.1087282e-02   9.4513282e-01   6.2084977e-02   6.3083371e-03  -1.3072853e-03  -7.4011845e-03
  -4.4799847e-02   9.3699092e-01   1.9658838e-02   4.7010161e-03  -1.6434585e-03  -8.2378584e-03
  -2.3151367e-02   9.1412210e-01  -7.8749454e-03   4.3432292e-03  -1.1562416e-03  -7.7136042e-03
  -1.4073597e-02   9.4561393e-01   2.3568941e-02   3.9365352e-03  -1.3022384e-03  -7.8091430e-03
  -2.8626136e-02   9.4174895e-01  -3.3435331e-02   4.5689698e-03  -1.0979894e-03  -7.5513991e-03
