   1.4210855e-14   0.0000000e+00   0.0000000e+00   0.0000000e+00   0.0000000e+00   0.0000000e+00
  -6.0287134e-04   6.2530259e-02   6.5841736e-02  -1.2367294e-03   4.6119818e-04  -3.3016272e-04
   9.1630946e-03   9.5256033e-02   9.0483344e-02  -1.0272990e-03   1.5856625e-04  -2.1233007e-04
   1.5571978e-02   1.1171816e-02   4.5967697e-02  -1.2813119e-03  -1.1360913e-03   8.2580064e-05
   1.1771903e-02   1.1989688e-01   3.9430034e-02  -2.8489761e-03  -1.3054925e-03   1.4518162e-04
   4.2492956e-03   1.1865659e-01  -6.3407917e-02  -3.9137350e-03  -1.2149175e-03   4.6557837e-04
  -1.5093167e-02   7.8108290e-02   1.2912311e-01   1.0449065e-03  -1.4341940e-04   8.9543060e-04
  -6.5494089e-03  -1.4507625e-01   1.3835582e-01   5.1970816e-03  -7.3637725e-04   1.1162731e-03
   3.1369929e-03  -3.2100426e-02   1.2040530e-01   2.4804158e-03  -2.0499208e-03   1.9200529e-03
   1.4125676e-02   5.0787156e-02   8.0816288e-02   3.7461001e-04  -1.3474220e-03   1.6031384e-03
   2.2462136e-03   1.2074074e-01   1.0987121e-01   1.8379394e-04  -1.5569041e-03   1.4478716e-03
   1.3113341e-02   7.1064568e-03   1.0375649e-01  -6.8499362e-05  -2.4276440e-03   1.3040323e-03
   2.3589646e-02   6.0711299e-02   9.2734654e-02  -1.5791193e-03  -3.6832880e-03   1.5817500e-03
   2.9896311e-02   5.5226992e-02   9.1122786e-02  -2.2804165e-03  -3.6409503e-03   1.3424654e-03
   2.9961861e-02   8.2721480e-02   2.6949759e-02  -1.9789520e-03  -4.2842573e-03   1.4287707e-03
   1.3782969e-02   1.0007827e-02   3.1384048e-02  -2.3164148e-03  -4.4825725e-03   1.6067019e-03
   2.7829905e-02   6.2178302e-02  -1.6126135e-02  -2.0396556e-03  -4.9806375e-03   1.5023582e-03
   3.1128127e-02   3.1061213e-02  -8.3467073e-02  -3.0382492e-03  -5.2637218e-03   1.5257903e-03
   3.9739370e-02   2.1425529e-02  -4.5365446e-02  -2.0519810e-03  -5.7681973e-03   1.5557428e-03
   5.5880821e-02   8.9865035e-02  -1.0734627e-01  -2.9766064e-03  -6.3437855e-03   1.4009029e-03
   5.8157661e-02   1.7362170e-02  -8.0526339e-02  -2.4905419e-03  -6.9941247e-03   1.6946323e-03
   3.2836015e-02  -1.9954683e-02  -1.1812610e-01  -6.2661896e-04  -5.2509279e-03   1.5883070e-03
   2.4968859e-02   1.3892652e-01  -6.0949265e-02  -1.9641322e-03  -4.1304339e-03   1.3888218e-03
   2.1954190e-02   5.2658393e-02  -2.3970027e-02  -1.9564878e-03  -4.7795343e-03   1.3558136e-03
   2.7789432e-02   1.3598922e-01  -6.7945872e-02  -2.2817585e-03  -4.5522763e-03   1.1756808e-03
   4.1681055e-02   2.0643650e-02  -1.8350817e-02  -1.8699760e-03  -4.7369189e-03   1.3265975e-03
   5.8859346e-02   1.0082824e-01  -3.1631241e-02  -3.3437402e-03  -4.8432679e-03   8.5571094e-04
   5.4115665e-02   6.1404351e-02  -6.8706998e-02  -2.2669608e-03  -4.4229485e-03   5.3294808e-04
   4.3756317e-02   6.5938508e-02  -7.0516645e-02  -2.2085860e-03  -3.9316221e-03   3.8181681e-04
   3.1850104e-02   8.6701368e-02  -1.0006027e-01  -1.8236159e-03  -3.9655074e-03   4.9691919e-04
   3.3055016e-02   4.2000618e-02  -6.0200125e-02  -2.3178944e-03  -3.4933235e-03   5.1713399e-04
   3.9327025e-02   7.0671576e-02  -7.8460311e-02  -1.2331755e-03  -3.4743129e-03   3.0874997e-04
   3.8979929e-02   7.0226372e-02  -1.0950691e-01  -2.8797320e-03  -3.8447739e-03   4.8382695e-04
   4.2201832e-02   2.4289108e-02  -8.8182710e-02  -9.5647891e-04  -4.1416210e-03   3.8901044e-04
   3.3529781e-02   1.1514614e-01  -1.2206320e-01  -2.4862752e-03  -4.3109722e-03   5.3189268e-04
   3.6206567e-02   2.1687467e-02  -9.8896219e-02  -1.1249407e-03  -4.2874964e-03   7.5431781e-04
   3.0691521e-02   8.1824051e-02  -3.6694323e-02  -1.4892996e-03  -3.9528857e-03   8.5231636e-04
   3.6313255e-02  -4.9825882e-02  -1.4428853e-01   7.4032086e-04  -4.1164681e-03   9.2483250e-04
   2.5724375e-02   8.7243458e-02  -1.4972987e-01  -2.0076009e-03  -3.9628106e-03   1.0463275e-03
   4.7807890e-02   5.4384104e-02  -1.1656305e-02  -8.1670712e-04  -3.4350054e-03   3.4276574e-04
   2.0367875e-01   6.8351707e-01   7.3808252e-01  -1.3218650e-02  -3.8465190e-03  -1.5437913e-03
   1.5078309e-01  -1.3556077e-02   6.9459156e-01  -8.2924494e-03  -4.2988191e-03  -2.3343118e-03
   1.3253625e-01   1.3886513e-01   4.0437084e-01  -5.9780903e-03  -3.0643944e-03  -2.7614831e-03
   1.1046678e-01   1.6117023e-01   2.9640556e-01  -5.7349923e-03  -3.2111783e-03  -2.2604076e-03
   9.8667264e-02   9.5383259e-02   2.8094108e-01  -5.4971599e-03  -2.9481115e-03  -1.8331893e-03
   9.8246829e-02   1.4679522e-01   2.1289022e-01  -6.1203063e-03  -3.2321518e-03  -1.4837995e-03
   1.1070355e-01   1.4180521e-01   1.2670789e-01  -6.1017244e-03  -3.9721141e-03  -1.2940775e-03
   1.0028464e-01   1.1377812e-01   1.4249922e-01  -6.3261269e-03  -4.5500202e-03  -7.6731308e-04
   1.0409126e-01   1.4220613e-01   4.8923268e-03  -5.9246028e-03  -5.1637130e-03  -6.6762969e-04
   9.9941540e-02   1.1323995e-01   1.7244664e-03  -6.5552151e-03  -5.4416135e-03  -1.3224124e-04
   1.0329134e-01   1.2040798e-01  -3.5043405e-02  -6.3461787e-03  -5.0071331e-03  -2.5534492e-04
   1.2585231e-01   1.4655050e-01  -1.1206974e-01  -6.7747313e-03  -5.4742654e-03  -5.9463299e-05
   1.3753076e-01   8.3107149e-02  -1.2457165e-01  -6.8811244e-03  -5.3747117e-03  -2.9594273e-05
   1.4220959e-01   1.4312826e-01  -1.9333228e-01  -6.3900393e-03  -6.0922941e-03   1.1655552e-04
   1.3283895e-01   7.9183187e-02  -1.7025017e-01  -6.7594830e-03  -6.8018380e-03   4.0254061e-04
   1.3251526e-01   1.1504183e-01  -1.5152945e-01  -6.6555117e-03  -6.6864219e-03   4.3376833e-04
   1.2166212e-01   1.7368064e-01  -1.2594437e-01  -7.0413300e-03  -6.2380179e-03   3.7791078e-04
   1.2127214e-01   7.4835519e-02  -1.2131135e-01  -6.4100832e-03  -6.5116907e-03   4.2067098e-04
   1.2001934e-01   9.3765479e-02  -1.3223746e-02  -4.9862523e-03  -5.7212932e-03   6.9870198e-04
   1.1652636e-01   2.0525545e-01  -5.5803984e-02  -6.1764736e-03  -5.3452157e-03   3.7263768e-04
   1.2518310e-01   8.9128221e-02   1.7578754e-02  -5.5660350e-03  -5.8091935e-03   4.4107065e-04
   1.3123492e-01   1.7922170e-01  -2.0571853e-02  -6.2770890e-03  -5.4237640e-03  -1.7004701e-05
   1.1581755e-01   1.4915693e-01  -2.2139039e-02  -6.4593596e-03  -5.5497626e-03   3.8547168e-04
   1.0905906e-01   8.9996075e-02  -1.3768175e-02  -6.2639123e-03  -5.6116299e-03   3.9535572e-04
   1.1341828e-01   1.6051911e-01  -3.9970861e-02  -6.1405571e-03  -5.9411306e-03   4.0018734e-04
   1.2658331e-01   1.0716423e-01  -6.5310481e-02  -6.0169508e-03  -6.8824272e-03   7.0773303e-04
   1.3711460e-01   1.3989377e-01  -4.0054714e-02  -6.1099766e-03  -8.2352552e-03   8.1954623e-04
   1.4204183e-01   1.5573314e-01  -1.4214248e-01  -6.7922295e-03  -8.5400715e-03   5.7661221e-04
   1.3540518e-01   1.0843657e-01  -3.0190570e-02  -6.7264162e-03  -8.3132773e-03   7.1542134e-04
   1.5340408e-01   1.3420996e-01  -1.5731013e-01  -6.0421847e-03  -9.0181434e-03   6.2960552e-04
   1.4249534e-01   1.1844645e-01  -8.1831547e-02  -7.0204847e-03  -9.1491253e-03   8.3810513e-04
   1.5727976e-01   1.2648303e-01  -2.3055451e-01  -7.1645876e-03  -9.1832741e-03   6.3519757e-04
   1.2100175e-01   7.8474227e-02   6.6650470e-02  -5.4060471e-03  -7.3325933e-03   1.2285187e-03
   1.8726542e-01   1.5639456e-01  -4.9073417e-01  -3.7031748e-03  -7.9920208e-03  -5.5270533e-04
   2.4049354e-01   2.7830122e-01   4.3254144e-01  -5.2432511e-03  -8.4170234e-03  -1.2171374e-03
   2.0049837e-01   2.3429258e-01   9.0420545e-01  -5.4498376e-03  -6.8277187e-03  -1.1906588e-03
   2.0035362e-01   2.5229563e-01   4.6418053e-01  -6.0703603e-03  -7.4296466e-03  -1.3146744e-03
   1.7555555e-01   1.4414839e-01   6.1072367e-01  -6.2115847e-03  -6.8835800e-03  -1.1540165e-03
   1.7542282e-01   2.2206614e-01   3.7874966e-01  -6.1790789e-03  -7.0156946e-03  -1.1332678e-03
   1.7456004e-01   1.2983039e-01   4.3925240e-01  -5.6773504e-03  -6.9325477e-03  -1.1073606e-03
   1.6909940e-01   2.1591120e-01   2.8640452e-01  -5.7306822e-03  -6.9509602e-03  -1.1134478e-03
   1.7031014e-01   1.4846437e-01   3.6551378e-01  -6.0161392e-03  -6.6533493e-03  -1.0150635e-03
   1.8354422e-01   2.0614217e-01   2.5149772e-01  -5.1189216e-03  -6.9069855e-03  -8.3079151e-04
   1.7079573e-01   1.5666916e-01   2.9008852e-01  -6.2268922e-03  -7.0967577e-03  -2.4736661e-04
   1.8744351e-01   1.7890312e-01   2.2812534e-01  -4.9382686e-03  -8.0411778e-03   4.7259282e-05
   1.7779918e-01   1.3696506e-01   2.6327629e-01  -5.7128216e-03  -8.9338861e-03   2.7182768e-04
   1.9203769e-01   1.8546561e-01   1.7726292e-01  -5.5838360e-03  -9.6350805e-03   7.9992081e-05
   1.7633504e-01   1.5591938e-01   1.7856969e-01  -6.2381616e-03  -9.5876145e-03   3.5030005e-04
   1.8270122e-01   1.7753494e-01   9.5545199e-02  -6.3830867e-03  -9.8110155e-03   5.3610973e-05
   1.8078179e-01   1.9399447e-01   1.0881681e-01  -6.9186240e-03  -1.0063248e-02   2.4753015e-04
   1.6357631e-01   2.0062116e-01   5.4200688e-02  -6.4189288e-03  -9.8424565e-03  -9.1015596e-05
   1.5988432e-01   2.3153513e-01   3.8767032e-02  -6.9477321e-03  -9.6375299e-03   1.1894089e-04
   1.7019869e-01   1.6265540e-01   4.7425153e-02  -6.3686332e-03  -9.8574370e-03  -9.2248835e-07
   1.5968331e-01   2.2520479e-01   4.8801387e-02  -6.4705014e-03  -9.5019324e-03   5.5292602e-05
   1.5530807e-01   1.5617655e-01   4.2624783e-02  -6.7512094e-03  -9.6322302e-03  -4.1381704e-05
   1.4931830e-01   2.2584163e-01   2.7358702e-02  -6.3673190e-03  -9.5849385e-03   4.0440750e-05
   1.5230196e-01   1.3750170e-01   5.1600315e-02  -5.9975774e-03  -9.6183775e-03  -2.2155137e-05
   1.4915926e-01   2.2250744e-01   7.4063074e-03  -6.2596064e-03  -9.5872905e-03  -4.2481119e-05
   1.4429658e-01   1.4658031e-01   4.0086353e-02  -5.6023608e-03  -9.5762964e-03   2.7321718e-04
   1.3834578e-01   2.4153981e-01   5.7394849e-02  -6.4381591e-03  -8.8079686e-03   4.4906619e-05
   1.4539387e-01   4.1749460e-02   6.3516486e-02  -2.8872514e-03  -9.6883743e-03   5.9071339e-04
   1.3353873e-01   2.1625041e-01   1.4072828e-01  -4.5594277e-03  -8.9233369e-03   5.8427440e-04
   1.2602933e-01   1.5851387e-01   1.7728632e-01  -4.0423799e-03  -8.2368363e-03   4.6270646e-04
   1.1963380e-01   1.8003919e-01   1.4549138e-01  -2.8348409e-03  -7.9161905e-03   2.4539954e-04
   1.2372663e-01   1.2967811e-01   1.3333304e-01  -3.7518628e-03  -8.2677632e-03   6.2854866e-04
   1.2228661e-01   1.2873135e-01   1.0777532e-01  -3.0041028e-03  -8.0343363e-03   4.7025694e-04
   1.1332258e-01   1.1796182e-01   5.5013800e-02  -3.8602103e-03  -7.6814709e-03   4.5850822e-04
   1.0582444e-01   1.4156041e-01   7.3407625e-02  -3.2946603e-03  -7.5031928e-03   3.0731776e-04
   1.2125127e-01   2.0865498e-01   6.1832759e-03  -3.5026644e-03  -7.5221824e-03  -7.5479336e-05
   1.3213278e-01   1.3862995e-01   5.5183530e-03  -3.0971382e-03  -7.9871303e-03   1.4266182e-04
   1.4368370e-01   1.8670341e-01  -4.7551799e-02  -3.2245371e-03  -8.9763449e-03   5.6416527e-04
   1.4831157e-01   1.1987700e-01   1.4118990e-02  -3.0576265e-03  -9.1508223e-03   8.5114478e-04
   1.5106069e-01   1.9730913e-01  -3.8713261e-02  -4.2313878e-03  -9.3604903e-03   9.4515761e-04
   1.4379001e-01   1.3503609e-01   3.2461392e-02  -3.8868038e-03  -9.1859617e-03   1.1719891e-03
   1.3802692e-01   2.1724215e-01  -7.4325739e-02  -5.1462799e-03  -8.5682386e-03   8.3680650e-04
   1.2008568e-01   1.2161141e-01   5.6727049e-03  -3.9778557e-03  -8.1812224e-03   9.4169609e-04
   1.3205423e-01   1.9655160e-01  -7.6958999e-02  -4.3990912e-03  -8.4749840e-03   8.2188833e-04
   1.3543927e-01   1.6386106e-01  -3.3716288e-02  -4.7679229e-03  -8.6355469e-03   1.2837657e-03
   1.3266033e-01   1.9707292e-01  -1.8594096e-02  -5.1034053e-03  -8.6173759e-03   9.8363937e-04
   1.2192880e-01   2.0240907e-01  -1.8930600e-02  -4.8919548e-03  -8.8333525e-03   1.3376423e-03
   1.3688030e-01   1.8508375e-01  -4.1486312e-02  -4.3488840e-03  -9.7678832e-03   1.3009628e-03
   1.5009311e-01   2.4592400e-01  -6.0239239e-02  -4.7841599e-03  -1.0195100e-02   1.2360545e-03
   1.5286672e-01   1.5586756e-01  -5.7575716e-02  -4.9135183e-03  -9.7941848e-03   1.2368887e-03
   1.5442947e-01   2.1864871e-01  -1.2654730e-01  -5.9051720e-03  -9.6845153e-03   1.1661650e-03
   1.4756661e-01   1.4530718e-01  -1.0145468e-01  -5.8380754e-03  -9.3073438e-03   1.2011995e-03
   1.4883547e-01   2.2408115e-01  -1.2229411e-01  -5.4769753e-03  -9.5923042e-03   1.2778741e-03
   1.5181541e-01   1.3374549e-01  -1.0773028e-01  -5.0387862e-03  -9.5663424e-03   1.3016303e-03
   1.4663535e-01   2.1476798e-01  -1.2947592e-01  -6.1325738e-03  -9.2452678e-03   1.1397949e-03
   1.4138307e-01   1.2372423e-01  -1.0350690e-01  -5.2413431e-03  -8.8807940e-03   1.2954053e-03
