   0.0000000e+00   0.0000000e+00   1.4210855e-14   2.7755576e-17  -1.7347235e-18   4.8148249e-35
  -3.0090402e-02   3.7838510e-02   2.0609191e-02  -6.4289152e-04  -7.9885408e-04   6.8855508e-04
   4.1042039e-03   3.5853222e-03   2.3514395e-02   8.7019863e-05  -1.3648857e-04   7.8172004e-04
   3.8690734e-02  -4.3747834e-03  -6.6071494e-02  -1.5982525e-03   5.7878905e-04   2.9104328e-04
   4.2471185e-02  -4.8665182e-02   4.8183598e-02  -2.6339741e-03   6.7908564e-04  -2.5412061e-04
   7.3734195e-02  -3.1290276e-02   1.6241437e-01  -9.0127434e-04   8.1910102e-04  -5.9516191e-04
   1.0757229e-01  -8.3766281e-03   1.8632315e-01   1.0059317e-04   1.2802168e-03  -1.2050488e-03
   1.0211088e-01  -2.2779640e-02   2.0541175e-01   6.0988278e-04   1.2220710e-03  -9.8604280e-04
   1.2215380e-01  -1.0479142e-02   2.0070509e-01   6.4178711e-04   1.5171336e-03  -1.2218707e-03
   1.2465047e-01   7.5793006e-03   1.8664761e-01   6.1738585e-04   1.4360003e-03  -1.2955449e-03
   1.2154831e-01   1.0561975e-02   1.6320692e-01   8.0117671e-04   1.5139994e-03  -1.3224586e-03
   1.1416946e-01   2.3413225e-02   1.5144411e-01   8.3927825e-04   1.4798382e-03  -1.3648876e-03
   1.0952664e-01   3.7163720e-02   1.7704937e-01   1.4800410e-03   1.1779340e-03  -1.4689107e-03
   1.3986950e-01   3.7318274e-02   2.2617447e-01   2.2375419e-03   1.5640008e-03  -1.8140636e-03
   1.3245797e-01   3.3802272e-02   1.6461991e-01   1.1564097e-03   1.2400033e-03  -1.6507195e-03
   1.4741600e-01   3.9406083e-02   1.6363138e-01   1.4762174e-03   1.2958111e-03  -1.9306644e-03
   1.1558605e-01   6.3960065e-02   1.0595782e-01   1.3050116e-03   1.1282590e-03  -1.5694373e-03
   1.1429025e-01   4.1526048e-02   1.4586255e-01   1.0652159e-03   1.3613821e-03  -1.4276800e-03
   1.1946882e-01   6.2575288e-02   1.9052460e-01   1.4156576e-03   1.0261461e-03  -1.5697169e-03
   1.3474480e-01   4.6882859e-02   1.5943104e-01   8.0854966e-04   9.2486775e-04  -1.7734407e-03
   1.2395797e-01   6.5572587e-02   1.1588874e-01   7.4964893e-04   9.7923565e-04  -1.7484351e-03
   1.3346497e-01   6.3825037e-02   1.2345141e-01   8.6540667e-04   9.8351938e-04  -1.8817217e-03
   1.2579560e-01   5.3244469e-02   1.7882683e-01   1.1323540e-03   7.6656729e-04  -1.7986260e-03
   1.1424483e-01   5.0227294e-02   2.1165462e-01   1.3506624e-03   5.7459200e-04  -1.7551732e-03
   8.8725041e-02   4.5451941e-02   2.1404106e-01   1.4463500e-03   3.2438685e-04  -1.5495732e-03
   1.1551742e-01   5.1051222e-02   1.6625360e-01   1.1565376e-03   7.7016489e-04  -1.3351490e-03
   1.1409233e-01   3.1184288e-02   1.2351218e-01   1.2842636e-03   8.5903350e-04  -1.4186337e-03
   1.0430106e-01   4.0748737e-02   1.4043685e-01   1.3863650e-03   7.5487672e-04  -1.2942545e-03
   9.5043626e-02   1.6774599e-02   5.7632415e-02   5.5581545e-04   6.9550056e-04  -1.2118928e-03
   8.8018397e-02   2.3075818e-02   7.8543425e-02   5.0456187e-04   6.7502951e-04  -1.1782691e-03
   8.9440296e-02   2.3458305e-02   1.0026880e-01   6.3213756e-04   2.9108545e-04  -1.3445555e-03
   9.3761370e-02   2.7634567e-02   8.8410132e-02   3.8954955e-04   3.0721173e-04  -1.4935212e-03
   6.8178396e-02   5.7584682e-02   7.8982454e-02   1.1391653e-04   3.3212212e-05  -1.2913058e-03
   6.7713035e-02   4.2412203e-02   1.2250026e-01   4.0384214e-04   2.9431307e-04  -1.2905645e-03
   9.0780331e-02   3.0407758e-02   1.5104124e-01   8.1432693e-04   2.3850636e-04  -1.6937515e-03
   1.0489751e-01   5.3350650e-02   1.7878304e-01   9.3161597e-04   5.0315576e-04  -1.8447490e-03
   9.2789855e-02   6.7407884e-02   1.0792275e-01   6.7965175e-04   5.7618712e-04  -1.7059905e-03
   1.0443923e-01   7.3276668e-02   1.1383746e-01   1.0050720e-03   4.7092572e-04  -1.8868872e-03
   7.9847180e-02   5.9899214e-02   1.1929109e-01   9.8000122e-04  -4.5865550e-05  -1.5664373e-03
   1.1541287e-01   7.5978952e-02   2.0185085e-01   1.6639517e-03   5.0304382e-04  -1.8542266e-03
   1.0926768e-01   4.0634101e-02   1.0901333e-01   8.5819953e-04   3.8176752e-04  -1.8670017e-03
   1.0720107e-01   8.3173812e-02   1.3417380e-01   1.4408815e-03   6.5894535e-04  -1.7321194e-03
   1.1100798e-01   8.0660285e-02   1.8561108e-01   2.2423967e-03   7.6363621e-04  -1.6790130e-03
   1.1949424e-01   5.9980016e-02   1.4965121e-01   1.0681123e-03   5.6253110e-04  -1.8346906e-03
   1.2169530e-01   7.2721113e-02   9.1250066e-02   1.1081669e-03   8.4945014e-04  -2.0023609e-03
   8.5339335e-02   7.5535612e-02   9.0211885e-02   8.9861511e-04   1.8951764e-04  -1.5727934e-03
   1.0171787e-01   3.6311060e-02   8.4152090e-02   1.0980633e-03   5.6013092e-04  -1.8388077e-03
   1.1181575e-01   6.7937063e-02   1.1140880e-01   9.2783818e-04   8.5955898e-04  -1.7189470e-03
   9.9726610e-02   6.4271248e-02   1.2711103e-01   1.2530939e-03   4.4255621e-04  -1.7512046e-03
   1.1360956e-01   7.5233811e-02   1.8429580e-01   1.0336954e-03   9.0194197e-04  -1.6200490e-03
   8.2778750e-02   5.3744599e-02   1.1294705e-01   9.3859118e-04   8.4635449e-04  -9.2111228e-04
   7.1692958e-02   5.8950152e-02   5.2989077e-02   8.3031271e-04   2.2229745e-04  -1.2284392e-03
   6.6653323e-02   7.1938278e-02   1.9500727e-01   2.0086027e-03   5.4503083e-04  -1.0802298e-03
   2.3183992e-02   1.5246958e-02   4.0035788e-02  -4.4699553e-05   5.7226955e-04  -4.6940543e-04
   2.8649384e-02   5.2527791e-02   4.2825486e-02  -6.0694313e-04   8.7406606e-04  -6.5569452e-04
   4.5840172e-02   8.1574553e-02  -7.1624987e-02  -9.5524452e-04   9.5434014e-05  -9.4653898e-04
   6.3573200e-02   5.6485040e-02  -8.0388333e-02  -6.9115741e-04   5.9168195e-04  -1.1548557e-03
   4.9476842e-02   6.6379288e-02  -2.9514172e-02  -3.6056928e-04   4.3124259e-04  -1.3916186e-03
   1.4314925e-02   9.0494833e-02  -5.8788705e-02  -3.5824006e-04   3.3831620e-04  -1.1209882e-03
   2.5707085e-02   8.4222925e-02  -1.7196612e-02   1.2715255e-03   1.9426961e-03  -1.1295402e-03
  -2.0824710e-02   5.7413498e-02  -2.6961733e-01  -1.5296453e-03   1.4290415e-03  -6.7160497e-05
  -3.1648511e-02   8.6732460e-02  -1.9476872e-01  -1.0046177e-03   1.6164312e-03   9.6091022e-05
  -1.2751130e-02   7.7837480e-02  -1.0136581e-01  -1.0339364e-03   1.2854193e-03  -7.1245425e-05
  -2.2839122e-02   8.3764623e-02  -1.3966754e-01  -1.5045625e-03   8.5608545e-04  -4.7050370e-05
  -2.4608247e-02   8.3317659e-02  -7.7771047e-02  -9.9330647e-04   9.2470344e-04   2.8175695e-05
  -3.7948202e-02   6.6739021e-02  -4.6130875e-03   2.7679629e-05   6.3348208e-04   1.1611652e-04
  -4.3519035e-02   2.7531639e-02  -1.2280573e-01  -1.3372562e-03   6.6691374e-04   2.6152958e-04
  -3.1212416e-02   7.3679404e-02  -1.0377888e-01  -4.5624919e-04   1.0257768e-03   1.7237574e-04
  -1.4410588e-02   8.2188715e-02  -9.5121563e-02  -1.7852499e-04   1.2281914e-03   2.7843594e-05
  -2.2602902e-02   6.8540976e-02  -1.1402271e-01  -1.0584411e-03   6.4125176e-04  -6.5614034e-06
  -3.5900498e-02   8.1681871e-02  -1.3589447e-01  -1.0510452e-03   8.7449030e-04   1.8998750e-04
  -3.3200539e-02   6.8550927e-02  -1.2412724e-01  -1.3256363e-03   9.6988996e-04  -8.5130531e-05
  -2.5858153e-02   6.8258587e-02  -6.9952253e-02  -8.4669023e-04   1.1031031e-03  -4.1403469e-05
  -1.2862043e-04   8.7000901e-02  -1.1152550e-02  -3.2201632e-04   8.8329343e-04  -3.5605469e-04
  -5.2787052e-02   5.0484798e-02  -1.3891868e-01  -1.9791222e-03   1.3588095e-03   8.1078735e-04
  -1.5743676e-01  -5.0175117e-02  -3.3448458e-01  -5.3315835e-03   7.6599119e-04   1.8645786e-03
  -8.3167842e-02  -3.9463739e-02  -2.5470081e-01  -4.0511447e-03   1.0618028e-03   5.4128466e-04
  -8.6630228e-02  -2.4310261e-03  -2.8610065e-01  -4.3178267e-03   8.3142678e-04   5.1164976e-04
  -1.0180378e-01  -4.3557483e-02  -2.3985455e-01  -4.4733830e-03  -2.3178195e-04   5.9579372e-04
  -1.2660984e-01  -4.1033893e-02  -2.5176580e-01  -4.6591186e-03   1.2483980e-04   1.0404157e-03
  -1.0420798e-01  -2.1090246e-02  -2.5846353e-01  -4.8150671e-03   6.6700846e-04   7.9776781e-04
  -1.2224640e-01  -3.4128187e-02  -2.4711148e-01  -4.4506214e-03   3.0190471e-04   8.9303540e-04
  -8.2346400e-02  -2.5275562e-02  -2.2981271e-01  -4.2251239e-03   6.4934215e-04   3.6349424e-04
  -1.0906902e-01  -1.2508582e-02  -2.4716467e-01  -4.2793705e-03   4.4506736e-04   6.8591916e-04
  -8.7434839e-02  -1.1998129e-02  -2.4431705e-01  -4.3630123e-03   5.2508141e-04   2.9510770e-04
  -7.5823886e-02  -3.0020063e-03  -1.9676909e-01  -3.9078239e-03   8.8394275e-04   2.1906699e-04
  -6.3049399e-02   1.7815452e-02  -1.3163105e-01  -2.8972611e-03   1.0904915e-03  -1.0859010e-04
  -8.0229517e-02  -4.8192586e-03  -2.4661251e-01  -4.3750720e-03   6.8152188e-04   9.5870090e-05
  -6.8651186e-02   2.5541129e-04  -2.2286462e-01  -3.9065930e-03   8.9947499e-04  -7.7763538e-05
  -6.4065299e-02   4.8594701e-03  -1.6889024e-01  -3.2673310e-03   9.0783370e-04   3.6139484e-05
  -6.4628161e-02   4.4783399e-03  -1.2603687e-01  -2.1471583e-03   9.1871159e-04  -2.3620171e-04
  -1.0350876e-01   1.5698489e-02  -2.1731132e-01  -3.4535098e-03   1.4885491e-04   1.0363749e-04
  -1.1761223e-01   2.6095954e-02  -2.5880124e-01  -3.8974590e-03  -3.8186157e-04   1.1340804e-04
  -9.6777912e-02   1.5669125e-02  -2.3408226e-01  -3.8973183e-03   1.2146306e-04   9.4580412e-05
  -8.6447134e-02   7.7724343e-03  -2.4893404e-01  -3.8417398e-03   3.6814240e-04   6.4778836e-05
  -9.0804635e-02   7.0212874e-03  -2.3235250e-01  -3.6553948e-03   1.6600479e-04   9.1132490e-05
  -7.4677991e-02   1.2259544e-02  -2.2324364e-01  -3.2545898e-03   3.7522296e-04  -1.5514745e-04
  -7.2578869e-02   2.0353769e-02  -2.3337870e-01  -3.2995617e-03   3.9332514e-04  -2.2566864e-04
  -9.2357339e-02   1.3356869e-02  -3.3150396e-01  -4.0224049e-03   3.0650779e-04   1.4953318e-04
  -8.4888861e-02   2.6190640e-02  -3.1780801e-01  -4.3315883e-03   7.3327160e-04   4.1903989e-04
  -5.3061471e-02   3.5868702e-02  -2.3952120e-01  -3.2930993e-03   6.7231703e-04  -2.1432127e-04
  -5.6638887e-02   2.1033949e-02  -2.4771383e-01  -3.1175634e-03   4.3469327e-04  -2.2360743e-04
  -7.5671579e-02   1.8554866e-02  -2.6906699e-01  -3.9942782e-03   4.3564478e-04  -8.7280466e-05
  -7.6497170e-02   8.6709259e-03  -2.4564575e-01  -3.2551757e-03   5.5952993e-04  -2.1228674e-04
  -5.5447666e-02  -1.7360373e-02  -2.3543099e-01  -3.3335337e-03   6.4972504e-04  -3.0086920e-04
  -5.2668773e-02  -2.2462085e-02  -2.2987851e-01  -3.3021353e-03   6.2245529e-04  -2.8843833e-04
  -6.1667426e-02  -1.0884070e-03  -2.6950276e-01  -4.1401371e-03   5.0392106e-04  -1.6170565e-04
  -5.1421966e-02  -5.1930790e-03  -2.3507720e-01  -3.7555464e-03   9.8148222e-04  -1.4950698e-04
  -3.7851238e-02  -1.2297086e-02  -1.9423989e-01  -3.4542777e-03   1.0144231e-03  -4.0159009e-04
  -4.7774919e-02   5.9185604e-03  -1.9062583e-01  -3.2896165e-03   6.8648095e-04  -3.9415706e-04
  -5.2262685e-02   1.4981227e-02  -2.0639089e-01  -3.3137498e-03   6.4779016e-04  -2.7603103e-04
  -5.7166869e-02  -1.9212379e-03  -1.9490534e-01  -3.2417322e-03   7.1414791e-04  -2.9609773e-04
  -6.4196922e-02   7.7245960e-03  -1.8057109e-01  -3.1249969e-03   6.4160619e-04  -2.0653746e-04
  -5.9661519e-02   2.4181319e-02  -2.6683090e-01  -3.8571552e-03   1.0044240e-03  -1.3168218e-04
  -5.0119170e-02   1.9211238e-02  -2.1841811e-01  -3.5367047e-03   1.2101609e-03  -2.2706803e-04
  -5.5034247e-02   2.6145346e-03  -1.9092642e-01  -3.2058138e-03   9.3559936e-04  -2.1184975e-04
  -4.4383161e-02  -1.4873483e-02  -1.8364645e-01  -3.2743087e-03   1.1644475e-03  -1.6027000e-04
  -3.0714947e-02  -4.0177526e-03  -1.9005413e-01  -3.3058500e-03   1.3439131e-03  -2.9663375e-04
  -3.8488692e-02  -6.5389185e-03  -1.7602235e-01  -3.0799981e-03   1.1300381e-03  -1.8048310e-04
  -1.3143202e-02   8.3734853e-03  -1.4432948e-01  -2.5975779e-03   1.5764203e-03  -4.7989473e-04
  -2.5625923e-02   1.0641921e-02  -2.0613437e-01  -3.4398209e-03   1.2344372e-03  -3.3623545e-04
  -2.9542967e-02   9.9963647e-03  -2.3928469e-01  -3.3072638e-03   1.2745040e-03  -3.2313709e-04
  -2.0870082e-02  -1.7905238e-03  -2.5458760e-01  -3.4480252e-03   1.5170838e-03  -4.9807546e-04
  -2.0339559e-02   3.2611467e-02  -1.9736676e-01  -2.4427997e-03   1.6589624e-03  -5.0795225e-04
  -2.2786996e-02   4.6499561e-02  -1.8949135e-01  -2.5289504e-03   1.4249697e-03  -4.9818352e-04
  -3.9324774e-02   3.4883195e-02  -2.6068178e-01  -3.5978963e-03   1.2091328e-03  -3.4213645e-04
  -5.5582803e-02   1.0978174e-02  -2.5728132e-01  -4.0723828e-03   7.7060930e-04  -1.0424387e-04
  -5.6563598e-02  -1.6059655e-02  -2.1543085e-01  -3.3497020e-03   8.0628270e-04  -2.2424556e-04
  -2.4575554e-05  -1.3047678e-02  -1.5009851e-01  -2.3046824e-03   1.3563679e-03  -8.1620318e-04
