   0.0000000e+00   0.0000000e+00   0.0000000e+00   0.0000000e+00   0.0000000e+00   0.0000000e+00
   1.1859647e-02  -1.3576368e-02   3.3389054e-02  -6.3867023e-04   1.1312648e-03   1.3138699e-03
   7.5834168e-04  -1.9495550e-02   8.9818672e-02  -1.0510126e-03   6.1567312e-04   2.1879515e-03
  -2.5293168e-02   5.2103063e-02   7.5567335e-02   2.5451339e-03   1.4344827e-04   1.7600400e-03
  -4.8066329e-02   6.4321554e-02   3.3773310e-02   2.5023041e-03  -2.7294506e-04   2.8691826e-03
  -2.8720379e-02   2.4714824e-02   2.5755933e-02   1.6832907e-03   1.3813724e-04   3.0503570e-03
  -2.7800901e-02   2.7431996e-02   2.0949198e-02   1.5006039e-03   1.5031918e-05   2.7093174e-03
  -2.2747837e-02   3.8698309e-02   4.7572177e-02   7.5161737e-04   4.5152755e-04   2.2529817e-03
  -2.0839168e-02   4.8709537e-02   3.8357943e-02  -4.8861561e-04  -2.3558916e-04   2.8963709e-03
  -3.9632829e-02   6.0807526e-02   8.3292330e-02   2.7313184e-04  -3.6957823e-04   2.5478571e-03
  -3.6421087e-02   5.6019735e-02   5.7644828e-02   2.0772583e-04  -3.0820579e-04   2.1722599e-03
  -4.2408378e-02   6.9219853e-02   3.9733838e-02  -6.3704001e-04  -2.3233097e-04   1.5547358e-03
  -4.3390033e-02   9.4165893e-02   7.4644028e-02  -1.5552520e-04  -3.6226654e-04   1.7713247e-03
  -3.6939481e-02   8.5525316e-02   9.6795347e-02   4.6560438e-04   3.3008305e-04   1.2377913e-03
  -5.7230584e-02   5.7887139e-02   1.5497077e-01  -5.8296506e-05   1.2093362e-04   1.4712962e-03
  -4.0290287e-02   7.1540286e-02   1.8556958e-01   5.6259306e-05  -2.9180792e-04   1.4101073e-03
  -6.1731786e-02   4.0947822e-02   2.4410264e-01  -2.9438235e-05  -6.9204102e-04  -1.2320958e-06
  -3.5664374e-02   7.3400453e-02   3.4311229e-01   4.6594694e-05   2.2487688e-04   2.4337046e-03
  -4.6826492e-02   5.4083453e-02   3.2321941e-01  -9.2913970e-04  -2.9016438e-04   2.0383105e-03
  -6.0921474e-02   4.9991725e-02   3.1770658e-01   3.6391522e-05  -1.0871338e-03   4.7961308e-04
  -8.1455870e-02   5.8581389e-02   3.8991809e-01   7.4266998e-06  -9.5505949e-04   1.5715726e-03
  -1.2085554e-01   6.7131111e-02   4.1816549e-01   2.1300509e-04  -1.7732196e-03   2.0623475e-03
  -9.7997356e-02   2.6859827e-02   3.8661336e-01  -1.1940557e-03  -1.8111015e-03   1.2674483e-03
  -1.5348932e-01  -1.8379147e-02   4.3194349e-01  -1.2193199e-03  -2.0699901e-03  -2.2213779e-03
  -1.7032912e-01  -3.8519794e-02   4.5476304e-01  -2.5790078e-03  -2.0858733e-03  -1.6968922e-03
  -1.5913974e-01  -1.5431837e-02   4.2214022e-01  -4.0072637e-03  -2.8577831e-03  -9.5064411e-04
  -1.6143842e-01  -3.7511489e-02   4.3055972e-01  -6.4853647e-03  -3.1290717e-03  -7.5487219e-04
  -1.5848739e-01  -1.1386782e-03   3.9481898e-01  -4.8365389e-03  -2.9406820e-03  -9.1970862e-04
  -1.5705291e-01  -8.6056949e-02   4.0602460e-01  -8.5861201e-03  -2.7105429e-03  -1.8252859e-03
  -2.5273963e-01   1.1423289e-01   1.9495516e-01   3.0271533e-03  -4.9676086e-03  -2.1188592e-03
  -2.6611712e-01   2.2787491e-01   2.9548430e-01   1.1184151e-02  -5.4833239e-03  -2.5321521e-03
  -2.1627410e-01   2.7947736e-02   2.9650039e-01  -8.4178856e-04  -5.1531953e-03  -4.1405644e-03
  -2.3673795e-01   3.1741072e-02   3.2943790e-01  -2.3230232e-03  -4.7479107e-03  -3.3858403e-03
  -2.6041869e-01   5.0143943e-03   3.3533687e-01  -3.7668155e-03  -5.4335895e-03  -4.3716983e-03
  -2.8126945e-01  -3.7734177e-02   3.6935035e-01  -3.2798108e-03  -5.3745801e-03  -3.9793360e-03
  -2.6305285e-01  -7.7651889e-02   4.4957801e-01  -3.8579784e-03  -5.4391253e-03  -4.7221758e-03
  -2.7662586e-01  -8.4977816e-02   4.6213493e-01  -4.3585621e-03  -5.3029999e-03  -4.8360598e-03
  -2.7382335e-01  -1.0613197e-01   4.8157759e-01  -5.5049700e-03  -4.9987038e-03  -4.2312605e-03
  -2.9040789e-01  -9.4043034e-02   4.6648074e-01  -5.4426426e-03  -5.2202334e-03  -3.8533686e-03
  -2.7481264e-01  -1.0442631e-01   4.5440835e-01  -5.8189424e-03  -4.8679892e-03  -3.1431406e-03
  -2.8240880e-01  -1.0488544e-01   4.4228553e-01  -6.4036143e-03  -5.4040935e-03  -3.6056307e-03
  -2.7133598e-01  -7.8645966e-02   4.5571816e-01  -6.0265794e-03  -5.7073721e-03  -3.0323324e-03
  -2.8765818e-01  -9.9088141e-02   4.7178285e-01  -6.2629946e-03  -5.5641568e-03  -3.7705977e-03
  -2.6435983e-01  -1.0009470e-01   5.1091359e-01  -5.8046526e-03  -4.4406993e-03  -2.7147118e-03
  -2.4469930e-01  -9.5394966e-02   5.2732134e-01  -5.8249494e-03  -4.3710727e-03  -3.2725975e-03
  -2.7046442e-01  -1.1313225e-01   5.7308422e-01  -5.8100943e-03  -5.3413962e-03  -4.2817760e-03
  -2.5899907e-01  -1.1606865e-01   5.8501996e-01  -7.0623673e-03  -4.4644410e-03  -2.8833502e-03
  -2.8349645e-01  -1.1837027e-01   6.5233662e-01  -6.8594322e-03  -4.8847956e-03  -3.1428263e-03
  -2.7286293e-01  -9.7341058e-02   6.5308088e-01  -7.7676691e-03  -3.8914861e-03  -2.3170462e-03
  -2.4479726e-01  -6.3390729e-02   6.8705076e-01  -8.0899048e-03  -4.4673747e-03  -3.1768550e-03
  -2.1817707e-01  -7.4174467e-02   4.9159837e-01  -1.3566605e-02  -4.2531831e-03  -4.0456196e-03
  -3.6028797e-01   2.9179009e-01   5.4586506e-01   1.0675254e-02  -6.6967790e-03  -2.9366616e-03
  -3.7291349e-01   4.2787544e-01   2.3195358e-01   1.8947071e-02  -8.0354123e-03  -1.0909280e-04
  -2.9892016e-01   2.7454167e-01   1.5921594e-01   1.2177381e-02  -6.1176129e-03  -4.0462734e-04
  -3.2269979e-01   3.1040531e-01   2.4190110e-01   1.4089506e-02  -6.0692450e-03   3.3485342e-05
  -3.3280516e-01   2.5921928e-01   3.0383499e-01   1.2493846e-02  -5.8162484e-03  -6.1169608e-04
  -3.5156724e-01   2.0372773e-01   3.6812588e-01   1.2793333e-02  -6.3761381e-03   2.9423860e-04
  -3.6847531e-01   1.5190800e-01   4.0425690e-01   1.0478059e-02  -6.6328943e-03  -4.3571398e-04
  -3.8306622e-01   1.3080996e-01   4.2940173e-01   1.0626927e-02  -6.6474301e-03  -1.1825054e-03
  -3.6239094e-01   1.4418073e-01   4.4179232e-01   8.2672527e-03  -5.2438987e-03   1.5496717e-03
  -3.8241098e-01   1.3399166e-01   4.2165702e-01   7.3555035e-03  -5.8880683e-03   2.4140668e-03
  -4.0942004e-01   1.0982426e-01   4.6001268e-01   6.5478052e-03  -5.9500610e-03   2.1278849e-03
  -4.4092217e-01   1.0113291e-01   5.2512249e-01   7.5893895e-03  -6.4879198e-03   2.2322802e-03
  -4.5033385e-01   7.5644320e-02   5.3925017e-01   6.4168209e-03  -6.0965069e-03   3.0742378e-03
  -4.5559948e-01   9.9940146e-02   5.8019323e-01   6.6647778e-03  -6.7928821e-03   3.6175808e-03
  -4.5399908e-01   7.0774792e-02   5.4158220e-01   5.2201525e-03  -6.6030964e-03   3.3670128e-03
  -4.6066745e-01   6.7513694e-02   5.4672893e-01   4.9919607e-03  -6.6626488e-03   4.6149141e-03
  -4.6673982e-01   6.4451083e-02   5.4275494e-01   4.4901520e-03  -6.8082094e-03   4.5935480e-03
  -4.7060729e-01   8.6893913e-02   5.1753131e-01   3.5321452e-03  -6.6758210e-03   6.1555946e-03
  -4.9031669e-01   5.9603705e-02   5.7743807e-01   3.7184631e-03  -6.9215992e-03   5.5288095e-03
  -4.9105780e-01   6.9391305e-02   5.4773887e-01   3.3223404e-03  -7.0629703e-03   5.6691681e-03
  -5.0303166e-01   6.2927450e-02   5.2766648e-01   2.5947196e-03  -6.4466997e-03   5.9713556e-03
  -5.3313992e-01   6.8486029e-02   5.5636143e-01   2.8390288e-03  -6.8285208e-03   6.9743708e-03
  -5.3434776e-01   6.5063593e-02   5.9590830e-01   3.3074085e-03  -6.8726434e-03   6.9068296e-03
  -5.0878699e-01   6.9037905e-02   5.3072906e-01   5.6980671e-04  -7.0335834e-03   6.2229950e-03
  -4.8733937e-01   6.6283171e-02   4.7429502e-01  -1.7753964e-03  -7.2101230e-03   4.6770164e-03
  -4.9345407e-01   5.3672442e-02   4.7357501e-01  -1.7828659e-03  -7.3543469e-03   4.4412825e-03
  -3.7336239e-01   2.4561489e-03   4.5792180e-01  -2.9248209e-03  -6.6562294e-03   3.2513658e-03
  -3.7852103e-01  -4.5061062e-04   4.1816079e-01  -3.7318211e-03  -6.4187328e-03   3.6684556e-03
  -4.4476359e-01  -1.2735112e-02   4.4659080e-01  -3.7452557e-03  -8.1931704e-03   2.2792425e-03
  -4.7292506e-01  -4.3349747e-02   6.2923196e-01  -1.5219814e-03  -9.0019253e-03   1.6212605e-03
  -4.3890751e-01  -4.5830503e-02   5.8757548e-01  -3.5582436e-03  -8.2994491e-03   4.1232842e-03
  -4.6888030e-01  -5.4160989e-02   5.8355200e-01  -4.0775084e-03  -9.0315721e-03   2.9311559e-03
  -4.7293835e-01  -7.1544527e-02   5.8146633e-01  -4.6919644e-03  -9.1745711e-03   3.6664105e-03
  -4.8526402e-01  -6.3655513e-02   6.5813182e-01  -4.5077074e-03  -1.0024309e-02   3.1355944e-03
  -4.8301671e-01  -7.0141748e-02   6.1952528e-01  -5.5810024e-03  -1.0304522e-02   3.9196385e-03
  -4.9507680e-01  -6.1637316e-02   6.1460396e-01  -5.5963727e-03  -1.1017998e-02   2.4188963e-03
  -4.9775018e-01  -7.0018415e-02   6.4781226e-01  -5.8122735e-03  -1.0452550e-02   3.6301512e-03
  -4.8466004e-01  -4.5932948e-02   6.4593153e-01  -5.5241197e-03  -1.0600901e-02   3.6644559e-03
  -4.8513108e-01  -5.8854384e-02   6.0434668e-01  -6.5622123e-03  -1.0492474e-02   3.2970439e-03
  -4.7391599e-01  -4.5941920e-02   6.8477841e-01  -5.2555136e-03  -1.0474652e-02   3.9037276e-03
  -4.7048389e-01  -4.7352307e-02   6.7709925e-01  -5.4448435e-03  -1.0555670e-02   3.7701425e-03
  -4.7088245e-01  -1.9376537e-02   6.9799111e-01  -5.4852518e-03  -1.0558060e-02   4.0249186e-03
  -4.7482055e-01  -2.7277106e-02   6.4566272e-01  -6.0062796e-03  -1.0861943e-02   3.8961493e-03
  -4.7408770e-01  -3.0690182e-02   7.0223616e-01  -5.9429192e-03  -1.0569658e-02   3.3962744e-03
  -4.7745982e-01  -2.7602557e-02   6.6322783e-01  -6.0094401e-03  -1.0501555e-02   4.5935733e-03
  -4.9096474e-01   3.7109093e-02   7.3512523e-01  -6.1917829e-03  -1.0498111e-02   3.1966250e-03
  -5.0254622e-01   2.1432123e-03   7.1127940e-01  -5.7305265e-03  -1.0230505e-02   3.0316166e-03
  -4.6012643e-01   1.0854352e-03   8.4764675e-01  -5.5986130e-03  -1.0006561e-02   2.7285571e-03
  -3.6914077e-01  -4.6952229e-03   5.4085026e-01  -5.5670384e-03  -7.7181481e-03   1.3711722e-03
  -4.7505976e-01  -3.1313590e-02   5.1507816e-01  -5.5786961e-03  -8.5209249e-03   1.0128560e-04
  -4.5361929e-01  -2.7508522e-02   6.2079306e-01  -7.0175565e-03  -8.0301210e-03  -3.2352050e-03
  -4.6146005e-01  -5.5293457e-02   6.5820388e-01  -6.6628382e-03  -8.6901148e-03  -1.7714637e-03
  -4.2591499e-01  -1.1946742e-02   6.7941573e-01  -7.5083494e-03  -8.1086488e-03  -2.1330777e-03
  -4.7411178e-01  -1.4472146e-01   6.8295138e-01  -7.3275936e-03  -9.5762465e-03  -2.6198553e-03
  -5.1623988e-01  -1.8898095e-01   8.0054163e-01  -7.7773064e-03  -1.0909104e-02  -3.3305262e-03
  -5.3887793e-01  -1.7805632e-01   7.2558124e-01  -8.5248455e-03  -1.0958649e-02  -1.9515676e-03
  -5.4276637e-01  -1.9501905e-01   7.7611431e-01  -9.0641283e-03  -1.0340644e-02  -4.6539280e-04
  -5.5668051e-01  -1.6883682e-01   7.6716245e-01  -8.8531507e-03  -1.0641041e-02  -4.2428426e-04
  -5.6475016e-01  -4.6910393e-02   8.6280984e-01  -8.3482812e-03  -1.0670378e-02  -2.1089577e-03
  -5.8238622e-01  -1.3921866e-01   7.8126459e-01  -9.4113619e-03  -1.0492623e-02  -4.5433935e-04
  -5.6703325e-01  -7.8871062e-02   9.3158128e-01  -8.2583638e-03  -1.0873161e-02   7.1217755e-04
  -5.9445818e-01   1.4931671e-01   9.8187459e-01   4.5010319e-03  -1.0647730e-02  -1.1258814e-03
  -5.7731356e-01   1.8678750e-01   1.0250596e+00   6.2155248e-03  -1.0818542e-02  -1.3934752e-03
  -5.8981306e-01   9.0864563e-02   1.0293710e+00   4.0984163e-03  -1.0990212e-02  -9.5439240e-04
  -6.1487569e-01   8.7676079e-02   1.0180700e+00   4.1493049e-03  -1.1278877e-02   1.1063007e-05
  -6.1378004e-01   3.5518563e-02   9.6759652e-01   1.3231469e-03  -1.1212323e-02   1.2698861e-05
  -6.2382885e-01   3.5435338e-02   9.8514155e-01   1.3094739e-03  -1.1402986e-02  -3.2147026e-04
  -6.3993351e-01   2.8504922e-02   9.6418335e-01   2.2927774e-04  -1.1508159e-02  -6.2624413e-04
  -6.4363661e-01   4.6549415e-02   9.2843413e-01  -8.3682461e-04  -1.1349142e-02  -3.7495779e-05
  -6.4288109e-01   1.5100623e-02   8.4048267e-01  -3.2635247e-03  -1.1046292e-02   1.1743311e-03
  -6.1440426e-01   1.0511399e-02   8.9583663e-01  -3.3647652e-03  -1.0765403e-02   1.2906579e-03
  -6.3359188e-01   6.2498853e-03   8.5281787e-01  -4.2818931e-03  -1.0951483e-02   3.9054464e-04
  -6.2393302e-01  -2.7894183e-02   8.5905469e-01  -4.4397631e-03  -1.1054344e-02   4.8233856e-04
  -5.9927948e-01  -3.9278488e-02   7.8397505e-01  -7.7852318e-03  -1.0155517e-02  -4.2339149e-04
  -6.0047192e-01   7.9262586e-02   7.3394292e-01  -1.6262854e-03  -1.0626516e-02  -1.5460824e-04
  -5.8714318e-01   3.2185472e-01  -8.2220983e-03   3.9193085e-03  -8.1635151e-03   1.9161880e-03
  -6.0212259e-01   5.1275018e-01   2.0517796e-01   8.1110103e-03  -5.4694747e-03   1.1458169e-03
  -5.8372995e-01   4.3537332e-01   4.3067569e-01   9.9523554e-03  -6.0399758e-03   1.3464661e-03
