   0.0000000e+00  -7.1054274e-15  -1.7763568e-15   0.0000000e+00   0.0000000e+00   0.0000000e+00
  -1.0340103e-03   7.9278141e-03   4.1179169e-02  -4.0205214e-04  -1.6501215e-03  -8.5314016e-04
   3.5130952e-02   5.5701693e-02   1.5495034e-02  -1.1113220e-03  -2.5996643e-03  -1.5650353e-03
   4.6140101e-03   4.7194502e-02   6.9518189e-03  -9.8720461e-04  -2.4574634e-03  -1.3719023e-03
   5.8512297e-03   6.6747555e-02  -3.3368889e-02  -2.3886383e-03  -2.4802689e-03  -1.3012672e-03
  -5.9994599e-03   1.3221074e-01  -1.9738881e-03  -2.4558605e-03  -2.0715965e-03  -1.7796817e-03
  -4.5853417e-02   1.9587015e-01   8.7334135e-02  -3.2479721e-03  -1.5896341e-03  -3.4033489e-03
  -4.3276589e-02   2.1787246e-01   1.0151689e-01  -3.6050692e-03  -1.7664419e-03  -3.9878238e-03
  -4.3651994e-02   2.1625476e-01   9.2498233e-02  -3.1639400e-03  -2.1195631e-03  -4.2074917e-03
  -1.9426125e-02   1.9095298e-01   1.2464845e-01  -2.9038042e-03  -2.4392001e-03  -4.6265796e-03
  -1.7303019e-02   2.0811726e-01   8.9128673e-02  -3.4938681e-03  -2.5523935e-03  -4.9938855e-03
  -1.8266070e-02   1.5501290e-01   1.0958091e-01  -2.8890211e-03  -2.6956269e-03  -4.9149697e-03
  -1.7592369e-02   1.8075668e-01   9.5504704e-02  -3.3975495e-03  -2.7121688e-03  -5.1181410e-03
  -1.1000463e-02   1.9661969e-01   7.9415832e-02  -3.1754626e-03  -2.9656672e-03  -5.2047982e-03
  -1.2114234e-02   1.5795818e-01   1.0933821e-01  -2.8807389e-03  -3.0464097e-03  -5.1208472e-03
  -2.1971755e-02   1.9953987e-01   8.1146150e-02  -3.1615854e-03  -2.9023442e-03  -5.1320100e-03
  -1.3615534e-02   1.8269782e-01   5.4848931e-02  -2.6914281e-03  -3.0935140e-03  -5.1691843e-03
  -2.1877167e-02   1.5952664e-01   7.9632496e-02  -2.8448791e-03  -3.0904575e-03  -4.8946167e-03
  -1.2446286e-02   1.9544922e-01   6.0699604e-02  -2.7869871e-03  -3.1194569e-03  -5.0746215e-03
  -2.0035306e-02   1.9683320e-01   3.9533488e-02  -3.0936013e-03  -3.0787946e-03  -5.1729582e-03
  -1.7913181e-02   1.7928032e-01   7.0152367e-02  -2.7234411e-03  -3.1418945e-03  -5.0630575e-03
  -1.2066332e-03   1.6136433e-01   8.0882126e-02  -2.5899804e-03  -3.3014320e-03  -5.4486461e-03
  -1.5043750e-02   1.9987723e-01   6.0890561e-02  -2.3949370e-03  -3.1601196e-03  -5.5753257e-03
  -5.5302928e-03   1.6263170e-01   6.7209755e-02  -2.5422853e-03  -3.3257099e-03  -5.4374993e-03
  -1.5901528e-02   1.3377830e-01   1.0403277e-01  -1.5583721e-03  -3.2790132e-03  -5.3039450e-03
  -4.2676854e-03   1.0118426e-01   1.2727005e-01  -8.0031863e-05  -3.5419565e-03  -4.4883594e-03
  -7.9607568e-03   9.3138680e-02   1.2908007e-01   4.5310084e-04  -3.5997716e-03  -4.6913177e-03
   2.4589444e-03   1.3042734e-01   1.3283520e-01  -1.2741962e-03  -3.6970839e-03  -4.7404982e-03
   6.4822862e-02   3.0057070e-01  -1.8961758e-01  -7.6845255e-03  -3.8399738e-03  -5.1234453e-03
   9.4702234e-02   1.9525364e-01  -1.6544053e-01  -7.3386243e-03  -3.8418969e-03  -4.9823048e-03
   7.3086572e-02   2.8816897e-01  -1.1099428e-01  -7.1876738e-03  -4.7231208e-03  -5.6621958e-03
   5.6822026e-02   2.7432075e-01  -7.8478279e-02  -6.6069949e-03  -4.3649265e-03  -5.8180459e-03
   5.3105057e-02   2.8750716e-01  -4.9523922e-02  -7.0839640e-03  -4.3154358e-03  -6.1816355e-03
   7.0473355e-02   2.6980779e-01  -1.7512185e-02  -6.4531750e-03  -4.1860030e-03  -6.7157343e-03
   5.3959603e-02   2.4124537e-01   2.1296545e-02  -6.5652033e-03  -4.0979589e-03  -6.7158044e-03
   4.9212232e-02   2.2422563e-01   3.6270842e-02  -6.0955922e-03  -3.8480495e-03  -6.8991572e-03
   5.2957933e-02   2.3433655e-01   1.0045281e-02  -6.1471227e-03  -3.9779041e-03  -7.1392544e-03
   3.8064209e-02   2.1676307e-01  -3.0611058e-02  -5.9536431e-03  -3.7787889e-03  -6.7878218e-03
   4.6761159e-02   1.8993872e-01   3.8806819e-03  -5.3951781e-03  -4.1380866e-03  -6.7799020e-03
   3.1294847e-02   2.4060412e-01  -3.1363758e-02  -5.5886074e-03  -4.0212501e-03  -6.8081646e-03
   4.7647972e-02   2.2859599e-01  -5.7682038e-02  -5.6051550e-03  -4.1338636e-03  -6.8617561e-03
   2.9406077e-02   2.0570312e-01  -3.1846554e-02  -5.2912374e-03  -3.8751551e-03  -6.6510253e-03
   2.2436026e-02   2.3360401e-01  -6.2362365e-02  -5.4936492e-03  -3.8212989e-03  -6.5813758e-03
   2.3037616e-02   2.2963405e-01  -5.5471159e-02  -5.1456780e-03  -3.8205000e-03  -6.6434482e-03
   1.7266487e-02   1.9081619e-01  -7.1261438e-03  -4.9645427e-03  -3.8257385e-03  -6.5357762e-03
   1.6934289e-02   2.2294486e-01  -1.2284857e-02  -4.7799991e-03  -3.7927045e-03  -6.6896732e-03
   2.4459235e-02   2.2806720e-01  -4.1417870e-02  -5.1185363e-03  -3.6583736e-03  -6.7276396e-03
   2.5733761e-02   1.9698216e-01  -3.7820847e-02  -4.9407871e-03  -3.6588437e-03  -6.3616111e-03
   3.9575129e-02   2.2228512e-01  -4.6145822e-02  -5.2923031e-03  -3.6983954e-03  -6.7377092e-03
   4.4255708e-02   2.5477704e-01  -3.0983193e-02  -5.2052540e-03  -3.8086100e-03  -6.3192889e-03
   7.1209463e-02   2.1828589e-01  -4.9370704e-02  -5.3548340e-03  -3.3088478e-03  -5.8928742e-03
   1.0284020e-01   2.1024334e-01   1.5115601e-02  -4.9958682e-03  -3.6668616e-03  -6.0982756e-03
   1.5044935e-01   2.7718704e-01  -5.4663905e-02  -5.6690227e-03  -2.9792843e-03  -6.3041956e-03
   1.1806135e-01   2.3306669e-01  -8.3731093e-02  -7.6316729e-03  -2.5418028e-03  -6.6714847e-03
   1.1560734e-01   3.1518812e-01  -5.4698978e-02  -7.4171247e-03  -3.0701990e-03  -6.7453668e-03
   1.2716231e-01   2.7346544e-01   3.5375669e-02  -6.9212093e-03  -3.3883139e-03  -7.7002782e-03
   1.1039398e-01   3.2112702e-01   3.4594336e-02  -7.7493913e-03  -3.2399587e-03  -7.6651801e-03
   9.9327305e-02   2.8631133e-01   1.4518898e-02  -7.2237838e-03  -3.1788069e-03  -7.6869125e-03
   8.7032735e-02   2.8705574e-01   1.5489860e-02  -7.5171270e-03  -3.1344119e-03  -7.5922089e-03
   9.5781398e-02   3.2111505e-01   1.5635150e-02  -7.1507151e-03  -3.0348632e-03  -7.8097581e-03
   8.0121475e-02   2.8204372e-01   6.1941549e-02  -6.9011338e-03  -2.9227002e-03  -7.6213572e-03
   8.7027197e-02   2.7362867e-01   6.7582751e-02  -6.7389168e-03  -2.9410199e-03  -7.7460447e-03
   8.3013077e-02   2.8826667e-01   3.7187712e-02  -6.7027458e-03  -2.9301279e-03  -7.6395207e-03
   7.6627307e-02   2.4377007e-01   6.5417113e-02  -6.4153828e-03  -2.8894520e-03  -7.5962684e-03
   8.0618795e-02   3.0171072e-01   2.8281288e-02  -6.7322963e-03  -2.8753917e-03  -7.7320642e-03
   6.4566626e-02   2.6368538e-01  -4.2194400e-03  -6.6248191e-03  -2.9227990e-03  -7.5335051e-03
   7.7336913e-02   2.7740532e-01   1.9454857e-02  -6.5905261e-03  -2.8159805e-03  -7.8137590e-03
   7.6537712e-02   3.2848027e-01  -1.1517565e-02  -6.8942370e-03  -2.7287223e-03  -8.1691981e-03
   7.2268613e-02   2.7071743e-01  -3.1286882e-03  -6.7296986e-03  -2.8739252e-03  -8.0525407e-03
   6.0700601e-02   2.8062635e-01   1.1377464e-02  -6.7724322e-03  -2.8966875e-03  -8.0371126e-03
   6.7739522e-02   2.9990881e-01  -3.5595943e-02  -6.9978194e-03  -3.0333109e-03  -8.1289885e-03
   4.8948848e-02   2.5178262e-01  -2.7941487e-03  -6.5471316e-03  -2.8546310e-03  -7.9030944e-03
   4.7938897e-02   2.7107791e-01  -6.0282191e-03  -6.9078478e-03  -2.9544393e-03  -7.9433301e-03
   4.4234487e-02   2.9195555e-01  -7.9521144e-04  -6.2968512e-03  -2.9630264e-03  -7.8523783e-03
   4.2874179e-02   1.8976422e-01   3.3658822e-02  -3.9293583e-03  -3.1221348e-03  -6.7412934e-03
   2.6870023e-02   1.8151124e-01   9.8073325e-02  -3.5448988e-03  -2.5250618e-03  -6.9262625e-03
   5.7803292e-02   2.8386897e-01   7.4864901e-02  -4.1988768e-03  -3.0535364e-03  -7.5042158e-03
   5.9252048e-02   3.1287598e-01  -9.1247906e-02  -7.5435047e-03  -2.8032467e-03  -7.1155112e-03
   8.6109573e-02   2.2763153e-01  -1.3396804e-01  -7.3406258e-03  -1.6832849e-03  -7.2786920e-03
   6.0684786e-02   3.0260856e-01  -8.6500858e-02  -6.3800802e-03  -2.2642164e-03  -7.4611034e-03
   6.5842496e-02   3.5025692e-01  -9.6604446e-02  -7.4446038e-03  -2.6507167e-03  -7.9491694e-03
   7.9481839e-02   3.1490124e-01  -3.2829179e-02  -7.0385745e-03  -2.6289646e-03  -8.1448885e-03
   7.1593810e-02   3.3513629e-01   4.2339113e-03  -7.1398073e-03  -2.5167272e-03  -8.7060989e-03
   7.7179295e-02   2.9319963e-01   4.1927860e-02  -6.6241526e-03  -2.4033427e-03  -8.6323542e-03
   5.8275159e-02   2.8464638e-01   7.3267906e-02  -6.9409173e-03  -2.1056075e-03  -8.6773358e-03
   7.1593726e-02   3.1147518e-01   4.0115654e-02  -6.8772582e-03  -2.1958403e-03  -9.0036357e-03
   6.2958217e-02   2.8880237e-01   1.3224580e-02  -6.8751575e-03  -2.3316655e-03  -8.7629493e-03
   5.3348967e-02   2.8025839e-01   6.8804017e-02  -6.2933559e-03  -2.1496718e-03  -8.7734789e-03
   5.7374748e-02   3.0404883e-01   5.0177798e-02  -6.6110849e-03  -2.2577402e-03  -9.0427255e-03
   5.3847564e-02   2.9954938e-01   5.0478985e-02  -6.0514371e-03  -2.3050945e-03  -8.9623948e-03
   4.8419329e-02   2.7785061e-01   5.0912684e-02  -6.1095458e-03  -2.1425017e-03  -8.8910795e-03
   5.8250241e-02   2.8996551e-01   8.5353769e-02  -5.7942565e-03  -2.1554645e-03  -9.1507743e-03
   4.6785426e-02   2.9443997e-01   5.7374045e-02  -5.6733452e-03  -2.1063082e-03  -9.0961331e-03
   4.1003733e-02   2.7863049e-01   7.6155757e-02  -5.2865423e-03  -2.0994849e-03  -8.9979981e-03
   3.6476227e-02   2.8029010e-01   8.5182856e-02  -5.1198712e-03  -2.1828365e-03  -8.9226447e-03
   4.4813021e-02   3.1117160e-01   7.6867801e-02  -4.8120095e-03  -2.5047339e-03  -9.1543011e-03
   3.7752154e-02   2.5154616e-01   1.6367493e-01  -1.9798031e-03  -3.9828252e-03  -8.6214428e-03
   4.1141579e-02   2.4037582e-01   2.2946049e-01  -2.2511899e-03  -3.8876225e-03  -8.6363262e-03
   4.1453647e-02   2.5134033e-01   1.1462561e-01  -3.2951636e-03  -3.3232845e-03  -8.4201883e-03
   3.0878445e-02   1.4420056e-01   1.8035610e-01  -7.9072193e-04  -2.2789147e-03  -7.8273737e-03
   2.1229803e-02   1.7043037e-01   2.5998787e-01  -1.6246652e-04  -9.8745407e-04  -8.0795649e-03
   3.3849354e-02   2.2038286e-01   3.1970843e-01   1.1783560e-03  -9.2358652e-04  -8.6052085e-03
   1.2735277e-02   1.9875276e-01   2.9836687e-01  -7.1153354e-04  -1.0421114e-03  -8.6497790e-03
   3.4665102e-02   3.3770322e-01   1.7720905e-02  -5.7456417e-03  -9.2982995e-04  -8.3094509e-03
   1.2580864e-02   2.2875147e-01   9.6934205e-02  -4.3631118e-03  -1.0123953e-03  -8.5903539e-03
   1.9534592e-02   3.1571412e-01   1.4195969e-02  -4.8805085e-03  -1.2785980e-03  -8.6077536e-03
   1.2932006e-02   3.0826858e-01  -9.8075133e-03  -4.1806937e-03  -1.2415380e-03  -8.3519506e-03
   3.0710698e-02   2.7182540e-01   1.2169812e-01  -3.6853383e-03  -1.3090410e-03  -8.7270635e-03
   3.1877374e-02   2.6475441e-01   1.7006803e-01  -3.5023634e-03  -1.2318657e-03  -9.0147374e-03
   3.3049786e-02   2.5925755e-01   2.0381392e-01  -3.3500657e-03  -1.3710009e-03  -9.1439995e-03
   3.9834186e-02   2.2010917e-01   2.5417966e-01  -3.1007846e-03  -1.5458211e-03  -9.2571140e-03
   2.9445666e-02   2.6635940e-01   2.1132532e-01  -3.3817467e-03  -1.4305090e-03  -9.3837642e-03
   2.4011488e-02   2.3454673e-01   1.9765107e-01  -3.4592930e-03  -1.1745714e-03  -9.1546576e-03
   2.0775840e-02   2.3733334e-01   2.3386629e-01  -2.7330958e-03  -1.5350427e-03  -9.2366574e-03
   2.3745516e-02   2.4853342e-01   2.3348705e-01  -1.8185788e-03  -1.7109372e-03  -9.3805836e-03
   1.5328167e-02   2.1766071e-01   2.3525640e-01  -1.8619629e-03  -1.5049104e-03  -9.2464891e-03
   1.4827465e-03   2.1784635e-01   2.7285100e-01  -1.4992714e-03  -1.1604335e-03  -9.1595317e-03
  -8.8197251e-03   2.5839829e-01   2.5500235e-01  -1.9525374e-03  -1.1341508e-03  -9.1609255e-03
  -8.6334393e-05   2.5354662e-01   2.2699106e-01  -1.6383963e-03  -1.3377007e-03  -9.1642010e-03
  -6.8085821e-03   2.2801933e-01   2.4932847e-01  -1.6624940e-03  -1.1152924e-03  -8.9009316e-03
  -3.0338240e-03   2.3827947e-01   2.6712497e-01  -1.3062733e-03  -1.1505929e-03  -9.1296937e-03
   7.3432345e-03   2.9905992e-01   2.4072748e-01  -1.4878322e-03  -1.2859971e-03  -9.3684233e-03
   3.9579709e-03   2.0270475e-01   2.3957258e-01  -5.9504484e-04  -1.3340060e-03  -9.0562283e-03
   8.4816093e-03   1.7808347e-01   3.0887003e-01   7.2461543e-04  -1.0197659e-03  -8.4715280e-03
   7.9777812e-02   3.5057226e-01  -1.4562956e-01  -8.8953088e-03  -1.2056675e-03  -8.7658549e-03
   1.0873126e-01   4.5617625e-01  -4.1320473e-01  -1.7297492e-02  -1.1400856e-03  -9.1411398e-03
   1.3508452e-01   4.6445183e-01  -2.2869848e-01  -1.4758106e-02   2.2152002e-03  -1.0564306e-02
   1.6264445e-01   5.1155681e-01  -3.0949163e-01  -1.6517413e-02   3.9967050e-05  -1.0125833e-02
   1.7586789e-01   4.3716246e-01  -3.1413456e-01  -1.7236295e-02  -4.4680580e-04  -1.0130012e-02
