   0.0000000e+00   0.0000000e+00   0.0000000e+00   0.0000000e+00   0.0000000e+00   0.0000000e+00
  -4.3902307e-02  -6.3174917e-03   4.0834467e-02  -2.1795884e-03  -4.3194458e-05   9.4793449e-04
  -2.6001794e-02  -1.3415069e-02   1.1717197e-01  -1.6595970e-03  -1.9532470e-04   9.5819128e-04
  -1.8622178e-02   2.9314773e-02   5.9806090e-02  -2.4530671e-03   3.2627032e-05   1.2644951e-03
  -6.6747739e-03  -3.8384233e-02   4.9467790e-02  -1.8671015e-03   2.2421081e-04   1.1636217e-03
  -1.9813660e-02   4.8565554e-02   8.6946144e-02  -1.7976670e-03  -1.2596016e-04   1.4697013e-03
  -1.2761687e-02  -5.8671650e-02   6.6886538e-02  -2.2351303e-03  -1.1379124e-04   1.3668891e-03
  -2.1816873e-02   4.0985105e-02   9.2516645e-02  -1.7074493e-03   1.9908928e-04   1.5126372e-03
  -1.4153563e-02   1.0586027e-02   4.5793978e-02  -2.2431453e-03   2.1723540e-04   1.3672157e-03
  -7.4238885e-03   6.5681723e-03   1.0644983e-01  -1.8544574e-03   2.1165738e-04   1.6758059e-03
  -1.5943693e-02   4.6633301e-02   7.1648977e-02  -2.0475296e-03   8.9103896e-05   1.5230478e-03
  -1.6537845e-02   2.6649111e-02   9.0063926e-02  -2.0540874e-03   7.6764222e-05   1.6096700e-03
  -2.1202189e-02   1.6929258e-02   1.0302446e-01  -2.0556147e-03  -5.5681567e-05   1.6336804e-03
  -1.5259912e-02   6.1865767e-02   8.9346338e-02  -1.9528757e-03   2.3896166e-04   1.7824125e-03
  -1.4519202e-02   2.5362028e-03   8.0620825e-02  -2.2421405e-03   2.9557711e-04   1.8174658e-03
  -2.3346472e-02   4.2053983e-02   1.1896100e-01  -1.6730733e-03   3.0110415e-04   1.8426737e-03
  -1.6338205e-02   2.4911438e-02   6.9316009e-02  -2.0757797e-03   2.5234927e-04   1.6484853e-03
  -3.3291965e-03   4.4908915e-03   1.2932512e-01  -1.9461870e-03   2.9171418e-04   1.8587274e-03
   8.8104254e-03   5.7667692e-02   1.0508218e-01  -1.6228806e-03   2.9676701e-04   2.0094437e-03
   1.0811921e-02   4.7063712e-02   9.0232937e-02  -1.8839730e-03   6.4920996e-04   1.8078224e-03
   1.3832395e-02   1.3299778e-02   1.1835806e-01  -1.6540714e-03   5.3065216e-04   1.7292386e-03
   8.2289158e-03   6.6709684e-02   9.8882434e-02  -1.4995096e-03   6.2739732e-04   1.6992170e-03
   7.4228905e-03   7.3370651e-03   6.9672636e-02  -2.0533622e-03   6.6935427e-04   1.5372676e-03
   6.2776927e-03   3.7720895e-02   1.3061365e-01  -1.4568648e-03   6.9046221e-04   1.7997522e-03
   1.4825655e-02   4.4405281e-02   5.1394788e-02  -1.6618751e-03   5.4449758e-04   1.6954038e-03
   3.4752615e-02   1.8898523e-02   8.3824179e-02  -1.3296489e-03   2.4459319e-04   2.2026197e-03
   1.4457470e-02   8.9615124e-02   7.5422821e-02  -1.8149274e-03   1.1376891e-04   1.9156918e-03
   2.2738791e-02   3.4770409e-03   7.4591579e-02  -1.7835947e-03   6.8161581e-04   2.0920128e-03
   6.8832205e-04   7.3549224e-02   8.3417486e-02  -1.6472304e-03  -2.7863185e-04   1.8226300e-03
   7.1383372e-02   4.4350075e-03   9.2941808e-02  -2.4585542e-03   2.7178432e-03   4.0397255e-03
   1.0176111e-01   5.2789425e-02   1.8318553e-01  -1.5762723e-03   4.3498468e-03   6.1324126e-03
   5.8289350e-02   5.3929103e-02   1.0334332e-01  -1.5044248e-03   2.8958035e-03   5.1776344e-03
   6.7834188e-02   3.3440365e-02   1.4838970e-01  -1.5265865e-03   3.3009133e-03   5.2610509e-03
   5.2030561e-02   5.8061387e-02   1.4558020e-01  -1.0418403e-03   2.6688496e-03   5.0404122e-03
   5.1499411e-02   6.2176269e-02   1.2689817e-01  -1.1878800e-03   3.0635327e-03   4.8377776e-03
   4.5193135e-02   1.9616524e-02   1.4478701e-01  -1.5493692e-03   2.9134143e-03   4.5936725e-03
   4.7371544e-02   6.0602812e-02   1.5437531e-01  -1.1584588e-03   3.1865576e-03   4.7956402e-03
   5.1811820e-02   6.0918416e-02   1.1771500e-01  -1.3885724e-03   3.2500512e-03   4.6859322e-03
   5.7427428e-02   1.7582722e-02   1.6485967e-01  -1.5832869e-03   3.3724356e-03   4.7064291e-03
   4.8566554e-02   6.9044959e-02   1.3501416e-01  -1.3708391e-03   3.1232287e-03   4.5833661e-03
   4.6662459e-02   6.1387618e-02   1.1899316e-01  -1.7848793e-03   3.2707006e-03   4.7319656e-03
   3.9995038e-02   4.2053416e-02   1.4281566e-01  -1.5896560e-03   2.8914830e-03   4.6584004e-03
   4.7582625e-02   8.0702555e-02   1.2714172e-01  -1.3681193e-03   2.8587013e-03   4.6338497e-03
   3.5511528e-02   6.0771716e-02   1.2469703e-01  -1.4767015e-03   2.6994448e-03   4.2892842e-03
   3.6170656e-02   3.6806253e-02   1.6171526e-01  -1.4420098e-03   2.7320983e-03   4.3127380e-03
   3.2071692e-02   9.2718085e-02   1.4498796e-01  -1.1410730e-03   2.6442265e-03   4.4120078e-03
   3.5099231e-02   6.2452348e-02   1.4163060e-01  -1.4473315e-03   2.7722718e-03   4.4448731e-03
   3.5063046e-02   6.2585020e-02   1.6616113e-01  -1.1636726e-03   2.4627670e-03   4.3530128e-03
   3.2364302e-02   7.7689230e-02   1.3584225e-01  -1.2937376e-03   2.4925905e-03   4.2241966e-03
   3.3751623e-02   5.0872960e-02   1.5558829e-01  -1.0673284e-03   2.2767316e-03   4.3784234e-03
   3.4652535e-02   9.6758315e-02   1.5497862e-01  -1.3464405e-03   2.0734530e-03   4.2517150e-03
   3.5824959e-02   2.3750017e-02   1.2038390e-01  -1.3592937e-03   1.7976854e-03   4.0630729e-03
   4.9298783e-02   8.9245756e-02   1.7858508e-01  -1.5621914e-03   2.0975294e-03   4.3862249e-03
   6.4832758e-02   2.5298445e-02   1.4857384e-01   1.0638228e-04   2.9962433e-03   4.5323369e-03
   4.5853992e-02   9.8465900e-02   1.4867916e-01  -6.8934250e-04   2.2885396e-03   4.3883890e-03
   5.3259635e-02   1.3971585e-02   1.7558285e-01  -4.8212046e-04   3.1895310e-03   4.2566523e-03
   3.9695331e-02   7.8861673e-02   1.4846936e-01  -1.3614234e-03   9.4440875e-04   3.8961976e-03
  -1.0307356e-01   2.0457424e-03  -5.2882034e-02  -4.8735861e-03  -4.2992694e-03  -1.9077448e-03
  -9.3431454e-02   3.2891605e-02   5.9636692e-02  -3.0722249e-03  -2.4950448e-03  -7.5495446e-04
  -7.5537556e-02   8.0096278e-02   7.0179295e-03  -3.0493476e-03  -2.2442401e-03  -4.5571431e-04
  -8.3278905e-02   4.1710344e-02   5.0531389e-02  -3.1077639e-03  -1.7868218e-03  -2.3573342e-04
  -6.8600151e-02   4.8621298e-02   6.1161249e-02  -2.6293742e-03  -1.8055168e-03  -1.7417083e-04
  -5.2305720e-02   7.5876949e-02   4.7275494e-02  -2.8038970e-03  -1.4521177e-03   2.6849986e-04
  -3.3607366e-02   2.5169320e-02   5.6706453e-02  -2.7351177e-03  -1.4997386e-03   4.1929982e-04
  -2.8533269e-02   8.1080303e-02   5.5537532e-02  -2.2544007e-03  -1.2188877e-03   7.7747149e-04
  -2.6600944e-02   6.3483236e-02   3.6188738e-02  -2.3510534e-03  -1.1349996e-03   6.4377090e-04
  -2.2244546e-02   4.6180738e-02   9.4129095e-02  -2.3831354e-03  -1.0080100e-03   9.7503130e-04
  -1.7200813e-02   8.8493193e-02   6.6817900e-02  -2.0941721e-03  -9.1387767e-04   1.0088616e-03
  -4.1606417e-03   7.1488057e-02   6.5132222e-02  -2.3100333e-03  -5.0487608e-04   1.2500478e-03
   5.3763998e-03   4.2973178e-02   7.5779459e-02  -2.2524162e-03  -6.5030354e-04   1.1338187e-03
   1.1515886e-02   9.9634672e-02   7.4274187e-02  -2.2343556e-03  -4.0431600e-04   1.3449452e-03
   2.2221443e-02   5.3920455e-02   3.6155994e-02  -2.1840727e-03  -3.8713997e-04   1.1081150e-03
   2.2539572e-02   5.9219246e-02   8.3727511e-02  -2.4297913e-03  -2.6446876e-04   1.4710772e-03
   1.5051127e-02   8.6132223e-02   4.5518936e-02  -1.5052606e-03  -6.2222091e-04   1.2950874e-03
   1.2034086e-02   8.9681811e-02   1.2872946e-01  -1.4908869e-03  -4.2610514e-04   1.6252557e-03
  -5.9979112e-03   9.3664696e-02   6.8714514e-02  -1.8110340e-03  -7.9978569e-04   1.2148967e-03
  -6.9815848e-03   4.1923923e-02   8.1015957e-02  -1.8688381e-03  -6.8475609e-04   1.2925807e-03
  -2.4410259e-02   7.5606252e-02   5.6738448e-02  -2.3884995e-03  -1.4547424e-03   1.2299000e-03
  -1.6303506e-03   7.5228285e-02   7.8373682e-02  -2.5322085e-03  -8.9005878e-04   1.4731515e-03
  -2.7711992e-03   5.2793381e-02   6.9827820e-02  -2.0437432e-03  -1.2846192e-03   9.6677649e-04
  -3.9528990e-02   1.1713649e-01   4.5896864e-02  -1.5922278e-03  -1.0499301e-03   9.5847412e-04
  -6.0059491e-02   6.2663539e-02   6.9592694e-02  -1.6069224e-03  -1.7961108e-03   4.7208899e-04
  -3.8898493e-02   8.6733433e-02   1.0088898e-01  -1.0881127e-03  -1.0162114e-03   8.1902324e-04
  -5.7415391e-02   1.2316109e-01   8.6544958e-02  -1.4325218e-03  -2.5310890e-03  -2.6170910e-05
  -1.1545709e-02   7.0921274e-02   1.0784692e-01  -1.3871264e-03  -3.1047274e-04   8.8532758e-04
  -3.5718009e-01   2.3103854e-02   2.5923731e-02  -1.9139327e-03  -9.1530043e-03  -8.8625045e-03
  -3.8808612e-01   2.4746940e-02  -2.9302503e-02  -2.5698223e-03  -1.2890871e-02  -1.1576509e-02
  -3.2620304e-01   1.7783509e-02   1.2195377e-02  -2.1799051e-03  -9.8113052e-03  -9.8558325e-03
  -3.4181675e-01   3.9769235e-02   1.0475205e-02  -1.7301996e-03  -1.0959715e-02  -9.9599437e-03
  -3.1996958e-01   6.5140832e-02   3.9820355e-02  -1.5440652e-03  -9.6307103e-03  -9.3134788e-03
  -3.3254581e-01   3.0411969e-02   2.3389883e-02  -1.8519745e-03  -1.0101434e-02  -9.2769210e-03
  -3.2547468e-01   5.0174994e-02   5.3939121e-02  -1.3701691e-03  -9.5232052e-03  -8.8393874e-03
  -3.2800040e-01   8.1173945e-02   2.4135889e-02  -1.4145271e-03  -9.6066595e-03  -8.8106838e-03
  -3.0775267e-01   5.0098483e-02   3.5844960e-02  -1.6306079e-03  -9.1695745e-03  -8.5371960e-03
  -2.9420567e-01   5.3919290e-02   3.7588776e-02  -1.3842010e-03  -9.3834526e-03  -8.5167851e-03
  -2.9020028e-01   8.9225393e-02   2.3852655e-03  -1.6270273e-03  -9.2427022e-03  -8.3503498e-03
  -2.7922229e-01   4.3188974e-02  -1.4073491e-02  -2.3482752e-03  -9.0539453e-03  -8.2595231e-03
  -2.8292059e-01   5.7234295e-02   3.3357011e-02  -1.1759789e-03  -9.1049831e-03  -8.4053755e-03
  -2.6121954e-01   8.2850056e-02  -5.7206186e-02  -2.1549244e-03  -8.3373699e-03  -7.9193403e-03
  -2.1212482e-01   6.3117158e-02  -1.1634061e-01  -2.1370933e-03  -6.8292180e-03  -6.9750577e-03
  -2.3290952e-01   1.2130362e-01   2.7749696e-02   2.0475476e-04  -7.9663819e-03  -7.2094823e-03
  -2.4663967e-01   9.8927682e-02  -8.6625911e-02  -2.5834720e-03  -7.8390198e-03  -6.8286511e-03
  -2.0298923e-01   8.7605187e-03  -1.0784590e-01  -2.3662542e-03  -7.4501526e-03  -6.3968753e-03
  -2.2503549e-01   1.4584377e-01  -3.0803145e-02  -2.0561526e-03  -7.3462347e-03  -6.2918246e-03
  -2.3405447e-01   7.2632512e-03  -2.3882464e-02  -1.7495598e-03  -7.7577090e-03  -6.4521688e-03
  -2.3248483e-01   7.5998239e-02  -1.6800287e-03  -1.4353176e-03  -7.3492365e-03  -6.1999484e-03
  -2.2252779e-01   3.6070909e-02  -2.8102244e-03  -1.6562200e-03  -7.4564858e-03  -6.2766503e-03
  -2.2014052e-01   3.9122255e-02   4.2809828e-02  -1.1656205e-03  -7.3470707e-03  -6.1204937e-03
  -2.4546217e-01   8.4663683e-02   2.5171027e-02  -6.2151380e-04  -7.4593680e-03  -6.6137625e-03
  -2.3672293e-01   5.3823037e-02   5.7175236e-02  -9.2368775e-04  -7.2292939e-03  -6.4233052e-03
  -2.3656029e-01   7.2344042e-02   6.4325666e-02  -1.6093231e-04  -7.5025542e-03  -6.5482721e-03
  -2.2364003e-01   6.7023679e-02   3.0825220e-02  -5.5547409e-04  -7.1793195e-03  -6.3582970e-03
  -2.1977682e-01   4.7653629e-02   5.6721129e-02  -5.7218139e-04  -7.3233384e-03  -6.3630312e-03
  -2.2073175e-01   9.9356745e-02   2.4518160e-02  -5.1378450e-04  -7.1230983e-03  -6.0863249e-03
  -2.2387633e-01   6.8188194e-02   1.3063359e-02  -6.8713675e-04  -7.2679263e-03  -6.3858654e-03
  -2.2136690e-01   5.4430784e-02   7.4859300e-02  -5.4845237e-04  -7.1161857e-03  -6.2802559e-03
  -2.2788406e-01   9.7439350e-02   1.0444071e-01   1.9651335e-04  -7.1579071e-03  -6.5094997e-03
  -2.2568813e-01   8.0624200e-02   8.6821986e-02  -9.7459013e-07  -6.6431785e-03  -6.4563697e-03
  -2.2358371e-01   6.1238774e-02   1.0164695e-01  -1.0551907e-04  -6.8489352e-03  -6.3270931e-03
  -2.1440204e-01   6.4809305e-02   8.5238801e-02   2.0973241e-04  -6.9742709e-03  -6.2521548e-03
  -2.1823323e-01   1.0380939e-01   9.9768880e-02   4.6084297e-04  -7.1073422e-03  -6.4840837e-03
  -2.1584872e-01   3.4726686e-02   6.2922077e-02  -1.0809828e-04  -6.9545895e-03  -6.5743972e-03
  -2.1029822e-01   7.8969593e-02   1.2478195e-01   8.0645441e-04  -7.2272087e-03  -6.4128733e-03
  -1.9782904e-01   8.6959351e-02   1.5901507e-02   9.2282494e-04  -7.1177353e-03  -6.3439103e-03
  -2.2002288e-01   7.6423098e-02   5.3696584e-02  -1.6290712e-04  -7.3626000e-03  -6.5400327e-03
  -2.2314597e-01   1.1361321e-01  -1.3571374e-02   1.4640231e-04  -7.3207050e-03  -6.3809291e-03
  -2.1911545e-01   6.0590516e-02  -5.9675169e-03  -6.4826095e-04  -7.2054113e-03  -5.8958362e-03
  -2.2886308e-01   9.9813158e-02   1.6794556e-02  -1.4316095e-04  -7.2019886e-03  -6.0727332e-03
  -2.5451949e-01   4.7716182e-02  -1.3492660e-03  -5.7621743e-04  -7.2722175e-03  -6.1693706e-03
