   0.0000000e+00   0.0000000e+00   0.0000000e+00   0.0000000e+00   0.0000000e+00   0.0000000e+00
   3.5656789e-02   2.1061942e-01  -3.1081999e-01  -4.8208894e-03  -2.3871028e-03   1.3978594e-04
   3.2332316e-03   2.3696197e-01  -6.6713762e-01  -1.1930373e-02  -2.2345815e-03  -5.7703398e-04
  -5.2455894e-03   2.5534497e-01  -6.0438897e-01  -1.0659393e-02  -2.3163901e-03  -3.3364214e-04
  -1.1279522e-02   2.8073964e-01  -8.0740263e-01  -1.3628333e-02  -2.4055888e-03  -4.9171266e-04
  -7.7386997e-03   2.5790442e-01  -7.2588982e-01  -1.2328233e-02  -2.4197137e-03  -3.7411117e-04
  -2.7044615e-02   2.9317993e-01  -8.5415084e-01  -1.4280938e-02  -1.9045646e-03  -4.6246644e-04
  -3.2491822e-02   2.5421031e-01  -7.9786181e-01  -1.4173596e-02  -1.9545569e-03  -4.0964645e-04
  -3.3226312e-02   2.8812247e-01  -8.8943829e-01  -1.5209435e-02  -2.0599697e-03  -6.5965320e-04
  -2.1740165e-02   2.7869364e-01  -9.5794802e-01  -1.5858525e-02  -1.8570622e-03  -9.5728928e-04
  -1.9993463e-02   2.7139252e-01  -1.0072552e+00  -1.6626417e-02  -1.9956527e-03  -1.1299699e-03
  -1.4608012e-02   2.8461466e-01  -1.0134730e+00  -1.6341251e-02  -2.1524402e-03  -1.0758019e-03
  -2.3751005e-02   2.9243775e-01  -1.0997891e+00  -1.7238133e-02  -2.0379029e-03  -1.1814988e-03
  -2.4880829e-02   2.7509654e-01  -9.5924157e-01  -1.6548563e-02  -1.9814851e-03  -8.4759838e-04
  -2.6189601e-02   3.0324795e-01  -9.7698863e-01  -1.6474810e-02  -2.1107211e-03  -8.8786461e-04
  -1.8722159e-02   2.8890340e-01  -9.7707950e-01  -1.6557900e-02  -2.3777657e-03  -8.2239390e-04
  -2.4574457e-02   3.0547074e-01  -9.7664427e-01  -1.6943338e-02  -2.1877584e-03  -9.1506107e-04
  -1.8009063e-02   3.1769721e-01  -1.0287414e+00  -1.6977429e-02  -2.3033265e-03  -9.2888444e-04
  -1.1802026e-02   3.2805873e-01  -9.4327673e-01  -1.6422972e-02  -2.0725133e-03  -6.7076682e-04
  -6.5765370e-03   3.3296841e-01  -1.0405558e+00  -1.6786212e-02  -2.3343829e-03  -7.2158836e-04
  -1.8279582e-02   3.5249228e-01  -1.0859585e+00  -1.6956412e-02  -2.3160620e-03  -5.6405107e-04
   4.5116754e-03   3.5102551e-01  -1.0236950e+00  -1.6050996e-02  -2.5992942e-03  -8.4561155e-04
  -1.7436535e-02   3.6788021e-01  -1.0227091e+00  -1.6137075e-02  -2.4910797e-03  -7.2719406e-04
  -1.4385779e-02   3.5691778e-01  -1.0195493e+00  -1.6716984e-02  -2.5408986e-03  -9.2128223e-04
  -2.2306358e-02   3.2917284e-01  -9.3752345e-01  -1.5015492e-02  -2.3030548e-03  -6.4205683e-04
  -1.3544587e-02   3.3923089e-01  -9.7387296e-01  -1.5980793e-02  -2.6051946e-03  -5.0286765e-04
  -2.4132789e-02   3.1298157e-01  -9.0026510e-01  -1.6310073e-02  -2.3402675e-03  -4.0017645e-04
  -2.1627386e-02   3.0273896e-01  -9.9011805e-01  -1.5750702e-02  -2.5623166e-03  -3.5075913e-04
  -2.5812253e-02   3.3565699e-01  -8.9496210e-01  -1.4604749e-02  -2.1531272e-03  -2.7152276e-04
  -1.3956348e-02   3.1336651e-01  -9.4104628e-01  -1.6439699e-02  -2.3562694e-03  -3.5629404e-04
  -2.3916091e-02   2.8395321e-01  -8.5009253e-01  -1.4067320e-02  -3.1532944e-03   1.0285705e-04
  -2.7018270e-02   3.0147885e-01  -8.1156560e-01  -1.2428165e-02  -2.8419990e-03   4.8497278e-05
  -3.5418995e-03   3.2949780e-01  -9.7494360e-01  -1.4157290e-02  -3.1578883e-03  -3.3775631e-04
  -2.7091232e-02   3.2755162e-01  -8.2051007e-01  -1.1328682e-02  -3.0465977e-03  -7.6422536e-05
  -2.1827353e-02   3.4960104e-01  -8.9643234e-01  -1.2736537e-02  -2.7608767e-03  -2.3468289e-04
  -2.7600288e-02   3.2540743e-01  -8.2792660e-01  -1.2551935e-02  -2.7537071e-03  -2.8820754e-04
  -3.8836534e-02   3.4999186e-01  -8.7661468e-01  -1.3186486e-02  -2.4103284e-03  -3.2852957e-04
  -1.2071442e-01   3.3607446e-01  -7.7597160e-01  -1.1789829e-02  -3.7797924e-03  -3.2205662e-04
  -1.1331527e-01   3.4871656e-01  -7.6051310e-01  -1.2163876e-02  -3.7712585e-03  -3.7801509e-04
  -9.8597404e-02   3.3514116e-01  -8.2822374e-01  -1.2663939e-02  -3.7454380e-03  -5.1068577e-04
  -1.0223782e-01   3.4703014e-01  -7.8634527e-01  -1.2140395e-02  -4.1794161e-03  -3.5948991e-04
  -7.8157991e-02   3.5196555e-01  -9.7922178e-01  -1.4047562e-02  -4.1976455e-03  -6.3044256e-04
  -1.0762423e-01   3.6601476e-01  -6.5128459e-01  -9.4547486e-03  -4.5086056e-03   1.0013532e-04
  -1.5446523e-01   3.1093359e-01  -7.6820202e-01  -1.3390449e-03  -4.1262008e-03   1.2169261e-03
  -1.1510920e-01   3.5878842e-01  -9.9387937e-01  -7.5737378e-03  -4.5835509e-03  -1.7682025e-04
  -1.1491958e-01   3.9686934e-01  -6.5973372e-01  -7.2187759e-03  -5.0346463e-03  -9.8313052e-06
  -9.3115783e-02   4.1861915e-01  -8.3523571e-01  -9.2707332e-03  -5.0070121e-03  -2.8094314e-04
  -1.0148412e-01   4.0591821e-01  -7.4028282e-01  -9.0158804e-03  -4.6347820e-03  -1.6786324e-04
  -1.1036375e-01   3.9497929e-01  -7.8265621e-01  -9.7909077e-03  -4.4721216e-03  -3.5559323e-04
  -8.6987308e-02   4.0376561e-01  -8.0408753e-01  -1.0232017e-02  -4.7443985e-03  -2.2409572e-04
  -7.1296854e-02   3.9763284e-01  -7.5415130e-01  -9.8578520e-03  -4.4715270e-03  -2.9264652e-04
  -9.3640567e-02   4.0615416e-01  -6.7411475e-01  -8.5902633e-03  -4.5939559e-03  -8.8881032e-05
  -9.6071646e-02   3.6726876e-01  -7.5723867e-01  -9.0281538e-03  -4.3706871e-03  -3.5813421e-04
  -9.9835103e-02   3.7698946e-01  -7.3251138e-01  -9.9164490e-03  -4.8243352e-03  -1.3492587e-04
  -8.6845660e-02   3.5054777e-01  -7.6427542e-01  -1.1740685e-02  -4.8182285e-03   1.1079528e-05
  -9.1670199e-02   3.6166909e-01  -8.0622182e-01  -1.0451795e-02  -4.3422093e-03  -2.1113082e-05
  -5.9363046e-02   3.9074495e-01  -8.8654656e-01  -1.2039664e-02  -4.8652333e-03  -3.0363244e-04
  -8.4986094e-02   4.0372683e-01  -7.7729675e-01  -1.0294127e-02  -4.7621364e-03  -4.0924206e-04
  -8.2419532e-02   4.1177967e-01  -8.7499392e-01  -1.1711222e-02  -4.7003312e-03  -5.3645626e-04
  -8.6014933e-02   4.0087461e-01  -7.3869963e-01  -1.0327657e-02  -4.3001330e-03  -4.2759418e-04
  -6.5390000e-02   4.2532409e-01  -8.1084510e-01  -1.1502850e-02  -4.6849681e-03  -4.5893076e-04
  -9.1265348e-02   4.0864864e-01  -7.5920095e-01  -1.0717086e-02  -4.5244004e-03  -3.9688174e-04
  -9.3532399e-02   4.0312420e-01  -8.0930320e-01  -1.1446535e-02  -4.5785085e-03  -4.7782886e-04
  -8.0250444e-02   3.9595896e-01  -8.5103334e-01  -1.1814308e-02  -4.5124456e-03  -3.5688904e-04
  -6.9535245e-02   4.1918125e-01  -8.3389342e-01  -1.1271727e-02  -5.0243644e-03  -4.9843641e-04
  -8.2998873e-02   4.3013070e-01  -8.3377335e-01  -1.0681786e-02  -4.6686950e-03  -3.6549700e-04
  -8.1346312e-02   4.1633719e-01  -8.0929665e-01  -1.1536419e-02  -4.6122196e-03  -5.7642834e-04
  -8.5484027e-02   4.0756391e-01  -7.8053367e-01  -9.8998359e-03  -4.3974205e-03  -3.4118200e-04
  -8.5634359e-02   4.3568736e-01  -8.1767200e-01  -1.1238887e-02  -4.5519212e-03  -4.1067723e-04
  -9.9069968e-02   3.9740424e-01  -7.3398892e-01  -9.1841179e-03  -4.9360564e-03   1.4376781e-04
  -8.1397051e-02   4.2705185e-01  -8.5751405e-01  -1.1127739e-02  -4.8951711e-03   3.1625000e-06
  -7.9900445e-02   4.2845980e-01  -7.8184258e-01  -9.4540932e-03  -4.6895588e-03   4.0021652e-05
  -8.8032892e-02   4.5749459e-01  -8.6345989e-01  -1.1210789e-02  -4.9016355e-03  -2.1291524e-04
  -1.5274883e-01   4.2436457e-01  -6.4203885e-01  -6.6356736e-03  -4.5115613e-03   1.9162707e-03
  -1.4192666e-01   4.3735026e-01  -6.8354031e-01  -7.4788521e-03  -3.6652008e-03   2.0340647e-03
  -1.1465857e-01   4.5385021e-01  -8.3387461e-01  -1.0273775e-02  -4.3045226e-03   1.2027833e-03
  -1.2884192e-01   4.3826132e-01  -7.0327947e-01  -7.9910297e-03  -3.8012059e-03   1.6141287e-03
  -1.2782443e-01   4.5826996e-01  -8.1253321e-01  -1.0768203e-02  -3.9991071e-03   1.7442805e-03
  -1.3475920e-01   4.0212183e-01  -6.8545153e-01  -8.4392592e-03  -3.2146215e-03   1.8828282e-03
  -1.2128758e-01   4.5801854e-01  -7.2904984e-01  -9.5293208e-03  -3.4612001e-03   2.0167880e-03
  -1.3860257e-01   4.3562520e-01  -7.2519555e-01  -9.3016903e-03  -4.0233838e-03   2.1690078e-03
  -1.4749047e-01   4.1995108e-01  -6.7944400e-01  -8.0990862e-03  -4.1817205e-03   2.3669920e-03
  -1.4082541e-01   4.3655207e-01  -7.5865307e-01  -7.7558695e-03  -4.3642739e-03   2.3313582e-03
  -1.4302155e-01   4.4243049e-01  -6.9481332e-01  -8.2648020e-03  -4.0584963e-03   2.2468692e-03
  -1.4249257e-01   4.4020336e-01  -7.1360381e-01  -7.7725218e-03  -4.1523400e-03   2.3005311e-03
  -1.4868010e-01   4.4006517e-01  -6.8277503e-01  -7.9764602e-03  -4.0769184e-03   2.3399006e-03
  -1.5831176e-01   4.3116434e-01  -7.1026100e-01  -7.8450529e-03  -3.7763625e-03   2.3065283e-03
  -1.5032827e-01   4.4968729e-01  -6.7852217e-01  -7.9321125e-03  -3.9703907e-03   2.3304121e-03
  -1.6649358e-01   4.3348603e-01  -6.8068963e-01  -7.2577321e-03  -3.6530086e-03   2.4400064e-03
  -1.6067128e-01   4.4920160e-01  -7.4031415e-01  -8.8652302e-03  -4.1268640e-03   2.4462977e-03
  -1.6404006e-01   4.2286385e-01  -7.3228332e-01  -8.0571049e-03  -3.6154577e-03   2.3872736e-03
  -1.4552790e-01   4.6135153e-01  -8.0894359e-01  -8.9470786e-03  -4.1500691e-03   2.2257389e-03
  -1.5370851e-01   4.3417947e-01  -7.3082316e-01  -7.7698445e-03  -3.6462706e-03   2.3069253e-03
  -1.3932999e-01   4.6331415e-01  -7.3870109e-01  -8.2173833e-03  -3.9013846e-03   2.3946983e-03
  -1.4134035e-01   4.5192347e-01  -7.0256324e-01  -8.2891870e-03  -3.7950421e-03   2.4502921e-03
  -1.4355166e-01   4.4679702e-01  -7.2141647e-01  -8.4085767e-03  -3.9569777e-03   2.4547939e-03
  -1.3869852e-01   4.4376820e-01  -7.3498513e-01  -8.5144249e-03  -3.6153298e-03   2.5383752e-03
  -1.4189671e-01   4.4383392e-01  -6.9168091e-01  -7.1363600e-03  -4.3725687e-03   2.8512556e-03
  -1.3321792e-01   4.7649815e-01  -7.4243412e-01  -7.0706287e-03  -4.1274456e-03   2.7063250e-03
  -1.3852091e-01   4.6223622e-01  -5.6882867e-01  -6.0708864e-03  -3.9281316e-03   2.7304573e-03
  -1.0279577e-01   4.5811429e-01  -7.1279241e-01  -9.2641414e-03  -4.4486002e-03   2.1441951e-03
  -1.0644729e-01   4.9733185e-01  -6.3974052e-01  -6.1602013e-03  -5.0551233e-03   2.9263559e-03
  -6.7843357e-02   3.8031215e-01   1.0436232e-01   8.6049143e-03  -4.4189244e-03   4.5245103e-03
  -6.4222951e-02   3.7718077e-01   5.8022683e-02   7.5999606e-03  -3.9372150e-03   3.9040858e-03
  -8.7707900e-02   4.1573871e-01   4.0598324e-02   8.2657027e-03  -4.4656548e-03   4.5084650e-03
  -9.5346327e-02   3.9320683e-01   2.8242539e-02   8.2642908e-03  -3.9795856e-03   4.3566110e-03
  -9.8817192e-02   4.3365006e-01   6.7006653e-03   7.9952455e-03  -4.3644231e-03   4.2510144e-03
  -1.0100080e-01   4.0992456e-01   3.4370225e-04   7.3363068e-03  -3.9274308e-03   4.0181284e-03
  -1.0522435e-01   4.3565062e-01  -4.2489155e-02   6.6826436e-03  -3.8367593e-03   4.0367965e-03
  -9.6144052e-02   4.2863941e-01  -5.7966101e-02   6.0631160e-03  -3.6850631e-03   3.8169347e-03
  -9.4292192e-02   4.4234643e-01  -6.0717058e-02   5.8874430e-03  -3.6176469e-03   4.0328351e-03
  -9.0891554e-02   4.3172456e-01  -5.4237784e-02   5.7987466e-03  -3.2379057e-03   3.9214012e-03
  -9.8643755e-02   4.3911434e-01  -5.4645264e-02   6.2838164e-03  -3.6626348e-03   4.1553677e-03
  -9.2800394e-02   4.5451619e-01  -1.0959149e-01   5.9058305e-03  -3.6567596e-03   4.1117093e-03
  -8.1835270e-02   4.6187740e-01  -1.2370271e-01   5.4030955e-03  -3.2376246e-03   3.8093340e-03
  -8.3972986e-02   4.8370068e-01  -1.4642400e-01   5.5380617e-03  -3.7488684e-03   3.8841897e-03
  -8.5756989e-02   4.7245323e-01  -7.3853350e-02   6.2309880e-03  -3.1086454e-03   4.0240673e-03
  -8.1887996e-02   4.7330467e-01  -9.7231061e-02   5.8316405e-03  -3.1064210e-03   3.9762436e-03
  -8.5328536e-02   4.7369691e-01  -1.1766681e-01   4.8929348e-03  -3.2640934e-03   4.0556420e-03
  -8.4186135e-02   4.5253028e-01  -9.8739883e-02   6.0773717e-03  -2.7291380e-03   4.3373179e-03
  -8.9216934e-02   4.9105652e-01  -1.4066141e-01   5.2754095e-03  -2.9943956e-03   4.2860821e-03
  -9.1756733e-02   4.5548426e-01  -1.0216066e-01   5.4400153e-03  -2.8212694e-03   4.1509799e-03
  -8.8190777e-02   4.5460126e-01  -1.3086943e-01   6.0304972e-03  -2.6520662e-03   4.1942792e-03
  -7.0605532e-02   4.7101401e-01  -2.2996709e-01   3.6436454e-03  -3.2735768e-03   3.7944803e-03
  -2.9020486e-02   4.9951180e-01  -3.6911277e-01  -9.2589027e-04  -3.9791013e-03   2.7002688e-03
  -4.5024458e-02   5.0233381e-01  -3.7747237e-01  -7.6148962e-04  -4.0352981e-03   2.9179414e-03
  -4.1224480e-02   4.8139796e-01  -3.1371520e-01  -1.0433281e-03  -3.9590302e-03   3.0463791e-03
  -3.5095688e-02   4.6848078e-01  -3.4545408e-01  -1.2702163e-03  -4.2878518e-03   3.1580578e-03
  -4.1834236e-02   4.8256433e-01  -3.5967071e-01  -2.0561970e-03  -4.3670981e-03   3.3542007e-03
