   0.0000000e+00  -3.5527137e-15   7.1054274e-15   5.5511151e-17  -2.6020852e-18   1.4444475e-34
   2.1268754e-02   1.9147188e-02   2.1470824e-02  -5.3691893e-04  -3.3519817e-04   1.5503426e-03
   3.7928216e-02  -1.4971804e-02   3.2186316e-02  -1.2571558e-04  -5.7231870e-04   1.2118082e-03
   8.1327167e-03  -1.3170577e-04   7.8887205e-02   1.0913201e-03  -3.5117826e-05   1.7012809e-03
   2.5697223e-02  -4.1628046e-02   1.5909821e-01   1.6119532e-03  -7.3077348e-04   1.2404869e-03
   4.9116779e-02  -1.8985871e-02   1.7797296e-01   1.6509894e-03  -1.2980071e-03   9.5912692e-04
   3.5466577e-02  -5.7322395e-02   2.1160296e-01   2.0308950e-03  -8.8363411e-04   1.1145532e-03
  -1.2143616e-02  -7.2136120e-02   1.7527285e-01   3.3706102e-03  -1.0745392e-03   2.7819311e-03
  -1.4706531e-02  -1.3357471e-01   1.7713405e-01   2.9858005e-03  -1.7795484e-03   2.2030373e-03
  -1.5970926e-02  -1.7856959e-02   2.2919659e-01   2.7650389e-03  -3.2871521e-03   2.2460318e-03
   9.4149863e-03  -1.5125078e-01   3.8278051e-01  -3.1240738e-05  -3.1892350e-03   2.1226653e-03
  -7.9242626e-03  -1.4696918e-01   1.2979768e-01   1.1513780e-03  -2.0224122e-03   1.5595998e-03
  -3.2500106e-02  -8.8943406e-02   1.5458801e-01   2.1131187e-04  -1.9141851e-03   2.2966831e-03
   3.9218482e-02  -1.8675295e-01   1.6300499e-02   1.0125139e-03  -2.6102428e-03   2.3525160e-03
  -1.7160883e-02  -1.3795316e-01  -3.4777091e-02   6.0174358e-04  -2.1034793e-03   2.2646852e-03
  -3.8904940e-02  -1.4190630e-01   9.0342642e-02   2.7521437e-04  -2.4196905e-03   3.0007347e-03
  -2.3689123e-02  -1.4869662e-01   1.4549308e-01   2.5955702e-04  -2.5199616e-03   2.1279863e-03
  -2.6798530e-02  -1.8468661e-01   8.5441863e-02   1.1339989e-03  -3.2654035e-03   2.7037649e-03
  -3.3278262e-02  -2.0088008e-01   4.8412650e-02   2.7177352e-03  -2.5095724e-03   2.4403973e-03
  -4.3879800e-02  -1.4918199e-01   1.1135222e-01   3.2784539e-03  -3.4469174e-03   2.4806922e-03
  -3.7856768e-02  -1.8652625e-01   1.3031673e-01   2.2125680e-03  -3.3029825e-03   2.2043322e-03
  -6.6321975e-02  -1.4784819e-01   1.1055593e-01   3.1414889e-03  -2.9386979e-03   2.8110268e-03
  -8.7865730e-02  -1.6413829e-01   1.4600309e-01   2.7875057e-03  -2.8773695e-03   1.9353804e-03
  -1.0811490e-01  -2.3135847e-01   8.9047113e-02   3.2677324e-03  -2.7376766e-03   1.4556937e-03
  -6.9828200e-02  -1.8004290e-01   1.0419799e-01   4.8548226e-03  -3.6325762e-03   1.5861261e-03
  -3.5570478e-02  -2.2692030e-01   1.6271056e-01   3.8423036e-03  -3.5163122e-03   1.7968607e-03
  -8.4378059e-02  -1.8203665e-01   1.9927017e-01   2.8178122e-03  -2.9209833e-03   1.9025593e-03
  -7.3846705e-02  -1.7605895e-01   2.2327195e-01   2.8943745e-03  -2.9022835e-03   1.3570890e-03
  -9.7092160e-02  -2.2374943e-01   2.1389451e-01   3.0194804e-03  -3.2309828e-03   1.6742290e-03
  -6.0324495e-02  -2.5944758e-01   2.4656556e-01   3.4861524e-03  -3.0584069e-03   1.7855233e-03
  -9.8917999e-02  -2.3521893e-01   2.8366915e-01   3.4980447e-03  -3.3011793e-03   1.8821549e-03
  -1.0448745e-01  -2.6842589e-01   2.8335227e-01   3.2768876e-03  -3.5496383e-03   1.0580622e-03
  -1.1097350e-01  -2.5938092e-01   2.9369406e-01   3.1173549e-03  -3.4164801e-03   1.2111627e-03
  -9.8317219e-02  -2.7531638e-01   3.0503020e-01   3.6886126e-03  -3.6332577e-03   1.4664083e-03
  -8.1386288e-02  -2.6861388e-01   2.6736437e-01   3.2978649e-03  -3.6480782e-03   9.3541275e-04
  -7.8528059e-02  -2.3935281e-01   2.4105389e-01   4.3132961e-03  -4.5237122e-03   3.8560289e-04
  -3.3424263e-02  -2.1087290e-01   2.8915505e-01   3.5764050e-03  -3.7062948e-03   3.8970482e-04
  -6.0609254e-02  -2.2306084e-01   2.5643392e-01   3.3245082e-03  -4.2990116e-03  -2.2060562e-04
  -9.8436224e-02  -2.1834429e-01   2.8214612e-01   3.6389959e-03  -4.8181857e-03  -2.5875616e-04
  -8.8027533e-02  -2.7736467e-01   2.5598676e-01   4.5743415e-03  -5.3306686e-03  -3.1735473e-04
  -8.3322723e-02  -2.5184113e-01   3.1787671e-01   4.4615859e-03  -5.4999174e-03  -1.1949581e-03
  -7.8434751e-02  -2.4372422e-01   2.0825115e-01   4.2907835e-03  -5.7019142e-03  -1.1536407e-03
  -9.3174676e-02  -2.4407483e-01   2.6563166e-01   4.4461619e-03  -5.8130795e-03  -1.9406723e-03
  -1.1770290e-01  -2.1148000e-01   2.7473848e-01   5.0214557e-03  -6.0324578e-03  -8.8482443e-04
  -1.8961096e-01  -2.5788802e-01   3.6088088e-01   5.4709004e-03  -6.4457074e-03   1.2658860e-03
  -1.7770506e-01  -3.0057940e-01   3.4281113e-01   6.8841716e-03  -6.4537068e-03   1.1490810e-03
  -2.2568818e-01  -2.2850444e-01   4.0422683e-01   6.1363377e-03  -6.7173689e-03   1.8015368e-03
  -2.3629265e-01  -2.1960638e-01   4.1156144e-01   5.4605663e-03  -6.5581573e-03   2.4374315e-03
  -2.7007195e-01  -3.6147436e-01   4.4013912e-01   5.2629928e-03  -5.8528126e-03   1.6097452e-03
  -2.8091450e-01  -1.7408385e-01   4.0521282e-01   4.0728372e-03  -6.2961452e-03   3.5195378e-04
  -2.3098491e-01  -2.9142139e-01   5.7497597e-01   3.5248967e-03  -5.1959379e-03   2.4244362e-04
  -2.0101136e-01  -2.4513650e-01   4.5387177e-01   2.8986375e-03  -5.1795316e-03   3.4343058e-04
  -1.3803655e-01  -2.5992747e-01   4.2899773e-01   3.1092766e-03  -5.2096097e-03  -2.0304337e-04
  -1.8545308e-01  -2.3584032e-01   4.4081688e-01   4.1383785e-03  -4.1902632e-03  -3.1769314e-04
  -2.1021169e-01  -3.1663814e-01   4.4403375e-01   3.9061101e-03  -4.8105245e-03   7.7770365e-04
  -1.6007770e-01  -2.5402735e-01   4.1113411e-01   3.5839168e-03  -3.5637776e-03   1.0402473e-03
  -7.2589667e-02  -2.1232532e-01   2.8868623e-01   3.9706468e-03  -4.0766624e-03  -3.2089131e-04
  -1.4054915e-01  -2.2710536e-01   4.2060124e-01   4.3473466e-03  -3.0685896e-03  -1.8328655e-03
  -1.1031835e-01  -1.7301168e-01   4.3450951e-01   4.0863131e-03  -2.6909993e-03  -1.5729630e-03
  -1.1367348e-01  -2.5577388e-01   4.0983547e-01   2.8575362e-03  -1.7257029e-03  -9.9403907e-05
  -1.2849384e-01  -2.3157352e-01   4.2780325e-01   2.4633544e-03  -2.4909169e-03  -5.2204190e-04
  -1.4167311e-01  -2.8083531e-01   4.4727633e-01   1.5883872e-03  -2.2913918e-03  -1.1305758e-03
  -1.2608068e-01  -2.6244997e-01   3.8256270e-01   2.6845761e-03  -3.2495844e-03  -1.4833601e-03
  -1.4896764e-01  -2.7177596e-01   4.2622098e-01   1.9657185e-03  -3.4030191e-03  -1.9259290e-03
  -1.5639564e-01  -2.8421284e-01   4.7474775e-01   2.1762507e-03  -3.4700065e-03  -2.1656276e-03
  -1.8239515e-01  -2.8658630e-01   3.8160279e-01   2.0035900e-03  -3.6393563e-03  -1.5971262e-03
  -1.9346370e-01  -2.7465991e-01   4.0059267e-01   2.2244774e-03  -4.4601358e-03  -1.7876192e-03
  -1.9983425e-01  -2.6625821e-01   3.2346920e-01   2.3664165e-03  -4.4171982e-03  -1.3334282e-03
  -1.9087366e-01  -2.6991365e-01   3.3604103e-01   2.6989830e-03  -4.0488298e-03  -1.0869900e-03
  -1.9506577e-01  -2.5325238e-01   3.5239675e-01   2.7924214e-03  -3.7870926e-03  -1.6199097e-03
  -1.7703988e-01  -2.4273480e-01   3.5362968e-01   2.3015204e-03  -3.6069740e-03  -8.8676345e-04
  -1.7784658e-01  -2.4842555e-01   4.3335600e-01   1.6803699e-03  -3.3545704e-03  -5.9048553e-04
  -1.6015962e-01  -2.0784641e-01   3.5861998e-01   2.3347585e-03  -4.0366482e-03  -6.8855634e-04
  -1.7631388e-01  -2.2832784e-01   4.6934030e-01   1.8920570e-03  -2.7856756e-03  -8.2445751e-04
  -2.0332651e-01  -1.9362683e-01   3.9293479e-01   3.4859874e-03  -2.6660877e-03  -3.9047093e-04
  -2.2347349e-01  -2.4706707e-01   4.7416129e-01   2.9555292e-03  -2.8602736e-03  -3.2260727e-04
  -2.5823199e-01  -2.4614857e-01   5.1757159e-01   2.0139914e-03  -2.3732160e-03   1.0332189e-04
  -2.7336956e-01  -2.4274620e-01   4.9307900e-01   1.6572493e-03  -1.7758093e-03  -1.9557659e-04
  -2.6760509e-01  -2.5324500e-01   5.0030100e-01   2.6498681e-03  -1.5989098e-03  -2.6567056e-04
  -2.9980185e-01  -2.8504015e-01   5.5761519e-01   2.1888288e-03  -1.1637686e-03   8.1287180e-04
  -3.3427594e-01  -2.9874029e-01   5.8564495e-01   2.1359496e-03  -1.6325616e-03   7.2761430e-04
  -3.0788676e-01  -3.1800911e-01   5.0443634e-01   2.0694395e-03  -2.2704458e-03  -7.4458353e-06
  -3.3960542e-01  -3.0052554e-01   6.3433488e-01   3.6154649e-04  -1.9207229e-03  -9.1697666e-04
  -3.4191870e-01  -2.3247270e-01   4.8653869e-01   9.5794145e-04  -1.6049940e-03  -3.2818242e-04
  -3.1710556e-01  -2.0913992e-01   5.1139456e-01   1.8447392e-03  -7.9778050e-04   2.3481755e-04
  -3.0829693e-01  -2.9261127e-01   6.4876997e-01   9.0090282e-04  -7.4488390e-04  -4.5478796e-04
  -3.1281278e-01  -2.7142718e-01   5.0956709e-01   9.8084578e-04  -1.2404472e-03   4.3338955e-04
  -2.9151942e-01  -2.3663532e-01   6.2966454e-01   7.4023691e-04  -1.9862532e-03   3.7987921e-04
  -2.2200635e-01  -3.0147549e-01   4.8128784e-01   2.4155294e-03  -2.3434685e-03   3.1753076e-04
  -2.5991710e-01  -2.7829473e-01   5.9879651e-01  -2.8948930e-04  -2.3094269e-03   1.0903140e-03
  -2.5338336e-01  -2.8450038e-01   5.8807726e-01   5.2216310e-04  -2.1933902e-03  -2.8336142e-04
  -2.8442579e-01  -2.7272786e-01   6.6638276e-01  -5.7406351e-04  -2.6990998e-03  -1.2181004e-04
  -2.8620144e-01  -2.8039780e-01   6.9368535e-01  -6.5581221e-04  -2.4350778e-03   1.0542417e-03
  -3.0216361e-01  -2.5616850e-01   6.8587250e-01  -5.2338693e-04  -2.5134963e-03   4.3638052e-04
  -2.9332875e-01  -2.1919644e-01   5.8415875e-01  -1.7818916e-03  -2.8288464e-03   8.0167567e-05
  -2.1880607e-01  -2.7250873e-01   5.9910175e-01  -1.3356293e-04  -3.0045695e-03  -1.2559027e-04
  -2.3786687e-01  -1.6239887e-01   5.6390950e-01   6.2453596e-04  -2.5336903e-03   1.4542854e-03
  -2.5483827e-01  -2.6158532e-01   6.3800162e-01  -4.6915015e-04  -2.8509491e-03   7.7221872e-04
  -2.8419778e-01  -1.8000387e-01   6.4293950e-01  -1.0660146e-03  -2.8179590e-03   8.4606198e-04
  -2.1102900e-01  -2.8478694e-01   7.0410522e-01   8.8336777e-04  -3.0174548e-03   9.2764938e-04
  -2.3173964e-01  -2.2583904e-01   7.1158019e-01  -2.2708018e-04  -3.2931814e-03   1.3931180e-03
  -2.2644021e-01  -2.4440251e-01   7.2076333e-01   8.5249394e-04  -3.8709510e-03   5.8720557e-04
  -2.3426342e-01  -2.5865105e-01   7.5370651e-01   9.6625824e-04  -4.5554239e-03  -3.2037847e-05
  -2.2277309e-01  -2.3073865e-01   7.1340792e-01   7.1155395e-04  -5.0319878e-03  -5.7290147e-04
  -2.3040666e-01  -2.7324204e-01   7.4790226e-01   7.9940931e-04  -5.0027035e-03   6.3565062e-05
  -2.1740122e-01  -2.2596549e-01   7.6806957e-01   1.8594387e-04  -5.0028346e-03  -7.4044731e-05
  -2.3528174e-01  -2.3819187e-01   7.5830489e-01   1.9037755e-04  -5.3416137e-03  -2.2128134e-04
  -2.4281483e-01  -2.8354143e-01   7.1601346e-01  -1.3673476e-04  -5.8656004e-03  -1.0599071e-03
  -2.5800465e-01  -2.3621698e-01   7.2779218e-01  -1.0752873e-04  -6.1824958e-03  -1.7234368e-03
  -2.6611357e-01  -2.4956409e-01   7.2879682e-01   2.1564406e-04  -6.6248973e-03  -2.4064149e-03
  -2.7504432e-01  -2.1533785e-01   7.2505777e-01   2.1794872e-04  -7.0401432e-03  -2.5165778e-03
  -2.7572936e-01  -2.3504734e-01   7.5615853e-01   1.0423907e-03  -7.1501498e-03  -3.1617991e-03
  -2.7943769e-01  -2.2469663e-01   7.6794073e-01   1.0838981e-03  -7.5747153e-03  -3.7205540e-03
  -2.7138261e-01  -2.6180364e-01   8.1826209e-01   1.8713066e-03  -8.0816115e-03  -4.0678921e-03
  -2.7535837e-01  -2.2405663e-01   8.6253049e-01   2.1312914e-03  -7.7421083e-03  -4.4362898e-03
  -2.7601627e-01  -2.3656096e-01   8.4952674e-01   1.8579568e-03  -8.1821447e-03  -4.8368827e-03
  -2.6380605e-01  -2.4616945e-01   8.8889978e-01   2.1549052e-03  -8.4642068e-03  -5.4020610e-03
  -2.6903303e-01  -2.5378162e-01   9.0885001e-01   2.4154834e-03  -8.7116995e-03  -5.9768205e-03
  -2.4997602e-01  -2.3837418e-01   9.5110166e-01   2.8171581e-03  -8.2074627e-03  -6.9075598e-03
  -2.4479586e-01  -2.7676392e-01   9.7356225e-01   3.0894620e-03  -9.0594461e-03  -7.1139336e-03
  -1.8496030e-01  -2.7699087e-01   9.5152851e-01   1.6366170e-03  -8.8889159e-03  -7.0157898e-03
  -1.9789733e-01  -3.3809253e-01   1.0669736e+00   1.4243932e-03  -8.0886624e-03  -8.2843688e-03
  -1.7756701e-01  -3.2273110e-01   1.0895664e+00  -5.2475764e-04  -7.9896254e-03  -7.9798894e-03
  -1.8509228e-01  -3.4761809e-01   1.0563818e+00   5.0305354e-04  -7.5775561e-03  -8.2040109e-03
  -1.7111651e-01  -3.7727462e-01   1.1060380e+00   2.1827333e-04  -7.4528126e-03  -8.9678741e-03
  -1.6504536e-01  -3.6250976e-01   1.1344362e+00   7.2513058e-04  -7.5353197e-03  -9.1585733e-03
  -1.5464408e-01  -3.8628715e-01   1.1479062e+00   1.3264626e-04  -7.0150533e-03  -9.1044162e-03
  -1.8720348e-01  -3.5695709e-01   1.2329411e+00   2.3396783e-03  -6.1099269e-03  -8.5209923e-03
  -1.9407008e-01  -3.5605476e-01   1.2487766e+00   2.5515451e-03  -6.3971068e-03  -8.8601491e-03
