   0.0000000e+00   0.0000000e+00   0.0000000e+00   0.0000000e+00   0.0000000e+00   0.0000000e+00
  -3.0078230e-02   4.3711456e-01  -1.4673326e-01  -2.0209315e-02  -2.7498268e-04  -1.1272083e-02
  -1.1959870e-01   6.4422937e-01   9.1349134e-02  -2.1959435e-02   9.1438417e-04  -9.9248105e-03
  -6.5064709e-02   6.3012147e-01  -7.8919492e-02  -2.5871434e-02   2.7129366e-03  -8.0533991e-03
  -6.8348246e-02   6.0172351e-01   3.8564320e-02  -2.5153168e-02   3.0850987e-03  -8.0254238e-03
  -2.8407558e-02   6.2743948e-01  -5.6110631e-02  -2.7399568e-02   3.1719048e-03  -8.5271609e-03
  -5.1235175e-02   6.5604508e-01  -3.3998848e-02  -2.7558176e-02   4.3563278e-03  -8.9718134e-03
  -9.5542451e-02   6.3823968e-01  -5.6042509e-02  -2.7550892e-02   3.8075241e-03  -9.5077257e-03
  -1.9279456e-01   6.4983484e-01  -2.0466181e-02  -2.6445863e-02   3.9789955e-03  -1.3380062e-02
  -1.6049776e-01   6.6256383e-01  -5.2595795e-02  -2.8076051e-02   4.2842175e-03  -1.2680140e-02
  -1.7964325e-01   6.8679591e-01  -4.1377639e-02  -2.7706713e-02   4.7652730e-03  -1.2987450e-02
  -1.8800834e-01   7.0159776e-01  -9.3622448e-02  -2.7782051e-02   4.7480765e-03  -1.3432417e-02
  -1.9089165e-01   7.2108449e-01  -9.6308900e-02  -2.7690854e-02   5.1860311e-03  -1.3446412e-02
  -1.6235455e-01   7.0702395e-01  -1.2929207e-01  -2.7861820e-02   5.2751061e-03  -1.2397128e-02
  -1.9586700e-01   6.3822210e-01  -8.5279142e-03  -2.5839906e-02   6.4381297e-03  -1.1653307e-02
  -1.3867178e-01   7.4132814e-01  -1.4094137e-01  -2.9883976e-02   5.8531523e-03  -9.9249375e-03
  -1.0996692e-01   7.0722267e-01  -1.8629372e-01  -3.0689699e-02   6.5228335e-03  -8.9447003e-03
  -1.3184563e-01   7.1228894e-01  -1.4291654e-01  -3.0442889e-02   7.1863722e-03  -9.2118320e-03
  -1.6269736e-01   7.1200497e-01  -1.3467463e-01  -3.0266935e-02   6.7175952e-03  -1.0755124e-02
  -1.6234930e-01   7.1419227e-01  -9.6573129e-02  -3.0276998e-02   7.0523378e-03  -1.1319714e-02
  -1.5924425e-01   7.2066053e-01  -1.2420782e-01  -3.0410427e-02   7.6448717e-03  -1.0771357e-02
  -1.6585351e-01   7.6085821e-01  -1.6892823e-01  -3.0873862e-02   7.7735107e-03  -1.1065575e-02
  -1.6583650e-01   7.3612818e-01  -1.8945128e-01  -3.1081267e-02   8.4104344e-03  -1.0042835e-02
  -1.5151242e-01   7.6613538e-01  -1.6942967e-01  -3.2015987e-02   7.8890112e-03  -1.1077073e-02
  -1.5236828e-01   7.5240578e-01  -1.5070148e-01  -3.1272509e-02   7.7032496e-03  -1.2112829e-02
  -1.1895525e-01   7.1885106e-01  -1.1887332e-01  -3.3085068e-02   8.4820467e-03  -1.0256555e-02
  -2.1053216e-02   2.4248115e-01  -3.6335827e-01  -3.9413490e-02   8.5480081e-03  -7.1524572e-03
   2.6228502e-03   6.0319652e-01  -3.6286607e-01  -3.8596634e-02   7.3323197e-03  -7.1895747e-03
  -4.0515421e-02   6.6232772e-01  -3.2133769e-01  -3.5108727e-02   8.4694749e-03  -7.0748230e-03
  -5.2366956e-02   7.0050253e-01  -2.8950934e-01  -3.4612476e-02   9.4243746e-03  -6.9538750e-03
  -8.4354326e-02   7.3719614e-01  -2.5054310e-01  -3.5875851e-02   9.6976382e-03  -7.9153937e-03
  -8.6131751e-02   7.3730577e-01  -2.2150607e-01  -3.4720263e-02   8.6525915e-03  -9.2838145e-03
  -1.3480891e-01   7.6047951e-01  -2.2907983e-01  -3.4263245e-02   8.4731134e-03  -1.1586240e-02
  -1.1749188e-01   7.6773468e-01  -2.8630273e-01  -3.4164458e-02   9.2119254e-03  -1.0766648e-02
  -1.3224548e-01   7.8073857e-01  -2.7697514e-01  -3.4752135e-02   9.1190451e-03  -1.1145411e-02
  -1.2755946e-01   7.4668555e-01  -2.4625240e-01  -3.4221812e-02   9.6462133e-03  -1.1021581e-02
  -1.1690416e-01   7.6466481e-01  -2.0595696e-01  -3.5132008e-02   9.5221237e-03  -1.0514358e-02
  -1.3482301e-01   7.6657903e-01  -2.3070861e-01  -3.5062309e-02   9.4716106e-03  -1.1415642e-02
  -1.3885313e-01   7.8000468e-01  -2.3224076e-01  -3.5352648e-02   9.8560478e-03  -1.1031081e-02
  -1.2906760e-01   7.9917058e-01  -2.2968750e-01  -3.5028431e-02   9.9496840e-03  -1.0644413e-02
  -1.3839845e-01   7.9273178e-01  -2.7363164e-01  -3.5660834e-02   9.9116981e-03  -1.0437209e-02
  -1.2975006e-01   7.9414655e-01  -2.9211073e-01  -3.5477162e-02   1.0144176e-02  -1.0330143e-02
  -1.3309326e-01   8.1010195e-01  -2.5073418e-01  -3.5766154e-02   1.0066956e-02  -1.0678571e-02
  -1.2246368e-01   7.9625478e-01  -2.3569495e-01  -3.5578498e-02   1.0131761e-02  -1.0462750e-02
  -1.0821620e-01   7.9616390e-01  -2.1682653e-01  -3.6003166e-02   1.0024305e-02  -1.0593917e-02
  -9.4192386e-02   8.2556626e-01  -2.2817544e-01  -3.5715565e-02   1.0305408e-02  -1.0238407e-02
  -1.2101022e-01   8.2921589e-01  -2.2077334e-01  -3.6053725e-02   1.0252168e-02  -1.0263511e-02
  -1.0469957e-01   8.4859501e-01  -2.4056402e-01  -3.5687860e-02   1.0236796e-02  -1.0535606e-02
  -1.3145075e-01   8.1989434e-01  -2.6568792e-01  -3.6540781e-02   1.0290312e-02  -1.0567565e-02
  -4.9550219e-02   8.7720441e-01  -1.7916197e-01  -3.5296597e-02   1.0511128e-02  -1.0105502e-02
   1.2688188e-01   1.1031504e+00   2.0904571e-01  -3.9732378e-02   9.2657336e-03  -7.2554153e-03
   3.2583935e-02   8.0064458e-01  -3.6540590e-01  -3.7302630e-02   7.5755154e-03  -8.2849026e-03
  -1.8927905e-02   9.2701932e-01  -1.9645399e-03  -3.6965390e-02   9.6437399e-03  -8.0290431e-03
  -1.9132045e-01   7.6199239e-01   8.3839112e-01  -3.3590858e-02   8.8421714e-03  -6.2134668e-03
  -1.3214475e-01   6.4854708e-01  -1.3028308e-01  -3.2870918e-02   9.9020605e-03  -7.8979757e-03
  -1.1931015e-01   7.4125243e-01  -6.6028847e-01  -3.9020242e-02   1.0843038e-02  -1.0929965e-02
  -1.0211196e-01   7.5640245e-01  -7.3808135e-01  -4.2562594e-02   1.0973392e-02  -9.9331487e-03
  -1.4347529e-01   7.8316042e-01  -7.8966293e-01  -4.0664031e-02   1.1132677e-02  -1.1328860e-02
  -1.7199939e-01   7.6562056e-01  -6.5998341e-01  -4.2455262e-02   1.1439507e-02  -1.0999269e-02
  -1.5222985e-01   6.5590683e-01  -6.0013965e-01  -3.9423721e-02   1.1169025e-02  -1.0700720e-02
  -1.3962442e-01   7.4532830e-01   1.1089825e-01  -4.0239029e-02   1.0585256e-02  -9.7887910e-03
  -1.6037590e-01   6.3729211e-01  -4.8539980e-01  -3.6545103e-02   1.0676617e-02  -1.0100417e-02
  -1.7474553e-01   6.0237739e-01  -8.2449010e-01  -3.7300406e-02   1.0611350e-02  -1.0884552e-02
  -1.9307638e-01   6.3454745e-01  -7.1246724e-01  -3.6053414e-02   9.8055805e-03  -1.2375233e-02
  -1.6320279e-01   6.0945741e-01  -8.7020547e-01  -3.5849569e-02   1.0497673e-02  -1.1672600e-02
  -1.9218687e-01   6.5568865e-01  -8.5577165e-01  -3.5880214e-02   1.0958031e-02  -1.2220440e-02
  -1.9800880e-01   6.6676980e-01  -9.6344680e-01  -3.7011437e-02   1.1509594e-02  -1.2034178e-02
  -1.8624533e-01   7.0498566e-01  -9.0738341e-01  -3.6068117e-02   1.1770665e-02  -1.1781195e-02
  -1.7875730e-01   6.5521491e-01  -9.4855065e-01  -3.7424865e-02   1.1758285e-02  -1.2136217e-02
  -1.8266134e-01   6.6846327e-01  -8.6899644e-01  -3.6119046e-02   1.1025642e-02  -1.2689821e-02
  -1.4240773e-01   6.2663788e-01  -1.0254380e+00  -3.9800557e-02   1.1577254e-02  -1.2105182e-02
  -1.5958775e-01   6.7483256e-01  -7.6809125e-01  -3.0521752e-02   1.1362984e-02  -1.3080159e-02
  -1.9956544e-01   5.2467126e-01   1.1031081e-01  -1.3996744e-03   1.1314878e-02  -1.3700265e-02
  -1.6275401e-01   5.3874519e-01  -4.0791574e-01  -1.6076403e-02   1.1192828e-02  -1.4287794e-02
  -1.3942871e-01   6.1066299e-01  -7.0141557e-01  -2.7856144e-02   1.0474045e-02  -1.2641787e-02
  -1.0172158e-01   5.8660759e-01  -6.8360854e-01  -2.8035512e-02   1.0288728e-02  -1.2307283e-02
  -2.5678579e-01   6.6980513e-01  -3.0427725e-01  -3.0432268e-02   1.0137571e-02  -1.0754939e-02
  -3.6581869e-01   6.1156875e-01  -2.0232035e-02  -3.1963666e-02   1.0549856e-02  -7.4807589e-03
  -1.3420175e-01   5.0830591e-01  -7.0551138e-01  -2.8659800e-02   9.8220374e-03  -9.2653066e-03
  -1.3563314e-01   5.5814158e-01  -7.3966904e-01  -2.9261270e-02   1.0215663e-02  -1.1927518e-02
  -1.3199295e-01   5.7099965e-01  -8.2911204e-01  -3.3585421e-02   1.0486605e-02  -1.2653035e-02
  -1.4512209e-01   6.7459639e-01  -9.4761940e-01  -3.7050671e-02   1.1285505e-02  -1.2406855e-02
  -1.3546738e-01   6.5747281e-01  -1.0652066e+00  -3.6296755e-02   1.1428024e-02  -1.2419335e-02
  -1.6563450e-01   6.5806450e-01  -1.0242748e+00  -3.8060440e-02   1.2166840e-02  -1.2311913e-02
  -1.7270514e-01   6.6231148e-01  -1.1453783e+00  -3.8490954e-02   1.2141791e-02  -1.2864367e-02
  -1.5027865e-01   6.7404021e-01  -1.0774150e+00  -3.8255190e-02   1.2011379e-02  -1.2373974e-02
  -1.7602974e-01   6.6720217e-01  -1.2110993e+00  -3.8505173e-02   1.1621628e-02  -1.3687041e-02
  -1.7104793e-01   5.6680276e-01  -1.0329950e+00  -3.2512564e-02   1.2482658e-02  -1.3369130e-02
  -1.5910446e-01   6.5954399e-01  -1.0790504e+00  -3.1777683e-02   1.1966124e-02  -1.4767016e-02
  -1.8853144e-01   7.0884744e-01  -1.0847665e+00  -3.3302125e-02   1.1559499e-02  -1.5601708e-02
  -1.8826671e-01   6.9063337e-01  -1.1801369e+00  -3.4635517e-02   1.1353506e-02  -1.6370790e-02
  -1.8001353e-01   7.0770551e-01  -1.0108987e+00  -3.3808257e-02   1.1900727e-02  -1.5553089e-02
  -1.5794985e-01   6.4370079e-01  -1.1304514e+00  -3.5877617e-02   1.1623280e-02  -1.5956671e-02
  -1.3349309e-01   7.1963509e-01  -7.9702240e-01  -2.7451998e-02   1.0989111e-02  -1.5518002e-02
  -2.0384388e-01   5.3981351e-01  -4.5605559e-03   4.8270993e-05   1.3666377e-02  -1.5681799e-02
  -1.8021476e-01   5.4022996e-01   1.6117745e-02  -2.0769654e-03   1.4292557e-02  -1.6801037e-02
  -1.8959474e-01   4.4979080e-01  -4.4048397e-01  -6.7694652e-03   1.4086066e-02  -1.6561046e-02
  -1.5582310e-01   4.5114810e-01  -5.5069996e-01  -1.3124297e-02   1.3176875e-02  -1.5001578e-02
  -1.2211233e-01   5.9788993e-01  -3.2350766e-01  -1.4850707e-02   1.3019263e-02  -1.5261495e-02
  -7.9147982e-02   5.5637021e-01  -4.6734841e-01  -1.6969634e-02   1.2586710e-02  -1.5061774e-02
  -8.2730897e-02   5.9074870e-01  -5.3630508e-01  -1.9441760e-02   1.2299927e-02  -1.4321566e-02
  -8.2869604e-02   5.6144831e-01  -5.6704547e-01  -2.0426334e-02   1.2141903e-02  -1.4004930e-02
  -6.9928650e-02   5.3855638e-01  -6.0696202e-01  -2.1863052e-02   1.2048325e-02  -1.3768148e-02
  -9.6282777e-02   6.5168075e-01  -5.0703021e-01  -1.9111692e-02   1.1838658e-02  -1.4335412e-02
  -1.3523329e-01   6.3494488e-01  -8.6935189e-01  -2.5997183e-02   1.2147481e-02  -1.3860372e-02
  -9.0293197e-02   6.7212930e-01  -7.2033022e-01  -2.5392875e-02   1.2118106e-02  -1.2987087e-02
  -1.0088641e-01   5.8495521e-01  -1.0603392e-01  -5.8944012e-03   1.2792178e-02  -1.3809887e-02
  -8.3176909e-02   5.3990645e-01  -4.4186149e-01  -1.4556879e-02   1.3498207e-02  -1.2054295e-02
  -4.9484429e-02   6.2560629e-01  -4.2199665e-01  -1.5786184e-02   1.3235247e-02  -1.1582638e-02
  -5.7416065e-02   6.0093874e-01  -4.9757697e-01  -1.8809899e-02   1.4083109e-02  -1.1451338e-02
  -2.4680600e-02   6.3337976e-01  -4.8556027e-01  -1.7800807e-02   1.4193586e-02  -1.1110719e-02
  -3.6170608e-02   6.2416604e-01  -5.6083582e-01  -2.0240143e-02   1.3779934e-02  -1.1792331e-02
  -3.7412621e-02   6.3145507e-01  -5.3886542e-01  -1.9078696e-02   1.4263490e-02  -1.1631061e-02
  -5.2803529e-02   6.3910711e-01  -5.9126482e-01  -2.0818417e-02   1.4344420e-02  -1.1699084e-02
  -4.9045528e-02   6.5424560e-01  -5.7552239e-01  -2.0004331e-02   1.4510711e-02  -1.1868375e-02
  -5.2496812e-02   6.3766525e-01  -5.8700600e-01  -2.1070569e-02   1.4715035e-02  -1.1515410e-02
  -6.9412406e-02   6.1054234e-01  -6.1292734e-01  -2.0084486e-02   1.4651897e-02  -1.2087317e-02
  -5.3644798e-02   6.4356138e-01  -6.4251300e-01  -2.1026603e-02   1.4763892e-02  -1.1937986e-02
  -4.9147260e-02   6.4751931e-01  -6.8289371e-01  -2.0001207e-02   1.5066069e-02  -1.1615841e-02
  -5.5934813e-02   6.4464630e-01  -6.7761436e-01  -2.1574285e-02   1.5094153e-02  -1.1538237e-02
  -5.1548435e-02   6.5169331e-01  -7.0503759e-01  -2.0783392e-02   1.4897204e-02  -1.1488326e-02
  -5.4961808e-02   6.6843773e-01  -6.5059129e-01  -2.1735837e-02   1.4938988e-02  -1.1585890e-02
  -5.0056017e-02   6.1581911e-01  -7.6080906e-01  -2.0318678e-02   1.4989858e-02  -1.1774563e-02
  -2.1728135e-02   6.4132113e-01  -6.9916062e-01  -2.1444761e-02   1.4623081e-02  -1.1600487e-02
  -2.5229624e-02   6.7121755e-01  -6.3521632e-01  -2.1707351e-02   1.4748715e-02  -1.1663979e-02
  -7.1207228e-02   6.3356036e-01  -6.7459491e-01  -2.5492242e-02   1.4248318e-02  -1.0468341e-02
  -1.2375866e-01  -1.7193053e-02  -1.9914375e+00  -2.2137494e-02   1.4794339e-02  -9.2906843e-03
  -7.2214750e-02   2.9990915e-01  -1.4181377e+00  -1.9109692e-02   1.2541822e-02  -1.0298693e-02
   2.3538834e-02   7.5559527e-01  -3.4219776e-01  -2.3648940e-02   1.1891927e-02  -1.0617716e-02
