   0.0000000e+00   0.0000000e+00  -1.4210855e-14  -2.7755576e-17   0.0000000e+00   0.0000000e+00
  -1.5557732e-02   3.1762400e-02   1.0933168e-01  -3.1591339e-04  -4.7504821e-05   2.6033869e-04
   4.4647684e-03  -2.7912389e-02   7.2695055e-02  -2.4331019e-04   3.7352661e-05   1.0919155e-04
  -2.0051610e-02   2.9722949e-02   7.3052553e-02  -5.0923572e-04   6.8857868e-05   2.7509644e-04
  -1.6455072e-02  -1.6910038e-02   7.4856516e-02  -1.3771223e-04  -4.8378248e-06   3.6277258e-04
  -2.5359354e-02   1.9766175e-02   9.5666910e-02   1.0574989e-05   1.2326329e-04   5.0019735e-04
  -1.0589122e-02  -2.0966515e-02   1.2908537e-01   1.3617147e-03  -7.0803043e-04   4.2781362e-04
   1.9554637e-03   3.3346030e-02   9.6565071e-02   1.3972548e-03  -1.0078720e-03   5.0925801e-04
   2.6610633e-02   2.0140544e-02   1.0902338e-01   1.5550253e-03  -6.5341868e-04   4.3462640e-04
   3.6068198e-02   3.6193562e-02   1.1709429e-01   1.7189186e-03  -9.5962216e-04   8.3214025e-04
   4.2673511e-02   2.5857317e-02   1.3918114e-01   1.5212002e-03  -6.2339608e-04   1.8402288e-03
   6.1047225e-02  -1.7565902e-02   1.4134689e-01   2.1239730e-03  -5.6677177e-04   1.9079224e-03
   7.0122705e-02   1.1705908e-02   1.1635820e-01   1.9898331e-03  -6.2919019e-04   2.2638264e-03
   7.2207487e-02   2.1015325e-02   8.8515761e-02   2.1212687e-03  -6.5340193e-04   2.4062033e-03
   7.8230605e-02  -2.9941317e-03   1.2613546e-01   2.0120357e-03  -4.1714262e-04   2.4496477e-03
   8.2780654e-02   1.7225410e-02   1.3623643e-01   2.5652252e-03  -4.2638832e-04   2.4920158e-03
   9.4831032e-02   2.3235171e-02   1.1906280e-01   2.2062830e-03  -4.6799882e-05   2.5890678e-03
   9.2703657e-02   1.2051374e-02   1.3990782e-01   2.3464485e-03  -1.3027756e-04   2.6629574e-03
   8.9846549e-02   6.1582182e-02   1.2005580e-01   2.3375888e-03  -2.4657448e-04   2.5219152e-03
   9.4937434e-02   1.9336351e-02   1.1836140e-01   2.0258708e-03   2.2284764e-05   2.5114182e-03
   1.0841350e-01   4.3849175e-02   1.4005706e-01   2.2046545e-03  -1.3004109e-04   2.5627555e-03
   1.0668002e-01   6.0667299e-02   1.0578714e-01   2.1949267e-03  -4.3984165e-04   2.8094430e-03
   1.0915225e-01   3.7748699e-02   1.2266112e-01   2.2691599e-03  -4.0416653e-04   2.9908636e-03
   1.1312888e-01   3.8858128e-02   1.4361335e-01   2.1584971e-03  -3.5925915e-04   3.1318449e-03
   1.0853013e-01   6.2002336e-02   1.4237758e-01   2.7756785e-03  -3.1395253e-04   2.9642803e-03
   1.1883702e-01   4.3548439e-02   1.6233443e-01   2.7692666e-03   7.4427781e-05   2.9383167e-03
   1.1522085e-01   5.7924918e-02   1.9136262e-01   2.0708610e-03   3.4450596e-05   2.9262548e-03
   1.0638391e-01   6.7115340e-02   1.5282759e-01   2.4803894e-03   3.0984205e-04   3.1129969e-03
   9.5858477e-02   3.5576998e-02   1.6248160e-01   1.6056397e-03  -1.7778341e-05   3.1940173e-03
   1.0670546e-01   3.9828625e-02   1.6434045e-01   2.2131669e-03   8.5483621e-05   3.2662556e-03
   1.1175990e-01   5.5192476e-02   1.3803169e-01   2.3620145e-03   4.7475360e-05   3.1782914e-03
   1.1589840e-01   2.3416297e-02   1.6292092e-01   2.4175106e-03   2.1134148e-04   3.1373023e-03
   1.2861692e-01   4.8613666e-02   1.8926707e-01   2.7521301e-03   3.4355625e-05   3.1845700e-03
   1.4279798e-01   4.8119430e-02   1.7917910e-01   2.5677859e-03   1.9701835e-04   3.2281446e-03
   1.6482991e-01   2.3563295e-02   2.0819743e-01   2.4308382e-03   5.2641609e-04   3.3511317e-03
   1.6798256e-01   4.9865546e-02   2.2021522e-01   2.8383163e-03   5.0212998e-04   3.4434481e-03
   1.6026847e-01   4.9687045e-02   2.0461700e-01   2.7056042e-03   6.4231980e-04   3.5030052e-03
   1.5921774e-01   2.4883317e-02   2.5092296e-01   2.6222816e-03   7.5700677e-04   3.4237871e-03
   1.7852972e-01   4.6044906e-02   2.2946773e-01   2.7800106e-03   7.1347048e-04   3.4382556e-03
   1.7665940e-01   4.5163271e-02   2.3718134e-01   2.6742634e-03   9.5384584e-04   3.4992276e-03
   1.8540698e-01   5.0493065e-02   2.4754245e-01   2.7262591e-03   9.7809099e-04   3.8069458e-03
   1.8212497e-01   5.1222285e-02   1.8607870e-01   2.6830017e-03   1.2064205e-03   3.7860382e-03
   1.7973110e-01   3.1977701e-02   2.2778786e-01   2.6498170e-03   1.0269760e-03   3.9129302e-03
   1.9602358e-01   6.7251708e-02   1.8650491e-01   2.8653130e-03   1.3504047e-03   3.9756395e-03
   2.0500009e-01   2.5268644e-02   1.9385661e-01   2.3137845e-03   1.5222271e-03   4.1511284e-03
   2.1432659e-01   4.8656636e-02   2.0127934e-01   2.7294471e-03   1.6009175e-03   4.1878469e-03
   2.1539239e-01   5.0459620e-02   1.6968653e-01   2.6306909e-03   2.0084341e-03   4.0839401e-03
   2.0977956e-01   5.2250950e-02   2.2009550e-01   2.7738021e-03   1.5771299e-03   4.1240981e-03
   2.0935775e-01   7.6164909e-02   2.0855830e-01   3.1650780e-03   1.8678683e-03   4.0981267e-03
   2.1248339e-01   5.9629535e-02   2.0749772e-01   3.4245823e-03   1.7398799e-03   4.0046220e-03
   1.8895315e-01   1.1359018e-01   2.3004467e-01   2.7014753e-03   1.6067419e-03   4.3153832e-03
   1.8264784e-01   2.6307042e-02   2.2162678e-01   3.2384791e-03   1.7104264e-03   4.0486990e-03
   1.7042327e-01   8.8588652e-02   1.8583678e-01   2.8020451e-03   1.5125238e-03   4.0976941e-03
   1.6930324e-01   3.1736282e-02   1.8749352e-01   3.1368620e-03   1.7921115e-03   3.9899782e-03
   1.8543261e-01   5.7842571e-02   2.5361531e-01   3.1905115e-03   1.4967989e-03   4.3201986e-03
   1.9164504e-01   4.7020793e-02   1.7381429e-01   2.9987347e-03   1.9047633e-03   4.0815943e-03
   1.9088278e-01   2.0016204e-02   2.3515573e-01   3.1126116e-03   1.4941898e-03   4.2274032e-03
   1.9217500e-01   9.9070725e-02   2.0133049e-01   3.6616164e-03   1.5659199e-03   4.2909836e-03
   1.7673889e-01   4.8427448e-02   2.4120416e-01   3.2745004e-03   1.4223750e-03   4.1859272e-03
   1.6991332e-01   6.6490420e-02   2.4348219e-01   4.2382663e-03   1.2176833e-03   4.0502945e-03
   1.8301955e-01   4.7899539e-02   2.6668061e-01   3.4908817e-03   1.4835966e-03   3.9743307e-03
   1.8460477e-01   6.1665804e-02   2.6182164e-01   3.7915787e-03   1.2896743e-03   4.0396453e-03
   1.9168653e-01   5.0294146e-02   2.1248862e-01   3.3191113e-03   1.1814377e-03   3.9318980e-03
   1.8255486e-01   8.6713631e-02   2.2447850e-01   3.9770655e-03   8.9377140e-04   4.1308138e-03
   1.6907369e-01   1.0248751e-01   1.9497599e-01   3.3440888e-03   5.7859289e-04   4.2367105e-03
   1.7187062e-01   8.3008780e-02   2.1437398e-01   3.1003371e-03   8.1157771e-04   4.2826039e-03
   1.8058265e-01   1.1726043e-01   1.8432641e-01   2.8718116e-03   2.5035750e-04   4.6393983e-03
   1.7681712e-01   5.6411095e-02   1.4579698e-01   2.9864975e-03   4.6360800e-04   4.3485729e-03
   1.5161173e-01   1.1246711e-01   1.9033843e-01   3.6319801e-03  -6.4666243e-05   4.5118697e-03
   1.7128615e-01   6.8085457e-02   1.7945451e-01   2.7138004e-03   3.1207094e-04   4.4490840e-03
   1.9045511e-01   5.7094697e-02   2.5810731e-01   3.5540646e-03   1.4055921e-04   4.4945682e-03
   2.0352889e-01   6.4045427e-02   1.9488496e-01   3.5676221e-03   3.6062246e-04   4.4666644e-03
   1.9663010e-01   5.8168647e-02   2.7058923e-01   3.2208391e-03   2.8681660e-04   4.4801289e-03
   1.9329724e-01   7.4557236e-02   2.4324799e-01   4.6363627e-03   4.1651213e-04   4.4035262e-03
   1.7990717e-01   6.1059482e-02   2.5786437e-01   3.5421173e-03   1.4448663e-04   4.4558415e-03
   2.0175573e-01   7.7285468e-02   5.1233516e-02   2.6176236e-03   1.0127106e-03   4.7228472e-03
   1.8073272e-01   6.1240571e-02   9.0809825e-02   2.9363948e-03   1.0571574e-03   4.6100540e-03
   1.4715593e-01   8.8924974e-02   1.3077808e-01   2.5727838e-03   8.7714754e-05   4.4066816e-03
   1.5606557e-01   8.3864836e-02   1.3198133e-01   3.7044429e-03   3.3296640e-04   4.6955380e-03
   1.8176269e-01   4.4771866e-02   1.8921228e-01   3.4099661e-03   9.0429459e-06   5.0449772e-03
   1.7594278e-01   8.3469570e-02   1.3040841e-01   3.2128094e-03   4.1126059e-04   4.9858398e-03
   1.6946778e-01   4.7953031e-02   2.1597028e-01   4.0366741e-03   8.1141604e-05   4.7886645e-03
   1.8374753e-01   1.3204207e-01   1.8788136e-01   5.2361022e-03   1.7946077e-04   5.0366362e-03
   1.7617765e-01   8.8379586e-02   1.9959843e-01   4.0678713e-03   6.4513637e-06   5.1328202e-03
   1.9313834e-01   9.8259491e-02   1.9507964e-01   4.7617504e-03   2.6229026e-04   5.1426378e-03
   2.0037796e-01   5.7123989e-02   1.8990633e-01   4.4060024e-03   2.1244149e-04   5.0251151e-03
   2.0202387e-01   6.0569649e-02   1.8760506e-01   4.3797010e-03   1.3482105e-04   4.9891374e-03
   2.0610364e-01   6.7734383e-02   1.7197672e-01   4.2584412e-03   3.2893644e-04   5.0215710e-03
   2.1398377e-01   4.9612955e-02   2.3704602e-01   4.8173462e-03   3.5307491e-04   5.0447370e-03
   2.1935458e-01   1.0119360e-01   2.4014851e-01   5.5247285e-03   3.5127559e-04   5.0285417e-03
   2.2332507e-01   7.5130420e-02   2.3411712e-01   4.9889408e-03   5.3482412e-04   5.0613309e-03
   2.2235334e-01   9.7264632e-02   2.3871363e-01   5.2053735e-03   2.4701795e-04   5.2843624e-03
   2.1565249e-01   7.5011953e-02   2.1219293e-01   4.7374721e-03   2.4260916e-04   5.2966946e-03
   2.0123611e-01   8.2733628e-02   2.2659805e-01   4.2366277e-03  -1.0910528e-04   5.3146627e-03
   1.9642497e-01   1.1101755e-01   1.5228783e-01   4.5854638e-03   9.0904696e-05   5.0875603e-03
   1.7149124e-01   8.4819505e-02   2.0482098e-01   4.4218671e-03  -3.7304080e-04   5.2633659e-03
   1.6605590e-01   1.2515655e-01   1.6111748e-01   5.0865077e-03  -3.0237727e-04   5.2227646e-03
   1.5782045e-01   1.0315768e-01   1.9215185e-01   4.3369718e-03  -2.7289778e-04   5.0506450e-03
   1.7235075e-01   8.4725963e-02   1.9894885e-01   5.2644251e-03  -3.6049178e-04   5.0695968e-03
   9.7308196e-02   1.4004162e-01   4.5336109e-01   3.8177127e-03  -1.7021494e-03   6.2997467e-03
   1.3958970e-01   6.2122212e-02   2.9053533e-01   3.4996611e-03  -6.8528889e-04   6.0336700e-03
   2.2404552e-01   3.6566793e-02   1.3791886e-01   4.7169347e-03   8.3533686e-04   5.8961101e-03
   1.8884289e-01   1.3785405e-01   2.5810949e-01   3.9340510e-03   1.0592662e-04   6.1199546e-03
   2.1595518e-01   5.3875897e-02   2.7407005e-01   4.2353391e-03   1.4248936e-04   6.3072164e-03
   2.2323294e-01   9.5986641e-02   2.6412576e-01   4.2761687e-03   2.7785621e-04   6.3015109e-03
   2.3806192e-01   5.3723454e-02   2.7841899e-01   4.2272818e-03   7.5561349e-04   6.0910287e-03
   2.5337642e-01   6.6834889e-02   3.1874311e-01   4.6024881e-03   7.7868547e-04   6.3934328e-03
   2.6042967e-01   7.4857764e-02   2.5871256e-01   5.0324438e-03   9.4089748e-04   6.3633373e-03
   2.6923834e-01   4.1543761e-02   2.8011030e-01   4.6270487e-03   8.8526175e-04   6.4175503e-03
   2.8046865e-01   7.6682945e-02   2.8067475e-01   5.4305635e-03   1.1550513e-03   6.4780946e-03
   2.8231450e-01   6.7885846e-02   2.7571247e-01   4.8578190e-03   1.1850271e-03   6.5811582e-03
   2.8391803e-01   6.9762246e-02   2.9079822e-01   5.4407905e-03   8.2518747e-04   6.8084397e-03
   2.8831990e-01   7.7194950e-02   2.4926335e-01   5.3958798e-03   8.9492127e-04   6.7715603e-03
   2.8706129e-01   5.1997358e-02   2.5578633e-01   4.8867775e-03   9.0506612e-04   6.8526888e-03
   2.8364896e-01   9.3834747e-02   2.7091572e-01   5.4207407e-03   8.5516451e-04   7.0406351e-03
   2.8556197e-01   7.6018891e-02   2.4593323e-01   4.9572860e-03   1.0788655e-03   7.0207603e-03
   2.9934039e-01   7.6251243e-02   2.9083248e-01   5.7028758e-03   9.6568886e-04   7.1690379e-03
   2.9867586e-01   1.0122799e-01   2.6679397e-01   5.7071844e-03   9.9885846e-04   7.2118038e-03
   3.0918796e-01   7.1574146e-02   2.7670565e-01   5.4348035e-03   1.0618644e-03   7.2292499e-03
   3.1026838e-01   1.0601393e-01   2.5796974e-01   5.7810332e-03   6.2420642e-04   7.3395442e-03
   3.0870999e-01   7.2462665e-02   2.1327690e-01   5.3296162e-03   9.8027991e-04   7.1074879e-03
   2.8582567e-01   1.1570715e-01   2.8634758e-01   6.0866120e-03   4.2697376e-04   7.4983751e-03
   2.9297495e-01   1.0818178e-01   2.5880042e-01   6.1747311e-03   5.0824893e-04   7.2867032e-03
   2.9410875e-01   8.7144035e-02   2.5847528e-01   5.4094407e-03   4.3540439e-04   7.6571595e-03
   2.8197615e-01   1.2289710e-01   2.1120414e-01   5.8920742e-03   6.9771875e-04   7.3196858e-03
   2.4463988e-01   1.0015971e-01   2.0128345e-01   5.4441548e-03   2.7089279e-04   7.2866802e-03
   2.3346509e-01   7.8863694e-02   2.1998683e-01   6.4808860e-03  -1.1409634e-04   7.2593406e-03
   2.1821700e-01   1.4027540e-01   2.1009700e-01   6.1948157e-03  -1.6041027e-04   6.9715347e-03
   2.3437741e-01   6.8013558e-02   2.3172499e-01   6.1010714e-03  -1.9553999e-04   6.9814465e-03
