   0.0000000e+00   0.0000000e+00   0.0000000e+00   0.0000000e+00   0.0000000e+00   0.0000000e+00
   4.9703680e-03  -2.3160352e-03   9.0805461e-03   1.7540683e-03  -5.9166190e-04   1.7344225e-04
   7.8386905e-04  -5.2058525e-03   6.9887182e-02   1.4826228e-03  -3.4704722e-04   3.1999120e-04
   5.7628588e-03  -8.2841153e-03   5.1011420e-02   8.0492162e-04  -1.1005864e-04   6.0597575e-04
   6.8010155e-03   1.1046653e-02   3.5662393e-02   7.8963355e-04   9.9508120e-05   9.1943045e-04
   1.5699777e-02  -5.1556543e-03   3.8390933e-02   7.5314093e-04   6.0385911e-05   1.1147516e-03
   2.8015873e-02   3.8295492e-02   1.1962214e-02   1.6510050e-03   7.6429826e-06   1.3951742e-03
   4.2705525e-02   4.8846477e-03   4.4322276e-02   1.3214916e-03   2.7850256e-07   1.5227818e-03
   6.0493942e-02   5.6373633e-02   7.7100012e-03   2.0437263e-03  -1.3579898e-04   1.5997042e-03
   6.3682207e-02   2.1731356e-02  -2.8081272e-02   1.4421071e-03   1.3288709e-04   1.4734862e-03
   6.4200476e-02   3.2671935e-02   2.6344035e-02   2.1788295e-03   1.0280132e-04   1.7886381e-03
   6.2067869e-02   6.5848849e-02   1.1906883e-02   1.8528265e-03   4.6905175e-04   2.0965213e-03
   6.7937673e-02   2.6845576e-02   3.9690754e-02   2.1561036e-03   5.5126974e-04   2.0875406e-03
   6.7916583e-02   7.0081548e-02   3.2927423e-02   1.9124813e-03   7.0467035e-04   2.2896327e-03
   7.4319362e-02   5.8885121e-02   5.6712603e-02   2.3927744e-03   9.4103252e-04   2.3225205e-03
   7.5490796e-02   5.5216136e-02   9.9532560e-02   3.2458962e-03   9.9493216e-04   2.3007203e-03
   7.4147112e-02   6.4323314e-02  -1.4219754e-02   1.8816248e-03   8.0650514e-04   2.4322352e-03
   8.1099053e-02   4.0844322e-02   5.9904273e-02   2.4040604e-03   1.2329997e-03   2.4073172e-03
   7.8479746e-02   5.4126151e-02   7.2795839e-02   3.1758747e-03   8.7069578e-04   2.3655745e-03
   8.2149295e-02   7.3515140e-02   7.0277444e-02   2.4210097e-03   1.0234994e-03   2.5219877e-03
   9.9144885e-02   2.3706565e-02   6.2881288e-02   2.2558533e-03   1.2400800e-03   2.3744403e-03
   9.7748888e-02   8.6526370e-02   6.9832842e-02   2.3468361e-03   1.0616134e-03   2.6375048e-03
   9.6218507e-02   6.1930228e-02   5.3702211e-02   2.3007066e-03   1.1578215e-03   2.4001039e-03
   9.0075745e-02   7.7510085e-02   9.5383084e-02   2.4746167e-03   9.8897537e-04   2.7485270e-03
   1.0220759e-01   6.6894305e-02   5.0866106e-02   2.5451512e-03   1.1158152e-03   2.5682023e-03
   1.0409452e-01   4.9442547e-02   1.4220574e-01   3.3734687e-03   1.2209392e-03   2.8472710e-03
   8.8775459e-02   9.4092212e-02   9.9410865e-02   3.6174471e-03   1.1399938e-03   2.7606124e-03
   8.3934464e-02   5.0567199e-02   9.9544302e-02   3.2545162e-03   1.0999020e-03   2.8078708e-03
   8.6226355e-02   8.4691889e-02   8.3890862e-02   2.4309406e-03   1.3370408e-03   2.8100354e-03
   8.9643548e-02   3.3823199e-02   6.0947067e-02   1.5097153e-03   1.3510373e-03   3.0316419e-03
   1.0705311e-01   7.4032201e-02   3.6062898e-02   2.8318736e-03   1.5702295e-03   3.8630844e-03
   9.0209530e-02   9.7417099e-02   1.7354511e-02   2.9871941e-03   1.3553729e-03   3.4677313e-03
   9.3239759e-02   7.4157756e-02   1.0358369e-01   3.0118910e-03   1.3217667e-03   3.4318215e-03
   1.0405962e-01   8.6909883e-02   9.9084613e-02   3.6301900e-03   1.2568559e-03   3.4202412e-03
   1.0964713e-01   9.4657207e-02   1.5027386e-01   4.6782605e-03   1.6771726e-03   3.2616494e-03
   1.1620842e-01   6.0736296e-02   1.7273671e-01   4.3190602e-03   1.7491499e-03   3.3040209e-03
   1.0860825e-01   9.0456307e-02   1.3112551e-01   3.5593598e-03   1.6898873e-03   3.2322739e-03
   1.0643759e-01   8.0024780e-02   1.5548432e-01   3.7018723e-03   1.6475369e-03   3.2361065e-03
   1.0546936e-01   7.1263352e-02   1.8408991e-01   4.2297187e-03   1.5207947e-03   3.0451736e-03
   1.0598436e-01   1.0727219e-01   1.8635285e-01   4.8046869e-03   1.3962412e-03   3.1067199e-03
   1.0808872e-01   6.1580211e-02   1.6937093e-01   3.6398253e-03   1.6701057e-03   3.0483788e-03
   1.0641569e-01   9.4643861e-02   2.0081125e-01   4.6340784e-03   1.3615079e-03   3.0904701e-03
   1.1624749e-01   9.4555921e-02   2.0480299e-01   4.5551004e-03   1.7465597e-03   3.1455619e-03
   1.1057680e-01   9.5901100e-02   2.3101883e-01   4.9097999e-03   1.6131989e-03   3.2499770e-03
   1.0532476e-01   1.0852281e-01   1.8786386e-01   4.7646303e-03   1.7836868e-03   3.3342369e-03
   9.5998599e-02   9.5025373e-02   1.9026350e-01   4.5876986e-03   1.8898256e-03   3.3122309e-03
   7.5017880e-02   1.2954219e-01   7.6508233e-02   3.0405910e-03   1.8444006e-03   3.2045808e-03
   7.0560721e-02   1.0367392e-01   1.7539407e-01   4.0664769e-03   1.8483225e-03   3.2195872e-03
   5.4641601e-02   1.4500225e-01   1.2504259e-01   4.0606272e-03   1.7030815e-03   3.3964203e-03
   6.5456783e-02   1.2197273e-01   2.1361196e-01   4.8713226e-03   1.8699003e-03   3.4081973e-03
   6.8589519e-02   1.1807854e-01   4.5500674e-02   4.4104082e-03   1.7005329e-03   2.5927976e-03
   4.8490332e-02   1.3177720e-01   3.7268075e-04   2.7815088e-03   1.3518686e-03   2.6266598e-03
   5.5777302e-02   1.0868052e-01   1.0285020e-01   4.7400922e-03   1.1575812e-03   2.9504681e-03
   4.0173861e-02   1.4941862e-01   6.2561812e-02   4.0246271e-03   1.3652665e-03   2.7604654e-03
   5.8358961e-02   7.4895313e-02   1.2543230e-01   4.6502692e-03   1.2758662e-03   2.7821371e-03
   7.9330087e-02   1.0702055e-01   9.1459396e-02   5.0586137e-03   1.5102825e-03   2.9973025e-03
   8.8718885e-02   9.6388559e-02   1.0373399e-01   4.7779675e-03   1.7642053e-03   2.8717980e-03
   9.6226339e-02   1.0433712e-01   1.0240346e-01   4.9832770e-03   1.5312096e-03   2.9419325e-03
   9.0329919e-02   1.5357180e-01   6.4407653e-02   5.6783952e-03   1.2515204e-03   3.0456800e-03
   8.7139731e-02   1.0582698e-01   1.0923975e-01   4.9688729e-03   1.7653928e-03   3.1025531e-03
   8.1726894e-02   1.4169437e-01   1.3334554e-01   5.7484041e-03   1.6467722e-03   3.1830254e-03
   9.1090704e-02   1.0351517e-01   1.1084833e-01   5.5433438e-03   2.0701606e-03   3.0288263e-03
   9.5391317e-02   1.1588342e-01   1.6927007e-01   6.0293416e-03   2.0520589e-03   3.1405678e-03
   1.0622055e-01   1.5831219e-01   1.5321652e-01   6.3586097e-03   2.2404866e-03   3.2658883e-03
   1.0111857e-01   1.1533250e-01   1.4667124e-01   6.4877614e-03   2.1198290e-03   3.3632816e-03
   9.4166014e-02   1.6476311e-01   8.2516782e-02   5.3358402e-03   2.1621552e-03   3.2895383e-03
   8.2665759e-02   1.1174540e-01   1.2657178e-01   5.4716306e-03   2.2492606e-03   3.2847361e-03
   8.0443628e-02   1.5158580e-01   1.4110298e-01   6.0613791e-03   2.2163162e-03   3.3589199e-03
   8.7920220e-02   1.4481218e-01   1.4632182e-01   6.3724555e-03   2.3461392e-03   3.2189997e-03
   8.3834127e-02   1.2254917e-01   1.6415531e-01   6.1435787e-03   2.3739126e-03   3.4675350e-03
   9.6192432e-02   1.5305859e-01   1.2467108e-01   5.7833048e-03   2.5717612e-03   3.2829225e-03
   9.4687051e-02   1.3045132e-01   1.7430147e-01   6.5581453e-03   2.6088817e-03   3.4170933e-03
   9.3411351e-02   1.9391701e-01   1.6101424e-01   6.8741553e-03   2.5439533e-03   3.6338807e-03
   9.8549345e-02   1.3984318e-01   1.7926123e-01   6.1733088e-03   2.7747672e-03   3.5611436e-03
   1.0825451e-01   1.7911081e-01   1.8626198e-01   7.5037286e-03   2.6446500e-03   3.4166072e-03
   9.9326727e-02   1.8951580e-01   1.6841312e-01   5.9846941e-03   2.6304143e-03   3.5316363e-03
   1.5417694e-01   7.0108900e-02  -9.0014858e-02   4.6081037e-03   4.1744409e-03   3.9411778e-03
   1.3836592e-01   2.0385603e-01   1.0979098e-01   6.5836063e-03   4.3194404e-03   4.3375070e-03
   1.2239600e-01   1.5910598e-01   1.9259348e-01   7.8905626e-03   3.6664946e-03   4.5629584e-03
   1.5178862e-01   1.5667234e-01   1.4387551e-01   8.5092732e-03   4.5124343e-03   4.4553002e-03
   1.5971866e-01   1.3347727e-01   2.5805746e-01   8.5080167e-03   4.3540557e-03   4.5939180e-03
   1.8094501e-01   1.8356379e-01   2.3320752e-01   9.4952876e-03   4.7868673e-03   4.3807757e-03
   1.9472575e-01   1.4254297e-01   2.3112066e-01   8.8324517e-03   4.8917850e-03   4.3151134e-03
   1.8943205e-01   1.4990669e-01   2.6095928e-01   9.7408102e-03   5.0290696e-03   4.3100187e-03
   1.7419656e-01   1.8806816e-01   2.5576814e-01   9.8386967e-03   4.7692785e-03   4.3121260e-03
   1.7211481e-01   1.5980518e-01   3.2281165e-01   1.0329111e-02   5.0891528e-03   4.3984556e-03
   1.7869057e-01   1.6171573e-01   2.8272357e-01   1.0644172e-02   5.0808887e-03   4.3913187e-03
   1.8490554e-01   1.7756975e-01   3.1925532e-01   1.0705149e-02   5.0312745e-03   4.3941869e-03
   1.8056507e-01   1.8248821e-01   3.2349172e-01   1.1005804e-02   5.2247422e-03   4.7193235e-03
   9.9271193e-02   1.6288749e-01   2.4217432e-01   1.0319379e-02   3.5866375e-03   3.1227265e-03
   8.8880962e-02   1.9262749e-01   3.2629801e-01   1.0961100e-02   2.7768468e-03   2.8287022e-03
   1.2202755e-01   2.2683682e-01   3.0671809e-01   1.1621797e-02   3.5802910e-03   3.1910961e-03
   1.4226590e-01   1.7450928e-01   3.4672489e-01   1.1424893e-02   3.4528997e-03   3.2570857e-03
   1.6663216e-01   1.9901592e-01   3.2052385e-01   1.1702005e-02   4.2126929e-03   3.4306457e-03
   1.5904567e-01   1.9007681e-01   3.2434947e-01   1.1389194e-02   3.8892258e-03   3.7103503e-03
   1.5227624e-01   2.0270017e-01   2.9103470e-01   1.1312579e-02   4.2215551e-03   3.8681540e-03
   1.3812864e-01   2.1871130e-01   2.4483638e-01   1.0546538e-02   3.8595124e-03   3.6750737e-03
   1.4036384e-01   2.1216105e-01   3.1615588e-01   1.1496207e-02   4.2151156e-03   3.6302544e-03
   1.3566509e-01   2.3211880e-01   2.3158355e-01   1.0835497e-02   3.5342194e-03   3.5650935e-03
   1.4141768e-01   1.8243998e-01   2.8908447e-01   1.1065955e-02   4.1839481e-03   3.3479240e-03
   1.3398100e-01   2.1844727e-01   2.9927056e-01   1.1979687e-02   3.8149166e-03   3.3717063e-03
   1.2055413e-01   1.9443293e-01   2.5592347e-01   9.0588993e-03   3.9221214e-03   4.0002684e-03
   1.2814291e-01   1.4881919e-01   2.4077387e-01   9.6775042e-03   3.6362232e-03   3.3771431e-03
   1.4233941e-01   2.1418577e-01   2.5329395e-01   1.0283271e-02   4.1877817e-03   3.6615533e-03
   1.3934917e-01   1.5335483e-01   2.9122325e-01   1.0761248e-02   3.8145347e-03   3.5910238e-03
   1.5437570e-01   1.9282749e-01   2.9732247e-01   1.1270567e-02   4.2394572e-03   3.6379263e-03
   1.5522388e-01   1.9893251e-01   2.6058018e-01   1.1286205e-02   3.9438135e-03   3.5291584e-03
   1.6153048e-01   1.8085959e-01   3.3443125e-01   1.1132224e-02   4.2887446e-03   3.6874130e-03
   1.4108819e-01   2.1814163e-01   3.1897653e-01   1.1845438e-02   3.8934339e-03   3.6792039e-03
   1.5290529e-01   2.0364098e-01   3.4088587e-01   1.2064343e-02   4.4844614e-03   3.8004280e-03
   1.4939498e-01   2.0223122e-01   3.2115679e-01   1.1546382e-02   4.1079830e-03   3.8239283e-03
   1.5443319e-01   2.0788294e-01   2.7822998e-01   1.1677837e-02   4.7253130e-03   3.7487027e-03
   1.3494918e-01   1.9565996e-01   3.2026448e-01   1.1828367e-02   4.1276356e-03   3.7005991e-03
   1.2244989e-01   2.4868877e-01   3.2823427e-01   1.2758727e-02   4.4683040e-03   3.8319872e-03
   1.2047342e-01   2.1685819e-01   3.4056574e-01   1.2455819e-02   4.1233146e-03   3.6787293e-03
   1.5190706e-01   1.9788588e-01   3.5008219e-01   1.2107755e-02   4.7191418e-03   3.7220058e-03
   1.3227165e-01   2.3132485e-01   3.3522180e-01   1.2873347e-02   3.8130182e-03   3.7442453e-03
   1.3004627e-01   2.2980604e-01   3.4413458e-01   1.2810078e-02   4.5982431e-03   3.8450827e-03
   1.1710230e-01   2.5622058e-01   3.3694649e-01   1.3061280e-02   3.8396344e-03   3.7793572e-03
   1.3829405e-01   2.3604889e-01   3.0113993e-01   1.2555493e-02   4.6848306e-03   3.6593930e-03
   1.0587218e-01   2.3251597e-01   3.6558755e-01   1.2742340e-02   3.4381602e-03   3.6181566e-03
   1.1882634e-01   2.3829569e-01   3.3668137e-01   1.2597213e-02   4.5780777e-03   3.6070300e-03
   1.1184060e-01   2.3156288e-01   3.5916248e-01   1.3502412e-02   3.3679216e-03   3.1714443e-03
   1.2036320e-01   2.1657545e-01   3.8966125e-01   1.3469697e-02   4.4916624e-03   2.7404858e-03
   3.4834663e-02   2.3109515e-01   2.8339880e-01   1.2067742e-02   1.6574849e-03   1.7094074e-03
   1.6344013e-01   1.7480219e-01   3.2572261e-01   1.3092548e-02   6.4076218e-03   2.6872009e-03
  -2.9457181e-01   2.1276131e-01   2.3671076e-02   7.1325240e-03  -1.1317017e-02  -1.6143429e-03
  -6.3012493e-01   1.5862848e-01  -1.2413354e-01   5.6854778e-03  -2.3918589e-02  -7.9296577e-03
  -3.7740803e-01   2.1605695e-01   5.3505639e-02   9.2877978e-03  -1.3321363e-02  -5.3491365e-03
