   0.0000000e+00   0.0000000e+00   0.0000000e+00   0.0000000e+00   0.0000000e+00   0.0000000e+00
   2.0780859e-02   4.9229506e-02   3.9502826e-02  -1.0371982e-03  -6.2785299e-04   1.1980107e-05
   3.0422711e-02   8.2563222e-02   3.9926118e-02  -1.7865525e-03  -1.0609145e-03   6.8522008e-04
   4.7676062e-02   9.6281505e-02   1.7812732e-02  -2.2963967e-03  -1.4659202e-03   8.5296708e-04
   4.7940543e-02   2.5438323e-02   1.3685979e-02  -2.5835272e-03  -1.2952934e-03   1.1191883e-03
   4.5864902e-02   9.0195547e-02  -8.6186374e-03  -3.0911826e-03  -1.7824339e-03   1.2699535e-03
   3.9912327e-02   7.6595654e-03  -3.1160644e-02  -2.7691441e-03  -1.4852108e-03   1.5368052e-03
   4.1074108e-02   8.4866564e-02  -7.3961715e-02  -3.1017174e-03  -1.2859554e-03   1.6302716e-03
   4.2200756e-02   4.4825300e-02  -2.7926428e-02  -3.0113482e-03  -1.6193092e-03   1.7685654e-03
   4.1078705e-02   6.3020657e-02  -8.3104990e-02  -2.9249486e-03  -1.5406615e-03   1.6067254e-03
   3.9773075e-02   1.0981137e-01  -1.3161145e-01  -3.3745634e-03  -1.8574957e-03   1.8785525e-03
  -4.8144435e-03   1.8127242e-02  -1.2599711e-01  -2.3720183e-03  -8.8047237e-04   2.1008163e-03
   9.1402194e-04   1.0263192e-01  -1.4022134e-01  -2.2900020e-03  -6.8616809e-04   1.9291260e-03
   1.0540705e-02   5.3543851e-02  -1.6719376e-01  -3.0079739e-03  -8.8570905e-04   2.0851953e-03
   1.0012241e-02   6.5009523e-02  -1.8407857e-01  -2.2872819e-03  -7.3933863e-04   2.1065468e-03
   1.6186657e-02   1.0252390e-01  -2.6928178e-01  -3.1221513e-03  -9.7119712e-04   2.2746355e-03
   1.5897965e-02   6.8153925e-02  -2.2288966e-01  -3.1274936e-03  -9.5791789e-04   2.3632737e-03
   1.8594812e-02   1.2460588e-01  -2.4255295e-01  -3.2264366e-03  -1.1777436e-03   2.4177594e-03
   1.5884565e-02   5.8957221e-02  -2.2339620e-01  -3.6516658e-03  -1.2945319e-03   2.5846525e-03
   1.1106974e-02   1.1030975e-01  -2.6118111e-01  -3.1961284e-03  -1.3329880e-03   2.5484545e-03
   1.0222951e-02   7.7247055e-02  -2.4749445e-01  -3.7153749e-03  -1.4673601e-03   2.6729025e-03
   1.1435121e-02   8.9319021e-02  -2.1059174e-01  -3.6228959e-03  -1.2293393e-03   2.6489165e-03
   1.2094722e-02   1.1127233e-01  -2.2423351e-01  -3.8804406e-03  -1.2073827e-03   2.5283372e-03
   7.7520991e-03   5.2040199e-02  -2.1412262e-01  -3.7292793e-03  -1.0455113e-03   2.6975382e-03
   1.1462353e-02   9.3404322e-02  -2.1942878e-01  -3.6388742e-03  -1.1375319e-03   2.6748212e-03
   8.5304229e-04   9.9255509e-02  -2.5443168e-01  -3.6996301e-03  -9.8846641e-04   2.6344835e-03
  -1.0371216e-03   7.0824408e-02  -2.3278159e-01  -4.1302320e-03  -7.2648957e-04   2.4856824e-03
   9.9027815e-03   1.3167761e-01  -2.9252297e-01  -4.0648215e-03  -9.3920435e-04   2.5227215e-03
   2.0018231e-02   6.9171816e-02  -3.0616457e-01  -4.7806034e-03  -6.5408422e-04   2.3165712e-03
   3.4856473e-02   6.1769618e-02  -3.4159330e-01  -3.6388575e-03  -1.2695853e-03   2.3827562e-03
   8.9815769e-03   6.4002018e-04  -3.3382296e-01  -2.7093621e-03  -4.8179591e-04   2.3821207e-03
   9.5014585e-03   1.6811590e-01  -3.2976379e-01  -4.3211409e-03  -4.9742488e-04   2.3772758e-03
   5.3469293e-03   3.2911332e-02  -3.0118966e-01  -3.6912225e-03  -7.1489625e-04   2.7812982e-03
   1.2453873e-02   1.3413294e-01  -3.1364028e-01  -4.6833629e-03  -1.1803628e-03   2.7861687e-03
  -2.8024314e-03   1.0390068e-01  -3.0903548e-01  -4.8916234e-03  -1.2472391e-03   2.9411120e-03
  -4.7272137e-03   6.5268684e-02  -2.7083555e-01  -4.7237384e-03  -9.4892439e-04   2.8462920e-03
  -1.2674366e-02   1.3651253e-01  -3.2823382e-01  -4.9012103e-03  -9.8478480e-04   2.8631206e-03
  -1.7875223e-02   9.0798582e-02  -3.0562766e-01  -5.0332485e-03  -1.0703564e-03   3.0083307e-03
  -2.0522630e-03   1.0935226e-01  -3.1133758e-01  -4.6032003e-03  -1.2427743e-03   2.9485322e-03
   1.6400201e-02   1.3699616e-01  -3.2905019e-01  -5.1237027e-03  -1.6953565e-03   3.0075207e-03
   2.9293705e-02   9.3399789e-02  -2.7030954e-01  -5.6627795e-03  -1.9740206e-03   3.2329004e-03
   3.9774195e-02   1.4089766e-01  -3.3416341e-01  -5.8570599e-03  -2.5130447e-03   3.4517721e-03
   4.1488320e-02   6.9325154e-02  -3.1704320e-01  -6.2425169e-03  -2.8127294e-03   3.7359277e-03
   3.1498447e-02   8.5269592e-02  -3.3861431e-01  -5.8052995e-03  -2.5647461e-03   3.5979394e-03
   3.2036058e-02   1.2323969e-01  -3.5920052e-01  -6.3538348e-03  -2.5389104e-03   3.5852224e-03
   2.0018055e-02   7.1127233e-02  -3.2475069e-01  -5.7940944e-03  -2.4762383e-03   3.6531285e-03
  -6.4802751e-04   1.3361032e-01  -3.0279159e-01  -5.5898602e-03  -1.8679983e-03   3.4488111e-03
   4.6358038e-03   1.3544889e-01  -3.0870452e-01  -6.0175467e-03  -1.6870141e-03   3.4363401e-03
   1.0393807e-03   6.2452103e-02  -3.0690658e-01  -6.1910240e-03  -1.5102342e-03   3.4055035e-03
  -2.7041712e-03   1.5354032e-01  -3.2723835e-01  -5.6535880e-03  -1.3287228e-03   3.3463962e-03
  -1.9635714e-02  -2.3103542e-02  -3.3990006e-01  -4.5535879e-03  -8.8150074e-04   3.4864137e-03
   3.4894698e-03   1.4462601e-01  -3.2550837e-01  -5.7468082e-03  -6.6807729e-04   3.1971092e-03
  -2.8065360e-03   1.8215199e-01  -3.4971442e-01  -7.1501757e-03  -3.0068481e-04   2.9143725e-03
   1.0698345e-02   3.9480181e-02  -3.8897851e-01  -4.5675393e-03  -1.8251440e-03   3.6448059e-03
   3.2769321e-02   1.4883795e-01  -2.7480825e-01  -5.6003591e-03  -1.2887309e-03   2.7968865e-03
  -1.2500623e-02   1.8852316e-01  -2.8121476e-01  -7.3822520e-03   2.6243880e-04   2.3593859e-03
  -3.3540374e-03   9.0731172e-02  -3.5142232e-01  -6.3869718e-03  -4.7973181e-04   2.8807505e-03
  -8.3103519e-03   1.2892015e-01  -3.4002432e-01  -6.2689446e-03   2.6746474e-04   2.8280200e-03
   2.3172878e-03   1.6063549e-01  -3.9589428e-01  -6.2567090e-03  -6.8534962e-05   3.0250480e-03
  -1.1695650e-02   9.4547030e-02  -3.2421816e-01  -6.1276745e-03   2.8762702e-04   3.1629861e-03
  -1.0036066e-02   1.5928574e-01  -3.0747117e-01  -5.9965190e-03   1.9407955e-04   2.9222767e-03
  -1.7631109e-02   1.1475204e-01  -2.9224225e-01  -6.5629455e-03  -4.1194230e-05   3.2161152e-03
   2.3901714e-03   1.6080374e-01  -2.9361173e-01  -6.9063365e-03  -2.6154251e-04   3.0488657e-03
  -1.6765050e-03   1.8730152e-01  -3.4604221e-01  -8.0704758e-03  -3.2075308e-04   3.2406316e-03
  -3.5459264e-03   1.1546349e-01  -3.2127476e-01  -7.5359170e-03  -1.9665843e-04   3.0657511e-03
  -1.0600039e-02   1.8235115e-01  -3.5833693e-01  -7.5466102e-03  -1.2658625e-04   3.1044820e-03
  -1.8590123e-02   9.7383551e-02  -3.4045034e-01  -7.2445516e-03   1.9434505e-04   3.1652145e-03
  -1.3103904e-02   1.7440547e-01  -3.4291463e-01  -7.3904214e-03  -3.6046466e-04   3.2559769e-03
  -1.2104718e-02   1.4748626e-01  -3.3217344e-01  -7.6551482e-03  -5.7031952e-04   3.4029152e-03
  -2.2712111e-02   1.8959786e-01  -3.0085744e-01  -8.6102080e-03   2.5634528e-04   3.0881299e-03
  -1.3095623e-02   1.8698247e-01  -3.4860470e-01  -8.1393786e-03  -2.0757359e-04   3.2476182e-03
  -2.1159398e-02   1.5672462e-01  -3.2292224e-01  -8.5017836e-03   2.6550209e-04   3.2666692e-03
  -2.6375204e-03   1.5567752e-01  -3.3263023e-01  -7.8120688e-03  -5.1628311e-04   3.2090436e-03
  -3.7746132e-03   1.5422071e-01  -3.1382208e-01  -8.4454632e-03  -1.0880621e-03   3.4710421e-03
  -4.7189932e-03   1.6474192e-01  -3.0132682e-01  -8.0432970e-03  -7.2313564e-04   3.3295835e-03
  -1.9149230e-02   2.2167172e-01  -3.3358427e-01  -9.6402292e-03  -1.0812969e-04   3.1718622e-03
  -2.6831853e-02   1.1415400e-01  -3.7755082e-01  -8.5928559e-03   1.0092766e-04   3.3827587e-03
  -2.7897765e-02   1.4168591e-01  -3.7628585e-01  -8.6166776e-03   1.3965764e-03   3.2581591e-03
  -2.0823988e-02   2.4844180e-01  -3.6026945e-01  -9.3064449e-03   1.4948203e-03   2.9709650e-03
  -1.5296820e-02   1.3665532e-01  -3.3665569e-01  -9.5082403e-03   1.0828564e-03   3.2379939e-03
  -8.6059455e-03   1.9181097e-01  -3.7597362e-01  -9.2063990e-03   9.9184023e-04   3.1083299e-03
  -1.5847292e-02   1.4386989e-01  -3.5624003e-01  -9.4530589e-03   9.1938538e-04   3.2224562e-03
  -5.9737384e-03   1.5346469e-01  -3.7303801e-01  -8.8569554e-03   4.9580108e-04   3.0526148e-03
  -1.0456714e-02   1.7622330e-01  -4.1417221e-01  -8.7824972e-03   2.5565570e-04   3.2200040e-03
  -2.7157962e-03   1.4964269e-01  -3.5592469e-01  -8.6289036e-03   5.8010641e-04   2.9566932e-03
  -1.3330546e-02   1.9602506e-01  -4.0012685e-01  -8.6091053e-03   3.6207772e-04   2.9689080e-03
  -2.1998982e-02   1.3686433e-01  -3.9616707e-01  -9.2056820e-03   2.1112768e-04   3.0670492e-03
  -2.3262895e-02   1.5673331e-01  -3.9510926e-01  -8.3194659e-03   3.5275152e-04   3.1272149e-03
  -1.2469629e-02   1.9926295e-01  -4.0415117e-01  -9.1537149e-03   3.4343229e-04   3.1270421e-03
  -1.1147913e-02   1.5786028e-01  -4.0021094e-01  -8.8123618e-03  -1.7078798e-04   3.5397299e-03
  -7.6525202e-03   1.7701936e-01  -3.6226551e-01  -7.9743134e-03  -3.0077448e-04   3.4515695e-03
  -2.7304295e-03   1.2650520e-01  -3.4657889e-01  -8.9245407e-03   5.6641903e-04   3.0048080e-03
  -4.6431784e-03   1.4582005e-01  -3.6873528e-01  -8.4977503e-03  -1.1633729e-04   3.1006667e-03
  -1.7986094e-03   1.7905420e-01  -3.9387046e-01  -8.8398083e-03   3.2691001e-05   3.1332773e-03
   7.4474351e-03   1.7376644e-01  -3.6895247e-01  -9.0682431e-03  -6.1098641e-05   3.0698517e-03
   1.4784178e-02   1.9560547e-01  -4.0742108e-01  -8.7601294e-03  -3.1330799e-04   3.1694396e-03
   6.3183028e-03   1.5376989e-01  -4.0210462e-01  -9.0065804e-03  -4.3383132e-04   3.2786973e-03
   1.2257858e-02   1.7767413e-01  -4.1498182e-01  -8.3013897e-03  -5.4875277e-04   3.1626973e-03
   1.0022908e-02   1.8437280e-01  -4.6402145e-01  -9.1492032e-03  -2.7549006e-04   3.0092554e-03
   2.4449508e-02   1.2475248e-01  -3.9770233e-01  -7.6038534e-03  -7.5829686e-04   3.2491884e-03
   1.5657675e-02   1.0958190e-01  -4.5237031e-01  -6.8686352e-03  -1.1457854e-04   3.1971871e-03
   9.5787660e-03   2.5857483e-01  -4.7155917e-01  -8.8942999e-03   6.2744100e-04   2.7865891e-03
   1.8048148e-02   1.0964698e-01  -4.6887222e-01  -7.4300948e-03   3.1717283e-04   2.8913476e-03
   1.7343209e-02   2.1383114e-01  -4.4154057e-01  -8.4072472e-03   2.0188450e-04   2.8614156e-03
   7.7631460e-03   7.7014102e-02  -4.1781262e-01  -7.6314558e-03   2.2492236e-04   3.0808760e-03
   1.3568671e-02   2.0301000e-01  -4.2172120e-01  -8.8593699e-03  -1.6083667e-05   2.8952781e-03
   4.6809335e-03   1.3392785e-01  -4.1914724e-01  -8.7032385e-03  -6.0224592e-04   3.1727154e-03
   1.0686956e-02   2.0344184e-01  -3.6582791e-01  -9.3750712e-03  -7.7595520e-04   2.9275613e-03
  -6.7035246e-04   2.1617273e-01  -4.1845732e-01  -9.1424937e-03  -5.9152536e-04   2.8132765e-03
  -7.2957143e-03   1.6750908e-01  -3.5941193e-01  -9.2130866e-03  -2.2487388e-04   2.8503542e-03
  -6.0639534e-03   2.1258814e-01  -3.7428680e-01  -9.0508576e-03  -3.5382443e-04   3.0105636e-03
   7.6724463e-03   1.5501546e-01  -3.0803033e-01  -9.1666881e-03  -3.9908121e-04   3.2009420e-03
   7.1081534e-03   1.9423338e-01  -3.7133909e-01  -9.0734266e-03  -2.2093988e-04   3.0737595e-03
   2.0507099e-02   1.4719301e-01  -3.0621787e-01  -8.8671315e-03  -6.9718687e-04   3.3403775e-03
   5.2334515e-03   2.0783260e-01  -3.7044480e-01  -9.3335750e-03  -2.6640699e-04   2.9656883e-03
   8.5974239e-02   1.8610061e-01  -1.3616225e-01  -9.6453499e-03  -2.3825458e-03   5.1319518e-03
   1.3299215e-01   2.2417051e-01  -1.3518525e-01  -9.3238987e-03  -3.5448241e-03   5.9881153e-03
   1.8669967e-02   2.4699608e-01   1.0793197e-01  -9.9905963e-03  -9.2710896e-04   4.8552221e-03
   1.7698766e-02   2.9488194e-01   3.7930423e-01  -9.5418294e-03  -2.0445289e-04   4.2783192e-03
  -3.5405999e-03   2.6485944e-01   9.8822499e-02  -1.0770971e-02   7.1381501e-04   4.2442583e-03
   3.0396845e-03   2.0449948e-01   7.0965207e-02  -9.8210674e-03   1.6958968e-04   4.0992651e-03
  -6.6445137e-04   2.7939625e-01  -9.6921811e-02  -1.1402220e-02  -2.7669795e-04   3.8527566e-03
   9.2328242e-04   2.2318286e-01  -3.7575229e-02  -1.0776119e-02  -2.9749692e-04   4.0001330e-03
  -3.4514757e-03   2.6420734e-01  -1.5572592e-01  -1.0713786e-02  -1.3691846e-04   3.8654669e-03
  -2.3532868e-02   2.1235163e-01  -1.0301432e-01  -1.0605921e-02   2.4636013e-04   3.9560136e-03
  -1.1238337e-02   2.5438074e-01  -1.8321122e-01  -1.0527744e-02   4.1894672e-04   3.6686003e-03
  -1.9428227e-02   2.1552800e-01  -2.1213926e-01  -1.1499766e-02   4.1559771e-04   3.8386440e-03
  -5.8872204e-03   2.5013959e-01  -2.5610271e-01  -1.1517073e-02  -2.7745133e-04   3.5242612e-03
  -3.9618872e-03   1.9952917e-01  -2.3588257e-01  -1.1568052e-02  -2.1407570e-04   3.7051110e-03
