   0.0000000e+00   0.0000000e+00   3.5527137e-15   0.0000000e+00   0.0000000e+00   0.0000000e+00
  -3.7609525e-03  -1.7992082e-02  -4.3640231e-02  -8.0248555e-05   1.1059566e-04  -5.1866939e-04
  -2.0628320e-02  -4.4045232e-02  -8.6296942e-02  -2.1622259e-03   9.7628085e-04  -3.7633052e-04
  -1.0345326e-02   4.7531960e-02   7.5389335e-03  -2.0937063e-03   1.1496389e-03  -1.2334684e-03
  -7.4183067e-03   1.0937991e-02  -3.7003818e-02  -2.0699650e-03   1.2775850e-03  -8.4776326e-04
   5.8583189e-03   1.2766938e-02   1.5310055e-02  -2.1928515e-03   9.1879410e-04  -1.2350729e-03
   1.9308760e-02  -3.1244429e-02   4.9952966e-02  -2.3357513e-03   8.6565830e-04  -8.3247763e-04
   2.2880063e-02  -5.8772626e-03   4.0671882e-02  -2.5990402e-03   1.1316895e-03  -7.2430950e-04
   2.8896197e-02   3.0836432e-02  -1.5968914e-02  -2.6344031e-03   1.2796406e-03  -8.8156219e-04
   5.4461241e-02   2.4171995e-02   6.4882186e-02  -2.4407761e-03   1.6174546e-03  -4.7513168e-04
   3.8562615e-02  -2.0010365e-02   1.1224299e-01  -2.1221003e-03   2.4367220e-03   4.5944317e-04
   2.7456995e-02   5.6504181e-02   5.0477762e-02  -3.3624564e-03   2.6230526e-03   1.4396303e-04
   3.7566403e-02   2.8927753e-02  -4.4220069e-03  -3.3558852e-03   2.7684023e-03   5.7216881e-04
   5.0064457e-02   5.4379029e-02  -1.3141155e-02  -3.5272046e-03   3.0905229e-03   5.2940073e-04
   4.7080535e-02  -7.4440170e-03   6.6091163e-03  -3.1554755e-03   3.3334184e-03   7.1159453e-04
   5.8494362e-02   2.3903930e-02  -2.0018656e-03  -3.9531249e-03   3.1590511e-03   9.9697850e-04
   6.0929256e-02   2.9770161e-02  -1.4058495e-02  -3.5501513e-03   3.3840932e-03   1.0527507e-03
   6.5422899e-02   7.0464173e-02  -5.6865889e-02  -3.9493930e-03   3.6458557e-03   9.9410351e-04
   5.4112104e-02   1.1852534e-02  -1.7689175e-02  -3.9201026e-03   3.4796925e-03   1.1706622e-03
   6.6744644e-02  -2.5150494e-02  -3.6816048e-02  -2.6796592e-03   3.9164185e-03   1.4674904e-03
   6.0270822e-02  -1.3984770e-02  -7.6579560e-02  -3.2633049e-03   4.2950100e-03   1.5158408e-03
   7.4466067e-02   5.0621175e-02  -1.1440685e-01  -4.4064606e-03   4.5651863e-03   1.5027952e-03
   7.0181644e-02   1.2904196e-02  -3.9848213e-02  -3.3546654e-03   4.4666232e-03   1.6358213e-03
   8.7318557e-02   6.2670356e-02  -4.5666820e-02  -4.3446575e-03   4.5020611e-03   1.4129923e-03
   5.8746547e-02   2.8799306e-03  -5.1576123e-02  -3.1346232e-03   4.1438766e-03   1.6350036e-03
   6.2957721e-02   8.8798490e-02  -1.2915325e-01  -3.2717549e-03   3.9067838e-03   1.0561782e-03
  -1.0437375e-01  -8.5638878e-01   3.5734887e-01   1.7590150e-03   1.5217353e-03   4.2947728e-03
  -7.3552043e-02  -2.3050274e-01   1.5161455e-01   1.0440176e-03   1.2266774e-03   4.6244315e-03
   4.7474514e-02   4.4270749e-02  -1.4226059e-01  -3.5036516e-03   2.9153766e-03   2.2915248e-03
   1.8588546e-02   2.7461799e-02  -4.9669378e-03   6.3456659e-04   2.8772551e-03   2.1282646e-03
   6.0186886e-02   5.1825090e-02   6.4504005e-03   9.5768857e-05   3.0295287e-03   1.9149111e-03
   4.8593569e-02   1.6748149e-02   3.7480466e-02   2.1403808e-04   3.3788901e-03   2.3424290e-03
   6.7888681e-02   5.9130663e-02  -1.3537444e-02  -5.7426558e-06   3.4753775e-03   2.4303545e-03
   4.6271591e-02   5.3198917e-02  -3.9099163e-04  -2.5176417e-04   3.4822641e-03   2.4707842e-03
   6.6702892e-02   7.6116962e-02  -7.0660085e-02  -2.3779894e-03   3.9143019e-03   2.6381916e-03
   5.5265728e-02   7.9769937e-02  -2.5783725e-02  -2.7211531e-03   3.9532948e-03   3.1506736e-03
   6.0615268e-02   9.1429528e-02  -7.2121400e-02  -2.9033497e-03   4.0855942e-03   2.9520993e-03
   5.2540138e-02   9.5098294e-02  -6.7846464e-02  -2.5792015e-03   4.0741465e-03   2.9833632e-03
   5.4995801e-02   9.4834534e-02  -1.1239684e-01  -3.5923041e-03   4.1044131e-03   3.1140767e-03
   5.3733490e-02   8.6183775e-02  -9.2812369e-02  -3.2345803e-03   4.0811357e-03   3.2653117e-03
   7.0585804e-02   9.1419770e-02  -9.2822871e-02  -3.6237617e-03   4.2059062e-03   3.1601302e-03
   6.7680276e-02   8.0471896e-02  -3.3623111e-02  -3.1129327e-03   4.0431977e-03   3.2367511e-03
   8.1763133e-02   6.6662106e-02  -1.2969841e-02  -2.3349611e-03   4.0932361e-03   3.1971950e-03
   6.7161728e-02   8.1324783e-02  -6.4885437e-02  -3.1190463e-03   4.5334679e-03   3.5861958e-03
   8.0043253e-02   8.1403973e-02  -7.5576048e-02  -3.1200451e-03   4.9129722e-03   3.8575030e-03
   7.4769010e-02   7.4405100e-02  -4.0172412e-02  -2.5132904e-03   4.9637731e-03   3.8631028e-03
   7.4650124e-02   8.9323260e-02  -8.9190806e-02  -3.9918875e-03   4.9649046e-03   3.9746981e-03
   6.8817547e-02   1.0021125e-01  -9.7090667e-02  -3.8353026e-03   4.8970950e-03   3.9797932e-03
   6.7859042e-02   1.0014077e-01  -1.4296997e-01  -4.0608621e-03   4.9477360e-03   3.8617672e-03
   6.0331737e-02   1.1311327e-01  -4.6731657e-02  -2.7551232e-03   4.6616113e-03   3.6284884e-03
   5.7422902e-02   6.2126538e-02   7.1151266e-02  -3.5511433e-04   4.1307278e-03   3.1143616e-03
   6.0622476e-02   7.4139884e-02   2.0312808e-02  -3.6887932e-04   4.4199700e-03   2.6853649e-03
   6.0833312e-02   5.0293193e-02  -9.1606529e-02  -1.8744194e-03   5.1981526e-03   3.0600708e-03
   5.9665294e-02   8.9396583e-02  -8.7169250e-02  -3.4205667e-03   4.3444948e-03   3.8593889e-03
   6.6153460e-02   5.3894486e-02  -1.1455084e-01  -1.7506171e-03   4.1976118e-03   3.6372162e-03
   7.0641416e-02   1.4802239e-01   1.1542530e-02  -1.6519502e-03   4.5197022e-03   2.7450377e-03
   8.6324583e-02   8.1486808e-02   5.9590709e-02  -1.4042523e-03   5.1206090e-03   2.4506401e-03
   9.4026518e-02   1.7676662e-01  -1.4171279e-01  -6.1275542e-03   3.4199690e-03   2.6108441e-03
   1.0840557e-01   1.2056294e-01   6.4077193e-02  -7.8651097e-04   3.1148126e-03   2.6954465e-03
   8.4155284e-02   7.8637395e-02   7.6088036e-02  -4.7752990e-04   3.6555343e-03   2.6173410e-03
   9.6533726e-02   1.0240055e-01   5.3386655e-02  -1.5118228e-04   3.4445871e-03   2.5310089e-03
   9.1465985e-02   9.8765561e-02   8.2711276e-03  -3.4457032e-04   3.8551800e-03   2.7546841e-03
   1.0219412e-01   1.0295779e-01   4.6096324e-02   1.3566004e-04   3.8142201e-03   2.5449377e-03
   8.6446274e-02   1.0019369e-01   6.6762639e-02  -2.8345684e-04   4.0366127e-03   2.8637029e-03
   8.4463559e-02   7.2873691e-02   1.4313197e-02  -9.4050484e-04   3.9439252e-03   2.7686533e-03
   8.4242380e-02   9.0151931e-02   1.1227070e-02  -1.8129761e-03   4.1008176e-03   3.2683777e-03
   8.9840787e-02   1.2681614e-01  -5.3973578e-02  -1.2788336e-03   4.0825601e-03   2.9616523e-03
   7.5445728e-02   1.3717071e-01  -6.7380311e-02  -1.7558802e-03   4.2976010e-03   3.4630333e-03
   8.0808399e-02   1.3839157e-01  -6.7001136e-02  -9.8968677e-04   3.9437996e-03   2.9514988e-03
   8.2691788e-02   1.1805779e-01  -2.6536340e-02  -9.0779504e-04   4.4411932e-03   3.0663006e-03
   9.7765041e-02   1.3620213e-01  -2.0065360e-02  -3.6528506e-04   4.2830974e-03   2.7462952e-03
   8.6893561e-02   1.4626696e-01  -2.7075909e-03  -1.2099193e-04   4.6215216e-03   3.0165461e-03
   7.9735746e-02   1.1475324e-01  -4.4516120e-02  -7.1695347e-04   4.3304660e-03   2.7571846e-03
   7.8770498e-02   1.2542046e-01   1.3094429e-03  -6.3371304e-04   4.6409355e-03   2.9181586e-03
   6.2781729e-02   1.2506822e-01  -2.3038614e-02  -9.2399073e-04   4.1012875e-03   2.5160267e-03
   5.7768016e-02   9.8923915e-02   4.6434151e-02  -1.1049154e-04   2.5632931e-03   1.4164880e-03
   7.2341631e-02   8.4612811e-02  -7.1959061e-02  -8.0679803e-04   2.8096174e-03   1.4755217e-03
   8.5639182e-02   1.1790423e-01  -7.8979118e-04  -6.9579444e-04   3.3474084e-03   2.2602743e-03
   8.8755406e-02   6.9993362e-02  -1.3243033e-01  -2.3205493e-03   3.0698264e-03   2.3274576e-03
   1.2918085e-01   1.4095348e-02  -1.3006107e-01   7.1422434e-04   1.3362126e-03   1.7254607e-03
   9.9862757e-02   1.9517170e-01   1.6238591e-01  -2.9618594e-04   2.3125479e-03   1.4855940e-03
   1.2373056e-01   2.1392897e-01   2.0075057e-01  -1.2620363e-03   2.6347586e-03   1.9684099e-03
   1.3980252e-01   1.7704364e-01   2.3508971e-01   6.8134933e-04   3.1303789e-03   2.8492824e-03
   1.0971134e-01   1.4273202e-01   2.4892520e-01  -5.2463784e-05   3.6801174e-03   2.8369488e-03
   1.4932809e-01   1.9275229e-01   3.1325675e-01   7.0797934e-04   3.9271873e-03   2.1078821e-03
   1.1011316e-01   2.0201938e-01   2.7123270e-01  -2.3692300e-04   3.7347868e-03   3.8693814e-03
   1.4731637e-01   1.8528640e-01   2.1040799e-01   3.8357383e-05   3.6811268e-03   2.1877323e-03
   1.0852519e-01   1.9533457e-01   2.7470938e-01  -2.8439495e-04   4.6422755e-03   3.0917582e-03
   1.5550748e-01   1.8217559e-01   2.7699901e-01  -2.1957831e-04   2.7347501e-03   1.9644810e-03
   1.6874144e-01   2.3004080e-01   3.2509175e-01   4.8500258e-04   5.3130612e-04  -3.0972723e-04
   1.2343563e-01   2.1483733e-01   1.7174212e-01  -2.3028779e-04   2.9970788e-03   1.6256895e-03
   1.3644040e-01   2.5725289e-01   3.6857955e-01   1.4837827e-04   1.8559215e-03   1.2922949e-03
   1.1084459e-01   4.4008640e-02  -1.7962022e-01   1.2593247e-03   3.2414785e-03   1.0607383e-03
   1.0954735e-01  -7.2594685e-02  -3.9490270e-01   3.5571244e-03   2.8542772e-03   1.3154982e-03
   1.2155900e-01   2.8849736e-01   4.1865643e-01  -6.7018400e-05   2.4026943e-03   7.2379061e-04
   1.2473749e-01   2.3703968e-01   4.2251670e-01  -1.7156246e-04   2.1388120e-03   7.7749610e-04
   1.6285473e-01   2.9893297e-01   5.3097043e-01  -6.5858469e-04   2.9794681e-03   1.0939204e-03
   1.3310764e-01   1.8636033e-01   3.9396234e-01   1.2764779e-03   2.8970928e-03   1.6731437e-03
   1.3429874e-01   2.3486179e-01   2.9127128e-01  -6.9534575e-04   4.0007513e-03   2.7190390e-03
   1.4141086e-01   2.3365351e-01   3.8618906e-01  -1.7481733e-03   4.5396935e-03   2.2427613e-03
   4.6098458e-02   1.8828189e-01   1.3139876e-01  -1.4875833e-03   5.8343661e-03   3.4535042e-03
   8.0308461e-02   2.5566742e-01   1.0800620e-02  -2.9798697e-03   6.4811338e-03   3.7213855e-03
   1.0497836e-01   2.0716222e-01   7.1036488e-02  -2.5417939e-03   6.0815740e-03   3.8105915e-03
   1.2672244e-01   3.1313764e-01   2.4619260e-01  -2.9828762e-03   5.3362380e-03   3.3531588e-03
   1.8754832e-01   1.3572670e-01   2.9986106e-01  -5.0600083e-03   4.2821298e-03   5.2347869e-03
   1.8872046e-01   2.1716094e-01   1.9305656e-01  -7.0057748e-03   3.2018106e-03   5.0487770e-03
   1.8557415e-01   3.6238216e-01   3.4488393e-01  -5.4026045e-03   4.2177677e-03   3.5111655e-03
   1.4884210e-01   3.3525140e-01   3.6089958e-01  -3.2363488e-03   3.1497018e-03   4.2286613e-03
   1.7696212e-01   3.4262808e-01   4.1220320e-01  -1.9920750e-03   3.8115948e-03   2.7065640e-03
   1.2823888e-01   3.1316580e-01   3.5209298e-01  -3.4228816e-03   3.8229305e-03   4.6580543e-03
   2.4758211e-01   3.4884184e-01   4.6396457e-01  -1.6307228e-03   4.3699817e-03   6.4008101e-04
   4.2956459e-01   3.9923955e-01   5.0764460e-01  -7.6054735e-05   2.4965291e-03  -1.7089929e-02
   1.2258246e-01   3.5688055e-01   3.5126531e-01  -2.6356862e-03   2.4343027e-03  -3.5104927e-03
   2.0691322e-01   3.8642774e-01   3.6605140e-01  -3.2380995e-03   2.5095320e-03  -5.4682998e-03
   1.8873054e-01   3.5036041e-01   3.5463295e-01  -4.0639394e-03   3.6321845e-03  -2.7674609e-03
   2.4296768e-01   3.5785549e-01   4.9001680e-01  -3.5962981e-03   4.4313351e-03  -7.4003683e-04
   2.0572122e-01   3.7312787e-01   5.2869309e-01  -2.9558649e-03   4.3388124e-03   1.0855274e-04
   2.4678378e-01   3.8676837e-01   4.7793639e-01  -3.6095438e-03   4.3419216e-03  -2.6287658e-05
   2.1181746e-01   3.8213492e-01   4.6107123e-01  -3.4593376e-03   4.7626321e-03   1.5635490e-04
   2.3130231e-01   3.8173661e-01   4.7690084e-01  -3.6229706e-03   4.5739421e-03   3.1327043e-04
   1.9871139e-01   3.3077485e-01   4.6429596e-01  -2.7071963e-03   4.6772106e-03   8.7371867e-04
   2.4358231e-01   3.9683724e-01   4.1557272e-01  -3.6387879e-03   4.7231851e-03   4.1540169e-04
   1.9478032e-01   3.6369726e-01   3.3017015e-01  -2.7547762e-03   5.3074408e-03   6.2280033e-04
   4.0961673e-01   4.6297308e-01   6.1311278e-01  -4.4975923e-03   3.7217788e-03   1.9065825e-03
   3.2032910e-01   3.1916937e-01   8.6254330e-01  -2.9971338e-03   2.5238184e-03   3.3319375e-03
   1.6942767e-01   1.8066535e-01   5.3961277e-01  -1.7456714e-03   4.0662511e-03   1.2516639e-03
   1.9793492e-01   2.8843249e-01   5.7365990e-01  -2.8466186e-03   4.5195122e-03   1.8539194e-03
   2.2209110e-01   3.1196713e-01   4.5155984e-01  -2.1082634e-03   5.1030394e-03   2.3718564e-03
   2.2379585e-01   3.9064082e-01   6.1073148e-01  -1.5179377e-03   4.0741640e-03   1.6940031e-03
