   0.0000000e+00   0.0000000e+00   8.8817842e-16   0.0000000e+00   0.0000000e+00   0.0000000e+00
   6.9298152e-03   2.2634594e-02   3.4211455e-02   1.4618109e-04  -4.7516600e-05  -2.0087242e-05
   1.3096840e-02   5.6314462e-02   2.6267042e-02  -9.9762833e-05  -2.6290654e-04  -1.2943711e-04
  -6.4370219e-03   3.3030413e-02   6.5050461e-03  -4.8792597e-04  -6.7508105e-05  -3.9541974e-05
  -6.8544378e-03   2.1308537e-02   4.8170682e-02  -3.3333785e-04  -2.4518732e-04  -5.6575485e-06
  -1.3731919e-02   2.8728021e-02   5.3594358e-02  -3.8535828e-04  -1.8599583e-04   1.6435423e-05
  -1.5522846e-02   2.8790017e-02   9.5789555e-02  -3.0398460e-04  -2.6046937e-04   5.5190004e-05
  -2.5772484e-02   2.4067228e-02   8.9247506e-02  -2.6207417e-04  -8.4098682e-05   2.0010096e-04
  -2.7673201e-02   4.8664528e-02   9.1197141e-02  -5.0462055e-04  -3.8059407e-05   1.2291845e-04
  -6.5206652e-03   7.4251240e-02   5.5766367e-02  -6.8508172e-04  -3.3659721e-04  -4.9460860e-05
  -1.9007669e-02   4.6493054e-02   7.7773156e-02  -8.0818971e-04  -1.4216918e-04   1.3081377e-04
  -2.0726734e-02  -3.3906364e-02   1.9843941e-02   7.6729628e-04  -2.1840866e-05   1.7942474e-04
  -1.7760061e-02   8.5135030e-02  -5.6350790e-02  -1.5133778e-03  -2.1424524e-05   1.5934671e-04
  -1.1431786e-02   5.6453256e-02   5.1245952e-02  -1.0690399e-03   1.4410044e-05   1.2682408e-04
  -1.2776469e-02   1.0990506e-01   8.1193393e-03  -1.4710140e-03  -6.2393773e-05   2.1638458e-04
  -1.8497125e-02   8.8674263e-02   2.1863047e-02  -2.0608952e-03  -2.4780521e-04   3.5741680e-04
  -1.7473153e-02   6.9505112e-02  -2.2381823e-03  -1.7415747e-03   2.1824500e-05   2.1078942e-04
  -2.5831220e-02   9.9141867e-02  -2.4212957e-02  -2.4518029e-03  -1.4297412e-04   3.4880759e-04
  -1.4265706e-02   1.1369083e-01  -2.8874341e-02  -2.3766551e-03  -2.1849634e-04   3.3967575e-04
  -2.0028174e-02   1.0662100e-01  -1.3091836e-02  -2.5981702e-03  -3.4670442e-04   5.0938036e-04
  -2.8309562e-02   8.7840883e-02  -8.5879283e-03  -2.7537630e-03  -1.5626920e-04   6.5560251e-04
  -2.4082303e-02   1.3087207e-01  -1.9202579e-02  -3.0843921e-03  -3.0390943e-04   5.5953350e-04
  -5.1403654e-03   1.3233719e-01  -6.1116981e-02  -3.7070683e-03  -7.4210667e-04   5.4981412e-04
  -1.7271083e-02   1.1039324e-01  -5.5066174e-02  -4.3431952e-03  -6.5027562e-04   6.2350578e-04
  -1.2209998e-02   1.3534438e-01  -5.2598690e-02  -4.2400128e-03  -7.1375919e-04   5.7562793e-04
   5.0179359e-03   1.3249727e-01  -3.5711469e-02  -4.1382571e-03  -9.0038418e-04   4.1667924e-04
  -2.1737221e-02   1.1753893e-01  -7.0709369e-02  -4.8022402e-03  -1.0080524e-03   1.0429293e-03
  -1.8537283e-02   1.4432792e-01  -5.9236732e-02  -4.9503976e-03  -9.5646469e-04   8.4958205e-04
  -2.1770524e-02   1.2429766e-01  -4.5830129e-02  -4.8206398e-03  -1.1141988e-03   8.7673020e-04
  -1.9769026e-02   1.7485884e-01  -6.4649058e-02  -5.2626065e-03  -1.1130016e-03   8.4856954e-04
  -1.7693683e-02   1.2745033e-01  -1.2078591e-02  -4.5990376e-03  -9.8135792e-04   8.7166796e-04
  -1.9118122e-02   1.8976227e-01  -3.4704416e-02  -4.8267713e-03  -9.7171953e-04   8.5460651e-04
  -1.7016170e-02   1.4336825e-01  -3.3379433e-02  -4.1816118e-03  -1.1107336e-03   9.7396353e-04
  -2.0583213e-02   1.3498776e-01  -2.3026858e-02  -4.2112815e-03  -8.3086669e-04   6.1339463e-04
  -1.9619479e-02   1.3496359e-01  -2.5338001e-03  -3.9901445e-03  -8.2150499e-04   7.0439970e-04
  -2.8879217e-02   1.4590324e-01  -3.0433328e-02  -4.4347805e-03  -8.7925854e-04   8.9925080e-04
  -2.6348418e-02   1.4220645e-01  -2.8646047e-02  -4.2516440e-03  -8.8392018e-04   9.8008719e-04
  -2.5139122e-02   1.1796397e-01   6.9329367e-04  -3.7743619e-03  -6.6504852e-04   7.5741738e-04
  -1.3266502e-02   1.2815424e-01  -5.4714789e-02  -4.4437516e-03  -8.5461621e-04   6.6746721e-04
  -2.6715342e-02   1.3542304e-01  -1.6045503e-02  -4.0310500e-03  -7.3121986e-04   8.8131774e-04
  -1.4530083e-02   9.8735123e-02  -1.4205899e-02  -3.7781447e-03  -6.3850717e-04   6.4737664e-04
  -2.0404399e-02   1.1108611e-01  -1.8650534e-03  -3.9650415e-03  -1.0034338e-03   8.1418514e-04
  -2.4945192e-02   1.1535444e-01  -1.4220691e-02  -4.0196950e-03  -9.2249621e-04   6.3599510e-04
  -3.2260901e-02   1.1444907e-01   3.3087079e-03  -3.7623931e-03  -1.1973805e-03   8.8212357e-04
  -3.4779570e-02   1.2448671e-01  -2.3758335e-02  -3.7551712e-03  -1.3283429e-03   7.8269201e-04
  -2.2638595e-02   1.6185943e-01  -3.2314958e-02  -4.1656627e-03  -1.5950652e-03   5.4696181e-04
  -2.3795860e-02   1.3201687e-01  -3.5632282e-02  -3.5914435e-03  -1.4825450e-03   4.9872031e-04
  -3.0634845e-02   1.3788121e-01  -2.1770214e-02  -4.1572419e-03  -1.5512715e-03   5.2699704e-04
  -3.7667298e-02   1.0693760e-01  -1.9308773e-02  -3.6150328e-03  -1.5464976e-03   3.6623742e-04
  -3.6889328e-02   1.1813193e-01   2.2519509e-02  -3.8347954e-03  -1.7658004e-03   4.1068056e-04
  -1.6891667e-03  -5.1478087e-02  -1.3580537e-01  -1.0605074e-03  -1.7795373e-03   1.0436831e-04
   7.0782467e-03   3.0015421e-02  -1.0924693e-01   3.7063789e-04  -1.2077293e-03  -5.3588194e-04
  -2.7063573e-02   6.5780744e-02   3.2606550e-02  -4.3807117e-04  -7.4809322e-04  -4.6816975e-05
   1.4668786e-02   8.5422246e-02   3.9099290e-02  -6.9417499e-04  -1.1995732e-03  -2.5819288e-04
   1.6858468e-02   1.1294966e-01   2.6002152e-02  -1.6982757e-03  -1.1601134e-03  -1.3493636e-04
   1.9843478e-02   1.0470915e-01  -2.6629299e-03  -1.4518654e-03  -7.8610938e-04  -4.4965936e-04
   8.4829181e-03   8.0504530e-02   5.7208762e-02  -6.3191713e-04  -9.9506557e-04  -2.8254845e-04
   6.2586808e-04   7.0097783e-02  -9.8976903e-03  -1.6427900e-03  -9.3188462e-04  -8.0985436e-05
  -4.9090213e-03   8.2424998e-02  -3.4358831e-03  -1.8008874e-03  -1.0536621e-03  -1.0419549e-04
  -1.9363096e-03   8.5841028e-02  -1.3586633e-02  -1.9897848e-03  -1.0165349e-03  -1.5069802e-04
  -1.0742729e-02   1.1330247e-01  -1.6738685e-02  -2.0776376e-03  -9.2763818e-04  -1.9374994e-04
  -2.9136171e-03   8.7580730e-02  -1.0418635e-02  -1.9638513e-03  -9.4439074e-04  -1.8047160e-04
   5.7716533e-03   9.8386901e-02  -1.0839976e-02  -2.1767659e-03  -9.7198188e-04  -1.9491228e-04
   7.4737484e-03   8.9492622e-02  -3.8555761e-03  -2.1697330e-03  -9.5601401e-04  -2.9231708e-04
  -9.1707024e-04   1.2615034e-01  -2.0577252e-02  -2.5878825e-03  -8.8434686e-04  -1.8984921e-04
  -6.2869708e-03   1.1925838e-01  -2.4455514e-02  -2.2415670e-03  -1.1009907e-03  -2.0728687e-04
  -5.2232394e-04   8.2570008e-02  -1.8126764e-02  -2.0659937e-03  -1.1647521e-03  -2.8242168e-04
  -4.0172373e-03   9.6346138e-02  -3.4009263e-02  -2.2232761e-03  -1.1918389e-03  -1.1436963e-04
  -1.1302813e-02   9.9294311e-02  -1.3013601e-02  -2.1435791e-03  -1.2320849e-03  -1.3161753e-04
  -1.6855363e-02   9.5140080e-02   1.4131121e-02  -1.8400679e-03  -1.1574595e-03  -8.9093001e-05
  -1.9154137e-02   8.1957096e-02   1.4095471e-02  -1.5677804e-03  -1.1221589e-03  -5.2972780e-05
  -1.9576014e-02   7.3691028e-02  -7.3763381e-04  -1.2058130e-03  -8.8776259e-04  -2.1583095e-04
  -3.4638671e-02   7.6661883e-02  -3.4168959e-02  -2.4339603e-03  -1.0161451e-03   9.6599218e-06
  -2.9849902e-02   8.5232261e-02   8.4564481e-03  -1.1169911e-03  -1.0129979e-03  -5.0487009e-06
  -1.3295206e-02   8.2793768e-02   2.5089215e-02  -6.1054057e-04  -1.2048454e-03   1.9806231e-04
  -1.4342115e-03   8.4835814e-02  -2.1689704e-02  -2.1711262e-03  -1.2500325e-03  -8.2217061e-05
   1.3631153e-03   9.9777644e-02  -3.0032850e-03  -1.8637792e-03  -1.3341181e-03   2.1508047e-05
   2.6903257e-03   8.5954342e-02  -1.1131577e-02  -2.2676320e-03  -1.4180557e-03   1.0686877e-05
   1.2528415e-02   1.0928923e-01  -2.2550681e-03  -1.9282916e-03  -1.5521976e-03  -1.0812104e-04
  -1.4748209e-02   1.1503068e-01  -3.3058453e-02  -2.4972240e-03  -1.3241984e-03   2.2698559e-04
  -1.6191757e-02   8.9206989e-02   4.1438669e-03  -1.8637446e-03  -1.3586010e-03   1.4181627e-04
  -2.1924406e-02   1.0638780e-01  -7.6741078e-03  -2.1281956e-03  -1.0571347e-03   3.4381547e-05
  -1.3884387e-02   7.1232260e-02   2.6699600e-02  -1.4633499e-03  -1.1496294e-03   9.9402236e-06
  -9.6597233e-03   9.7089166e-02   8.2349922e-03  -1.4776623e-03  -9.4658581e-04  -3.0433577e-04
  -2.8162132e-02   9.4413118e-02   3.4182319e-03  -1.7482424e-03  -1.0785301e-03  -6.5139622e-05
  -2.8274673e-02   8.1785242e-02   2.0275112e-02  -1.3460124e-03  -9.3390771e-04  -1.7420704e-05
  -2.0555257e-02   9.9012673e-02   3.1697363e-02  -1.3154572e-03  -8.4560685e-04  -7.4842486e-05
  -1.7558318e-02   1.1339670e-01   2.9102734e-02  -1.6268317e-03  -7.5104531e-04  -8.0810914e-05
  -2.5672789e-02   7.8925130e-02   5.3061212e-02  -1.1824314e-03  -6.5638958e-04   4.0243549e-05
  -2.3524806e-02   9.9645142e-02   3.6185494e-02  -1.2260213e-03  -8.3551107e-04   1.8924476e-04
  -1.9692918e-02   1.0253773e-01   3.8191834e-02  -1.4542326e-03  -9.5034635e-04   1.9561531e-06
  -2.4723053e-02   7.8594782e-02   6.1291404e-02  -9.0368101e-04  -8.1485900e-04  -1.5804593e-04
  -2.8375786e-02   1.3352742e-01   4.0598521e-02  -1.2289036e-03  -6.7285462e-04  -1.9399780e-04
  -2.6960512e-02   1.2124566e-01   3.3004117e-02  -1.3982923e-03  -7.2230551e-04  -9.1670724e-05
  -3.6235200e-02   8.9387680e-02   7.2624560e-02  -7.0600667e-04  -7.3150630e-04  -1.3740845e-04
  -4.8807351e-02   9.3699570e-02   5.9923273e-02  -1.0479043e-03  -6.6839436e-04   4.4866047e-05
  -5.4202388e-02   9.6305318e-02   6.2807481e-02  -1.0486414e-03  -5.8081710e-04  -2.6945120e-04
  -5.5045081e-02   1.0421378e-01   5.8331217e-02  -1.2243344e-03  -5.7968574e-04  -3.6550022e-05
  -4.1214383e-02   5.7827448e-02   8.7309904e-02  -7.6388572e-04  -8.0078510e-04  -2.6848124e-04
  -2.8448965e-02   9.5217552e-02   6.3828174e-02  -7.7573243e-04  -5.7914782e-04  -5.1431060e-04
  -2.3541783e-02   9.8087040e-02   7.1810042e-02  -9.2269313e-04  -5.3370883e-04  -4.8878186e-04
  -2.9991411e-02   7.2691576e-02   5.7790430e-02  -1.5830228e-03  -1.0349718e-03  -1.6914935e-05
  -2.1702521e-02   1.3287378e-01   4.5721968e-02  -1.6318588e-03  -9.7074446e-04  -2.1293883e-04
  -3.4628310e-02   7.3831450e-02   7.7119436e-02  -1.1614348e-03  -6.6057091e-04  -2.8202805e-04
  -4.5960792e-02   9.7415886e-02   7.6937395e-02  -1.1081114e-03  -6.3534878e-04  -3.0718629e-05
  -4.3496179e-02   7.5361434e-02   1.0013095e-01  -4.7998160e-04  -8.1546690e-04   1.3368822e-04
  -5.5026189e-02   9.0663050e-02   1.1627617e-01  -6.7495535e-04  -6.2691315e-04   1.4656090e-04
  -5.4578328e-02   6.8873099e-02   1.2518237e-01  -4.2450479e-04  -4.9604843e-04   2.3672205e-04
  -6.4173710e-02   8.8810571e-02   1.3018977e-01  -6.8138428e-04  -3.9410502e-04   3.0698651e-04
  -5.5764484e-02   6.2665040e-02   1.3086895e-01  -4.7639597e-04  -6.8815363e-04   3.2655933e-04
  -5.3592484e-02   7.8014536e-02   1.1127999e-01  -7.0203126e-04  -6.8500865e-04  -7.9390242e-05
  -6.2649673e-02   7.8968529e-02   1.0632902e-01  -2.9435934e-04  -7.0595829e-04  -7.3347860e-05
  -7.8292497e-02   8.1355428e-02   1.2358342e-01  -1.4040989e-04  -7.9719975e-04   1.2735877e-04
  -7.8118924e-02   8.7308707e-02   5.9425035e-02  -6.8811720e-04  -7.9784124e-04  -6.3714703e-05
  -9.0697176e-02   5.5077470e-02   1.0850990e-01  -5.6936886e-04  -6.8512970e-04   1.3353438e-04
  -8.2749773e-02   8.1158683e-02   7.2807727e-02  -6.9995920e-04  -5.9993158e-04  -1.3305411e-04
  -8.0748258e-02   6.4551518e-02   1.0966644e-01  -4.5086049e-04  -6.8104728e-04  -6.6907396e-05
  -9.0411925e-02   7.7660788e-02   9.6455540e-02  -7.1613361e-04  -6.2515092e-04  -7.4697644e-06
  -9.4976843e-02   8.9471606e-02   1.2774517e-01  -5.5521957e-04  -6.1548042e-04   1.2112128e-04
  -9.3710577e-02   6.9521131e-02   9.9919197e-02  -5.9415770e-04  -9.2888251e-04   6.5187649e-05
  -9.3092458e-02   1.1275666e-01   1.3176482e-01  -7.5397730e-04  -1.1239050e-03  -5.4462849e-05
  -1.0257502e-01   5.1397069e-02   9.9116168e-02  -2.8756636e-04  -9.3344904e-04  -1.2090601e-04
  -1.0983309e-01   1.0230395e-01   1.8381341e-01  -4.0471828e-04  -7.4481566e-04  -2.3172632e-04
  -7.4825404e-02  -7.2060273e-02  -4.4318248e-02   1.1397974e-03  -1.0592672e-03  -5.1988860e-04
  -1.2982847e-02   1.4383170e-02  -9.3294443e-02   1.4657642e-03  -1.7080331e-03  -9.3499202e-04
  -3.3434311e-02   1.2189070e-01   8.4587626e-03  -5.5444094e-04  -1.6956834e-03  -7.3277587e-04
  -2.2767811e-02   8.3734720e-02  -3.7201673e-02  -5.2833280e-04  -1.5490167e-03  -8.8770445e-04
  -3.0627501e-02   1.0967286e-01   1.4479339e-02  -7.1481865e-04  -1.8947130e-03  -6.7392646e-04
  -1.1270172e-02   1.1062067e-01  -1.1088481e-02  -6.5923494e-04  -2.0833869e-03  -7.7163587e-04
