   0.0000000e+00   0.0000000e+00  -7.1054274e-15  -1.3877788e-17   0.0000000e+00   0.0000000e+00
   7.5326798e-03   3.9067156e-03   6.8098786e-02   6.7356400e-05   5.5964660e-04   2.8047079e-04
   2.5818510e-02   1.8552608e-02   1.2017579e-01  -6.5125039e-04   5.8030812e-04   3.6978758e-04
   4.3854679e-02   2.2291569e-03   1.9105462e-01   2.7570520e-04   1.2311852e-03   5.4383109e-04
   5.4924407e-02  -4.5297410e-02   1.7733193e-01  -1.1176506e-03   2.1440796e-03   1.0018586e-03
   5.2567411e-02  -5.4843441e-03   1.8921059e-01  -1.1104138e-03   2.0943553e-03   8.3334456e-04
   3.2123466e-02  -1.6406020e-02   2.2188445e-01  -4.5988095e-05   2.2662270e-03   9.5568440e-04
   3.4506719e-02  -5.1496965e-02   1.7906898e-01   1.8408946e-04   2.0166253e-03   7.3546618e-04
   4.2915759e-02  -1.2601840e-02   2.1382747e-01   9.5874797e-04   1.9158180e-03   9.0615431e-04
   5.3166069e-02  -1.3758091e-02   2.2568681e-01   1.2125037e-03   2.4626206e-03   7.5962240e-04
   6.1277577e-02  -5.7368918e-03   2.3396321e-01   6.6146810e-04   1.8432710e-03   1.1628759e-03
   6.8609529e-02  -3.2111295e-03   2.2778593e-01   6.2926793e-04   2.1202340e-03   1.2580854e-03
   6.3883400e-02   6.9185655e-03   2.3030115e-01   9.5004098e-04   2.3805593e-03   1.1074739e-03
   6.9240810e-02  -7.0111143e-04   2.0598265e-01   6.0762829e-04   2.5567391e-03   1.0750069e-03
   6.9406405e-02  -9.0852418e-03   2.1652764e-01   1.2655684e-03   2.6355600e-03   1.2231419e-03
   5.4644913e-02  -2.2071674e-02   2.5610994e-01   2.1824504e-03   3.0054070e-03   1.2140681e-03
   5.9714377e-02   9.2338920e-03   2.6803663e-01   1.8255290e-03   2.9905296e-03   9.6602906e-04
   5.6537215e-02   1.9279609e-02   2.3880072e-01   1.5240646e-03   3.1329094e-03   1.1648058e-03
   5.5830929e-02   1.3856347e-02   2.5650923e-01   2.3948638e-03   2.8344751e-03   1.5091653e-03
   5.4676639e-02  -7.3171526e-04   2.3765214e-01   2.9503092e-03   3.1095639e-03   1.9249794e-03
   6.3460290e-02   2.0756633e-02   2.3353023e-01   1.3280031e-03   3.6830850e-03   1.5191542e-03
   7.9484626e-02   2.6980564e-02   2.3504021e-01   1.0650920e-03   3.8185579e-03   1.4383533e-03
   6.0221882e-02   4.0669380e-02   2.5825041e-01   1.6137761e-03   3.8992173e-03   1.7903760e-03
   6.7595317e-02  -8.8775495e-03   3.1031041e-01   2.0780010e-03   3.5594741e-03   1.4427556e-03
   6.8914670e-02   9.1399892e-03   2.9934682e-01   2.0715737e-03   3.3410701e-03   1.3404910e-03
   4.4852713e-02   9.9473888e-03   1.9701661e-01   1.5886891e-03   3.8308562e-03   1.3910706e-03
   5.4724078e-02   4.2195144e-02   1.1162174e-01   5.2374842e-04   3.2767245e-03   7.0094798e-04
   5.4351297e-02   4.3545151e-02   9.4798318e-02  -3.5530170e-04   3.2217282e-03  -1.9662229e-04
   1.2828108e-02   2.4161410e-02   1.0921639e-01  -9.3854551e-04   2.9685140e-03  -2.7251657e-04
   3.4076218e-02   8.8190244e-03   9.1419163e-02  -2.0919792e-03   3.1998349e-03  -2.4692789e-04
   3.4603182e-02   7.2235692e-03   5.5747685e-02  -2.1993456e-03   4.0081731e-03   1.0054884e-04
  -1.3100152e-02   3.8047827e-02  -2.9589650e-02  -3.7292812e-03   4.3718851e-03   5.7001355e-04
  -1.6739074e-02   5.7227494e-02  -1.6470355e-02  -3.6225870e-03   5.1736721e-03   2.6245909e-04
  -2.0637540e-02   3.1969166e-02  -1.3524406e-02  -4.5214204e-03   4.9546323e-03   2.9399003e-04
  -4.4416694e-02   1.7392170e-02  -5.2221423e-02  -4.1971157e-03   5.5635017e-03   3.8701768e-04
  -4.5536261e-02   4.2127502e-02  -9.3454859e-02  -5.0905523e-03   5.8695172e-03   5.7583132e-04
  -3.4453030e-02   2.9669652e-02  -1.2863753e-01  -4.6847927e-03   5.4957609e-03   8.3183928e-04
  -1.1557943e-02   2.7975141e-02  -1.2271693e-01  -4.6419755e-03   5.5977569e-03   6.9214122e-04
  -1.8606340e-02  -8.3480374e-03  -1.2437233e-01  -4.5118091e-03   5.4708909e-03   9.6740090e-04
  -3.6713680e-02   1.2832010e-01  -1.1438946e-01  -3.7363832e-03   5.9817504e-03   7.3329968e-04
  -2.5795850e-02   7.1288810e-02  -2.2895006e-01  -5.6203719e-03   5.3938515e-03   3.5947654e-04
  -1.2403427e-02   9.2643985e-02  -1.8161035e-01  -6.0451676e-03   5.8254461e-03   5.3951218e-04
  -2.4952366e-02   5.6492866e-02  -2.0954617e-01  -5.5702435e-03   5.6400623e-03   7.0846758e-04
  -2.9556309e-02   2.8721779e-02  -2.3734468e-01  -5.1738822e-03   5.1801981e-03   1.2380141e-03
  -2.0061382e-02   8.5080270e-03  -3.3163851e-01  -4.7662430e-03   5.0794953e-03   9.5843485e-04
  -1.9111598e-02   4.0666728e-02  -1.9506909e-01  -3.7284531e-03   5.4398224e-03   9.2305299e-04
  -2.7134159e-02   8.4876839e-02  -1.7378039e-01  -6.1192093e-03   5.6664103e-03   6.4866076e-04
  -4.7300532e-02   4.6349840e-02  -2.0979032e-01  -5.3505239e-03   5.9194446e-03   9.2034152e-04
  -1.6348739e-02   5.2547603e-02  -2.1209128e-01  -6.1898368e-03   5.2653137e-03   6.7167106e-04
  -6.6754426e-03   4.7908810e-02  -2.2290842e-01  -5.5249595e-03   5.4517713e-03   3.6763891e-04
  -3.9172620e-02   8.8023296e-02  -1.7943816e-01  -4.3098908e-03   5.0544265e-03   7.9250225e-04
  -2.7651567e-02   5.9791143e-02  -2.1285823e-01  -6.1995994e-03   5.0350310e-03   2.6212768e-04
  -1.9460850e-02   1.0829613e-01  -2.1238065e-01  -5.2220639e-03   4.8675678e-03  -3.8390211e-05
   2.6573763e-03   3.1510105e-02  -2.8123487e-01  -6.8261280e-03   4.6652801e-03  -3.4234467e-04
   3.2734644e-03   9.5181405e-02  -1.7229059e-01  -6.4606844e-03   5.2476420e-03  -2.6155577e-04
  -5.2833008e-03   8.5817938e-02  -2.2807991e-01  -6.2949926e-03   4.9331566e-03  -6.4389833e-05
  -2.7832057e-02   4.9841484e-02  -7.0973042e-02  -6.4864410e-03   5.6182018e-03  -1.8056545e-04
  -2.6616759e-02   8.1555677e-02  -1.6088891e-01  -6.1386931e-03   5.5894610e-03  -1.3997392e-04
  -1.9220656e-02   1.3997928e-01  -1.7677981e-01  -6.8519199e-03   4.9778163e-03  -3.0820259e-04
  -2.5770108e-02   9.7592701e-02  -1.5166713e-01  -6.3336865e-03   5.4254829e-03   1.6901791e-04
  -4.2172281e-02   5.8523514e-02  -1.8075532e-01  -6.6138341e-03   5.6087530e-03  -3.5064632e-04
  -5.4592706e-02   7.4370554e-02  -1.6767740e-01  -6.9023488e-03   5.7090852e-03  -2.5767455e-04
  -5.1889953e-02   8.3443244e-02  -2.0741528e-01  -6.9173425e-03   5.6725274e-03  -4.3301084e-04
  -4.5603884e-02   8.4483889e-02  -1.9908018e-01  -7.0233473e-03   5.8866547e-03  -5.9901030e-04
  -5.5114243e-02   9.9362284e-02  -2.3244308e-01  -7.3417993e-03   5.5410080e-03  -6.2796870e-04
  -4.6657553e-02   7.8228284e-02  -1.5278523e-01  -6.7934814e-03   6.0886675e-03  -5.8470994e-04
  -4.7108617e-02   7.2161027e-02  -1.7299920e-01  -6.9566393e-03   6.0690057e-03  -6.8394892e-04
  -7.7496425e-02   9.8021566e-02  -1.8510274e-01  -6.6068192e-03   5.5348338e-03  -2.3162254e-04
  -7.6850464e-02   1.0020330e-01  -1.9674609e-01  -7.7763263e-03   5.7606366e-03  -3.7119848e-04
  -7.9221463e-02   5.6532847e-02  -1.6793430e-01  -6.6666683e-03   5.8239803e-03  -1.3643018e-04
  -8.6436896e-02   9.6020556e-02  -2.1796431e-01  -7.7061997e-03   5.8551282e-03  -2.9353310e-04
  -7.3293224e-02   1.3537406e-01  -2.5425877e-01  -8.7849400e-03   5.2701113e-03  -7.1543719e-04
  -1.0773589e-01   7.6271116e-02  -2.6525294e-01  -1.0006289e-02   5.1560739e-03  -7.8056288e-04
  -1.1617898e-01   1.6426461e-01  -2.2157496e-01  -9.7704674e-03   5.5119735e-03  -4.5612061e-04
  -1.1895239e-01   1.2397587e-01  -2.5863715e-01  -9.2099781e-03   5.3059353e-03  -2.8241005e-04
  -1.1432396e-01   1.2664531e-01  -2.7522210e-01  -9.7084740e-03   5.2515138e-03  -1.5041400e-03
  -1.5734565e-01   1.4138079e-01  -2.6746780e-01  -9.7683625e-03   4.2088768e-03  -1.4614656e-03
  -1.4306998e-01   1.1777639e-01  -3.1093957e-01  -1.0880778e-02   4.6487875e-03  -1.4989052e-03
  -1.6390803e-01   1.4338858e-01  -3.1885377e-01  -1.0747159e-02   4.3547874e-03  -1.4858589e-03
  -1.7972678e-01   1.8266804e-01  -3.3621802e-01  -1.1218823e-02   4.4336022e-03  -1.3855973e-03
  -1.6335046e-01   1.2942015e-01  -3.0924367e-01  -1.0486313e-02   4.7490752e-03  -1.5379511e-03
  -1.7134493e-01   1.5836783e-01  -3.1781648e-01  -1.1779867e-02   4.6443012e-03  -1.5760018e-03
  -1.5790663e-01   1.7464365e-01  -3.5910916e-01  -1.1751462e-02   4.0054731e-03  -1.7801120e-03
  -1.6159171e-01   1.3020565e-01  -3.7960500e-01  -1.2124770e-02   3.5503102e-03  -1.8537273e-03
  -1.7678884e-01   1.5109489e-01  -3.5735944e-01  -1.2329409e-02   3.8604871e-03  -1.4558042e-03
  -1.8409447e-01   1.4644033e-01  -3.1367482e-01  -1.1608471e-02   4.4397522e-03  -1.2861993e-03
  -1.9231065e-01   1.3994158e-01  -3.5356814e-01  -1.1870345e-02   4.3527998e-03  -1.2491073e-03
  -1.7668558e-01   1.4548473e-01  -3.6567245e-01  -1.2731111e-02   4.0111665e-03  -1.4663637e-03
  -1.6385888e-01   1.2900244e-01  -3.7651839e-01  -1.2057616e-02   3.9502456e-03  -2.0671838e-03
  -1.9203564e-01   1.1560285e-01  -3.3084808e-01  -1.1522546e-02   3.8284437e-03  -1.4646044e-03
  -2.0134431e-01   1.4180679e-01  -3.5212948e-01  -1.2508341e-02   4.4304414e-03  -1.2928461e-03
  -1.9050117e-01   1.9456625e-01  -3.5400080e-01  -1.2399563e-02   4.1550667e-03  -1.5098985e-03
  -1.9593147e-01   1.5122167e-01  -3.7638766e-01  -1.2939207e-02   3.9563830e-03  -1.4479409e-03
  -2.0441073e-01   1.8027248e-01  -3.1360562e-01  -1.1469115e-02   4.0722469e-03  -1.1711113e-03
  -2.0394577e-01   1.5661335e-01  -3.7379121e-01  -1.2975891e-02   3.9932990e-03  -1.2283982e-03
  -2.0649539e-01   1.5306547e-01  -3.6290982e-01  -1.2515502e-02   4.4469797e-03  -1.4212092e-03
  -1.9427353e-01   1.9299148e-01  -4.0423638e-01  -1.3770926e-02   4.2940828e-03  -1.3401412e-03
  -1.9834105e-01   1.4908901e-01  -3.5661996e-01  -1.2716262e-02   4.4469245e-03  -1.1860943e-03
  -2.0567275e-01   1.7087857e-01  -3.8437041e-01  -1.3327637e-02   4.4269557e-03  -1.2750887e-03
  -2.0210983e-01   1.6624839e-01  -4.8093615e-01  -1.3004219e-02   3.7851950e-03  -1.5405739e-03
  -1.8721953e-01   1.3635660e-01  -5.4653905e-01  -1.3590821e-02   3.2175029e-03  -1.9761268e-03
  -1.9383689e-01   1.7968798e-01  -5.2314960e-01  -1.3048416e-02   3.4466989e-03  -1.6180894e-03
  -1.9560685e-01   1.8780084e-01  -5.0804243e-01  -1.2201099e-02   3.6376681e-03  -1.7726188e-03
  -1.8694563e-01   1.7378555e-01  -5.2041137e-01  -1.3251512e-02   3.3901661e-03  -2.4657286e-03
  -1.7352456e-01   1.4956394e-01  -5.1054911e-01  -1.3034686e-02   3.4061633e-03  -2.1952236e-03
  -1.6591881e-01   1.8275663e-01  -4.6787475e-01  -1.2877766e-02   3.0762773e-03  -1.9960634e-03
  -1.9066439e-01   1.8373624e-01  -4.4439453e-01  -1.2546173e-02   2.7635114e-03  -2.1335733e-03
  -1.8481856e-01   1.9100950e-01  -4.7505557e-01  -1.3204247e-02   2.7787490e-03  -2.5400718e-03
  -1.8707431e-01   1.7484041e-01  -5.0023299e-01  -1.2728878e-02   2.4202230e-03  -2.3016237e-03
  -1.9035944e-01   1.4365356e-01  -4.7685008e-01  -1.3029020e-02   3.1452260e-03  -2.3706865e-03
  -1.9668980e-01   1.9463103e-01  -4.9086200e-01  -1.3148679e-02   3.1718329e-03  -2.2999971e-03
  -1.7361237e-01   2.1960448e-01  -5.2069162e-01  -1.3880155e-02   2.6456840e-03  -2.3880033e-03
  -1.7562321e-01   1.8546803e-01  -5.0170884e-01  -1.3368485e-02   3.4229208e-03  -2.1867856e-03
  -1.8085813e-01   2.0041879e-01  -4.6180818e-01  -1.3769015e-02   3.1426742e-03  -2.1527893e-03
  -1.7614988e-01   2.2420304e-01  -5.1135132e-01  -1.4090467e-02   3.3496396e-03  -2.1480321e-03
  -1.8150413e-01   1.6300274e-01  -5.6576919e-01  -1.4764973e-02   3.0881441e-03  -2.1906292e-03
  -1.8040639e-01   1.7490476e-01  -6.2330756e-01  -1.4503873e-02   3.2739457e-03  -2.4697329e-03
  -1.7096143e-01   1.6725114e-01  -6.1382268e-01  -1.4293422e-02   3.0411634e-03  -2.7031018e-03
  -1.8230788e-01   2.2085409e-01  -6.6027472e-01  -1.2842919e-02   3.0485753e-03  -2.7658358e-03
  -1.6477276e-01   1.9987825e-01  -4.9539789e-01  -1.1900628e-02   3.1513320e-03  -3.5642148e-03
  -1.8194395e-01   7.7341106e-02  -4.5294005e-01  -1.2385865e-02   3.4930035e-03  -2.5774063e-03
  -1.8544182e-01   2.1058624e-01  -4.2882484e-01  -1.1843893e-02   3.2077975e-03  -2.6387224e-03
  -2.0064225e-01   1.7495324e-01  -5.9333223e-01  -1.2094886e-02   2.8961971e-03  -2.3646238e-03
  -2.2708137e-01   8.3056526e-02  -7.4346375e-01  -1.1864615e-02   3.2161673e-03  -2.0773613e-03
  -2.1870906e-01   1.4702510e-01  -6.3301367e-01  -1.1742999e-02   3.3622548e-03  -2.0796632e-03
  -2.1152499e-01   1.4696904e-01  -6.7989641e-01  -1.1254230e-02   3.1196500e-03  -2.4180577e-03
  -2.0481951e-01   8.0353782e-02  -7.2690754e-01  -1.0430278e-02   2.6927003e-03  -2.6863598e-03
  -2.1305264e-01   5.7253821e-02  -7.1677565e-01  -9.4759589e-03   2.9708858e-03  -2.5317925e-03
  -2.0514605e-01   8.7840017e-02  -7.8862054e-01  -1.1787304e-02   2.5770019e-03  -3.4148525e-03
