   0.0000000e+00   3.5527137e-15   0.0000000e+00   0.0000000e+00   0.0000000e+00   0.0000000e+00
  -2.4021246e-02   3.5886197e-02   3.3676012e-02  -3.2817955e-04   4.6085417e-04   2.8119907e-05
  -1.4918687e-02   1.5568236e-02   6.0984505e-02   1.8490096e-04   5.5578604e-04   3.6020163e-04
  -8.1594416e-03   2.4909482e-02   5.5130004e-02  -2.4245284e-04   7.4503705e-04   4.4405022e-04
  -1.7705039e-02   5.2261257e-02   8.4741386e-02  -1.0495830e-04   8.3705411e-04   9.0923710e-04
  -6.6949279e-03  -1.1146758e-02   1.0305526e-01   6.4628555e-04   6.5402586e-04   7.5961017e-04
  -3.1541402e-02   4.8984185e-02   9.1216249e-02   2.4994424e-04   6.5187774e-04   1.2312838e-03
  -1.4437543e-02   1.8327389e-03   9.5957918e-02   5.1651937e-04   5.1052363e-04   1.1915232e-03
  -3.1354116e-02   1.9380607e-02   1.0876605e-01  -1.3834528e-04   9.7491308e-04   1.3504219e-03
  -4.8707562e-03  -9.2181693e-03   7.8070367e-02   5.2224040e-05   8.5499908e-04   1.4463350e-03
  -2.0703852e-03   1.9039960e-02   3.3611872e-02  -2.3993220e-04   9.1389214e-04   1.6715170e-03
  -1.2358630e-02   3.7250701e-02   3.6892255e-02   1.8149722e-04   6.7008985e-04   1.6175683e-03
  -3.9954361e-03   1.4669364e-02   1.1911569e-02  -1.2770864e-04   7.9475151e-04   1.6070413e-03
   8.7127990e-04   4.7720019e-03   1.8628665e-02   1.7507052e-04   5.4795300e-04   1.5169272e-03
  -1.0734526e-02   1.5491753e-02  -2.0732070e-02   2.4615731e-04   6.3194919e-04   1.3244959e-03
  -1.1475271e-02   1.1061159e-02  -2.3090114e-02   4.7252058e-04   3.6062341e-04   8.8339507e-04
   6.2517816e-04  -1.0948535e-02  -2.2832024e-02   5.4476203e-04   2.0959379e-04   7.3910711e-04
  -8.0062971e-03   1.4029091e-02  -4.1038963e-02   6.3638856e-04  -2.0949121e-05   5.4965370e-04
  -1.0003500e-02  -3.5431362e-04  -4.4370476e-02   6.1900688e-04  -2.2303643e-04   5.0413733e-04
  -1.4022797e-02  -1.5212590e-02  -4.6020998e-02   7.4082473e-04  -8.4032358e-04  -2.4004024e-04
  -3.7221512e-02  -8.1342898e-03  -1.3021954e-02   8.9609141e-04  -9.5963089e-04  -8.9982307e-04
  -2.5151531e-02   1.4338310e-02   7.5693084e-03   6.8526173e-04  -1.3563378e-03  -1.4042883e-04
  -3.7668363e-03  -3.0437563e-02   6.7094731e-02   2.1939143e-03  -1.0670171e-03  -5.6688701e-04
  -5.0150011e-03   1.9268954e-02   4.3270001e-02   2.1769636e-03  -8.3819848e-04  -1.8609331e-04
   2.0448354e-02  -6.8548283e-03   2.3722279e-02   1.9055848e-03  -1.4158740e-03  -4.4977130e-04
   1.4519910e-02   2.1788287e-03   4.2684266e-02   1.6216820e-03  -1.2072720e-03  -2.8765477e-04
   1.6452164e-02  -1.4051651e-02   2.5243732e-02   1.3248526e-03  -1.5680795e-03  -2.2718837e-04
   2.2030115e-04  -8.3364025e-03   3.6981674e-02   1.4725344e-03  -1.4934422e-03  -5.9122058e-04
  -1.6432329e-02   1.5198579e-02   1.6975225e-02   1.2687658e-03  -1.6237537e-03  -5.7010275e-04
  -3.4159950e-03  -7.4375326e-03   4.2043339e-02   1.6438806e-03  -1.5523741e-03  -7.8116071e-04
  -1.7314829e-02   1.7458954e-02   5.0093551e-02   1.3422207e-03  -1.3554418e-03  -9.4374472e-04
  -1.8294382e-02  -1.4677714e-02   4.1888148e-02   1.6268568e-03  -1.5129815e-03  -8.9351353e-04
  -1.0591687e-02  -1.5279542e-02   4.8953443e-02   1.6450587e-03  -1.4535721e-03  -1.1232874e-03
  -2.4830130e-02  -4.7329253e-03   3.8115028e-02   1.1419385e-03  -1.3640503e-03  -1.2788281e-03
  -4.1381641e-02  -3.1407332e-02  -1.8931872e-03   8.2889247e-04  -1.7731971e-03  -1.6964652e-03
  -4.1783807e-02  -1.8326736e-02  -9.5724312e-03   1.0382663e-03  -1.8101961e-03  -1.8109384e-03
  -5.7318698e-02   5.9395935e-04   1.1585038e-03   9.4095481e-04  -2.0919198e-03  -1.8674051e-03
  -6.9857986e-02  -6.6906105e-03   1.0714919e-03   9.1984384e-04  -1.9813163e-03  -1.8577109e-03
  -7.1788210e-02  -2.8228834e-02   6.7165826e-03   7.5224466e-04  -2.4024844e-03  -2.2451895e-03
  -6.4190505e-02  -1.9870374e-02  -2.0272664e-02   7.1020177e-04  -2.5105355e-03  -2.6425672e-03
  -8.6098366e-02  -1.3335162e-02  -2.9203907e-02   2.9948409e-04  -2.4924822e-03  -2.9642476e-03
  -6.9920105e-02  -4.5308891e-02  -4.9918236e-02   7.7883860e-04  -2.8020411e-03  -2.8951247e-03
  -8.4733108e-02  -1.2850568e-02  -3.4633125e-02   3.5986534e-04  -2.8476268e-03  -3.0497653e-03
  -8.9585531e-02  -1.3413175e-02  -5.8813026e-02   3.2309383e-04  -2.7675039e-03  -3.0672592e-03
  -1.2017509e-01  -5.3091378e-03  -7.8432239e-02   8.8468875e-05  -3.0871067e-03  -3.4564660e-03
  -1.0748860e-01  -2.9347585e-02  -4.1070462e-02   4.4819518e-04  -3.5747386e-03  -3.5606165e-03
  -1.1080471e-01   1.6067547e-02   2.8143173e-02  -1.1217920e-04  -2.8691805e-03  -3.5059073e-03
  -1.3317037e-01   2.2106371e-02   1.3956596e-01  -6.7086040e-04  -2.9290974e-03  -3.7618485e-03
  -1.0790581e-01   1.8409894e-02   1.4666359e-01  -5.1494712e-04  -3.0232023e-03  -3.7807357e-03
  -1.0944674e-01   3.6876345e-02   1.4685065e-01  -2.6358124e-04  -2.6635397e-03  -3.7025208e-03
  -1.0584015e-01   2.7082089e-03   7.9865081e-02  -9.5476611e-04  -3.4153978e-03  -3.8444414e-03
  -9.1030447e-02  -2.4379617e-02   9.3617146e-02  -6.8473287e-04  -2.9952429e-03  -3.4635867e-03
  -9.5154794e-02  -1.6180710e-02   7.5407915e-02  -4.6681588e-04  -3.0090882e-03  -3.6051278e-03
  -1.0227208e-01  -2.1852745e-02   7.6723339e-02  -2.0582123e-04  -3.1269544e-03  -3.6173179e-03
  -8.6542965e-02  -1.3003223e-02   1.0400637e-01  -5.7229715e-04  -3.0787197e-03  -3.8262828e-03
  -9.3817628e-02  -3.6096672e-02   1.1328150e-01  -2.2638195e-04  -3.0065905e-03  -3.7264508e-03
  -9.0638400e-02  -3.2282993e-02   1.1117685e-01  -2.3401759e-04  -3.1621706e-03  -3.8214191e-03
  -1.0790357e-01  -1.0703034e-02   1.4316092e-01  -1.3188115e-05  -2.6676552e-03  -3.6399731e-03
  -1.0146180e-01  -5.3198688e-02   1.4157781e-01   2.7436944e-04  -2.8002401e-03  -3.4384332e-03
  -1.2897921e-01   2.0744524e-03   1.3716404e-01  -1.7021761e-05  -2.8278238e-03  -3.6630251e-03
  -1.1588293e-01  -5.8649919e-02   1.4977762e-01   6.1854147e-04  -3.0043004e-03  -3.4943101e-03
  -1.3260469e-01  -7.7685495e-03   1.6270880e-01   4.9419860e-04  -2.9598512e-03  -3.4613606e-03
  -1.2741721e-01  -6.2465139e-02   1.7007695e-01   7.0102233e-04  -3.0558207e-03  -3.4932326e-03
  -1.5445264e-01  -1.0427069e-02   1.5485275e-01   3.2008823e-04  -2.7086901e-03  -3.4468604e-03
  -1.3205842e-01  -9.5800596e-02   1.3486122e-01   1.5811049e-03  -2.7472176e-03  -3.4522352e-03
  -1.3788891e-01  -2.7311982e-02   1.6276894e-01   7.6410768e-04  -2.6899392e-03  -3.7028328e-03
  -1.4318007e-01  -6.2014590e-02   1.6790949e-01   8.1425751e-04  -2.5510572e-03  -3.8612607e-03
  -1.4800718e-01  -6.3481925e-02   1.6033656e-01   4.3625201e-04  -2.8976751e-03  -4.0063276e-03
  -1.6609824e-01  -2.9530658e-02   1.6547712e-01   6.1411974e-04  -2.8160551e-03  -4.3286288e-03
  -1.6808541e-01  -1.2250696e-02   1.9082768e-01   5.5626523e-04  -2.8329285e-03  -3.8023846e-03
  -1.5866520e-01  -3.0170028e-02   1.9027690e-01   7.4727161e-04  -3.1427840e-03  -3.3608627e-03
  -1.4397489e-01  -4.9009194e-02   1.9103911e-01   5.5085010e-04  -2.4357592e-03  -3.5325747e-03
  -1.4670386e-01  -3.6878802e-02   1.9455002e-01   3.6044099e-04  -3.1489260e-03  -3.4492294e-03
  -1.5992945e-01  -4.8822019e-02   1.9855643e-01   4.3909414e-04  -3.3940886e-03  -3.8022956e-03
  -1.7644388e-01  -3.9240121e-02   2.1306021e-01   6.4338560e-04  -3.1552709e-03  -3.9234071e-03
  -1.7668900e-01  -3.8284675e-02   2.0955161e-01   7.7208699e-04  -3.0488481e-03  -3.8571906e-03
  -1.6644203e-01  -5.6671247e-02   1.8518070e-01   6.3352742e-04  -2.8427523e-03  -4.1530960e-03
  -1.8291276e-01  -3.1432226e-02   2.0148747e-01   6.3280317e-04  -2.7627786e-03  -4.2584756e-03
  -1.6766145e-01  -6.9284771e-02   1.9592838e-01   8.3398135e-04  -2.7037269e-03  -4.4656066e-03
  -1.8334508e-01  -3.2400801e-02   2.1001311e-01   5.1428624e-04  -2.6210563e-03  -4.3018287e-03
  -1.7041024e-01  -8.2059816e-02   1.8672543e-01   8.5315010e-04  -2.8520304e-03  -4.5321654e-03
  -1.7274946e-01  -5.1578308e-02   2.0302984e-01   7.3024798e-04  -2.2730091e-03  -5.0368246e-03
  -1.7156895e-01  -8.3139482e-02   1.7834998e-01   4.9415650e-04  -2.7930653e-03  -5.1336510e-03
  -1.6957037e-01  -7.2644431e-02   1.7194930e-01  -1.4302856e-04  -2.4399574e-03  -5.6441623e-03
  -1.7019381e-01  -6.7908528e-02   1.6506373e-01   4.5578553e-04  -2.4420715e-03  -5.5635358e-03
  -1.6819602e-01  -8.3118951e-02   1.6056358e-01   6.3281007e-04  -2.6800214e-03  -5.6361801e-03
  -1.5989541e-01  -4.1831331e-02   1.2759871e-01   1.1040585e-03  -2.5241301e-03  -6.0305199e-03
  -1.6921194e-01  -5.0798455e-02   1.3142170e-01   1.0650499e-03  -2.3932976e-03  -5.8995073e-03
  -1.6594271e-01  -8.8422263e-02   1.7062320e-01   1.5007145e-03  -2.4432322e-03  -5.7802371e-03
  -1.8397324e-01  -8.2060484e-02   1.9629733e-01   1.6909403e-03  -1.8514108e-03  -6.0771901e-03
  -1.9769518e-01  -8.0512327e-02   1.8467792e-01   1.3713917e-03  -2.3074409e-03  -5.9089566e-03
  -1.9686995e-01  -1.2159973e-01   1.9307358e-01   1.7565322e-03  -2.3887940e-03  -6.3090649e-03
  -2.0755194e-01  -1.0317219e-01   1.9463273e-01   1.8694805e-03  -2.6837895e-03  -6.5266632e-03
  -2.2917661e-01  -1.1514870e-01   2.3128248e-01   1.8134604e-03  -2.5413606e-03  -6.6067513e-03
  -2.1988234e-01  -1.5201413e-01   2.3052304e-01   2.0681642e-03  -3.3792665e-03  -6.2690292e-03
  -2.0139293e-01  -1.0483258e-01   2.9831643e-01   2.4434275e-03  -2.1396539e-03  -5.9322491e-03
  -1.9749338e-01  -7.2299244e-02   2.7310625e-01   2.7846513e-03  -1.0508773e-03  -5.6960052e-03
  -2.0579676e-01  -6.0915484e-02   2.4190790e-01   2.2769538e-03  -1.3516423e-03  -5.4771386e-03
  -1.8946203e-01  -9.0003126e-02   2.7418902e-01   2.6725047e-03  -1.0705935e-03  -5.4874090e-03
  -1.7581020e-01  -1.3214246e-01   2.9900262e-01   2.6059761e-03  -9.2648399e-04  -5.6959124e-03
  -1.9529185e-01  -1.0940943e-01   2.5877506e-01   1.9845495e-03  -2.7770641e-04  -5.7190227e-03
  -1.8393188e-01  -1.4605577e-01   2.3265906e-01   2.1497033e-03  -6.8098293e-04  -6.0391297e-03
  -1.8885809e-01  -1.1309226e-01   2.0955167e-01   2.3591480e-03  -7.1184197e-04  -6.1288977e-03
  -1.9790487e-01  -7.6972448e-02   1.8806229e-01   2.0003207e-03  -9.8786807e-04  -6.0307194e-03
  -2.0131905e-01  -1.2363017e-01   1.9922951e-01   2.4120053e-03  -1.3693802e-03  -6.2112641e-03
  -2.1801402e-01  -9.2880119e-02   1.8682689e-01   1.9924040e-03  -1.2470545e-03  -6.1551301e-03
  -2.1693965e-01  -8.8732664e-02   1.6505256e-01   2.0556088e-03  -1.1480566e-03  -6.0999778e-03
  -2.1439468e-01  -1.0842910e-01   1.7473949e-01   2.2924972e-03  -1.4365120e-03  -6.1948809e-03
  -2.2814773e-01  -7.4794314e-02   1.6530615e-01   1.9595912e-03  -1.4373487e-03  -6.3825242e-03
  -2.2965830e-01  -8.4276518e-02   1.6124088e-01   1.9700759e-03  -1.5310158e-03  -6.3295473e-03
  -2.1936337e-01  -1.0759557e-01   1.6836765e-01   2.4370808e-03  -1.7632816e-03  -6.3963722e-03
  -2.2866919e-01  -8.6726373e-02   1.6715042e-01   2.0556600e-03  -1.3273580e-03  -6.1995421e-03
  -2.3834249e-01  -1.0420216e-01   1.5648617e-01   2.3517587e-03  -1.5923476e-03  -5.8213756e-03
  -2.2877819e-01  -1.0945011e-01   1.6178206e-01   2.3675847e-03  -1.8158727e-03  -6.1326044e-03
  -2.4945114e-01  -8.6358833e-02   2.1113151e-01   2.2881039e-03  -1.8330721e-03  -6.3035432e-03
  -2.6725080e-01  -1.1171935e-01   2.0526168e-01   2.2391374e-03  -1.9391756e-03  -6.2886687e-03
  -2.7788125e-01  -1.5240320e-01   2.1465956e-01   2.4228254e-03  -2.8004894e-03  -6.7897039e-03
  -2.8321177e-01  -1.4224486e-01   2.4744948e-01   2.7426327e-03  -2.8258619e-03  -6.8757046e-03
  -2.8395895e-01  -1.5344893e-01   2.3871232e-01   2.8731038e-03  -3.0768853e-03  -6.6571834e-03
  -2.7778193e-01  -1.6718599e-01   2.6795825e-01   2.5868810e-03  -2.9484812e-03  -5.6186439e-03
  -2.4676377e-01  -1.5912928e-01   2.8708319e-01   2.6449371e-03  -2.6892778e-03  -5.6083945e-03
  -2.5588753e-01  -1.3726326e-01   2.9411712e-01   2.4310646e-03  -2.1628768e-03  -5.3240440e-03
  -2.6832031e-01  -1.5057508e-01   2.8526657e-01   2.1454297e-03  -2.9219441e-03  -5.3837068e-03
  -2.3042426e-01  -1.4637279e-01   3.3307578e-01   2.4529671e-03  -1.1210639e-03  -5.3413990e-03
  -2.1619362e-01  -1.2398532e-01   3.7105478e-01   2.6826763e-03  -8.9496263e-05  -4.7356253e-03
  -2.1263521e-01  -6.6796525e-02   4.1125119e-01   1.8397155e-03   1.0211908e-03  -3.9594800e-03
  -1.7978035e-01  -2.3984201e-02   2.9926478e-01   1.8491157e-03   1.9101146e-03  -2.0800133e-03
  -1.3043061e-01  -2.7367096e-02   2.3284858e-01   2.0495577e-03   2.1138319e-03  -1.8804641e-03
  -1.3463273e-01  -1.1666979e-02   2.6646727e-01   1.3918691e-03   2.7846788e-03  -1.6805558e-03
