   0.0000000e+00   0.0000000e+00  -1.7763568e-15   0.0000000e+00   0.0000000e+00   0.0000000e+00
  -5.0513961e-02  -4.7677680e-02   1.1166897e-01   2.3672810e-03   1.0592567e-03   1.3308485e-03
  -2.0486043e-01  -5.7589311e-02   4.8174561e-01   9.7679071e-03  -1.1581668e-04   5.5472214e-04
  -1.0236702e-01   1.0491216e-01   3.6353554e-02  -3.2300327e-03  -6.5242057e-04  -6.1818840e-04
  -1.3522900e-01   5.5371571e-02   3.2648622e-02  -1.7350773e-03   9.6958014e-04   9.4100223e-04
  -8.5648823e-02   1.2048774e-01  -1.2745907e-02  -3.2712791e-03   5.4824112e-04  -1.8558187e-04
  -8.6845665e-02   1.1350302e-01   4.6035877e-02  -2.9113756e-03   9.7010702e-04  -4.0913813e-04
  -7.6135688e-02   8.1249935e-02   1.0255202e-03  -2.9215537e-03   6.5188859e-04  -7.0643736e-04
  -8.6073112e-02   5.5238932e-02   3.4016889e-02  -2.3056263e-03   7.8076001e-04  -5.5064730e-04
  -8.9519140e-02   6.5347708e-02  -1.6692784e-02  -2.6988438e-03   8.3196599e-04  -9.1817913e-04
  -9.3052687e-02   9.1147381e-02  -9.6078938e-03  -2.0990783e-03   8.6895906e-04  -8.8727721e-04
  -9.3547083e-02   4.9822775e-02  -4.5099354e-02  -2.0346023e-03   8.4390177e-04  -9.8840053e-04
  -1.0002803e-01   6.9011514e-02  -3.5465133e-02  -2.2865541e-03   1.0334992e-03  -9.8530498e-04
  -9.7953757e-02   8.1999472e-02  -7.9516358e-02  -2.1598958e-03   8.4209851e-04  -1.1836865e-03
  -8.4798471e-02   5.8612325e-02  -6.6671675e-02  -1.7442312e-03   6.8885860e-04  -1.1143431e-03
  -9.0957599e-02   4.7540020e-02  -7.6275164e-02  -2.1889342e-03   7.2480038e-04  -1.2923382e-03
  -8.6146504e-02   7.0686925e-02  -2.8294832e-02  -1.6916336e-03   6.8794985e-04  -1.4857595e-03
  -1.0219462e-01   2.9970248e-02  -3.0891584e-02  -1.5157259e-03   8.6886253e-04  -1.6925991e-03
  -9.2954368e-02   7.2877274e-02  -1.3422925e-02  -2.0659830e-03   5.9635829e-04  -1.7952000e-03
  -9.9097084e-02   1.0179762e-01  -7.1854114e-02  -2.1621243e-03   6.4362389e-04  -1.7276452e-03
  -8.1064284e-02   7.3507010e-02  -3.3048573e-02  -2.1166904e-03   4.9752890e-04  -1.6781105e-03
  -9.4717052e-02   9.3077773e-02  -5.4096952e-02  -1.9259124e-03   6.1121938e-04  -1.7470955e-03
  -8.9309332e-02   6.7114990e-02   2.1944252e-02  -1.2312662e-03   4.0547198e-04  -1.6715391e-03
  -1.0616691e-01   8.6756809e-02  -3.0683605e-02  -2.0691009e-03   8.5395154e-04  -1.8513950e-03
  -1.0114926e-01   1.0600112e-01   5.8671420e-02  -1.6474062e-03   5.9555507e-04  -1.5260907e-03
  -1.2820572e-01   4.5593472e-03  -6.0434912e-03  -3.9986242e-04   1.2607278e-03  -1.7764222e-03
  -6.5309681e-02   8.8273233e-02   1.5748645e-01  -1.8978720e-03  -2.6246085e-04  -4.1711650e-03
  -1.9475783e-01   2.0477461e-01  -2.4242434e-01  -3.5329441e-03   8.3679854e-04  -1.8797741e-03
  -1.0366690e-01   2.4548933e-01  -5.8509403e-02  -4.6799675e-03   2.1799310e-03  -3.5817301e-03
  -5.3107058e-02   3.6913551e-01  -6.5858899e-02  -1.1930331e-02   1.7820672e-03  -3.4942232e-03
  -9.1558448e-02   3.8557270e-01  -2.5322492e-01  -1.3358718e-02   2.0335832e-03  -3.8415650e-03
  -4.3185330e-02   3.7091097e-01  -7.6379005e-02  -1.2802553e-02   1.5265600e-03  -4.4446028e-03
  -8.3030290e-02   3.1116970e-01  -1.2500432e-01  -1.2449557e-02   2.2669504e-03  -4.3951468e-03
  -6.2816613e-02   3.3055652e-01  -4.1924665e-02  -1.2013426e-02   1.8747644e-03  -4.3767770e-03
  -8.2047653e-02   2.2085856e-01  -1.0964372e-01  -1.0595212e-02   2.2178256e-03  -4.3408409e-03
  -8.3227412e-02   1.9850852e-01  -1.0715640e-01  -1.0129942e-02   2.3284251e-03  -4.4051184e-03
  -1.0578216e-01   2.2905032e-01  -1.5670592e-01  -9.4909834e-03   2.4478680e-03  -4.2093458e-03
  -1.0055697e-01   1.7351222e-01  -1.4209167e-01  -9.2362633e-03   2.3424258e-03  -4.0496446e-03
  -1.1152367e-01   2.5952993e-01  -2.2313285e-01  -9.9132673e-03   2.4914212e-03  -4.1340932e-03
  -1.0858033e-01   2.6290269e-01  -2.1478290e-01  -9.5644760e-03   2.3819276e-03  -4.0651671e-03
  -1.1759142e-01   2.1924354e-01  -2.2937657e-01  -9.3471984e-03   2.4995933e-03  -4.1143420e-03
  -1.2322665e-01   2.3039471e-01  -2.0955044e-01  -9.1826701e-03   2.6641609e-03  -4.0716445e-03
  -1.3540791e-01   2.5340244e-01  -2.1679021e-01  -9.2006129e-03   2.7793076e-03  -4.3362226e-03
  -1.5085478e-01   2.1998981e-01  -1.8254161e-01  -8.5511960e-03   2.8765978e-03  -4.2393149e-03
  -1.6077943e-01   1.9723324e-01  -2.1861953e-01  -8.8301336e-03   3.0863114e-03  -4.3150628e-03
  -1.4404719e-01   2.4011355e-01  -2.0703047e-01  -8.8921793e-03   3.0935165e-03  -4.5576815e-03
  -1.6595035e-01   2.5645635e-01  -2.4975116e-01  -9.2799571e-03   3.2439120e-03  -4.4605017e-03
  -1.6111618e-01   2.0933631e-01  -1.9806404e-01  -8.4120639e-03   3.1908922e-03  -4.4535059e-03
  -1.7525327e-01   2.4568141e-01  -2.4384692e-01  -8.7016341e-03   3.5278989e-03  -4.6291998e-03
  -1.5634978e-01   2.2329939e-01  -1.7093882e-01  -6.5214361e-03   3.3488927e-03  -4.4406714e-03
  -1.6536490e-01   2.1214769e-01  -1.4396444e-01  -6.4096288e-03   3.0715767e-03  -3.6384035e-03
  -1.6652525e-01   1.6518692e-01  -2.1032362e-01  -7.2121301e-03   2.9612996e-03  -3.7760389e-03
  -1.7992675e-01   2.3425592e-01  -1.9520562e-01  -7.4093749e-03   2.9899191e-03  -3.8385449e-03
  -1.4143726e-01   3.2291798e-01  -1.9129549e-01  -9.9321937e-03   2.5228838e-03  -4.2429237e-03
  -1.3791447e-01   2.1337170e-01  -1.8733539e-01  -8.5003537e-03   2.8863486e-03  -4.3896066e-03
  -1.5355002e-01   2.8264897e-01  -1.8927876e-01  -8.9452880e-03   3.0030123e-03  -4.1547885e-03
  -1.6060111e-01   2.0018151e-01  -1.7125607e-01  -7.6880696e-03   3.3027699e-03  -4.1501944e-03
  -1.7548259e-01   1.9612773e-01  -1.1335275e-01  -7.5723248e-03   3.3270479e-03  -4.3423869e-03
  -1.3359437e-01   1.9231988e-01  -2.8951130e-01  -7.5294003e-03   2.3049904e-03  -4.5431768e-03
  -1.1884311e-01   1.2509199e-01  -3.4316921e-01  -8.0849584e-03   2.0532711e-03  -4.8879450e-03
  -1.3054265e-01   2.2474966e-01  -2.9807562e-01  -7.9266569e-03   2.2636273e-03  -5.1657527e-03
  -1.2430616e-01   1.7490317e-01  -2.3273478e-01  -6.7208845e-03   1.7268107e-03  -5.3400298e-03
  -1.2874386e-01   1.8562404e-01  -1.9580464e-01  -6.5925052e-03   1.7452314e-03  -5.4925811e-03
  -1.5167802e-01   1.6862870e-01  -1.4730395e-01  -5.2623209e-03   2.0429990e-03  -5.1490181e-03
  -6.1799637e-02   3.9138030e-01  -3.8143209e-01  -1.3365979e-02   8.4148283e-04  -6.2385185e-03
   6.4730085e-02   6.8700298e-01  -8.7352733e-01  -2.6266090e-02  -1.0345109e-03  -8.9723197e-03
  -6.6114587e-03   5.6828849e-01  -9.0182759e-01  -2.4753291e-02  -1.4196611e-03  -6.7821547e-03
  -2.3676531e-03   5.0686227e-01  -9.2531352e-01  -2.4716095e-02  -8.9674407e-04  -7.4674613e-03
  -4.3552723e-02   4.5798727e-01  -8.5770928e-01  -2.2231133e-02  -6.2324018e-04  -6.8451421e-03
  -4.1909792e-02   4.8631663e-01  -8.5929317e-01  -2.2984553e-02  -6.0549188e-04  -7.2100452e-03
  -6.4572260e-02   4.4918135e-01  -7.9805057e-01  -2.1556011e-02  -4.7004551e-04  -6.7099483e-03
  -2.9211930e-02   3.0987114e-01  -7.2258769e-01  -1.8798940e-02  -2.1919769e-04  -6.8172387e-03
  -4.1485039e-02   2.9608201e-01  -6.4878896e-01  -1.6330064e-02  -4.8727308e-05  -6.9326965e-03
  -7.8180936e-02   3.0620546e-01  -7.1241379e-01  -1.6820471e-02   1.6890711e-04  -6.5016391e-03
  -7.3563920e-02   3.2803358e-01  -6.8375899e-01  -1.5077304e-02   4.0106731e-04  -6.6096031e-03
  -6.0697875e-02   2.7397655e-01  -6.8463696e-01  -1.4541183e-02   2.8522733e-04  -6.6445658e-03
  -5.3194933e-02   2.3492064e-01  -5.8301474e-01  -1.1025980e-02   1.6628356e-04  -6.5565136e-03
  -7.1557991e-02   1.9882206e-01  -3.8192125e-01  -8.1562859e-03   7.0710526e-04  -6.1030157e-03
  -4.5123230e-02   1.7695437e-01  -4.7438400e-01  -7.7840213e-03  -7.1582836e-05  -5.9089311e-03
  -5.4316850e-02   1.7564995e-01  -4.7891397e-01  -8.1577051e-03  -1.0702473e-05  -6.6158950e-03
  -3.4690143e-02   2.4666423e-01  -4.4382394e-01  -8.9817239e-03  -6.0145689e-06  -7.3835010e-03
  -6.9496071e-02   2.2718602e-01  -4.5578557e-01  -9.3296179e-03   5.0521628e-04  -7.1924835e-03
  -6.6323379e-02   2.1742308e-01  -4.3149210e-01  -8.6626589e-03   4.2242426e-04  -7.2926242e-03
  -8.3419812e-02   2.1504788e-01  -4.4563907e-01  -9.4525463e-03   4.1255315e-04  -7.0558311e-03
  -8.4989810e-02   2.0164619e-01  -4.0843846e-01  -8.9091408e-03   2.9709359e-04  -6.8156769e-03
  -8.4325493e-02   2.2487449e-01  -4.4413450e-01  -9.2755450e-03   5.1791815e-04  -6.9656335e-03
  -8.2270569e-02   2.2950227e-01  -4.8815789e-01  -9.6103217e-03   4.0030883e-05  -6.7333052e-03
  -1.1790974e-01   2.4667207e-01  -4.8683627e-01  -9.8642535e-03   9.0545781e-04  -6.6763464e-03
  -1.2486291e-01   2.3229365e-01  -4.7500692e-01  -9.0495513e-03   5.6511761e-04  -6.4716985e-03
  -9.1966554e-02   3.9851475e-01  -6.5939844e-01  -1.4247943e-02   1.5731259e-03  -7.1253391e-03
  -1.4894089e-01   2.8593573e-01  -7.9470618e-01  -1.4929361e-02   1.9004806e-03  -6.8824703e-03
  -1.8033341e-01   2.5829976e-01  -6.9035570e-01  -1.2586974e-02   1.5476228e-03  -6.2815013e-03
  -1.8522833e-01   2.9549552e-01  -6.4802569e-01  -1.2106624e-02   1.8897614e-03  -6.4854524e-03
  -1.6427918e-01   2.7349896e-01  -6.4378664e-01  -1.1388582e-02   1.6262827e-03  -6.5841923e-03
  -1.5382254e-01   3.0028672e-01  -6.1858961e-01  -1.2088126e-02   1.8349606e-03  -6.8179187e-03
  -1.2689290e-01   2.9958323e-01  -6.3763506e-01  -1.2017786e-02   1.5983863e-03  -7.2179959e-03
  -8.6898946e-02   2.5959063e-01  -6.8724489e-01  -1.2838797e-02   1.1278873e-03  -7.3917911e-03
  -9.9268676e-02   2.9180109e-01  -7.1788157e-01  -1.2907215e-02   1.1657838e-03  -7.3015688e-03
  -8.9855373e-02   2.6654013e-01  -7.1559902e-01  -1.2313390e-02   1.0318979e-03  -7.1861532e-03
  -7.7359119e-02   2.1750851e-01  -6.3960642e-01  -1.1204908e-02   8.5514032e-04  -6.7965885e-03
  -4.4804029e-02   2.5268474e-01  -7.4532128e-01  -1.3097539e-02   7.6004190e-04  -6.7388705e-03
  -4.1592863e-02   2.6770610e-01  -8.0012036e-01  -1.3419452e-02   5.1122664e-04  -6.6708802e-03
  -2.0764178e-02   2.1838078e-01  -8.2741619e-01  -1.3725513e-02   3.2328589e-04  -6.8661735e-03
  -2.5639558e-02   3.4985535e-01  -8.1695333e-01  -1.6117407e-02   5.2438269e-04  -6.6685292e-03
  -2.3549831e-02   4.2285474e-01  -7.6726770e-01  -1.7174789e-02   5.0382350e-04  -7.2461533e-03
  -1.5011186e-02   3.2530931e-01  -7.7606807e-01  -1.6815780e-02   4.0843628e-04  -7.0491424e-03
  -1.1646074e-02   3.6289337e-01  -8.0162202e-01  -1.6810017e-02   4.3925454e-04  -7.2602424e-03
  -3.8951269e-02   3.4977865e-01  -8.1344796e-01  -1.6173935e-02   4.7609517e-04  -6.9632100e-03
  -1.2644599e-02   3.4724005e-01  -7.9441637e-01  -1.6271566e-02   3.5061136e-04  -7.4615351e-03
  -2.8141942e-02   3.0056835e-01  -7.5866560e-01  -1.5547249e-02   4.7755366e-04  -7.1574002e-03
  -5.2402692e-02   3.3809373e-01  -7.7216025e-01  -1.6062432e-02   6.2207409e-04  -7.1694567e-03
  -2.8871574e-02   2.9249324e-01  -8.2214090e-01  -1.5314671e-02  -3.4698081e-04  -6.1977562e-03
  -3.3400896e-02   1.9971354e-01  -8.8511744e-01  -1.3997194e-02  -3.3316904e-04  -6.5269040e-03
  -1.6161050e-02   3.4150227e-01  -9.7762300e-01  -1.6464366e-02  -5.2807735e-04  -7.0492425e-03
  -1.2654706e-01   2.9834670e-01  -9.0550582e-01  -1.5855292e-02   1.1169258e-04  -6.2179131e-03
  -1.5437675e-01   3.6467563e-01  -8.3488962e-01  -1.5936440e-02   3.2663839e-04  -6.5977534e-03
  -1.4824189e-01   3.8536615e-01  -7.8407351e-01  -1.5854282e-02   2.2593564e-04  -6.5723657e-03
  -1.9106234e-01   2.9812632e-01  -7.5679950e-01  -1.5481842e-02   6.5160717e-04  -6.5991793e-03
  -1.8663235e-01   3.3738547e-01  -7.6043195e-01  -1.5692644e-02   6.7153362e-04  -6.7445793e-03
  -1.9367916e-01   3.1142615e-01  -7.8157317e-01  -1.5299800e-02   7.3013340e-04  -6.7616408e-03
  -2.0593200e-01   3.3953316e-01  -8.2416652e-01  -1.5793080e-02   7.0473550e-04  -6.6126721e-03
  -2.1116152e-01   3.5824432e-01  -8.5437496e-01  -1.5499167e-02   6.0190528e-04  -6.4693928e-03
  -2.1808157e-01   2.8851707e-01  -7.8800111e-01  -1.4455658e-02   8.4014229e-04  -6.5197743e-03
  -1.9666727e-01   3.0342737e-01  -7.7308106e-01  -1.3646722e-02   1.1735270e-03  -6.0258481e-03
  -1.9097446e-01   3.2003995e-01  -7.0219852e-01  -1.3085419e-02   1.1302163e-03  -6.2018328e-03
  -2.0665327e-01   3.0699833e-01  -6.8065222e-01  -1.2680065e-02   1.4572901e-03  -6.1036788e-03
  -7.1300961e-02   4.9181979e-01  -7.5509040e-01  -1.8201776e-02   7.4567655e-04  -6.8581477e-03
  -4.9754129e-02   5.0971210e-01  -8.0415100e-01  -2.0607799e-02   2.2720720e-04  -7.0097635e-03
  -5.6553377e-02   4.4038414e-01  -8.6618501e-01  -1.9981892e-02   8.4255260e-05  -6.6978158e-03
