   0.0000000e+00   0.0000000e+00   0.0000000e+00  -2.7755576e-17  -8.6736174e-19  -2.4074124e-35
  -9.4754598e-04   1.5969151e-02   3.4189027e-02  -6.6613739e-04  -4.9833675e-06   2.5072870e-04
   1.0860444e-02  -2.3851856e-02   7.0661192e-02  -3.3612102e-04  -2.3695431e-04   5.3109060e-04
   9.9469415e-03   4.4244273e-02   2.8221419e-02  -4.6663225e-04  -1.2967800e-04   5.4701554e-04
   5.6801156e-03  -1.7160606e-02   8.1648583e-02  -1.7993385e-05  -3.6746582e-04   5.6895230e-04
   6.0828405e-03   1.1546825e-02   4.9519096e-02   2.7689009e-04  -3.4342732e-04   5.7784540e-04
   9.0294683e-03   1.0543274e-03   4.7421784e-02  -6.7545534e-04  -5.8536349e-04   3.7864852e-04
   5.3752064e-03   6.0257541e-03   4.2865032e-02  -8.7163810e-05  -5.6947534e-04   3.1070697e-04
   7.0918094e-03   1.9263821e-02  -7.8213201e-03  -3.5432900e-04  -6.7335049e-04   4.2495235e-04
   5.8670562e-03  -1.0695432e-02   6.1409329e-02  -7.7990532e-05  -3.7337522e-04   2.8157506e-04
  -3.7957097e-03   3.8339319e-02   2.3815929e-02   9.5600148e-05  -4.9866962e-04   2.6870112e-04
  -1.8425149e-02   5.3072780e-02   4.0948465e-02  -2.0995823e-04  -5.4541137e-04   2.8439766e-04
  -2.2707824e-02   1.3438078e-02   4.8084524e-02  -5.1234410e-04  -6.2574513e-04   3.3329464e-04
  -2.1620810e-02   5.2464246e-02   3.8626563e-02  -4.3390880e-04  -5.4675759e-04   4.3112799e-04
  -2.3596594e-02   4.1739834e-02   1.8076681e-03  -8.0118967e-04  -7.9563453e-04   3.9120523e-04
  -1.6065512e-02   8.5373357e-03   4.2496436e-02  -9.1662033e-04  -6.3659235e-04   4.6594918e-04
  -2.1896331e-02   5.3765217e-02   6.6918919e-03  -5.5767666e-04  -8.0143242e-04   2.5639694e-04
  -2.2455332e-02   2.5374931e-02   2.2578973e-02  -9.7326776e-04  -4.1787363e-04   3.3418588e-04
  -2.3599993e-02   2.6368518e-02   2.2460917e-02  -8.7807857e-04  -2.4896964e-04   2.1284064e-04
  -2.9970795e-02   3.6508880e-02   4.5432664e-03  -8.6597078e-04  -5.3018614e-04   2.0376758e-04
  -3.4237572e-02   1.6517304e-02   3.9916048e-02  -1.0143206e-03  -7.2686505e-04   2.9723356e-04
  -3.3397430e-02   5.9791535e-02   4.0310112e-02  -6.3960546e-04  -5.4064737e-04   2.7532403e-04
  -2.7970281e-02   4.1677231e-02   1.1212614e-02  -1.0539104e-03  -7.9485086e-04   2.9221223e-04
  -3.2199312e-02   4.0198717e-02   4.2809600e-02  -1.0237858e-03  -5.0793555e-04   4.6888091e-04
  -2.9986006e-02   6.0793511e-02   1.0975269e-02  -3.2083023e-04  -1.1354400e-03   3.9673383e-04
  -2.1588397e-02   3.6746703e-02   3.0587548e-02  -6.5951113e-04  -1.1580190e-03   5.4442796e-04
  -9.6896881e-03   3.8178775e-02  -4.6783495e-03  -4.8663411e-04  -1.2836169e-03   4.7506739e-04
  -9.8138764e-03   8.2867600e-02  -1.0284562e-02  -1.0126921e-03  -9.8182163e-04   6.1432990e-04
  -3.1568678e-02  -4.1081364e-03  -1.8091896e-02  -1.3759658e-03  -2.0355486e-03   9.1668797e-05
  -2.8044196e-02   5.6656349e-02   4.5831182e-03  -1.2027527e-03  -1.4484874e-03   2.8774569e-04
  -3.6680781e-02  -2.0725462e-02   2.4829720e-02  -1.0836592e-03  -2.1695373e-03  -1.0665331e-04
  -1.6518121e-02   3.7400812e-02   8.4276871e-03  -2.0509146e-04  -9.2139051e-04   4.1113951e-04
  -2.8049296e-01  -2.4837294e-02  -3.2729004e-02  -2.0412133e-03  -7.6111605e-03  -8.0999448e-03
  -3.0737942e-01  -2.9076190e-02   2.5596710e-02  -1.4832768e-03  -1.0398410e-02  -9.7072418e-03
  -2.5846703e-01   3.7928108e-02  -1.6778507e-02  -1.2471840e-03  -8.2553491e-03  -8.3932846e-03
  -2.3697725e-01   9.3291338e-03  -2.5015576e-02  -1.6838026e-03  -8.6585306e-03  -7.9709247e-03
  -2.1233139e-01   5.4676488e-03  -1.5031879e-02  -1.2577077e-03  -7.8154495e-03  -7.2437625e-03
  -2.2783897e-01   3.2355512e-02  -2.2214463e-02  -1.2410965e-03  -8.2305722e-03  -7.5741928e-03
  -2.1561069e-01  -2.3781761e-02  -1.0667196e-02  -1.5024046e-03  -7.8761309e-03  -7.2361669e-03
  -2.0085699e-01  -3.8883804e-04  -1.7750356e-02  -1.2832883e-03  -7.9605617e-03  -7.1081838e-03
  -2.0192805e-01   1.2424207e-02  -3.7231483e-02  -8.3453663e-04  -7.7174852e-03  -7.0811829e-03
  -2.0161857e-01  -4.9674295e-04  -3.5983327e-02  -1.2617152e-03  -7.7954336e-03  -6.9089119e-03
  -2.1228604e-01   2.9093842e-02  -3.5053062e-02  -8.6274385e-04  -7.7531987e-03  -6.9024696e-03
  -2.0381120e-01   2.2689759e-02  -5.2508886e-02  -1.2494807e-03  -7.8073058e-03  -6.7618898e-03
  -1.9038484e-01  -6.4155887e-03  -2.4483289e-02  -1.2157426e-03  -7.7445773e-03  -6.4661488e-03
  -1.8774765e-01   4.4126757e-02  -5.5596338e-02  -9.9918390e-04  -7.6123640e-03  -6.4526952e-03
  -1.8630409e-01   1.5402025e-02  -7.8405246e-02  -1.0841230e-03  -7.7883941e-03  -6.6362208e-03
  -1.8456426e-01   1.7395542e-02  -4.0759116e-02  -9.1332040e-04  -7.6415431e-03  -6.3742794e-03
  -1.9800764e-01   4.5246004e-02  -4.2908170e-02  -8.7915250e-04  -7.8061880e-03  -6.4242482e-03
  -1.7811128e-01   3.5869427e-02  -9.7873656e-02  -8.9129682e-04  -7.4636111e-03  -6.2529779e-03
  -1.5557309e-01   7.7769281e-03  -4.8590391e-02  -1.3240232e-03  -7.2904387e-03  -5.8976338e-03
  -8.7066123e-03   6.0069256e-02  -1.1127169e-01  -4.9991786e-04  -3.4581576e-03  -1.8757079e-03
   1.2170098e-02   3.3957489e-02  -1.4566419e-01  -1.6628798e-04  -2.6774181e-03  -1.4278402e-03
   4.4810556e-02   6.6656078e-02  -6.8487190e-02  -2.5655986e-04  -2.0131020e-03  -7.9763093e-04
   3.4186869e-02   8.5767333e-02  -1.0511038e-01   2.2040777e-04  -1.8591343e-03  -7.4932079e-04
   7.9634788e-03   1.3168916e-02  -6.6795037e-02   1.5392960e-04  -2.6289755e-03  -1.4654575e-03
  -5.6430827e-03   6.4353634e-02  -4.2229880e-02   1.0428504e-03  -2.7660017e-03  -1.7188238e-03
  -1.6353428e-02   4.3588243e-02  -2.3871409e-02   6.4441386e-04  -2.8963546e-03  -2.1596357e-03
  -9.3196790e-03   4.3517145e-02  -2.2943150e-03   1.1498857e-03  -2.5906156e-03  -1.9640688e-03
  -6.8930452e-03   8.7257612e-02  -3.9751473e-02   1.2138609e-03  -2.8753949e-03  -2.0619293e-03
  -4.6664246e-03   4.5871683e-02  -1.7290220e-02   1.4386118e-03  -2.5129622e-03  -1.9336149e-03
  -1.5757276e-02   9.7367829e-02  -3.5212157e-02   1.5886323e-03  -2.5800211e-03  -2.0497976e-03
  -1.5339415e-02   4.9777110e-02  -4.1516510e-02   1.1689111e-03  -2.5322349e-03  -1.9492508e-03
   3.1559365e-03   7.1221304e-02  -4.5935142e-02   1.1459802e-03  -2.6361722e-03  -1.8809535e-03
  -1.8069149e-02   9.6501612e-02  -6.9774989e-02   1.4256861e-03  -2.6426618e-03  -2.1174379e-03
  -2.2256953e-02   6.7232933e-02  -3.6459038e-02   1.2880378e-03  -2.7174338e-03  -2.1939094e-03
   1.7695972e-03   9.2127868e-02  -4.8221954e-02   1.6266005e-03  -2.5446464e-03  -1.9006440e-03
  -2.3503535e-03   9.4344942e-02  -7.0992506e-02   1.6237740e-03  -2.5322891e-03  -1.9615931e-03
  -8.9939267e-03   5.4381488e-02  -5.4397234e-02   1.2892280e-03  -2.5683166e-03  -1.9829700e-03
   2.9381906e-03   8.5680687e-02  -4.9671964e-02   1.8737132e-03  -2.5833751e-03  -1.8028744e-03
   1.1077784e-02   1.0149417e-01  -5.3952443e-02   1.8791174e-03  -2.5701409e-03  -1.9616275e-03
   7.7664893e-03   6.0390201e-02  -5.0243515e-02   1.4750755e-03  -2.4297247e-03  -1.9248581e-03
   6.8128198e-04   9.0381874e-02  -3.9718410e-02   1.4289781e-03  -2.3177667e-03  -1.8477562e-03
  -1.0704149e-02   9.4114224e-02  -8.1222493e-02   1.6427716e-03  -2.6056684e-03  -1.9680265e-03
  -9.5147938e-03   8.8014372e-02  -2.4383473e-02   1.5235994e-03  -2.8951215e-03  -1.6633600e-03
   2.7945011e-02   9.7104115e-02  -8.7557969e-02   1.3269166e-03  -2.3129061e-03  -1.0238104e-03
   1.3444505e-02   1.0216813e-01  -9.1240888e-02   2.0168258e-03  -2.6772948e-03  -1.1003770e-03
   1.5016709e-02   7.1305125e-02  -3.2128915e-02   1.8163100e-03  -2.5738311e-03  -1.2090760e-03
   1.9461806e-02   8.5291733e-02  -8.5646033e-02   1.0348605e-03  -2.5061883e-03  -1.3239772e-03
   3.7041250e-02   4.6039832e-02  -7.4999268e-02   1.4633102e-03  -2.4386230e-03  -1.1200026e-03
   1.5150036e-02   4.0268747e-02  -6.9202323e-02   1.0917489e-03  -2.6408536e-03  -1.2706430e-03
  -1.4579037e-02   1.1483047e-01  -5.6398304e-02   1.7102605e-03  -2.3195069e-03  -1.4371863e-03
  -2.8059591e-02   7.6580302e-02  -7.9075903e-02   1.0733172e-03  -2.8087506e-03  -1.6873210e-03
  -8.6329819e-04   7.2964021e-02  -3.2115454e-02   1.4177816e-03  -2.4686556e-03  -1.5458630e-03
  -2.5671507e-02   9.6675209e-02  -5.6783002e-02   1.3856482e-03  -2.8341547e-03  -2.1767486e-03
  -1.5125338e-02   8.9259191e-02  -7.4405268e-02   1.2413714e-03  -2.1305159e-03  -1.7560165e-03
  -9.3163866e-02   6.6953024e-02  -4.6290540e-02   1.1594552e-03  -4.8035463e-03  -3.5102537e-03
  -2.1847010e-01   6.4696949e-02  -5.8246604e-02   6.8854438e-04  -6.8613534e-03  -7.5482790e-03
  -1.4311147e-01   6.4956466e-02  -8.9035230e-02   1.1120917e-03  -5.4853988e-03  -6.4292074e-03
  -1.4814764e-01   3.0307928e-02  -5.4802987e-02   1.3299478e-03  -5.9875207e-03  -6.4840459e-03
  -1.3387902e-01   7.5704678e-02  -4.6235054e-02   1.3846698e-03  -5.3573413e-03  -6.0670489e-03
  -1.3574473e-01   9.6005873e-02  -5.7126249e-02   1.5530970e-03  -5.3895458e-03  -5.9230429e-03
  -1.2385891e-01   5.6166107e-02  -5.4591746e-02   1.4528855e-03  -5.0919496e-03  -5.6085787e-03
  -1.2895679e-01   9.8492287e-02  -6.7727912e-02   1.3488967e-03  -5.2738160e-03  -5.4964938e-03
  -1.1893306e-01   8.6577194e-02  -9.1920074e-02   1.6711417e-03  -5.3216769e-03  -5.6083355e-03
  -1.2925439e-01   7.6181188e-02  -5.6937648e-02   1.2962723e-03  -5.3738278e-03  -5.6759023e-03
  -1.3133547e-01   9.0680046e-02  -7.0354535e-02   1.8031157e-03  -5.2175270e-03  -5.6438224e-03
  -1.3859961e-01   9.5751460e-02  -8.9233018e-02   1.3373122e-03  -5.5914042e-03  -5.7913869e-03
  -1.4042623e-01   7.4506525e-02  -7.0301649e-02   1.1221164e-03  -5.7083787e-03  -5.6512504e-03
  -1.4366854e-01   1.4367925e-01  -5.7111759e-02   1.7726050e-03  -5.7322590e-03  -5.5853011e-03
  -1.2799710e-01   4.8313536e-02  -1.1857770e-01   1.6700977e-03  -5.8511367e-03  -5.7557459e-03
  -1.2665941e-01   8.0896505e-02  -5.5771079e-02   1.3651555e-03  -6.0095533e-03  -5.6148090e-03
  -1.4509746e-01   9.1146211e-02  -9.4698939e-02   1.3390083e-03  -6.1195683e-03  -5.8424512e-03
  -1.3687334e-01   3.4905187e-02  -8.0305130e-02   1.0619136e-03  -6.0319536e-03  -5.8030772e-03
  -1.4985901e-01   5.8001382e-02  -7.3396198e-02   1.3796165e-03  -6.1635897e-03  -5.8703877e-03
  -1.4017922e-01   8.0375433e-02  -7.1098607e-02   1.3849937e-03  -6.0358824e-03  -5.8760141e-03
  -1.4613105e-01   3.9995970e-02  -3.7677990e-02   1.3369495e-03  -6.3440628e-03  -6.2795326e-03
  -1.2713005e-01   9.4729776e-02  -8.0856063e-02   1.3493645e-03  -5.7705901e-03  -5.9022298e-03
  -1.4251811e-01   7.9669719e-02  -1.0883888e-01   1.1917358e-03  -6.3823103e-03  -6.4671767e-03
  -1.3883743e-01   5.8978808e-02  -6.1902073e-02   1.1058524e-03  -5.5602500e-03  -6.0370020e-03
  -2.9914277e-01   6.7083220e-02  -1.2349545e-01   2.3872509e-04  -9.1290173e-03  -9.5417926e-03
  -3.5417897e-01   9.9554908e-03  -2.3642269e-01  -9.4361688e-04  -1.1642464e-02  -1.3028357e-02
  -2.8860894e-01   2.0981401e-02  -1.6778957e-01   5.9318105e-04  -9.7082329e-03  -1.1442165e-02
  -2.9958678e-01   6.6720187e-02  -1.7557247e-01   6.8522984e-04  -1.0023791e-02  -1.1681676e-02
  -2.8379603e-01   6.8266112e-02  -1.7099124e-01   1.0686199e-03  -9.5591317e-03  -1.1165284e-02
  -2.8378916e-01   3.4337498e-02  -1.4877921e-01   6.4021489e-04  -9.7592214e-03  -1.1358795e-02
  -2.6952344e-01   1.0136676e-01  -1.7641942e-01   1.1348432e-03  -9.2499745e-03  -1.0777194e-02
  -2.6389089e-01   4.9988635e-02  -1.8256910e-01   5.9298519e-04  -9.4433524e-03  -1.0693211e-02
  -2.6453659e-01   8.8063090e-02  -1.4224139e-01   8.5144126e-04  -9.2705641e-03  -1.0394812e-02
  -2.6359085e-01   9.3408693e-02  -1.6819686e-01   6.9788404e-04  -9.6093687e-03  -1.0685812e-02
  -2.4747677e-01   4.8845176e-02  -1.5056396e-01   8.8751640e-04  -9.1810568e-03  -1.0655814e-02
  -2.2963682e-01   6.9100865e-02  -1.6148355e-01   7.6135424e-04  -9.3822116e-03  -1.0461758e-02
  -2.2562193e-01   8.5233693e-02  -1.6954536e-01   1.9072798e-03  -9.3443584e-03  -1.0523443e-02
  -2.2133763e-01   6.6371381e-02  -1.2240268e-01   1.5012031e-03  -9.4020210e-03  -1.0226096e-02
  -2.1958828e-01   1.0311004e-01  -1.4343807e-01   7.7031472e-04  -9.3438622e-03  -1.0042830e-02
  -2.2158504e-01   6.0648714e-02  -1.5684404e-01   1.2566188e-03  -9.4026344e-03  -1.0423262e-02
  -2.1462939e-01   3.4187967e-02  -1.2821914e-01   3.6837129e-04  -9.3777638e-03  -1.0070849e-02
  -2.1458559e-01   8.6426597e-02  -1.7439652e-01   9.1249683e-04  -9.3016571e-03  -9.7092870e-03
  -1.7756508e-01   5.0019822e-02  -1.6460008e-01   7.5489380e-04  -8.4072798e-03  -8.6840156e-03
