   0.0000000e+00   0.0000000e+00   4.4408921e-16   0.0000000e+00   0.0000000e+00   0.0000000e+00
  -4.0520592e-03  -2.4207188e-03   3.8004710e-02  -9.2763264e-04  -8.3057731e-05  -1.2088730e-04
  -8.6197553e-03  -1.2053681e-03   7.9350008e-02  -9.3753309e-04   7.1849819e-06  -5.0771249e-05
  -4.5519450e-03   1.2831924e-02   5.3772883e-02  -1.4056584e-03  -2.2034365e-04  -3.3128043e-05
   1.9792434e-03   3.7293645e-02   3.3236359e-02  -1.8269179e-03  -2.4176262e-05  -1.6351465e-04
  -2.0323704e-02   6.7165030e-02   1.2907349e-02  -1.8754090e-03  -8.0535362e-05   2.1198299e-04
  -2.9026848e-02   2.9333509e-02   1.8888593e-02  -1.2851553e-03  -4.9835754e-05   1.3612037e-04
  -1.9828314e-02   4.6415965e-02  -4.6625674e-04  -1.6162286e-03  -1.9843752e-04   1.9661751e-04
  -3.5036404e-02   8.3461610e-02  -1.3782180e-02  -1.8273142e-03  -3.4537832e-05   2.3831680e-04
  -3.7318264e-02   9.3964264e-02  -4.3252119e-02  -1.9632091e-03   7.7163292e-05   6.7306352e-05
  -6.7973919e-02   7.7381126e-02  -8.1655559e-02  -2.4871924e-03   1.9694871e-04   5.7111718e-04
  -6.9441525e-02   1.1181235e-01  -9.8974778e-02  -2.7506696e-03   1.8063588e-04   5.4463315e-04
  -6.8898201e-02   9.8375014e-02  -9.5500668e-02  -2.9861590e-03   2.3414740e-04   5.9570747e-04
  -6.1780440e-02   8.9791174e-02  -7.5116354e-02  -2.6942397e-03   1.5021770e-04   5.4761877e-04
  -6.8740252e-02   9.9817009e-02  -1.3202417e-01  -3.2616877e-03   3.0522205e-04   4.8022213e-04
  -7.2334281e-02   1.0018862e-01  -1.3646174e-01  -3.1068181e-03   1.6096799e-04   7.4350756e-04
  -7.3019417e-02   1.1693323e-01  -1.4399845e-01  -3.2120705e-03   2.2049740e-04   6.1416008e-04
  -7.0602542e-02   1.3266734e-01  -1.6579032e-01  -3.4363874e-03   5.6185756e-04   4.3791847e-04
  -8.1134156e-02   1.2478597e-01  -1.5167958e-01  -3.4707227e-03   5.2725130e-04   5.5934765e-04
  -7.8514165e-02   1.0017859e-01  -1.4770734e-01  -3.4321686e-03   2.7657081e-04   5.2468262e-04
  -8.9113628e-02   1.2378451e-01  -1.5873660e-01  -3.5862482e-03   4.9438230e-04   5.8476890e-04
  -7.8062701e-02   1.4247536e-01  -1.6611772e-01  -4.0138770e-03   3.0556817e-04   5.4337242e-04
  -8.6400581e-02   1.1890897e-01  -1.4986791e-01  -3.7559555e-03   2.5691126e-04   7.6864922e-04
  -8.1248355e-02   1.3652478e-01  -1.7618626e-01  -4.1962979e-03  -6.4814271e-05   7.1855532e-04
  -8.6278211e-02   1.9844680e-01  -1.7880825e-01  -4.0503561e-03  -8.3771945e-05   7.1745573e-04
  -6.4463062e-02   1.5999622e-01  -1.4021813e-01  -3.4480292e-03  -4.0442472e-04   7.8714916e-04
  -6.7651238e-02   1.0908641e-01  -1.2094792e-01  -4.0661979e-03  -8.1027488e-04   1.0599931e-03
  -6.9637626e-02   1.4722174e-01  -1.4266509e-01  -4.2076909e-03  -8.0248352e-04   1.0932733e-03
  -6.9067959e-02   1.3915206e-01  -1.2192248e-01  -4.4005240e-03  -5.4316590e-04   9.7541089e-04
  -6.4800594e-02   1.4461009e-01  -1.0571244e-01  -4.3135580e-03  -5.9487977e-04   9.8181720e-04
  -6.1086282e-02   1.2706733e-01  -1.0630383e-01  -4.3533825e-03  -5.7948932e-04   9.4412094e-04
  -8.0332171e-02   1.4224630e-01  -1.4659342e-01  -4.2688914e-03  -2.0952584e-04   8.7101905e-04
  -7.5306472e-02   1.3910719e-01  -1.6348964e-01  -4.3040983e-03  -2.1055130e-04   6.7181095e-04
  -7.5317924e-02   1.3803606e-01  -1.7404214e-01  -4.0362174e-03  -3.3788819e-04   6.1294118e-04
  -7.6761409e-02   1.2622984e-01  -1.7479069e-01  -4.2519603e-03  -4.2832779e-04   6.4850545e-04
  -8.0675267e-02   1.6012837e-01  -2.0128722e-01  -4.4988533e-03  -1.4908144e-04   6.5008106e-04
  -9.2848870e-02   1.5316626e-01  -2.0365974e-01  -4.8398438e-03  -1.1823070e-04   7.8706208e-04
  -8.3514142e-02   1.6501493e-01  -2.0989385e-01  -4.6908982e-03   2.2617584e-05   4.2731864e-04
  -8.6706186e-02   1.7691545e-01  -2.0720065e-01  -4.9733127e-03  -1.5414446e-04   6.4373295e-04
  -9.2462518e-02   1.8171365e-01  -2.2297711e-01  -5.2505982e-03  -1.0889660e-05   8.0405215e-04
  -9.2684960e-02   1.8109236e-01  -2.2003914e-01  -5.5312238e-03  -1.2920062e-04   8.8852215e-04
  -9.5255993e-02   1.8310538e-01  -2.0784086e-01  -5.3657311e-03  -2.8520458e-04   9.2423054e-04
  -9.2613593e-02   1.6816404e-01  -1.9469027e-01  -5.4511767e-03  -2.2892411e-04   7.6766788e-04
  -9.3386387e-02   1.9167573e-01  -2.2046109e-01  -5.4176840e-03  -3.3181506e-04   9.1773407e-04
  -1.0332415e-01   1.9943173e-01  -2.0908861e-01  -5.5178386e-03  -2.6605964e-04   9.1428961e-04
  -1.0815051e-01   1.8330656e-01  -2.2810266e-01  -5.3575860e-03  -3.8477225e-04   1.0932628e-03
  -1.0083410e-01   1.7902307e-01  -2.1921846e-01  -5.4552401e-03  -4.1417312e-04   8.4804543e-04
  -1.0923113e-01   1.6771801e-01  -2.2278170e-01  -5.0533915e-03  -3.1335192e-04   8.9218681e-04
  -1.1550790e-01   1.7886825e-01  -2.2167649e-01  -5.5242295e-03  -1.3416633e-04   9.1028062e-04
  -9.3622442e-02   1.6510478e-01  -2.3056132e-01  -5.1665597e-03  -3.0283586e-04   8.4991157e-04
  -8.9551001e-02   2.1319985e-01  -1.6149162e-01  -5.8246752e-03  -6.2054409e-04   1.1399473e-03
  -9.6771868e-02   1.2813967e-01  -2.7653110e-01  -4.4669154e-03  -4.6788506e-04   1.0393822e-03
  -6.7679806e-02   1.0586876e-01  -1.9122679e-01  -2.5086060e-03   4.6656756e-04  -7.4521598e-05
  -1.0009860e-01   1.5393455e-01  -1.4037046e-01  -3.7380502e-03   5.7547263e-04   4.3295572e-04
  -7.5505323e-02   1.1510521e-01  -1.4742570e-01  -3.7776954e-03   2.6165512e-05   6.4736589e-04
  -1.0570329e-01   1.7885035e-01  -1.6230550e-01  -3.9454191e-03   4.4075763e-04   6.2587268e-04
  -1.0150835e-01   1.6312266e-01  -1.9462112e-01  -3.9729903e-03   4.0494272e-04   4.9554656e-04
  -1.1247939e-01   1.4928752e-01  -2.1811717e-01  -4.4635545e-03   7.3634369e-04   5.0732246e-04
  -9.8855201e-02   1.7822777e-01  -2.3957554e-01  -4.8470286e-03   7.9745703e-04   2.5921226e-04
  -9.1804629e-02   1.7799933e-01  -2.1674388e-01  -4.5601837e-03   9.0588815e-04   2.6180403e-04
  -1.0279138e-01   1.6479105e-01  -2.3553206e-01  -4.7897201e-03   1.0982863e-03   5.1866908e-04
  -1.0665348e-01   1.7136499e-01  -2.2653635e-01  -4.9947030e-03   1.0237298e-03   6.3312125e-04
  -1.0418991e-01   1.5769901e-01  -2.2895150e-01  -4.9257074e-03   1.0024670e-03   7.4133235e-04
  -9.7039345e-02   1.7550925e-01  -2.3529414e-01  -5.2879129e-03   9.9871596e-04   6.8635947e-04
  -1.0314868e-01   1.9951744e-01  -2.4053380e-01  -5.5590360e-03   9.1737364e-04   7.9115400e-04
  -9.7395629e-02   1.7467471e-01  -2.0338245e-01  -5.0434953e-03   8.0334285e-04   6.8854446e-04
  -8.6435476e-02   1.8382807e-01  -2.5285542e-01  -5.5632179e-03   7.8873008e-04   3.9006642e-04
  -9.7283886e-02   1.7595825e-01  -2.5506207e-01  -5.4824274e-03   8.2751060e-04   8.0582503e-04
  -9.8505189e-02   1.9553678e-01  -2.7665638e-01  -6.0466568e-03   9.2041760e-04   6.6695242e-04
  -1.0624001e-01   1.8019429e-01  -2.4873077e-01  -5.6273964e-03   7.6703957e-04   8.8945264e-04
  -1.0266149e-01   1.6230818e-01  -2.3609908e-01  -5.4288440e-03   9.0414911e-04   7.8905817e-04
  -1.0319094e-01   2.1023745e-01  -2.6715116e-01  -5.7900856e-03   9.0855654e-04   8.4793064e-04
  -9.8197485e-02   1.9351955e-01  -2.6899099e-01  -5.5286220e-03   1.0613656e-03   5.3078867e-04
  -1.1265879e-01   1.7759246e-01  -2.5574045e-01  -4.9560096e-03   9.0942305e-04   1.0470913e-03
  -9.5341266e-02   1.2575470e-01  -1.7206051e-01  -3.6705880e-03   4.1996655e-04   1.3594574e-03
  -8.6968654e-02   1.6711164e-01  -2.3283599e-01  -5.1258638e-03   8.7811048e-04   7.9408986e-04
  -8.9263851e-02   1.8639811e-01  -2.7777561e-01  -5.7802131e-03   5.7727591e-04   1.1023810e-03
  -8.1421084e-02   1.9793481e-01  -2.4085033e-01  -5.6598504e-03   3.0479778e-04   1.0668787e-03
  -7.6146181e-02   2.2888691e-01  -2.4614349e-01  -5.4626971e-03   3.4734578e-04   8.4528585e-04
  -8.3638737e-02   1.9990348e-01  -2.0303471e-01  -5.2418523e-03   5.9068118e-04   8.7079932e-04
  -9.7468686e-02   2.1728488e-01  -2.3664740e-01  -5.2783134e-03   1.1072797e-03   7.9755119e-04
  -1.0946560e-01   1.8722900e-01  -2.6452509e-01  -5.1888837e-03   1.2972065e-03   8.6605891e-04
  -1.0893644e-01   2.2829876e-01  -3.0366047e-01  -5.5149288e-03   1.7797792e-03   5.9189574e-04
  -1.2317267e-01   1.6490760e-01  -2.7433686e-01  -5.2170131e-03   1.7269208e-03   9.8517923e-04
  -1.2110167e-01   2.0507979e-01  -3.0172398e-01  -5.4942577e-03   1.9540170e-03   7.7812617e-04
  -1.3453101e-01   2.0747475e-01  -3.0357208e-01  -5.6153263e-03   1.9830685e-03   9.5323160e-04
  -1.2768304e-01   1.7324530e-01  -2.9339045e-01  -5.4537734e-03   2.0123853e-03   8.0444124e-04
  -1.3996586e-01   2.0565845e-01  -3.1265390e-01  -5.7840607e-03   2.1953580e-03   8.6137978e-04
  -1.3932307e-01   2.1652751e-01  -3.1876077e-01  -5.8536979e-03   2.3438211e-03   9.3057992e-04
  -1.4716363e-01   1.6989415e-01  -2.7874687e-01  -5.1315670e-03   2.3029353e-03   9.9897384e-04
  -1.3078055e-01   1.9111202e-01  -2.7891730e-01  -5.2418766e-03   2.1144985e-03   7.8806547e-04
  -1.3120308e-01   1.9378482e-01  -2.9601368e-01  -5.6016338e-03   2.3426104e-03   5.0968665e-04
  -1.3992952e-01   1.9558943e-01  -3.0140842e-01  -5.4389620e-03   2.3542232e-03   8.1008171e-04
  -1.4081275e-01   1.9701947e-01  -3.0112430e-01  -5.5171252e-03   2.4355880e-03   8.1638037e-04
  -1.4130710e-01   1.8200192e-01  -2.8382072e-01  -5.3305331e-03   2.4319800e-03   8.8243972e-04
  -1.4258463e-01   1.7753836e-01  -2.8829688e-01  -5.1497193e-03   2.5919336e-03   7.9090812e-04
  -1.4982722e-01   1.7827475e-01  -2.7308032e-01  -5.0915190e-03   2.6625216e-03   9.3248692e-04
  -1.4871597e-01   1.9375498e-01  -2.9740963e-01  -5.2401402e-03   2.5386059e-03   1.0085070e-03
  -1.3449061e-01   1.9456860e-01  -2.8530877e-01  -5.4031309e-03   2.3316993e-03   1.0709312e-03
  -1.0700279e-01   1.6982514e-01  -2.4105553e-01  -5.5151936e-03   1.7258585e-03   1.1238392e-03
  -1.2244831e-01   2.0896348e-01  -2.4953223e-01  -6.1002531e-03   1.9769288e-03   1.3417463e-03
  -1.1732146e-01   1.7642852e-01  -2.3888778e-01  -5.7508298e-03   1.8318347e-03   1.4287787e-03
  -1.2013424e-01   2.0653528e-01  -2.3992477e-01  -5.8766219e-03   2.0147407e-03   1.4108378e-03
  -1.3469151e-01   1.6778839e-01  -2.3420397e-01  -5.7280485e-03   2.0527215e-03   1.6181323e-03
  -1.8383062e-01   2.9740112e-01  -1.7240304e-01  -6.3638211e-03   3.8766272e-03   1.1461341e-03
  -1.8021312e-01   1.5598706e-01  -2.0420992e-01  -5.9099652e-03   5.0133315e-03   1.3441210e-03
  -1.7516785e-01   1.8376523e-01  -2.7143715e-01  -5.7824909e-03   5.0440580e-03   1.6022902e-03
  -1.7899145e-01   1.7586012e-01  -2.8503085e-01  -5.3662646e-03   5.2024766e-03   1.7810005e-03
  -1.8819482e-01   1.6305972e-01  -3.0158402e-01  -5.4165547e-03   5.5040265e-03   1.8783186e-03
  -1.8036752e-01   1.2908720e-01  -2.3357406e-01  -4.2054485e-03   5.1954357e-03   1.8679059e-03
  -1.5692625e-01   5.2377311e-02  -2.4740192e-01  -2.7752995e-03   5.1233382e-03   1.8887949e-03
  -1.8702643e-01   2.0393508e-01  -3.2293580e-01  -4.9735552e-03   6.1482450e-03   1.9217320e-03
  -1.8933018e-01   1.3942495e-01  -3.1736695e-01  -4.5638104e-03   5.6974455e-03   2.1739268e-03
  -1.9257242e-01   1.8739051e-01  -3.4892936e-01  -5.3123041e-03   5.7938713e-03   2.2657932e-03
  -1.7822824e-01   1.9101541e-01  -3.8777758e-01  -5.5007175e-03   5.6667975e-03   2.1250074e-03
  -1.8370188e-01   1.6194550e-01  -3.7705910e-01  -5.1719589e-03   5.5950378e-03   2.1701345e-03
  -1.7482785e-01   1.8267015e-01  -3.8709653e-01  -5.1569628e-03   5.6550424e-03   1.9769271e-03
  -1.8213786e-01   1.7984363e-01  -3.9401431e-01  -5.4202662e-03   5.9120121e-03   1.9334931e-03
  -1.8698222e-01   1.6310293e-01  -3.7939552e-01  -5.0369594e-03   5.8400854e-03   2.0435305e-03
  -1.9233999e-01   1.5485863e-01  -3.9992363e-01  -5.2695215e-03   6.0815960e-03   2.0546411e-03
  -1.8960286e-01   1.6791190e-01  -4.1800876e-01  -5.0957773e-03   5.9495852e-03   1.9880641e-03
  -1.9559515e-01   1.7418224e-01  -4.2380631e-01  -5.4053189e-03   6.0644390e-03   2.0918349e-03
  -1.9988396e-01   1.4478778e-01  -3.7904553e-01  -4.2892721e-03   5.9429788e-03   2.4533054e-03
  -1.8176041e-01   9.7721435e-02  -2.8564775e-01  -3.4176482e-03   5.5286842e-03   2.5661948e-03
  -1.7480047e-01   1.4655771e-01  -3.1934886e-01  -4.6827886e-03   5.2949188e-03   2.3745645e-03
  -1.7278012e-01   1.8564240e-01  -3.2716309e-01  -4.8992469e-03   5.3925912e-03   2.3143536e-03
  -1.7363531e-01   1.7623959e-01  -2.9787409e-01  -4.6970230e-03   5.2311752e-03   2.3449885e-03
  -1.9238967e-01   1.9276577e-01  -3.0634076e-01  -4.8005548e-03   5.2119525e-03   2.5439918e-03
  -1.8198059e-01   1.9877542e-01  -3.1966695e-01  -4.9183417e-03   5.0276181e-03   2.4912750e-03
