   0.0000000e+00   0.0000000e+00   0.0000000e+00   0.0000000e+00   0.0000000e+00   0.0000000e+00
   1.5413951e-03  -2.8558106e-02   5.8081882e-02   7.3419182e-04  -1.0073590e-04  -6.6393456e-05
   2.9276481e-03  -2.3950700e-02   4.4265354e-02   6.1015492e-04  -1.4338108e-04  -1.1884488e-04
   7.1714140e-03  -2.3405245e-02   5.1817818e-02   4.2633165e-04  -1.3822464e-04  -2.1984609e-04
   9.7650073e-03  -2.0766838e-02   4.8119610e-02   6.2393899e-04   2.1221282e-05  -3.3822356e-04
   5.4801233e-03  -1.9710672e-02   4.1974565e-02   1.2689966e-04  -2.1168292e-05  -3.4540114e-04
  -6.5276824e-03  -2.3430422e-02   3.5187806e-02  -2.1983079e-04   1.3765013e-04  -1.4484528e-04
  -1.4774447e-02  -4.0718808e-03  -2.5995623e-02  -8.2880016e-04   1.6765283e-04  -1.7343894e-04
  -1.2028034e-02   5.9756868e-03  -2.9699866e-03  -6.9320221e-04  -5.3831166e-06  -2.8611569e-04
  -1.5811361e-02   1.2951154e-02   2.7723939e-03  -4.9497417e-04   1.9608860e-04  -4.5909479e-04
  -2.0954460e-02   1.8370169e-02   1.0310349e-02  -4.9559019e-04   2.3934757e-04  -5.7503830e-04
  -2.3545386e-02   8.8758861e-03   2.4845257e-02  -8.8299271e-04   3.4346148e-04  -6.7212335e-04
  -2.0611943e-02   1.1015582e-02   2.8290409e-02  -4.3826787e-04   4.3575061e-04  -7.9167670e-04
  -2.1338507e-02   8.8771268e-03   1.9540862e-02  -6.0518689e-04   4.1503553e-04  -8.1753829e-04
  -1.9622438e-02  -9.1703386e-04   9.0156597e-03  -6.5678316e-04   2.3393261e-04  -7.2574960e-04
  -2.8312937e-02   7.3913580e-03   1.2529745e-02  -7.3517506e-04   3.7452484e-04  -7.5832633e-04
  -2.3273948e-02   1.8581413e-03   1.4696955e-02  -9.8080410e-04   4.3098741e-04  -7.9394410e-04
  -2.2078491e-02   3.2667118e-03  -1.3725660e-02  -1.0072989e-03   2.2718383e-04  -7.7719351e-04
  -2.2950681e-02   2.4265830e-02   3.2020280e-03  -8.9756870e-04   2.3223106e-04  -8.2575642e-04
  -2.9198200e-02   2.6923804e-02  -3.6837870e-02  -1.1504264e-03   3.2242495e-04  -7.7203161e-04
  -3.9594504e-02   1.9925587e-02  -1.0822921e-02  -1.2334958e-03   1.8951500e-04  -1.1050970e-03
  -3.9784644e-02   2.4974958e-02  -1.6257105e-02  -9.2099004e-04   2.8738384e-04  -1.3606652e-03
  -3.8790128e-02   5.9036364e-02  -3.8203443e-02  -9.5162763e-04   2.6952506e-04  -1.0941559e-03
  -3.7149556e-02   4.1001103e-02  -1.3529592e-02  -4.6194994e-04   3.9669969e-04  -1.0085251e-03
  -4.2106241e-02   6.1936704e-02  -3.6151134e-02  -1.1565359e-03   2.0710037e-04  -1.0886853e-03
  -1.8817539e-02   3.4801212e-02  -5.2592313e-02  -1.2237925e-03   2.1037880e-04  -1.0163853e-03
  -2.0304145e-02   3.0858174e-02  -6.3591912e-03  -5.7632275e-04   4.7629910e-04  -1.0993132e-03
  -1.2843111e-02   4.3171588e-02  -5.1056279e-02  -9.2552146e-04   2.1665099e-04  -1.1803895e-03
  -3.1315510e-02   5.2928145e-02   1.1573693e-02  -6.2692892e-04   3.1746668e-04  -9.7342622e-04
  -2.0771701e-02   2.8009578e-02   2.7187619e-02  -3.2700421e-05   2.9505057e-04  -9.6078730e-04
  -2.4897295e-02   2.6191087e-02  -3.8022227e-02  -1.5654858e-03   1.5046437e-04  -1.0207179e-03
  -2.2593284e-02   2.5387410e-02  -1.4312740e-02  -1.1749886e-03   4.2279126e-04  -1.0642863e-03
  -1.6488231e-02   5.1134443e-02  -6.5640044e-02  -1.3100375e-03   1.9723618e-04  -1.1672770e-03
  -2.7389734e-02   6.2363501e-02  -2.6532741e-02  -7.8516011e-04   3.5311471e-04  -1.1225292e-03
  -2.0395071e-02   5.5000313e-02  -1.7172937e-02  -8.0931501e-04   2.0324364e-04  -1.2504488e-03
  -2.5058118e-02   5.1764796e-02   3.1224519e-04  -7.1371488e-04   2.1606273e-04  -1.1819633e-03
  -2.3120018e-02   5.1932772e-02   1.4529255e-02  -1.3683577e-04   3.9202119e-04  -1.3013730e-03
  -1.8404916e-02   6.5325997e-02  -1.1667590e-02  -6.7685193e-04   2.3741878e-04  -1.3108903e-03
  -2.8143044e-02   5.6045167e-02   3.3205085e-02  -6.1745364e-04   5.6983786e-04  -1.2405268e-03
  -2.0580641e-02   7.1614703e-02  -1.6176433e-02  -7.6705672e-04   3.5725298e-04  -1.1907152e-03
  -2.2926592e-02   6.9308470e-02  -1.4706796e-02  -9.0035553e-04   2.2880314e-04  -1.2977941e-03
  -2.4974365e-02   4.3997866e-02  -4.1885608e-02  -6.5215699e-04   3.3627057e-04  -1.3553228e-03
  -1.7585264e-02   8.8532115e-02  -5.9338373e-02  -7.2974104e-04   2.3766259e-04  -1.3183773e-03
  -2.6006400e-02   7.7247180e-02  -2.5121016e-02  -3.2836420e-04   3.2931904e-04  -1.2904532e-03
  -2.6986492e-02   1.0486277e-01   5.9230927e-03  -2.4482806e-04   4.0517282e-04  -1.1286951e-03
  -2.4992488e-02   8.8540269e-02   3.1592994e-02   1.4419171e-04   3.1469572e-04  -1.1087316e-03
  -3.6048642e-02   1.0241910e-01  -5.3865169e-02  -9.1637360e-04   1.9519597e-04  -1.2986076e-03
  -4.9853696e-02   7.7792600e-02  -1.0038639e-02  -2.7026894e-04   2.9583403e-04  -1.3486005e-03
  -4.8590614e-02   9.8419780e-02   3.1471804e-02  -1.0109590e-04   3.7369257e-04  -1.2499563e-03
  -4.0886349e-02   1.1343306e-01  -7.0932673e-02  -9.4307079e-04  -8.9553822e-06  -1.2278379e-03
  -2.9001762e-02   7.6318901e-02  -4.9033065e-02  -1.0044708e-03   1.3621968e-04  -1.3050683e-03
  -2.4007925e-02   1.0674651e-01  -1.6035273e-02  -8.6633286e-04  -1.4582139e-04  -1.2856417e-03
  -1.8780294e-02   1.1568458e-01  -6.6657871e-02  -1.4856286e-03  -7.6559345e-05  -1.3518593e-03
  -7.6312711e-03   8.2415471e-02   1.9554211e-03  -3.8204321e-04  -4.3697608e-07  -1.4119490e-03
  -1.2508251e-02   9.3473983e-02  -2.8454781e-02  -7.8068480e-04  -1.1912093e-04  -1.2705132e-03
  -1.3002478e-02   8.2245938e-02   4.3632568e-02  -6.3087627e-04  -2.2665997e-05  -1.3106386e-03
  -2.3825517e-02   6.3245919e-02   2.0319542e-02  -4.2840448e-04   1.1755050e-04  -1.2347963e-03
  -2.1786321e-02   8.9684956e-02  -3.4081500e-02  -9.6823441e-04  -2.2408895e-04  -1.2556962e-03
  -2.3179018e-02   9.7973714e-02   2.2176040e-03  -9.1115587e-04  -1.5440252e-04  -1.3751583e-03
  -2.2526060e-02   8.7864295e-02  -3.8873648e-03  -5.7171501e-04  -4.4491730e-05  -1.3825843e-03
  -3.0176808e-02   9.8808251e-02  -1.6005007e-02  -9.6668116e-04   5.0615949e-05  -1.3430104e-03
  -2.0296017e-02   8.2378752e-02   1.3055127e-03  -5.5138782e-04   1.3656007e-04  -1.4939488e-03
  -2.0840712e-02   1.0215837e-01  -6.5578912e-04  -6.2296895e-04   3.9348798e-06  -1.4981083e-03
  -1.8101870e-02   8.1761997e-02  -8.4048435e-03  -5.3168724e-04  -5.8608840e-05  -1.4891747e-03
  -2.3668200e-02   1.1023057e-01  -5.7135325e-02  -1.3713366e-03  -1.4691487e-04  -1.4297811e-03
  -1.8929453e-02   1.0027543e-01  -4.2652930e-02  -1.3615324e-03  -1.1915287e-05  -1.3466787e-03
  -2.0188992e-02   1.0863246e-01  -5.2394624e-02  -1.1812417e-03  -2.9749113e-05  -1.3914972e-03
  -1.9774387e-02   1.3524093e-01  -7.9636765e-02  -8.9562030e-04  -9.5528570e-05  -1.4134221e-03
  -1.5273260e-02   1.2922562e-01  -9.3195950e-03  -5.6246409e-04   1.4094678e-04  -1.5113090e-03
  -2.4184579e-02   1.4302715e-01  -6.0109364e-02  -1.0794227e-03  -5.9921620e-05  -1.4032510e-03
  -2.0378345e-02   1.0689505e-01  -8.3597589e-02  -1.3354154e-03   2.4190127e-05  -1.4903826e-03
  -1.4715641e-02   1.1780637e-01  -7.2043739e-02  -8.0510961e-04   9.6412699e-05  -1.5764090e-03
  -1.3263129e-02   1.5085516e-01  -1.2028901e-01  -1.1492619e-03  -3.2223142e-05  -1.5358261e-03
  -1.5833121e-02   1.4085808e-01  -3.2338517e-02  -9.1318127e-04   1.2886958e-04  -1.4512869e-03
  -1.2937673e-02   1.4069672e-01  -5.7448639e-02  -8.9045988e-04  -9.4977780e-05  -1.4776014e-03
  -8.1717547e-03   1.4831124e-01  -6.3741850e-02  -1.3557810e-03  -4.0025564e-04  -1.4232480e-03
  -1.2986378e-02   1.4306194e-01  -3.4301828e-02  -4.2400251e-04  -2.4868000e-04  -1.3809548e-03
  -1.2747878e-03   1.7886131e-01  -5.6618639e-02  -8.5589128e-04  -2.5572065e-04  -1.3530113e-03
  -5.5937751e-03   1.4620498e-01  -1.6890806e-02  -3.6128156e-04  -8.1233828e-05  -1.3148685e-03
  -1.8751319e-02   1.4500197e-01  -9.6119391e-02  -2.0503304e-03  -5.2343459e-04  -1.2825844e-03
  -2.1639439e-02   1.2220909e-01  -7.2111409e-02  -9.6401861e-04  -1.2167662e-04  -1.4511768e-03
  -7.4081874e-03   1.4595566e-01  -1.1644673e-01  -1.3460682e-03  -2.6837511e-04  -1.5249795e-03
  -1.1226616e-02   1.5350050e-01  -8.0275889e-02  -8.3707895e-04  -2.1365841e-04  -1.5723030e-03
  -1.3007297e-02   1.5351974e-01  -2.8588121e-02  -6.4213989e-04  -1.4919610e-04  -1.5480266e-03
  -1.9523824e-02   1.5030066e-01  -4.3964506e-03  -2.0230934e-05  -2.1685989e-05  -1.4527357e-03
  -2.3134500e-02   1.5498578e-01  -9.4797592e-03  -4.3280417e-04   1.0465476e-04  -1.3719648e-03
  -1.5256513e-02   1.6755711e-01  -9.4516123e-02  -1.0920968e-03  -1.1977865e-04  -1.3729859e-03
  -1.9778642e-02   1.7539854e-01  -2.1989760e-03  -9.2634166e-05  -1.1126504e-06  -1.4694097e-03
  -2.7587735e-02   1.7044008e-01  -3.8847332e-02  -7.8162998e-04  -7.8338456e-05  -1.5326891e-03
  -1.7863912e-02   1.6376964e-01  -5.5338392e-02  -5.9604837e-04  -2.7255474e-06  -1.5751490e-03
  -1.5560804e-02   1.7428253e-01  -2.4436583e-02  -3.7388848e-05   5.2633545e-05  -1.5896751e-03
  -1.8992208e-02   1.9371198e-01  -8.3086814e-02  -4.2881714e-04   2.9541593e-05  -1.5774009e-03
  -1.6344613e-02   1.9455907e-01  -6.5801599e-03   1.9834849e-05   2.4511314e-04  -1.4683229e-03
  -4.8444354e-03   1.9199813e-01  -8.2786057e-03   4.4108692e-04   1.1533985e-04  -1.4424614e-03
  -7.5068735e-03   2.0276161e-01  -3.3084228e-02  -3.0585853e-04  -8.7242198e-05  -1.4852553e-03
  -1.2272791e-02   1.8425986e-01  -1.4950412e-02  -2.5786253e-04   5.0981284e-05  -1.5064056e-03
  -1.0269668e-02   1.9721508e-01  -8.6021774e-02  -5.5848962e-04  -1.5808813e-04  -1.6403560e-03
  -9.5399511e-03   2.0437278e-01  -4.2490713e-02  -1.8965897e-04   1.0328406e-04  -1.6109715e-03
  -5.8507395e-03   2.2007392e-01  -5.9081239e-02  -4.1441175e-04  -3.1417043e-04  -1.5204500e-03
   4.5587761e-03   2.1030634e-01  -2.5067447e-02  -2.3737826e-04  -6.7550078e-04  -1.4250352e-03
  -6.4632862e-03   1.9352883e-01  -2.6690099e-02  -7.1186936e-04  -1.3931864e-04  -1.4417384e-03
  -2.3464367e-03   2.2485907e-01   2.8666171e-02   8.7435698e-04  -3.4952879e-04  -1.3807631e-03
  -5.4399112e-02   1.9497921e-01   2.0996084e-01   4.7764325e-03   3.6262854e-04  -6.0026458e-04
  -5.8792164e-02   1.8851813e-01   7.8022781e-02   2.5876777e-03   2.3330795e-04  -7.2066059e-04
  -5.6537909e-02   2.1295598e-01   8.1884430e-02   2.8696765e-03   4.5048831e-04  -1.0466248e-03
  -6.2608542e-02   2.1137605e-01   1.1612490e-01   3.5388143e-03   8.0272809e-04  -1.0988197e-03
  -5.3344375e-02   2.4207734e-01   1.1261133e-01   3.4964510e-03   7.9478387e-04  -1.1759802e-03
  -4.4263986e-02   2.3256730e-01   1.1803959e-01   3.0515414e-03   8.6633370e-04  -1.2301861e-03
  -4.9234191e-02   2.1643832e-01   1.0140539e-01   2.8353061e-03   8.0244717e-04  -1.3347415e-03
  -4.6257404e-02   2.3232928e-01   2.8780887e-02   2.5251314e-03   7.6598889e-04  -1.4013646e-03
  -4.0472475e-02   2.3988379e-01   9.5467831e-02   3.1386312e-03   8.8017907e-04  -1.5080506e-03
  -5.7145382e-02   2.6344078e-01   7.1696751e-02   3.2269909e-03   9.4757745e-04  -1.3801019e-03
  -5.2159221e-02   2.4307583e-01   1.2088659e-01   3.6974505e-03   1.0690176e-03  -1.4419794e-03
  -4.0358120e-02   2.6546282e-01   3.7651615e-02   2.9087118e-03   1.0771824e-03  -1.4663134e-03
  -4.1675324e-02   2.6287169e-01   1.7253563e-02   2.5238844e-03   9.8844020e-04  -1.5310898e-03
  -4.6601260e-02   2.3718304e-01   6.1209753e-02   2.6818877e-03   1.0776151e-03  -1.5389899e-03
  -3.1399248e-02   2.5889852e-01   3.9436717e-02   2.8210324e-03   8.3607740e-04  -1.5150289e-03
  -2.5070239e-02   2.7314630e-01   5.9790028e-02   2.7812129e-03   8.6974359e-04  -1.5891260e-03
  -3.4017679e-02   2.6666018e-01   9.8454207e-02   3.4969219e-03   1.1773359e-03  -1.6075363e-03
  -6.0081022e-02   2.7891286e-01   7.5426447e-02   2.5058636e-03   1.0595083e-03  -1.3542193e-03
  -4.3494290e-02   2.3186157e-01   3.8591738e-02   2.2504177e-03   9.3351082e-04  -1.7104283e-03
  -3.6425737e-02   2.7518150e-01   2.8157848e-02   2.4289974e-03   7.3990072e-04  -1.6868205e-03
  -3.7563353e-02   2.6410579e-01   6.2989857e-02   2.5952815e-03   9.8378461e-04  -1.6083634e-03
  -3.5090509e-02   2.7001284e-01   1.3012658e-01   2.9890318e-03   1.1882260e-03  -1.5777548e-03
  -2.4533242e-02   2.7740368e-01   5.0167748e-02   1.9152872e-03   7.1754472e-04  -1.5699000e-03
  -2.9131065e-02   2.6241700e-01   9.3239071e-02   2.5515146e-03   9.9171130e-04  -1.6168986e-03
  -2.3627001e-02   2.8513954e-01   8.4277880e-02   2.7760430e-03   1.0348633e-03  -1.5550264e-03
  -1.6756630e-02   2.7673502e-01   1.0569305e-01   2.6024087e-03   1.1447528e-03  -1.6748784e-03
  -1.5855255e-02   2.8195164e-01   1.3402923e-01   3.3206023e-03   1.2257169e-03  -1.7104880e-03
