   0.0000000e+00   0.0000000e+00   0.0000000e+00   0.0000000e+00   0.0000000e+00   0.0000000e+00
   3.8857159e-02  -3.5372089e-02  -3.2802808e-02  -1.6136790e-03  -1.0221103e-03   2.5539914e-04
   4.7426217e-03  -4.6837905e-03   9.5555389e-02  -4.5861404e-04  -1.6802114e-03   8.9164486e-04
  -3.2484842e-02   7.9426524e-03   1.5712860e-01   1.7166160e-03  -1.4725418e-03  -1.0991396e-05
  -1.3282059e-02  -5.0077786e-02   1.6131812e-01  -6.0105622e-04  -1.3771059e-03  -4.9255690e-05
  -4.2569620e-02  -3.0901485e-02   1.2763908e-01  -7.2062773e-04  -1.1086521e-03  -2.3082992e-04
  -5.0511762e-02  -3.4298708e-02   1.5846165e-01   4.7384437e-04  -1.3717091e-03  -3.3911354e-04
  -3.0650938e-02  -8.0269344e-02   1.2932594e-01  -9.0629298e-04  -1.7443200e-03  -2.1435278e-04
  -6.4963742e-02  -5.5823288e-02   2.6069060e-01  -7.3772174e-04  -2.3263007e-03  -5.1549536e-04
  -7.2292702e-02  -4.1895553e-02   1.0341469e-01  -7.2649481e-04  -2.1277780e-03  -9.0983528e-04
  -6.4299894e-02  -4.3920082e-02   2.2905612e-01   7.3594487e-04  -2.4403848e-03  -7.7335103e-04
  -7.0264867e-02  -1.5334271e-02   1.8877861e-01   3.2830844e-04  -1.9563008e-03  -6.8403972e-04
  -7.7064983e-02  -1.2625968e-02   2.9408170e-01   2.4591503e-03  -2.9351564e-03  -6.3350990e-04
  -9.7610923e-02   5.6490645e-02   1.9316575e-01   1.9377495e-03  -2.8209212e-03  -7.0334181e-04
  -1.1382633e-01   1.0985183e-01   5.7791978e-02   1.1970352e-04  -3.5224898e-03  -3.6278846e-04
  -9.0877322e-02   7.6999436e-02   1.1214849e-01   1.4813085e-03  -3.4941675e-03  -1.2308987e-04
  -9.9092638e-02   7.3708469e-02   1.7343565e-01   2.5463689e-03  -3.2959041e-03  -5.5869685e-04
  -7.6189558e-02   6.7360986e-02   1.7185172e-01   3.2087109e-03  -2.0586826e-03  -1.1145572e-03
  -7.0546930e-02   2.5167265e-03   1.4797177e-01   2.7729620e-03  -2.7736069e-03  -5.4348244e-04
  -6.4601678e-02   2.1880044e-02   1.8922348e-01   1.8272330e-03  -2.9981274e-03  -3.6847015e-04
  -5.8182346e-02   3.2582765e-02   2.7279684e-01   4.5303688e-03  -2.5537391e-03  -4.2484989e-04
  -5.4340348e-02   1.0862142e-01   2.3441865e-01   3.3352401e-03  -1.8277004e-03  -8.5485071e-04
  -4.6300462e-02   1.4572733e-01   2.1004114e-01   3.1971495e-03  -2.7540401e-03  -7.2360541e-04
  -4.2222435e-02   6.9930536e-02   6.8626793e-02   2.0677607e-03  -2.9995099e-03  -3.5944116e-04
  -4.5779473e-02   1.2615154e-01   2.0669106e-01   4.5255516e-03  -3.6011567e-03  -1.3298959e-04
  -5.1449834e-02   4.1930685e-02   6.9218281e-02   2.4138907e-03  -2.7079141e-03  -2.5964902e-04
  -6.2429824e-02   1.5194749e-01   3.8891954e-01   6.4178947e-03  -2.6457021e-03  -6.5643592e-04
  -2.1937288e-02   1.5622942e-01  -8.8100999e-01  -6.1250594e-03  -1.8904429e-03  -1.4019080e-03
  -8.1754502e-02   8.6185822e-02  -1.2774701e+00  -7.1170072e-03  -2.0880543e-03  -3.9259141e-04
  -8.2922501e-02   1.2944622e-01  -9.9274336e-01  -1.9830685e-03  -2.6944312e-03   1.5072782e-04
  -9.6290482e-02   1.1527004e-01  -1.0761693e+00  -4.6632944e-03  -2.2126985e-03  -8.4215900e-04
  -9.0410515e-02   1.3421151e-01  -8.6282186e-01  -1.6925207e-03  -3.4337121e-03  -5.8341575e-04
  -5.7225027e-02   1.7025828e-01  -5.1884843e-01   1.5211657e-03  -2.2439611e-03  -1.3421197e-03
  -3.8938794e-02   1.8371829e-01  -8.6595114e-02   6.1505306e-03  -8.4637578e-04  -2.7414524e-03
  -4.7595804e-02   1.8541237e-01  -6.5139498e-02   9.6311856e-03  -9.7362978e-04  -3.7679445e-03
  -6.5702622e-02   1.9636977e-01  -3.5586787e-01   4.9941540e-03  -2.5100887e-03  -3.2006784e-03
  -7.6467391e-02   2.0445693e-01  -5.1131817e-01  -1.0904152e-03  -2.6930673e-03  -2.5064327e-03
  -5.9590523e-02   2.6083646e-01  -3.7289529e-01   1.4238317e-03  -2.5471541e-03  -3.9589196e-03
  -1.3181805e-01   2.6129196e-01  -2.2140788e-01   1.8887323e-03  -1.8232191e-03  -4.9844133e-03
  -1.4257321e-01   2.3348534e-01  -3.3591994e-02   4.4597055e-03  -2.3577976e-03  -5.9389920e-03
  -1.0052193e-01   9.4602804e-02  -1.6600607e-01   2.8015676e-03  -2.5946434e-03  -6.9097198e-03
  -1.1187389e-01   1.1465699e-01  -5.1666651e-02   5.0031687e-03  -2.9546526e-03  -6.3642228e-03
  -1.3433727e-01   1.1726643e-01  -5.4833676e-02   5.0094357e-03  -3.6487188e-03  -6.8942388e-03
  -1.2003978e-01   1.7987533e-01   4.2511911e-02   5.6625321e-03  -2.8985330e-03  -6.7208191e-03
  -1.4596689e-01   1.3827261e-01   1.1728724e-01   7.4113974e-03  -2.3121495e-03  -6.7286331e-03
  -1.2552169e-01   1.3156928e-01   5.8140916e-02   7.3809721e-03  -2.3332863e-03  -7.3941908e-03
  -1.1430684e-01   1.3905513e-01   4.4830534e-01   8.9598101e-03  -3.0583004e-03  -7.3691534e-03
  -5.9615750e-02   1.3977829e-01   5.4846767e-01   9.8611969e-03  -2.5670821e-03  -7.0206327e-03
  -8.1982787e-02   1.1330644e-01   5.4760980e-01   9.8086574e-03  -3.6846277e-03  -6.1825380e-03
  -3.8359909e-02   1.4417192e-01   4.0790508e-01   9.4340437e-03  -2.1379685e-03  -7.1738060e-03
   1.6482446e-01   9.3142592e-02  -2.8410512e-01   6.8238019e-03  -1.6355730e-04  -7.9427997e-03
   1.4753802e-01   1.1789141e-01  -1.0936338e-01   6.1000139e-03  -8.4111843e-04  -3.2977632e-03
   1.6862905e-01   1.1708429e-01  -8.4005041e-02   3.3099844e-03   1.7844528e-04  -3.1938240e-03
   1.2527308e-01   1.6898319e-01  -6.3330066e-02   4.4051859e-03   7.8654934e-04  -2.3754475e-03
   1.1346606e-01   1.2788427e-01  -5.6464965e-02   3.3288314e-03  -5.8496934e-04  -1.8890335e-03
   6.1044455e-02   1.5360854e-01   9.6690329e-02   6.1945140e-03  -1.4786162e-03  -2.2439111e-03
   6.4408412e-02   9.8587138e-02   1.3618585e-03   4.1210454e-03  -1.9978569e-03  -2.3231570e-03
   5.3265309e-02   1.3734523e-01   1.0428543e-01   4.6523836e-03  -2.0362939e-03  -2.4799705e-03
   5.9617043e-02   1.5110402e-01   8.8996545e-02   5.4984233e-03  -1.5834178e-03  -2.7688085e-03
   6.6230894e-02   1.7705915e-01   2.5717477e-01   6.4961009e-03  -1.3501749e-03  -2.6456730e-03
   7.3512160e-02   1.6520744e-01   1.7330656e-01   7.0709567e-03  -1.4061335e-03  -3.0902607e-03
   8.8241295e-02   1.7676401e-01   2.7924150e-01   8.3841794e-03  -2.0405408e-03  -2.7993141e-03
   7.6386571e-02   1.7428420e-01   2.1279503e-01   7.3258237e-03  -1.9092374e-03  -3.4970863e-03
   5.2526467e-02   1.8236375e-01   2.3764070e-01   6.5124332e-03  -1.6543620e-03  -3.6789104e-03
   7.9486850e-02   1.6581807e-01   1.9664645e-01   5.6861130e-03  -2.2797048e-03  -3.3889102e-03
   9.3769565e-02   1.8148792e-01   3.0494048e-01   6.8647304e-03  -1.5247183e-03  -2.8409492e-03
   9.7574618e-02   1.8052292e-01   1.3578882e-01   5.0927415e-03  -1.1487223e-03  -2.7247466e-03
   1.3646749e-01   1.9974092e-01   2.3923456e-01   8.1927660e-03  -1.5879736e-03  -1.8770444e-03
   1.1206202e-01   2.2540618e-01   2.8907502e-01   9.2106219e-03  -7.6752786e-04  -3.2158740e-03
   1.0146650e-01   2.3670301e-01   4.1406375e-01   1.4748117e-02  -5.5863534e-04  -3.8381610e-03
   1.0040197e-01   2.6528579e-01   6.1655538e-01   1.8778309e-02   4.6600443e-04  -3.5251547e-03
   1.4648506e-01   2.4598537e-01   5.0570178e-01   1.5751010e-02  -3.3952797e-04  -2.2767131e-03
   1.6543310e-01   2.4216044e-01   5.7601903e-01   1.7455492e-02  -1.2202888e-03  -1.7500021e-03
   1.7623281e-01   3.0877937e-01   6.5522407e-01   1.4291568e-02  -2.8897343e-04  -1.1858548e-03
   1.3486783e-01   2.4157278e-01   5.3186149e-01   1.2126184e-02   5.6311389e-04  -1.7042700e-03
   1.9573385e-01   1.5828695e-01   5.6098158e-02   6.4172550e-03   3.2543590e-04  -1.7840669e-03
   2.0979192e-01   1.8928034e-01   3.9756796e-02   6.1141695e-03   1.2632872e-03  -1.5952973e-03
   2.2110349e-01   1.5789356e-01   1.7767426e-01   7.4659307e-03  -2.3771235e-05  -2.3325957e-03
   1.8003819e-01   2.1076675e-01   2.9012058e-01   8.4717430e-03   2.9000236e-04  -2.9702959e-03
   1.0735646e-01   2.6417517e-01   2.9790822e-01   9.1890980e-03  -1.5389551e-04  -3.2870115e-03
   8.7127096e-02   2.6528246e-01   3.5109397e-01   1.0742038e-02  -3.4494928e-04  -3.7099325e-03
   1.1921502e-01   2.3715834e-01   8.3250288e-02   7.8791268e-03  -4.3861565e-04  -3.3410047e-03
   1.1313300e-01   1.4663190e-01  -2.6598988e-02   5.2651061e-03  -6.3539370e-04  -2.2287686e-03
   1.5307438e-01   1.7036108e-01   1.1761911e-01   5.8233164e-03  -3.0616444e-04  -1.9714629e-03
   1.7282321e-01   2.0488798e-01   1.5728832e-02   6.2678306e-03  -6.2839550e-05  -1.6851999e-03
   1.3332748e-01   1.7624228e-01   4.0662636e-02   4.8044646e-03  -1.8393665e-03  -1.0109511e-03
   1.3654433e-01   1.7559000e-01   1.0306535e-01   7.3664755e-03  -9.8645971e-04  -1.6129512e-03
   1.5001211e-01   1.9416863e-01   1.4620028e-01   6.7730536e-03   6.7132972e-05  -1.8770708e-03
   2.1197489e-01   2.5244496e-01   1.9050894e-01   1.4517450e-02   2.0046597e-03  -1.5010490e-03
   2.7726657e-01   3.1151417e-01   5.5906484e-02   1.5008009e-02   2.5180174e-03   3.6191093e-04
   3.6086536e-01   1.8922796e-01   1.3328108e-01   2.0298056e-02   9.5098663e-04   9.2211223e-04
   3.2102182e-01   1.7719162e-01   2.2737908e-01   2.0381999e-02  -8.1577845e-04  -2.0215920e-05
   2.2464850e-01   1.3220322e-01  -1.8076666e-01   9.2816733e-03  -7.4389422e-04  -1.8277849e-04
   1.3989647e-01   1.7072586e-01  -1.6051393e-01   8.6331244e-03  -3.5368831e-03  -1.1000560e-03
   1.1666105e-01   1.5586177e-01  -1.5099875e-01   6.6272762e-03  -2.8717123e-03  -1.1048187e-03
   1.0275018e-01   1.6820945e-01   4.9513053e-02   1.1143454e-02  -2.9048748e-03  -2.0074598e-03
   9.5718623e-02   1.7955717e-01   6.2571690e-02   1.2230155e-02  -3.2188329e-03  -2.2459989e-03
   1.3094061e-01   2.4523637e-01   1.1010207e-01   1.1053686e-02  -2.7000596e-03  -2.5048111e-03
   1.1512644e-01   2.3730301e-01  -1.0610319e-01   6.6177256e-03  -1.5584345e-03  -2.4305963e-03
   1.5135299e-01   1.3808213e-01  -3.2996308e-01   3.4342272e-03  -1.6053031e-03  -7.0337713e-04
   1.7816936e-01   1.4844341e-01  -2.7255519e-01   4.8480879e-03  -9.2398508e-04  -1.0962268e-03
   1.4786223e-01   1.5273200e-01  -1.7204784e-01   6.9256956e-03  -8.7258530e-04  -1.3283721e-03
   1.2190470e-01   1.2277915e-01  -2.4842574e-01   3.1148918e-03  -2.5652969e-03  -5.4747276e-04
   1.5098734e-01   1.4808879e-01  -1.0328503e-01   6.1814263e-03  -1.2081853e-03  -6.8561575e-04
   1.5573568e-01   1.4538406e-01  -1.4133558e-01   7.5114268e-03   4.0535892e-05  -1.6030647e-04
   1.7273092e-01   1.4314951e-01  -1.0909107e-01   8.5464093e-03  -1.2711620e-03  -2.8853932e-04
   1.4301588e-01   1.6990544e-01  -9.5261146e-02   8.0158921e-03  -6.9898743e-04  -7.6082018e-04
   1.3449451e-01   1.8520569e-01  -1.5664646e-01   8.6784858e-03  -4.7428593e-04  -1.1432235e-03
   1.6363760e-01   1.4433864e-01  -1.0526234e-01   8.6623922e-03  -1.3898651e-03  -7.0575307e-04
   1.4613765e-01   1.9231294e-01  -2.0989189e-02   9.5011005e-03  -1.0658701e-03  -1.7328338e-03
   9.3996171e-02   3.5603314e-01  -2.7585718e-02   7.1970657e-03  -8.4231328e-04  -2.3674197e-03
   1.1415433e-01   3.2714122e-01  -7.8240847e-03   9.2843566e-03  -1.6937577e-03  -1.9334890e-03
   1.2638649e-01   3.4895167e-01   1.8271894e-02   8.3880217e-03  -2.3950246e-03  -1.6573583e-03
   1.2519527e-01   3.2729948e-01   9.3414193e-02   1.0995900e-02  -2.4075414e-03  -1.6850602e-03
   1.2042310e-01   3.0713711e-01   1.1127096e-01   1.0238784e-02  -1.5295242e-03  -1.5136411e-03
   1.1354683e-01   3.2920462e-01   6.1345046e-02   1.3968425e-02  -1.1474461e-03  -2.5174519e-03
   1.5330842e-01   3.0933695e-01   4.1904650e-02   1.6029447e-02   1.8027426e-04  -2.1231163e-03
   2.8688561e-01   4.9582962e-02   1.4067012e-01   2.4950833e-02   8.9033933e-04  -2.7323387e-03
   3.2718974e-01   1.7005498e-01  -8.7173763e-02   1.8550069e-02   6.1718424e-04  -2.4638160e-03
   2.7297286e-01   2.5421230e-01  -2.2382091e-01   1.4413335e-02   1.5869452e-04  -5.1735213e-04
   2.5764975e-01   2.0564084e-01  -2.0337984e-01   1.1213141e-02  -1.1535814e-04  -1.8537492e-03
   2.1320552e-01   1.9057882e-01  -2.1283995e-01   9.0123690e-03  -5.2072713e-04  -1.1718231e-03
   1.9387622e-01   2.0017758e-01  -8.5394172e-02   1.0008462e-02  -1.1072313e-03  -1.6396250e-03
   1.8131990e-01   1.9831114e-01  -6.1606231e-02   1.1062266e-02   3.8066316e-05  -2.3630417e-03
   1.7476218e-01   1.8783723e-01  -1.7329398e-01   9.9169115e-03  -3.8089937e-04  -2.4049582e-03
   2.0808311e-01   2.3095399e-01  -1.3335345e-01   1.0640564e-02   5.7083886e-05  -2.2952602e-03
   2.1293384e-01   2.3517411e-01  -1.9496630e-01   1.1335040e-02   2.6655930e-04  -2.1819259e-03
   2.0945586e-01   2.2467272e-01  -1.1771517e-01   1.1745071e-02  -8.0322096e-04  -1.9109710e-03
   1.9980993e-01   2.2865760e-01  -1.3979537e-01   1.1765510e-02  -3.9105702e-04  -1.9613782e-03
