   0.0000000e+00   0.0000000e+00   0.0000000e+00   0.0000000e+00   0.0000000e+00   0.0000000e+00
  -1.0654315e-02  -9.1257191e-03   2.0465242e-02  -2.5816253e-04   4.5714551e-04  -1.0742875e-04
  -1.7017987e-02  -3.2036508e-02   9.4031509e-02  -7.3848753e-04   1.9656867e-04   2.6394020e-04
  -4.6510826e-02  -1.9808535e-02   6.9574585e-02   1.7468689e-03   8.3941045e-04   1.3040874e-04
  -5.3912817e-02  -4.4273484e-02   8.6383850e-02   1.3298965e-03   8.4959811e-04   1.8365563e-04
  -4.6906224e-02  -3.0921208e-02   1.4668412e-01   4.4117807e-04   1.0797729e-03  -2.2831626e-04
  -7.5518713e-02  -1.4660970e-02   1.8539193e-01   1.6383082e-03   1.3521323e-03  -1.0708911e-03
  -6.8098631e-02  -6.7178272e-02   1.7843031e-01   4.4368518e-04   6.9003149e-04  -6.5698455e-04
  -7.4263944e-02  -4.1113994e-02   1.9685476e-01   1.4200861e-04   4.9507987e-04  -7.5896917e-04
  -8.0345204e-02  -2.5938757e-02   1.7310034e-01  -5.6994464e-04   5.0689596e-04  -7.5840017e-04
  -9.0927320e-02  -2.1667089e-02   2.1491023e-01   7.1357985e-04   4.5091042e-04  -7.5166072e-04
  -1.3646409e-01  -2.8221097e-02   3.2105708e-01   1.8819993e-03   2.2202880e-03  -9.7672636e-04
  -1.1950443e-01   2.0379922e-04   3.7090008e-01   2.4673128e-03   2.3990694e-03  -8.0506190e-04
  -1.2342448e-01   1.7422767e-01   3.5332838e-01   1.8009483e-03   1.9593955e-04   1.7715074e-04
  -1.2197240e-01   1.6401699e-01   2.3439939e-01  -1.0359447e-03  -5.4336397e-04   2.4948370e-04
  -1.1200401e-01   1.3259926e-01   2.9868433e-01  -3.9730969e-04  -3.6877709e-04  -2.5451666e-04
  -1.0689062e-01   1.1033583e-01   3.0294907e-01  -1.2966400e-04  -5.6398015e-04  -2.6340950e-04
  -1.2547600e-01   1.0606144e-01   2.6969770e-01  -6.2399448e-04   2.4208118e-04  -9.0111746e-04
  -1.3710318e-01   7.5849773e-02   2.8259060e-01  -6.0723653e-04  -1.9477452e-05  -1.4081990e-03
  -1.5284876e-01   4.2388157e-02   3.3085591e-01  -7.0002039e-04  -6.4026242e-04  -1.7580390e-03
  -1.2675560e-01   6.2269418e-02   3.2093586e-01   1.0727659e-03  -4.6487955e-04  -2.0625866e-03
  -1.1645553e-01   4.0469145e-02   4.4064235e-01   3.8822290e-03   6.8243161e-04  -1.6516682e-03
  -1.1221466e-01   1.1396514e-02   4.9630796e-01   2.3906527e-03   1.8964668e-03  -1.5879727e-03
  -9.4563308e-02  -2.2960566e-03   3.4105508e-01   1.0697339e-03   5.2377216e-04  -1.7695579e-03
  -7.9778870e-02   1.2949010e-02   4.0720691e-01   1.4059627e-03   7.9393859e-05  -2.0160392e-03
  -1.0272668e-01  -8.7056852e-03   4.8062776e-01  -1.3366818e-03   8.6758452e-04  -1.2752720e-03
  -1.1605779e-01  -4.3368358e-02   4.7645676e-01  -5.8137176e-03   1.3594978e-03  -3.5395408e-04
  -1.4446463e-01  -7.5436030e-02   2.1150066e-01  -2.3973442e-03   9.9565033e-04  -9.1842248e-04
  -1.5687325e-01  -7.8124279e-04   3.7228552e-01  -4.3207853e-04   9.3842839e-04  -1.2690795e-03
  -1.4903846e-01   2.4082038e-02  -1.9900393e-01  -7.6632127e-04  -5.2296653e-04   1.7127041e-03
  -1.2588943e-01   7.7993681e-03  -6.9075934e-02   7.5583472e-04   3.8481073e-04   5.2923401e-04
  -1.4073205e-01   3.2913963e-03   2.0347558e-01   1.7183285e-03  -9.0928320e-05  -2.2565778e-04
  -1.7886310e-01  -4.7095259e-02   3.0820210e-02  -1.1719008e-03  -9.4985257e-04   2.0850443e-06
  -1.7265336e-01  -9.7806422e-03   1.3010157e-01  -4.7943668e-04  -6.8492710e-04  -2.0369423e-04
  -1.7562804e-01   5.8158015e-02   2.4945780e-01   2.2294606e-03  -4.1473530e-04  -7.0135007e-04
  -1.8911796e-01   8.8177140e-02   4.3880325e-01   3.8643380e-03   1.6302069e-04  -1.4303397e-03
  -2.0987673e-01   7.5798481e-02   3.3592042e-01   4.0955182e-03  -1.3555157e-04  -7.3336065e-04
  -2.0366407e-01   1.0920778e-01   4.8515632e-01   4.8920473e-03  -2.2952089e-04  -1.2938329e-03
  -2.2719040e-01   2.4202429e-01   5.0013296e-01   3.4496568e-03  -1.3485872e-04  -1.4235889e-03
  -2.1085321e-01   1.3541739e-01   3.1503526e-01   2.9337957e-03  -1.7506531e-03  -6.4668368e-04
  -1.9545009e-01   1.5792428e-01   3.8395187e-01   4.8518200e-03  -9.5852662e-04  -7.6806126e-04
  -2.0881176e-01   1.5029750e-01   3.6219011e-01   4.5658342e-03  -1.2774673e-03  -1.6781597e-04
  -1.9641517e-01   1.7194257e-01   4.0756581e-01   4.7614195e-03  -8.7593770e-04  -9.7509814e-04
  -1.9618396e-01   1.9607324e-01   4.8063542e-01   5.9799245e-03  -1.0079302e-03  -1.5120511e-03
  -2.0030340e-01   1.1550304e-01   3.3520931e-01   3.5241479e-03  -5.3773339e-04  -1.2293392e-03
  -2.0072432e-01   1.4826763e-01   4.2033662e-01   4.7013534e-03  -1.0335690e-03  -1.0568528e-03
  -1.9916174e-01   1.1101139e-01   3.4304791e-01   4.4487763e-03  -4.3967882e-04  -1.4914864e-03
  -2.1661608e-01   1.3438737e-01   5.3612438e-01   7.9994275e-03  -1.3980644e-03  -1.4579876e-03
  -2.3551346e-01   1.1556671e-01   7.1891024e-01   1.6943941e-02  -2.7017819e-03   1.0062023e-03
  -1.3005154e-01   1.4212101e-01   5.9228201e-01   1.1813827e-02   2.0390447e-04  -1.3665583e-03
  -8.5043080e-02   9.2550546e-02   2.5065045e-01   7.5462362e-03  -7.8062103e-04  -6.9734403e-04
  -1.1702507e-01   9.6791336e-02   2.3482412e-01   5.5084943e-03  -1.7971841e-04  -1.1342938e-03
  -2.0436788e-01   1.5714229e-01  -6.7199842e-03   3.4270904e-03  -1.1543858e-03  -1.5789172e-03
  -1.8316298e-01   5.0459116e-02   1.1125382e-02   3.0849882e-03  -9.6531352e-04  -1.6504252e-03
  -2.1053760e-01   5.4122733e-02   5.6357985e-02   1.7363634e-03  -1.1030740e-03  -1.2209107e-03
  -1.6532253e-01   7.5832866e-02   1.6815676e-01   3.6297893e-03  -6.5800010e-04  -9.3550295e-04
  -1.5936583e-01   5.0285716e-02   1.4420750e-01   4.1032322e-03  -5.5587605e-04  -4.0519493e-04
  -1.3744548e-01   7.3068887e-02   2.0502874e-01   4.8489639e-03  -1.5294135e-04  -1.2932449e-03
  -1.6247091e-01   7.7243231e-02   2.2586221e-01   4.6627661e-03  -7.0738921e-06  -2.2483504e-03
  -1.5034060e-01   9.4483074e-02   2.8031092e-01   5.9612552e-03  -5.7395518e-04  -1.5507009e-03
  -1.3371763e-01   1.4647624e-01   4.5119175e-01   8.3707186e-03   4.0722906e-04  -1.3501742e-03
  -1.3436658e-01   1.3128226e-01   3.9029794e-01   7.5475036e-03   2.2468874e-04  -8.8921911e-04
  -1.5199947e-01   1.1655174e-01   3.8885964e-01   9.8892686e-03  -8.2149360e-04  -3.0795277e-04
  -1.4434907e-01   1.5549658e-01   4.4283019e-01   1.0268968e-02   2.2606304e-05  -8.8730502e-04
  -1.6631704e-01   1.3447448e-01   4.2502060e-01   9.1455478e-03  -1.3725109e-04  -1.7221775e-03
  -1.7181267e-01   1.3816323e-01   4.6980503e-01   8.8734264e-03   4.2024863e-04  -1.7580753e-03
  -1.9293062e-01   1.4307887e-01   4.0907904e-01   8.0061068e-03  -2.0588653e-04  -1.0411661e-03
  -1.7279337e-01   1.0160641e-01   4.3508851e-01   7.4552163e-03  -2.6765038e-04  -6.6204424e-04
  -1.9382557e-01   1.6801462e-01   5.7382816e-01   1.2441092e-02   1.2895988e-04  -2.0288253e-03
  -3.0144746e-01   1.4672427e-01   8.0231624e-01   1.6058603e-02   3.0567508e-04  -2.4382988e-03
  -2.7164502e-01   1.1468158e-01   7.4550326e-01   1.0888442e-02  -8.4542561e-05  -2.2416325e-03
  -2.6641748e-01   1.2255940e-01   8.1691842e-01   1.2295053e-02  -1.1936636e-03  -2.3145708e-03
  -2.3402245e-01   1.0792368e-01   7.6834034e-01   1.2207863e-02  -4.8037902e-04  -2.4291136e-03
  -2.1506511e-01   1.4496813e-01   7.6101418e-01   1.3281425e-02  -7.3042680e-05  -2.7882499e-03
  -1.8427392e-01   1.0781881e-01   4.5941453e-01   6.7595880e-03  -1.0453610e-03  -1.5432431e-03
  -1.8602183e-01   6.4134188e-02   4.0518614e-01   5.0241811e-03  -6.2623672e-04  -9.6859801e-04
  -1.7701970e-01   4.4285723e-02   3.7754493e-01   3.6714392e-03  -4.8673775e-04  -1.0603795e-03
  -1.8228750e-01   3.8310235e-02   3.7216490e-01   4.8378726e-03  -4.7678653e-04  -1.0996585e-03
  -1.8509038e-01   4.5634498e-02   4.4716192e-01   5.1903971e-03   1.8018468e-04  -1.0875761e-03
  -2.2900549e-01   1.0752651e-01   5.9910617e-01   1.1540862e-02  -2.4233623e-04  -1.3507800e-03
  -2.0433341e-01   1.1385377e-01   6.2965474e-01   1.0110447e-02  -2.8218270e-04  -2.0463387e-03
  -1.8105276e-01   8.0848406e-02   5.6853779e-01   8.5098366e-03  -9.7922430e-04  -1.8172521e-03
  -1.8829515e-01   8.8828980e-02   5.7847693e-01   8.2038669e-03  -7.4575255e-04  -1.7727035e-03
  -2.1214391e-01   1.0173449e-01   5.6472588e-01   8.0313722e-03  -1.2798164e-03  -1.6521313e-03
  -1.9612386e-01   1.2276775e-01   6.5436804e-01   8.9681461e-03  -1.1890839e-03  -1.8485693e-03
  -2.2035338e-01   1.2213706e-01   6.7406991e-01   8.9380087e-03  -8.2287971e-04  -1.9752989e-03
  -2.3570243e-01   9.9626340e-02   6.6057619e-01   8.5760957e-03  -8.4921667e-04  -1.9113164e-03
  -2.0754890e-01   1.0851930e-01   6.9510790e-01   9.9655729e-03  -8.0795726e-04  -1.5189932e-03
  -2.3070054e-01   2.4816709e-01   7.9736507e-01   6.8222974e-03  -6.1076919e-04  -2.0562411e-03
  -2.5288551e-01   2.2399775e-01   7.8964860e-01   5.0058155e-03   2.0339522e-05  -2.3409273e-03
  -2.4062290e-01   2.4903452e-01   8.8303201e-01   8.5697839e-03  -8.1831136e-04  -2.5387441e-03
  -2.3000923e-01   2.4402065e-01   9.0387963e-01   1.1017444e-02  -5.3553090e-04  -3.0177255e-03
  -2.2383773e-01   2.3529137e-01   9.0986903e-01   1.2196791e-02  -6.4339161e-05  -2.8869701e-03
  -2.1307930e-01   1.8339677e-01   7.6899360e-01   8.8942505e-03  -1.1420253e-03  -1.8404664e-03
  -1.9418996e-01   1.9673007e-01   8.3310525e-01   1.1659495e-02  -1.3929964e-03  -2.0998226e-03
  -2.0197467e-01   1.6106647e-01   8.7094210e-01   1.1261018e-02  -1.1941906e-03  -1.8786298e-03
  -1.9384144e-01   1.6538354e-01   8.6224497e-01   1.1186699e-02  -7.0296787e-04  -1.7812609e-03
  -2.0272167e-01   1.5853311e-01   7.7091207e-01   9.2152070e-03  -4.3989815e-04  -2.1960611e-03
  -2.3302294e-01   1.8692301e-01   8.1595213e-01   1.0673023e-02  -2.9046036e-05  -2.6456885e-03
  -2.3286328e-01   1.5935301e-01   4.7941216e-01   6.2258815e-03  -9.9413811e-04  -1.4822307e-03
  -2.3796288e-01   1.1329928e-01   2.9782815e-01   3.6389701e-03  -1.4521450e-03  -6.5620253e-05
  -2.3054757e-01   1.5070450e-01   6.4923396e-01   8.9227631e-03  -8.3108908e-04  -1.0521967e-03
  -2.2055187e-01   1.4207468e-01   6.6201504e-01   8.8192736e-03   2.3723543e-04  -9.7474643e-04
  -2.0113235e-01   8.7475954e-02   5.2864667e-01   7.1223623e-03  -3.4371308e-04  -8.8551416e-04
  -2.2066644e-01   2.2805373e-01   6.1163403e-01   6.0615922e-03  -4.1927107e-04  -3.3858329e-04
  -2.2704633e-01   2.6895491e-01   6.2780346e-01   6.8903222e-03  -4.3250632e-04  -1.7615423e-03
  -2.5126722e-01   2.7655579e-01   6.2222958e-01   6.9887674e-03  -8.0397072e-04  -1.7714250e-03
  -2.4609907e-01   2.6372080e-01   6.4483143e-01   7.4052021e-03  -3.8447669e-04  -1.7519989e-03
  -2.5348846e-01   2.5346836e-01   5.6802678e-01   8.1896525e-03  -1.1875118e-03  -1.5219679e-03
  -2.3636422e-01   2.5226419e-01   6.3565955e-01   8.2811524e-03  -9.8226416e-04  -1.7484992e-03
  -2.3867701e-01   2.5595932e-01   7.5182713e-01   9.2515936e-03  -1.0347915e-04  -1.4119434e-03
  -2.4421105e-01   2.5849203e-01   6.0522092e-01   9.9105151e-03   1.7084656e-04  -9.1453040e-04
  -1.9973654e-01   2.4140744e-01   5.8514041e-01   1.0036583e-02  -4.3889813e-04  -3.4018616e-04
  -1.8050544e-01   2.6135349e-01   6.3205706e-01   1.1687406e-02  -5.9098946e-04   1.7221596e-05
  -1.9311622e-01   2.8255306e-01   6.7900309e-01   1.2241324e-02   2.6705651e-04  -5.4711985e-04
  -1.8204284e-01   2.5817178e-01   6.0530272e-01   1.3545509e-02  -2.2150992e-04   1.1428460e-04
  -1.9563708e-01   2.9385751e-01   6.6136701e-01   1.1098342e-02   6.0183813e-04   7.6500672e-04
  -1.9777274e-01   2.9655810e-01   5.0708710e-01   8.3925219e-03   7.1852807e-05   1.4642658e-03
  -1.8624964e-01   2.8053238e-01   5.2166405e-01   8.2695138e-03  -2.8289422e-05   1.2791863e-03
  -2.2483662e-01   3.5911825e-01   6.2671080e-01   8.2160701e-03   4.9323808e-04   2.6665613e-04
  -2.1194622e-01   3.3832999e-01   6.4028851e-01   8.3724091e-03   3.5180529e-04   4.8586818e-04
  -1.9309903e-01   3.3161844e-01   6.2872101e-01   8.6697387e-03  -1.8375522e-04   1.6842405e-04
  -1.8366867e-01   3.1075046e-01   7.1645245e-01   9.0747208e-03  -4.2513203e-04   1.8720901e-04
  -2.2204426e-01   2.5049145e-01   6.4344524e-01   8.3109106e-03   7.6177786e-04  -5.9313130e-05
  -2.3847152e-01   2.4563809e-01   5.7784256e-01   9.7354192e-03  -5.4850835e-04   4.5791343e-04
  -2.1357119e-01   2.2066655e-01   5.5860672e-01   8.8274142e-03   5.3583994e-04   1.1801689e-03
  -2.2142028e-01   2.2251521e-01   5.6991301e-01   9.4621602e-03   5.6789418e-04   8.6995577e-04
  -2.1387340e-01   3.7218982e-01   7.2854509e-01   9.3574687e-03   1.4874042e-03   9.0666915e-05
  -2.0785012e-01   3.1327190e-01   5.7172585e-01   8.6389667e-03   1.5800993e-03   4.7738102e-04
